2037940049
4000265713973
4001165625452
32813545976
4000326774223
32983674389
577612050
1005002273474645
1005002009745321
4000804971687
4000752024348
32843396128
1005002446631768
4000197574194
4000850424576
1005002453074174
4001270286559
1964990902
1005002318645491
1005002340178534
4001065056132
4001118009299
4001240758142
1005002393637546
32529638501
32856207442
2043301659
4001127434457
32962485304
848153424
33036671400
32889733597
1005002059362685
1005001615155085
32848163850
32589500715
1005002108486552
1005001774922579
4001061915246
1005001819958958
1005001835514238
32858422558
32969704250
33017448170
33027570851
1005001731995101
32966941025
1005002206011589
1005001933652439
32696021523
1005002406176012
32913580098
32994370771
1005001846563919
1005002327082903
1005002089839970
1005002407306659
1005001580477553
1005002491812502
32860542417
32985183819
1005002285980958
4001225182492
1005002485721716
1005001926224077
1005002319572240
1005002068083303
4001013260447
4000999339730
1005001907445938
1005002319742437
32844635137
1005002484996491
1005001928914314
1005002080386009
4001064558749
1005002339522839
33031871727
32982875159
1005001829165444
1005001971505861
4000679731964
1005002353688134
4000539476325
1005001834391797
32985599133
4000188487333
1005002249005138
1005002233151987
32857522031
1005001713596002
1005002345468157
32955923214
32992940489
32998789636
4000550152770
1005002323286426
1005001287557230
32897268357
1005002182215589
4001150285353
1005001525499280
1005002314634167
1005001896370782
1005001623248434
1005001689098936
4000495757147
32999785991
32710706086
1005002077262537
32989475262
32633390545
32803393273
1005002363642346
1005001424069365
4000384447534
1005001324545697
1005001947702798
4000918083397
32863451451
32812115671
1005002170842298
32947306529
33044030697
32818036257
32900431692
4000688799002
1005001713866782
1005002276279493
4000644319615
4000800386226
32856438291
1005002280484960
4000762164546
1005002220591746
4000736096320
32848822527
32916014651
32950471949
1005001625872803
4000695275646
32331535997
4001135683418
32959080473
1005002106104641
1005002428656643
1005002337797893
4001243812900
1005002379141266
4000734569457
1005002382859246
32806452815
1005001451238085
1005002122418753
33056950199
1005001334513036
32274754212
1005002470095171
1005002431121006
32819390843
1005001876323354
1005002481710656
1005002495112787
1005001779848634
4000987353631
32857043366
1005001953471774
33020845543
1005002105834112
4001132223689
1005002447623733
32833385442
32333515075
1005002313984361
32932883461
32957910143
1005002327983866
1005001834625149
1005001926181852
1005001530491545
1005001754069171
4001117000339
1005002383269243
1005001290576202
1005001586264432
32914060168
32911014389
4000864652020
1005001286713915
1005002317194260
4001270809441
1005002345959954
1005001930725772
4000860425781
1005002452865725
1005002475877170
33024435370
1005002318805487
33048435818
1005002079691291
4000102143310
32719116725
1005002319306542
1005002293174477
4000894383007
1005002378102513
1005001682209907
4000259907105
4001068181362
4001098537848
33046857189
32819557906
1005001930795938
1005002108593444
1005002433002548
33057520509
32605279749
1005001877862999
1005001288480056
32979833553
1005001439099652
1005002275316707
1005001280239170
33004799121
32686299687
4000956171186
1005001499930863
32794776718
1005002147239884
32945520072
4000026184448
1005002439703636
32997223913
32762765528
32955426225
32954005780
4000299353093
32858651306
4000935281544
1005002342500231
1005001585267807
33052968901
1005002489916415
4000990446579
4000789098771
1005002314368433
1005001625490707
1005002475395976
1005001840812037
1005002455069506
10000395831569
1005002198046099
32963037039
32380710871
1005001840234341
1005002457685098
1005001799918850
1005002170747634
32863698173
1005001754144443
4001200380805
1005002264623151
1807296082
32966934229
32849928968
1005001345752324
1005002276210413
4001178783607
1005002314112358
1005002247670612
1005002171931279
4000252978646
1005002348639060
32980420172
1005002264189196
1005001867382354
1005002337820107
10000356002680
1005001941905856
4000571012483
10000400018985
1005002351161454
1005002378838216
1005002270721810
4000670584868
1005001860576259
1005002198692903
32351203045
10000306364385
33038282254
1005001330158416
1005001519851634
1005002381337249
1005001828560472
1005002205993901
1005002405918336
1005002342789667
1005001770121561
33005536953
1005001381246351
1005002118897555
1005001688933784
1005002376702840
1005002304566963
1005002245471277
1005001482927931
1005002368733770
1005001621150717
1005002314328494
32967365671
1000001378639
4000388082498
4000923460864
1726007455
1005002258340061
33020026958
1936873754
1005002498837359
32946301485
4000899903966
4001041117341
4000195096989
1005002264395406
4001146116417
4001163639412
4001320541826
32966530569
32976863403
1005002314460231
1005002363931806
1005002175560522
4000378595787
1005002392744542
4001215775315
32945433970
1005001867620743
33017787516
1005002271211326
4000333517410
545756282
32842404001
1005001771743622
1005002459016780
1005001909053167
4000057398061
1005002359089693
32836819837
32662396307
1005001797024707
1005001495109625
1005002157654824
1005002378487452
4001238190954
32856917401
4001231449137
1005001671343793
1005002377176217
1005001457964046
32828033176
4001078835076
4000199836531
1005002224084385
32966609636
1005002212084961
1005002199291984
1005002241707171
1005002330359027
1005001692530205
32982244217
1005001593298295
4001047548972
32871496379
1005002371652656
4000001540408
1005001321333836
1005002286182141
4000865369895
4000772042735
32856146716
1005001990895063
32637621253
1000007850440
32605959721
1005002393784607
1005001514775966
1005001779410857
4000555809095
32802080962
1005002369054016
1005002042698058
4001208302408
1005002304875928
4000431840416
1005002428629640
1005002388532730
1005002288243581
765673963
4001076119664
32953316277
1005001816635269
33045345508
4000330348286
1005001528990465
1005001670839519
4000503562493
4000941605116
4000931112430
1005001543447038
1005001816492573
1005001762314765
32921673748
4001183866211
4000168779155
4000528515832
32976896173
33028890875
1005001397215334
1005001578912035
1005001732448728
4000695851510
1005001614701461
1005002426319390
1005002069985507
1005001683794161
1005002433438356
4001144989651
32869636712
32988737291
1005002383972004
1005002387162931
1005001664220775
1005002372755106
4000786376524
718344711
1005002239951459
1005002318865730
10000036711618
4000929372391
1005001580979800
32973397262
4000358344260
4001278873759
4001064268081
33010081533
33020349060
32849298228
1005001319726694
1005002384145823
10000214655817
32849352843
1005001351986282
1005002315640742
1005001829977815
1005002276546574
1005001339889223
32819044303
4000370453162
1005002133919504
4001248733507
32907176506
1005002291015925
1005002287234956
4000784524582
4000061907635
4000672972392
32839263786
4000561803247
4001196192308
33016169573
33044133297
1005002413304851
1005001900819005
1005002490429029
1005001370480358
1005001806016894
4000494404216
1005001709900710
32247466915
32861099036
4000166959906
1005001786727496
1005002292577678
1005001994024678
4000135917174
4001147967459
730393707
33026268954
32861279582
1005002432275833
32814919296
32878177247
32970168244
1005002008060118
1005001665294824
1005002293937755
1005001858767559
4000918204149
1005002237716593
1005002406095467
1005001708133372
32912954789
1005001709892766
1005001640709054
4001207315025
32849453231
32986445921
33039418710
1005002322114557
1005001708065656
1005002293326806
1005001290196962
4000133022539
4000990209064
32970717626
1005002258265846
4000347943712
1005002164549404
1005001926875394
4000985455082
33004719742
1005002347651398
4000584447570
1005002176321998
1005001786448001
32704026016
1005002303738062
4001100066995
1005001723072892
1005002466095937
4000340592660
32893523543
1005002378696715
33040134782
1005001515830993
1005001562786883
32799151167
1005001515940346
32921444944
1005001718595495
1005001785229996
32995085695
1005002255983815
1005002318382014
32974761439
4000730479901
33005798559
4001190141002
32924711030
1005002345133495
32875395341
1005002357568931
1005001835076438
4001134351007
1005002242387738
32727340861
4000052431123
32648018656
4000803444795
4000418636389
32818451460
1005001763908383
1000007324583
4000959625548
1005001457504435
32909619584
1005002261460510
1005001363998443
1005001698182853
4000962010551
32963551026
1005002140229468
32971844481
1005002241596238
4000059668415
1005002051978369
1005001572620518
1005002454291571
1005002244670568
1005001555269315
33009993934
1005002312122688
32806800978
32968491619
1005002475041679
4001060867973
4001169742322
1005001989757135
32851742535
4000129232891
32953617088
1005002490649000
1005002396650964
4001267369834
1005002088048034
4001208696580
32764742392
1005002170550962
1005001287067915
1005002311347884
1005001525284057
1005001614599284
4000429598130
32442646872
4001313183244
4001055080967
32705774566
1005002334736784
1005002125601272
1005002408444096
1005002242654707
1005002042839709
1005001672571396
33016839195
1005001374331424
1005002219395789
33003699300
1005002496741379
1005001855285439
1005001763854469
4000991006244
1005002340151911
1005002039002374
4000618125294
1005002339545682
32828301155
33013230084
1005001690168653
4000103421223
32896825228
1005001864213397
4000337390957
4000641762718
32970932883
1005001731709741
1005002475942620
32999654118
1005001657797229
33004980391
32989941702
4001127759966
1005002332634390
4000104260716
32878332170
32325720945
1005002064744180
1005002393258155
1005002313458572
1005002220209227
4000205708875
1005001552131188
1005002258170173
1005002449702706
32996221417
1005001266053315
32851279570
1005001282266389
1005002358461908
1005002287137905
1005002052015152
4001225312171
32897706596
32950510628
32952203284
4001185738006
4001333063647
1005002240333200
1005001879998446
1005001913482888
1005002192554270
1005002294868135
33046975196
1005002224069907
32857420646
1005002055272712
33010234362
1005001460238015
1005001300259624
1005002171074309
1005002496911622
1005001946131225
32745702959
1005001872508619
1005001889906318
4000849979059
32847836472
32964963219
4000661107091
1005001610373206
1005001710515616
32852571654
32799195974
32873415238
4001195259574
1005001678317734
4000960190896
1005002218309562
32867898165
32933422533
4000328984705
4001274079700
1005002333002325
4000415993604
4001259127027
1005002310188221
32641523362
1005002376464968
4000837070236
32804414182
1005002079979532
32823640939
1005002319576295
1005001585897677
32988974466
4000314208944
4000922945732
1005002287423985
1005002293786470
1005002055545249
1005001686138496
4001002241195
1005002491263753
1005001529673493
32883271012
1005001756361655
4000316706994
1005002268782506
32422640910
4000287281764
4000196326088
1005002167679936
1005001575619472
4000317714908
32995043738
1358017201
32899949620
4001268638746
1005002438379201
1005001800405951
32796217208
1005002310977392
1005002292359486
1005002425893205
1005001526822812
1005001473645703
1005001958781347
32734734635
4001230386647
1005002363002613
1005002364915542
1005001425511435
4000666251097
1005001580859560
1005001821457811
32837993757
1005002346982007
1005002314228997
1005002313055238
1005002395254011
1005002473073394
32803357350
1005002426022945
32831410580
32835946330
1005002334289330
1005002309518653
4000234804157
1005002336599733
1005002466491743
1005001525446917
32970940900
1005001930901557
1005001656607834
32755625284
32919571081
1005002464844399
32974644711
32841307741
1223623559
1005002424371081
4000399813066
32813018003
32982320328
4000029261076
1005002344146177
1005002217307653
4000348111165
32869231120
33015810442
4000439482862
1005002410960882
32998410431
1005002288900590
4001359496118
32850498033
1005002250315487
1005001277845494
1005002398821311
32859174202
32978357885
32957289858
1005001441445456
32802217772
32893974968
1005002434325329
1005002007756333
1005002263985286
32861472986
1005002357451217
1005001599945630
1005002241459014
1005001817996959
1005001913795329
4000780324569
1005002378316987
4000696859225
32797778051
32867536830
1005001340908779
1005002420141049
1005001908456961
4000812894230
1005002090326233
1005002308795976
1495275548
4000852718479
32912343581
4000695414220
10000102513195
1005002318647900
32949020926
1005002156650771
1005002461146331
1005002288295642
32728810544
4000943554693
4001208166288
32779758654
1005001907110415
33047747736
32608194783
4000536967084
10000043972005
1005001763308317
1005002123367646
33024914312
1005002336213725
33057556246
1005001813990600
1005002347226283
1005001615422152
32945828998
32810644340
1005001904868982
1005002433624067
32988653338
1005002316334350
1005002329782658
4000668851129
1005002191118552
1005002232653205
1005002473833313
1005002367720170
1005002459567156
4000315273782
1005001476494962
1005002323273760
32864473686
1005001767926399
1005002393101696
32955448165
4000927169269
1005001850691161
4000253091269
33035091494
1005001776689434
4000049729367
1005002272656427
4000713110492
1005001515920625
1000008000960
33043776648
32368436746
32896070821
1005002006906382
32833950352
32735079433
1005002340938109
32961267535
1005001839554774
1005002044385637
1005001864263521
1005002272850752
4000484673588
1005001854430790
4000215999096
1005002408484236
1005002495345058
4000088922485
1005002348945137
32923948789
32888767727
1005002283943068
1005002417738496
32997189468
1005002302265439
1005002400319036
32891393564
32882600808
1005002421403987
4000038213594
1005002471226475
4000270089348
4000464342068
4000293655347
4000263619122
32875878142
32986052785
33050197775
4000934299296
1005002167882008
1005002314348426
32787154783
32790907220
4000423515307
4001040792182
32954564770
4000615810465
32970759980
1005001872023282
1005001357878265
4000162374781
1005001470287362
4001107843492
1005002350982445
33014338503
32774570507
1005002409861355
1005001990446463
32863442655
32969011487
1005002418314884
1005001907695333
10000005490794
1005002314437908
1005001538392504
1005002357755189
4000698951349
1005002080760371
1005002281931057
32557137145
1005001737279744
1005002344080978
1005001921754400
1005001587783270
33030340759
1005002272376835
1005002226748030
1005002395961551
4000848242128
1005001817031417
4000248871884
1005001490922512
1005002394941865
4000801162067
32838571470
32572677523
1005001705779033
1005002414278594
1005001748486279
1005002448417253
4000046898284
4001205220161
4001267495845
32826342998
1005002397714785
4000018815354
32849867601
4001263246874
1005002467370003
1005002402218332
1005002388064631
4000174139869
32725182381
1005002441392871
32983045301
32921004799
1005002288697874
32700232354
1005002315634488
1005001300848369
1005001510410466
1005001928230928
1005001971224403
4000523631343
4000990746114
32969323861
1005002246981254
33042361478
33003984070
10050020334556301005001464417653
1005002450868689
1005002413613777
32995309750
1005001642601328
32565040054
1005001834634836
1005002348449471
1005002497370734
1005002450546277
1005002492396480
1005002268912821
1005002191259610
1005001547572808
1005001557005326
32850450666
32850572260
32681440705
4000116353162
4000049556167
1005002488606294
32823859757
1005001436163730
1005002086536536
1005002258228806
4001045121843
4000555390568
1005001304535084
4000811051565
1005002023762844
32588885514
1005002387756646
32999453163
1005001632073714
1005001463936610
1005002444705245
1005002137194759
4000094144729
1005002273259857
1005002237676867
4001075040094
1005002226076471
1005002114893420
1005001899967882
1005002400478962
1005002170941762
4000201064535
1005002460791609
1005001930861958
4001215079801
1005002378856647
33046384133
4001240999945
32882566942
32829464721
4000899505197
32797803873
1005001609020826
4001321801688
1005002363684308
4001203882394
4000286438424
4001203965478
1005002367562641
4001094864586
1005001338611240
32728802545
4001220858364
1005001340209447
1005001731033858
1005002323246257
32430282787
32990494552
1005002362691161
32860785978
33003796993
4000807290284
1005002458309350
1005001675413159
32955982127
32990307237
1005002381470394
32818176939
1005002364028798
1005002358822854
1005002423538092
1005002380790408
4001217764850
4000309603616
1005001733603895
32956891631
4001218859770
1005001718130826
4000070970776
32763917030
32857170536
32919242805
32906681020
1005002387996442
32967188613
1005002274266148
1005002438143525
1005002427289754
32746435171
1005002259184448
4001099255678
4001253121118
33015928472
1005001629292555
4000384690038
1005001503039620
32952220490
32635732995
1005001922379647
4000216092068
4001207464493
4000832068994
32878253730
1005002239992837
4001150126316
1005002120297914
4000789295950
1005001690594757
4001060538894
1005001626825934
4001049133228
1005001836248927
4001294555179
4000720594885
32954653967
1005002443473372
1005002023083936
32890523313
32945013557
1005002316558372
1005001849263143
32856733604
1005002322020817
4000842613731
1005002310695072
1005001438790356
1005002060816522
32975565954
4000945283913
1005001703475834
1005002267318889
1005002386626879
4001221503627
1005001975836182
32995797996
1005001579901088
32980028831
1005002433253986
32998099521
1005001664493375
1005001894866886
1005001866559056
32946007000
1005002320957844
32940976985
4000027646622
1005002318056557
1005002387072072
1005002478593417
4000480065383
1005002376094719
4000781092166
4000200556029
4001244358998
4000719757530
4000594695204
32863532904
1005002379233096
1005002012238098
32997055377
32881299172
1005002465999113
1005001332228209
1005002128174411
1005002400589243
32879945864
4001090700140
32858640139
4001021399407
1005002346573619
1005002322581243
1005002275555995
4001360890919
1005002348500213
32844993630
4000386502156
1005001906966755
767354925
1005002334804173
4001272450950
1005002298113263
32841473288
1005002271031234
4000336089844
4000051026483
33016737563
33022853829
1005002058727770
1005002283075785
32878821934
4000343760309
1005002418605515
4001066567836
32933174020
1005001767208778
1005002247094279
32857008133
1005001454117322
1005001604582542
1005002483212284
1005002010935467
33003385414
1005002350507566
1005002283919570
1005001918033374
32880436857
33038446511
1005001993273326
32962706800
33004600060
4000554541395
4001062600994
32962390879
1005001484424795
1005001704196152
1005001901788049
4000534370112
4000050900046
1005002460452163
4000033359515
1005002390270833
1005002267721044
1005002318433374
1005002468141381
1005002334700238
1005002465820259
33027605886
4001036077977
4001235850768
32710072496
4000209773150
32858806797
1005001585023537
1005002381761777
1005001752337174
1005001546875996
32933881567
32580537314
1005002439746464
1005001762244655
4000395513429
32908959577
33045737609
32853733463
32379412244
1005002343577668
1005001600246044
1005002315742267
4000057472930
32903807715
1005001605696730
4001249181683
32920950120
1005002339394471
32960496905
4000533268269
32946032213
32893581864
1005001496970482
1005002290025174
4000725257439
4000052588794
1005002226222408
1005002104542216
32839110764
1005002258213826
32970065368
1005002395812590
1005002063489833
1005002038393487
4001037215464
4001163377807
32798725984
4001084997693
32629610408
1005002208345047
32860122797
32817794180
1005001810397378
1005002387142595
1005002001750902
4000440218281
1005002369505091
4000484164931
32951124292
4000411893438
4001094912503
4001039238532
4000555404221
1005002484417063
32684080487
1005001590918437
4001026822203
32952548817
1005002275795086
33008515035
1005002148564835
32801300183
1005002039849583
1005001317471012
32858850510
33016357019
32853101076
4000673337007
1005002258398043
32842016240
1005001922208039
1005002418329857
4001208288716
1005001779751866
4000480212293
1005002435966328
1872936319
1005002375337328
1005002166266528
4001121761818
1005001450761656
1005002314099005
32878153454
1005002323280462
1005001887562682
1005001924136393
4001202176614
1005001824937768
1005001819052684
32626093987
1005002434629023
32832463629
1005002288397480
1005001292574279
1005002217952697
32956465385
1005002394676305
32606533233
32893424805
1005001908457834
1005002378400713
1005002341412959
1005001869404330
32903460313
1680427553
1005002211480352
1005002007874178
4000269269527
1005001821525986
33020092908
1005001876827113
1005001514786651
1005001278009099
32759904440
1005001762452205
4000893418320
1005002339153718
32868384875
4001263524567
4001365378453
1005002336804835
32838526634
1005002315989671
1005001468132935
1005001908963118
1005001648878971
32897941939
1005002069189942
4000864856583
4000196830878
32840792611
1005002094465554
32645945189
4000167543106
32851180468
32958477756
1005001331402273
1005001962757900
1005002279305570
1005002292805074
4000093021510
1005002490488037
32825539803
33009236128
1005002168296156
1005001546540059
1005002314419037
4000901336637
32806115353
1005002389027658
4000365588085
1005001667803077
4001021896095
32717413716
1005002052552447
32998617623
1005002450086585
1005002428055643
32741947789
1005001704921268
32979586020
32919630122
32610593168
1005002495026148
1005002288262527
1005002334895661
1005002494249273
1005002447022268
1005002426627589
1005002347055635
32952940358
1005001997076937
1005002401230809
1005002461861108
32970013002
4001255472595
4000745013153
1005002280857828
4000701158285
4000770329237
4001244255929
32912503530
32749935019
4000760584745
1005002289930874
4001275094334
4000354968826
33013259866
1005001960522859
1005002255173369
33033365123
1005001361311538
32637683389
1005002253421651
32951340206
1005001332945879
1005001338630861
4001022789351
4001000054525
32970127503
1005002274055129
1005002346304488
1005001570563395
1005002447835797
1005002426238596
4000310352874
32917819320
4000595214807
33000533815
1005001483486013
4000245909955
1005002058531001
1005002234348453
4000447536324
1005002329091611
1005002006395840
1460674543
1005002352099987
4001025870139
32915045206
33009536405
1005001809984199
32858707729
4001307712571
1005002321337378
1005001830826034
1005002019539835
4000546034525
32989396680
4001091542781
32896927068
4001166210604
1005001652909621
1005002284509243
1005001693328549
1005002364876076
1005002375421692
1005001709652384
4000693368683
32930952375
1005002262283619
1005002305785546
1005002348873612
32827779319
4000850552657
33022544771
1005002499958656
1005002318383326
1005001289676532
1005002311168603
33017943393
1005002338000202
1005002074317932
32973960659
1005001518186869
32797667614
32921854930
1005002175058578
1005002320596499
1005002286605798
1005001439836173
32948288666
1005001781790676
1005002273635095
1005002352048232
1005002385677641
1005001321646963
4000039405584
1005002253741303
4000820576678
1005002417061741
33010752811
4001147091084
1005001324680444
1005002261284873
4000505406061
1005002342132088
4000473776583
1005002303797188
4001273356162
1005002345396765
1005002400528058
32868220621
1005001840622999
4001263449610
1005001688397470
4000770245138
32839434846
4000586283242
32953846818
4000694031994
1005002389060599
4000935604117
1005001770573007
32742591057
1005002029352386
1005001829166940
1418219050
1005002341292590
1005001782309519
32994573228
1005002481459755
1005002207670884
4000857406737
1005001329855414
4000233401985
1005001576068849
1005002054514648
1005002369469868
1005002166243226
4001264951718
4001033702703
1005001462203806
4000035897144
4000328092292
1005001490782484
1005002387253523
1005001821741650
1005002434752269
1005002196304184
1000008323805
1005002270184626
4000075552728
4000352811286
1005001470900184
4001067068540
1005002362772033
1005001954059622
4001030154279
33018865916
1005001465237189
4000001631726
1005002424181722
32975559970
1005002052422030
4000333824303
4000301910610
32785371604
32899260268
1005002424025999
1005001608929344
32968192746
32955677693
4000170483643
33046016742
33005988427
1005002495606353
32934295082
1005002277628751
1005002021476766
955439075
1005002420587729
1005001619021012
32900892552
1005002292569232
1005001386965039
1005001809623580
1005001531571572
32848578365
32996805391
4000704751798
4000182113236
1005001658250562
4001270086266
1005002011582471
1005002061052591
4000895645571
1005002458783895
1005002345196067
1005001672323676
1005002252287908
1005002417195605
1005002202171050
1005001535930354
1005002443646851
1005002052138198
4000842296457
32981796389
32970038336
32861187888
32942129517
1005002427905145
32837891560
32866976676
32779332864
1005001369958901
1005002166159900
1005002406020900
4000627018978
32772719392
32809321178
4001278958395
1005002380832443
1005001303541110
32961938339
4000623279277
32904981049
1005001725613602
4001208847454
4001340217726
1005002333677355
32835097675
32938817789
1005002336283137
1005002440882225
1005002333918338
342672208
4001115868549
1005001923803992
10000103633959
32611228830
33010970529
1005002331817126
1005002205235114
1005002320265918
32946266337
4000832300825
1005001639332906
1005002167372305
4000330102996
1005002453766734
32982414058
4000761066495
32995867879
4000800882379
1005001413141997
1005002256096851
1005002290949556
1005002315379310
32918526122
4000719816855
1005002281514904
1005001735476035
1005001645453067
1005001519422507
1005002304449991
1005001507697419
1005002304443491
1005002454430160
1005001896620878
4000279751613
1005002491368372
32968905426
1005001482600261
32212067919
4000703991315
1005002252623416
1005001880772812
1005002347028987
4000589052357
1005002386614997
1005002487058690
1005001655006219
4001327506146
1005001638225194
1005001525478148
32375933646
1005002167904011
1005001376536280
1005001398198589
33028892616
1005001518597821
33020984801
1005002305342264
1005002366170110
1005002233913899
1005002320942947
4000029259389
1005002328590061
1005001614349528
32883465201
1005001439117722
4001120121255
1005001504387921
1005002046674059
4000955793592
1005002443150156
32820125238
32918924865
32950524405
4001139184177
1005002196603252
4000041415198
1005001670713771
32830576239
32989911166
1005002263604047
1005001638475701
1005002089161903
4001093892964
1005002129870711
1005002224254522
1005002286588326
1005001624948261
4000876816237
4001106427331
1005002274137571
1005001877551425
4000183942444
32919171880
1005002268871375
1005001976035998
1005001516005107
1005001370117761
32966847910
32971157791
1005002245897626
1005002313372355
1005001954178031
1005001424452359
1005002213662622
32956742930
33004285380
4000876493799
1005002352825392
32888480053
4000589937698
1005002271639186
1005002361693872
4001140056954
1005002211875767
1005001829568482
1005001505674501
1005001679225883
10000334330274
1005002265702225
1005002204810388
32385176713
32863451685
4000971818223
1005002449755311
4000801302228
32805638862
32862844074
1005001626650069
4000318597703
32524940527
33005524478
4000727595090
32974656631
1005002482913669
4000655900157
4000811643727
1005001671612303
4000905560085
1005001692826274
32819999079
32915953628
32969798134
4000186565105
1005001705976457
1005002053235310
1005001694998792
1005002495978281
1005001867419197
4000458129372
32813542009
4000089597190
1005001494582229
4000235160677
4000576261977
33004549412
1005002429029195
1005002007356008
1005002278585947
1005002028009208
1005001485408153
32898887767
1005001679065402
33053215393
1005001441469355
4000026375142
4000602780897
32932564525
4000909745066
4001057266986
1005001803462864
32904787350
1005001780564683
4001111654031
32610636215
4001275370450
1005001810394293
1005001762404111
33044121537
32949803246
1005002034586515
1005001800630840
32906119027
1005002001605558
32636192836
4000712895819
1005002428064514
32847147098
4001288038637
1005002259010710
1005002380839229
4000341227998
33018041067
4001217395074
1005001709099295
4000433473598
1005002363109291
1005002355586364
1005001599858893
1005001967137205
4000805429076
4000555890434
10000277500602
32892008883
4001245798390
4001227417888
4001340384878
1005002431302941
4000194936797
1005001506446176
1005001577556900
4000972244936
4000905650933
1005001966513354
1005002336263653
1005002279513185
1005002312817672
1005001403666141
32900885621
1005002046504054
4000594918299
4000671700941
32813323457
1005001899580997
1005001369023153
32799496152
1005002073857789
1005001629323111
1005001455888391
1005002212359284
1005001693321253
1005002499676877
1005002408460493
4001337968324
1005001699141092
1005002014289084
32831516945
1005002417096079
1005001461875985
32921272964
1005001295548693
32916074970
1005002281993045
1005002406419579
32884728111
32800888834
1005001694987146
32657732604
1005002185416423
32854759731
1005002360131625
1005002171691486
1005001953790543
1005001633171123
4001057829790
33025249293
33040535964
1005002293451060
1005001399180685
1005002311363012
1005001596432087
4000460691883
1005001580831943
1005001370774250
1005002364249564
1005002293763245
1005001453039007
4001155334695
1005002122377605
1005001884362858
1005002243298581
1005002349157916
1005002316553730
32986507850
4000926238790
32864904139
32974722543
32963478800
1005002094360101
4000600488017
32611344303
1005002218919882
1005002291879393
1005001928910862
1005002443566166
1005001771077043
1005001731398702
32970172152
1005002315863562
32858187823
1005002248561819
1005002265127907
4000823000412
1005001781593802
33052496280
32805301415
1005002288945833
1005002156667584
1005001872667326
4001271871528
4000631924497
4001041685452
32883409786
1005002405461814
1005002101755926
1005002396319282
33021405506
1005002462614134
1005002376675196
4001364576443
1005002302202855
1506451917
1005001450096875
1005001386888155
4001097932664
1005001830632865
32996931187
4000823100363
1005001648343605
4001334701389
32920511828
33026757179
1005001713533332
1005002314064320
4001228678087
1005001694958404
32974440952
1005002003209629
1005001528547794
4001267983842
1005001930799974
32925999892
1005002371395984
32580885448
4001230395290
4001240081828
32835673162
1005001886128710
1005002003447928
1005001512120173
33027035284
1005001611620911
10050020310082091005002316876542
32908583902
1005001465392497
1005002293287127
4000058900483
1005002124314995
1005002231957631
1005001979943756
4000955638800
4000127805607
1005001504355836
1005001314368562
4000992959290
33055604655
1005002165854676
32983880412
1005001829761108
4000849684974
1005002336634258
1005002410366082
4001282836165
1005002246683890
1005002355801793
1005001325636639
1005002359174649
1005002063620633
33048463911
1005002080562973
1005001780384202
1005002244458448
1005002345932010
32444161758
1005001334789054
32291055630
32893738024
32840726422
32788899812
32994472318
1005001851383384
1005002116503902
32987898356
1005002399076438
1005002351504152
4001244727183
4001152598001
33021992994
1005001524191089
4000712519387
1005002313391675
1005002241829580
1005001894228610
4000720237317
1005002304316777
4001238244695
33031851675
33013070998
4001264043053
33013643075
32951269168
1005002341574082
33044167720
32944208448
1005002341155101
1005001762865605
1005002186799226
1005002384115687
32996312300
1005001798463470
1005002364697893
4000243767059
32977155568
1005002088002123
1005001326111674
4000760602594
32816700728
1005002359514736
1005002346029939
1005002123633947
1005001704584510
32871938117
1005001280274289
33039989016
33013726269
4000114230360
4000956129863
1005001264758543
1005001351943267
32918916411
4000604550441
1005002458573738
4000221221332
1005001689609496
1005002315600999
1005002317320590
32713622901
1005002254779483
4000611134529
32797933248
32810042427
1005001342903661
1005002271734464
32977821398
1005002122434216
1005001491281511
32908272292
32991164181
1005001847276649
4000112360578
1005001323308323
32852587525
4000929367557
1005001793052501
32822932045
1005002284046612
1005002224081989
1005002293219358
1005002291137022
1005001505312362
1005001984976810
32377368801
4000196726673
1005001851147384
1005002335100241
1005001602702646
32817375625
4000424388785
4000655879359
32961635729
1005002361556355
1005001719244975
1005002336857159
32814742880
1005001441356347
4001057500952
4000763135668
1005001307518471
32831708006
1005002365039056
1005002115266615
4000385937598
4000756129249
1005001860210617
1005002492605480
4000094571872
4000163469648
32880898958
4001110320855
1005002307526721
32965091880
4000393132027
4000961546534
1005002132599079
1005001873193918
32963607766
1005001348181299
1408528579
1005002464848446
4000236547252
4000196281685
10000142397610
1005001541332400
1005002345102286
32841787703
1005001653895102
32966294761
1005002077678453
4000035019059
1005001975618540
1005002051758906
32862427592
1005002378978086
4000822292822
4001138616455
32847109532
4000735466758
4000528839905
1005002287221293
32835214626
1005002365236485
1005002388079779
1005001868656012
32914684071
1005002301875848
32697759075
1005002219846553
4000957391302
1005002412033208
1005002277786919
32688857086
1005001958826183
1005001962837388
1005001500485074
32906984905
32809370319
620423064
1005001560857468
1005001722618826
4001130975546
4001334640866
33011072999
32882594422
1005002452572929
1005002282760537
1005001610539270
1005002282411143
4001300205379
1005002395284555
1005002122438792
1005001793814600
1005002310060622
1005001651572328
1005002095651185
1005002475393123
4000266458360
32961774185
1005002111564015
1005002111247524
1005002012417709
4000216976584
1005001860489755
1005001731279961
32869764584
1005002303992104
1005001998343762
1005002422749182
32972689269
1005002393927041
1005001619824501
32917465091
32824492882
1005002255016089
4000286145875
33001610103
4000945651089
1005002323113672
32947964378
32242699155
4000563945296
1005002341886772
4000758050456
1005002252564168
4000960651429
32913834678
1005002443330703
32886457142
1005002332439483
1005001874595324
1005001962022111
1005001333516302
1005002053340717
1005002372401458
4000396714368
1005002028155839
33059816244
32821311941
1005002483148707
4001014815556
4000534023773
4000889738867
1005002256311288
1005001846038148
4000394087402
32721970668
1005002298184941
4000061072382
1005001572097754
4000024568515
1005002134283766
1005002306953039
4001189254312
32946317165
4000301217947
1005001855557522
1005001591496704
32850608900
4000979225092
1005001885255040
32823375474
32729677884
4001115238918
1005002295820094
1005002369546345
1005002473562493
32846014004
1005002475399765
32830438094
1005002055999095
32816733813
1005002268470978
1005002388214891
1005001844124398
1005002406235988
4001221981654
32534095824
1005002357522909
4000240166986
1005001693278706
1005001664964409
1005002012802330
4000109537925
1005002333029717
1005002256016770
1005002483286705
32991450187
32815108692
4001215249784
4000962013458
1005001850024391
1005002389473680
1005002483123219
1005002181349597
1005002356208308
4000444152439
1005002363967790
32979151267
32915584267
1005001486921858
1005002347540427
4000084653903
1005002304624528
4001310691909
1005002291522583
4000460458516
4000773851302
4000215559746
4000997019909
32688047015
32557561239
4000505352392
1005002246626643
32553737896
1005001960358730
4000123093075
1005001334476993
1005002054025338
1005002007863913
1005002394801191
1005001785924152
1005002293454682
821215997
1005002083912134
1005001580236063
1005002275775863
1005001491121244
32875387762
4001141606512
32998979466
1005002351999343
1005002119364752
1005002291687096
1005001818883650
32585112950
4000643217156
33042062057
32671768391
1005001524062220
1005002286855409
32618760103
32982305899
4001363769695
4000987525005
32820628353
32463512334
32867248600
4001198171155
32899936335
1005001830476097
1005002271954127
32962702472
4000994063730
1005002443136238
1005001625312354
1005002435217413
1005002278275058
32934995036
4000537048533
1000008079499
4000230413310
4001034462000
1005001917900253
10000384992357
1005002426168016
1005002286820858
1005001645486764
4000244896758
1005002350648815
33024778103
1005001929541555
1005001965760086
32968707651
4001066349302
4000019389558
4000916886682
4000423935405
4001242451803
32870088403
1005001381392121
4001286957467
1005001285870489
4001027209276
4001344966087
1005001797093345
1979614430
1005001671059298
1005002219186979
32537599283
4000865311075
1005002360266924
1005002386826668
1005001305939323
32837023263
1005002436138493
4000966331246
4001069607285
1005002220258737
2031087637
1005001329826008
4000532226610
4001061777024
1005002210873788
4000145855794
1005002443788932
1005001889632827
10000235498944
4001247697664
1005001869653157
1005002038491621
4001228709171
4001013809700
1005001769180175
33010074730
4000902028199
33014259108
4000218800893
1005001519611739
1005002182377987
4000732948795
1005002193777805
1005002288292157
1005001482713377
1005002259955082
4001254334444
1005001670820520
4000061307057
1005002306103698
4001225187195
1005002280913047
32893872331
4000812304750
1005001309361202
1005001743575722
4000278453594
1005001525316932
1005001713805939
1005002317556163
32976966018
32324260257
1005002316660982
32689161027
32987071793
4000817294303
1005002427770051
33003622352
32988428233
1005002485488061
33011165169
32998642331
1005002304035947
4000983497930
1005001588342569
32978023871
32623600791
32990211656
1000001548401
1005001686060467
1005001311110000
4000035520784
1005002072152918
33006209300
4001061827835
1005001649058119
1005002206432200
1005002352388370
1005001764064074
1005002317662054
1005001274281195
32822657758
1005001930749105
1005001881798765
33026906137
33044846414
1005001725916258
32848903497
4000641272141
32992115605
4000996476518
1005001519994222
1005002306792099
4000700086384
1005002433914116
1005001382323071
33042954525
33039534099
4001331513519
4001223333480
32938265432
32710689248
1005001430134502
1005001883158533
32979840185
1005002100792863
1005002139684686
1005002350367421
1005002277342730
1005001470894186
4001232856312
32960710533
4000118586337
1005002474451159
1005002205520930
32617889062
4000396380002
4000781855227
32975655966
1005002281978046
32537009688
32456400884
1005002314289573
1005002350767858
4001358886105
32790901507
1005002371578722
32827389709
32924981734
32959866304
32954361341
1005001971344613
32851011451
4000481702252
4001158449653
1005002371790919
4000230913188
1005002375272557
4000894750868
32681790174
32919414394
33028600816
4000618973641
1934411181
33021663924
32882041086
32995667446
32919360494
4001003566086
1005002477790673
1005002303344252
1005002217504624
4001350843483
1005002411564456
1005001501221686
1005002330871069
32997120104
32974018554
1005002245778987
1005002319642479
33054001161
1005002444001055
4000420393591
1005001502937134
4001105769281
1005002359474193
4000028335899
1005001381167473
1005002492661390
32809421148
32809136103
4000173188684
4001271437383
32922973805
1005001515881713
1005002292078257
4000405381511
1005002317056938
4000970724686
1005002495507915
33051579810
1005001733255210
32615200697
32952159707
1005002406240922
1005002143499575
1005001640435472
1005002049543086
4000336856104
1005001762338751
4000965166646
1005002446881375
32806335884
1005001822201187
32918375062
4001014400073
32720008209
32727836258
1005001308371759
1005002434713514
1005002054568974
1005001954676115
1005002346950306
32841070743
1005001798543865
1005001844111649
33000713310
32918023765
1005002297992818
1005002240221575
1005001835834143
32868000940
1005001515921280
4000321199144
1005002352530017
4001228475472
4000890715894
1005002124023184
4001317681526
1005002314275284
4000082958661
1005002254864627
4001119471918
1005002073620784
32613259998
1005002363472325
4000342247732
1005002351353826
33025908410
33020597462
4000696212518
1005002091147849
4001006791903
1005002396229694
1005002319080506
1005002272026840
4001068914960
1005002064827314
4000523732732
1005002210788237
1005002147185086
1005001699323472
1005001653159025
1005002312679828
1005001515322217
32953896778
4000202613495
1005002477761745
32233345195
32631800771
4001044151424
4000482656799
1005002294132303
1005001277770365
33053581417
33010499398
4000979657036
4000084399535
32903102978
4000732864864
4000028973420
1005002329584705
1005001581371714
1005001935591332
1005002305341055
4001085649188
1005001719113958
4000245896920
1005002315983473
32899577793
1005002144959863
1005002275848542
1005002275716114
1005002342546629
1005002398358827
4001241754475
1005002467660664
1005002034508617
1005001877224922
33020928464
1005002286349061
4000544444557
33052181642
1005001929578616
4000682421210
1005002482320828
1005002337912647
1005002253499133
32851187151
1005002124945344
1005001786527241
1005001498557498
1005002399878366
4000832695932
4000656380691
4000155479433
1005002331747461
32510946527
1005002241253685
32981208260
1005001528505351
4000902589078
1005002272247245
1005002334017985
1005002383805030
32761846944
1005002305148398
4001230601641
32929368223
32846675915
4001156810455
32967518971
1005002043333978
1005001456095024
1005002291262179
32746319041
1005002358301444
4001174001140
2036663913
33029159880
33045481171
32556340953
33049189208
1005002340558421
32855521629
1005001763261267
1005002333515652
1005001579934485
1005001695061143
1005002460756495
1005001608722791
1005002467711408
1005001622256475
4000711639244
32705069959
1005001850574266
32951594046
4001220649830
4001278978134
32831628086
1005002460704002
4000415492837
1005001901077253
32955068388
4001204549959
32984795500
32848560436
1005002337105522
1005002378898120
1005001616817324
1005002228517973
1005002443177121
4000784427957
33010135378
1005002434083778
4000808053871
4001320552237
4000336638079
1005002292982534
1005001384170713
1005001860156179
1005002322210660
4001147291596
1005002259361772
4000910424868
1005002375039096
33034412051
1005001688957754
1005001505266852
1005002337005399
1005002032822697
4000224538518
4001316813868
1005001386363454
4000509400166
4000961373503
32889795020
1005002029494746
32379755084
4001013568503
1005002220355807
1005001998648172
1005002405277116
1005002302742032
1005001423041652
33049762025
1005001870068075
4000030765809
1005002355934682
1005001779934035
1005001793142465
1005001665177780
1005001987735357
1005002302698663
1005002334729511
4001163796419
4000064850284
1005002425543207
1005002260116093
1005002150152482
1005001869397947
1005002213534920
1005002487445877
32993225251
1005002270295768
32883495796
1750113704
1005002473722971
1005001862838048
1005002383278955
33001922765
1005001473681411
1005002106189557
1005001405918100
1005002220542239
4000785768210
4000181579085
1005002318696910
33027505935
33040831690
1005002329298802
1005002347321877
1005001937458894
4000287503334
4001183493023
1005002363634851
1005002227917208
4000156059254
4000145680376
32854388010
1005002180721703
1005002003526042
10000377651392
4000583510759
1005002398385012
4000963569678
1005001499972030
4001235749499
1656555792
33004274084
32997558761
4000453862660
1005002280883566
32551772668
4000186079099
1005002171721152
33049593632
4000944995945
1005002417928594
1005002055742256
4001061705792
4001090456240
32853311663
33048643496
4001032277218
4001053921034
32608987661
1005001612313315
1005002333633136
32790481621
1005001780702418
4000521556270
1005002219769174
1005001767805679
1005001830471763
10000397747199
1005002305546671
1005001726647108
33032288888
32796499081
1005002339261773
33037477335
1005002287811515
32986952137
1005002318706308
1005001771021056
1005002324384618
1005002344017830
1005001789001800
1005001540755024
32878384472
32898048315
1005002347181509
1005001834500766
33028442007
1005002440689193
4000563669768
1005001923325514
4000456732784
4000973202995
4000334364370
1005002484767710
32969761152
32794329099
32967364904
32876292875
1005001762507294
32833757639
1005002314593450
4001340505206
32890614613
32886074613
4000807408893
1005001351076430
4000752613454
1005002265056750
32926403340
32685130643
1005002122552328
1005002073884516
33021712958
32810678358
1005002138028842
1005002397642949
1005001862876905
1005002319292749
4000168022882
1005002166975722
4000661037935
1005002276974817
1005002353508925
1005002347111282
1005001529384003
32908462339
1005002114976955
1005002255284430
33043202989
1005002343218050
1005001631468755
1005002275813723
32951597589
32835887989
32839305765
1005002399022197
1005002229432436
1005002327228534
4000258465575
32808716849
1005002221867841
1005001849752355
4000179549735
1005001834735253
1005002286942752
1005002450501974
1005001417392386
4001230446025
1005002233289922
1005001450499838
4000096396880
1005002162223183
1005001682166793
4001094590482
1005001682818431
32287073735
1005002300860996
4000200485071
1005002245310554
32868337523
1005002168861859
32695536756
32969964361
1005002232049729
4001272379339
32999478644
1005001721619474
1005002466529982
32914545291
32888666556
32975871766
4000354928130
1005002319096796
32974692913
1005002318190298
4000377578746
33054465894
1005002347259080
1005001362573674
1005001489069258
1005001992526272
1005001793046765
4000020760979
4001265578530
32486957616
32980770230
4001014381095
4000104260488
4000214135797
1005002427294475
1005001569686691
1005001413615323
1005001352555653
32972969952
1005001929025058
1005001885577422
3258341314732975547716
1005002313990061
1005001930830872
1005002314267753
33009321998
32823632833
4000117332259
32886754613
4000256389207
1005001644063981
4000760874466
1005002296725882
32362985986
1005002459920671
4001338434506
32887175751
1005001921691967
32851853696
1005002265228789
4000784634123
4000317059614
1005002212225969
1005002045930585
1005002317001392
1005001872114505
1005001966469399
1005002449812414
1005001557727916
32982622315
1005002400403378
1005002185854865
1005002299365662
1005002314227429
32849963298
1005002283385657
1005002327292852
1005001365709721
1005001928874260
4001065913306
32604387410
33013397706
32790721428
1005002238724535
32840367789
4000504097614
1005002397792530
32970182729
1005001708719681
4000910276009
32812318305
1005002400089878
1005001397701759
32882548952
1005001977129670
4001186228809
1005001943003228
10000293433495
4001251907482
32953449096
4000801237068
1005001763728644
1005001487347703
4000838427798
1005001635118516
32578207791
1005001905943164
32834942123
1005002333908066
1005002474927598
1005002371618078
33051707159
32996158226
4000071863068
32954756678
4000479091116
32699173602
1005001933820950
1005002322740103
33035530866
4001022787881
32961374843
4001295095294
32898716148
1005001645322656
4000109884115
4000216052655
32987698335
1005002262244340
1005001693625716
1005001749162106
32680392217
1005002312622203
4001063452065
4000227453375
1005001844472321
4000865299765
1005002281603160
32851961217
1005002253084387
33034607419
1005001683759307
1005001804421501
1005002460108792
1005001874259185
1005002258924731
1005002212674762
4001198468340
32407647344
4001079431978
1005001447177843
32997795067
1005002348849605
1005001619747669
4001214234617
32909642988
4000863233760
33006907128
32854756790
1005001652169663
32953795330
1005002095130722
1005001927700264
32313386242
1005002221797955
4000277894605
1005002374871646
1005001872811083
4001052688025
32833596705
4000094596661
33027804690
4001358681333
1005001633646701
32962879120
4001192733420
32600565215
1005002454367121
4000804895870
1005001488964382
10000051786093
1005002487981979
32920835264
32853403656
1005002224787774
1005002440133582
1005002316244249
4000203386991
32913056604
1005001489083595
1005001506006343
1005001894688126
4001020401477
1005002341216887
1005002283307775
1005001398238898
4000489447347
1005001732930104
4000833250502
4001113100609
1005002271366258
1005001334075225
1005001998572750
1005002313005560
4000912456597
32894360617
1005002281946239
1005002414570766
33036959470
32983148870
1005002359151257
32852623754
1005001526361696
32898987118
1005002145949572
32819481635
1005001462248007
1005001855047612
32992545683
4000278341021
1005001334508553
1005001868430818
4001135756383
32926510498
32830651048
1005001520276641
1005001670946454
1005002345005082
1005001364166333
4000345182217
1005002307387803
32981261261
1005002400856898
1005002318958513
1005001966166936
1005001707940195
1005002286941658
1005002421441342
1005001456803958
1005001737076777
32964663945
32871387369
32652669926
1005001731147481
1005002483537814
32908452249
1005002468893990
4001327537635
1005002286703817
1005002250591458
4000223511694
4000816134236
4000142336545
33026997448
1005001833685852
4001085293754
1005002275899931
1005002341788279
1005002129729385
32865622846
1005001495827222
1005002369147085
1005002481748393
4001145379341
1005001690325694
1005002317642381
4000408176410
1005002331155622
32865935172
1005001375611608
32958125375
1005002039886129
1005001947831120
1005001947942330
1005001480261745
32740102553
1005002427395655
1005002302373560
4000778932037
1005002347975848
1005002352071772
1005002253730887
1005001587470717
1005002062912744
1005002427762556
1005002387585211
1005002171578071
1005002327526307
32833606737
4000158299297
33032308905
1005002393225797
1005002477692439
4000188809247
1005002310082532
32961345600
4000155349654
1005002291392487
4000478515946
1005001491115323
4000749320933
1005002313775410
4001057253230
1005002198121745
4001295189057
1005001840321527
4000393434876
32815139584
4000318385516
1005002459404318
1005002475797143
32791622565
4000884971094
1005002091429494
32369692240
32953936352
1005002430594803
1005002377368113
32857178239
1005001485692049
33040681152
1005002027941367
32871514669
1005002318882038
32962215375
1005002328131490
33044489536
1005002137477003
1005001551845919
4000726286883
32856828311
4000297405695
4000378929476
32753419526
1005002138961700
1005002166618908
1005002059794931
4000429622210
32986039418
4000694135812
1005002305082945
32948769199
1005002417512353
32948242219
1005002468471934
1005001693975150
33007383302
1005002340061830
1005001447452565
1005002342477549
32952894453
4000291816107
1005001786709954
1005001844742902
1005002422698892
32968087310
1005001792814314
1005002125808673
1005002304470257
1005002319296105
4000630976367
32857483186
1005002171050730
32893884836
1005001446811700
4000778899044
1005001645428406
33053440055
4000776424297
32622593587
4001050024104
32981567731
4000813565524
32400988673
32839653840
1005001885734963
1005002347886846
4001018911988
4000661013375
1005002355336172
1005002322674994
4001349190469
4000926842724
1005002368075579
1005001608972318
4001079497224
1005002319168218
1005002318657063
32996311650
4000780261902
1005002333075478
1005002310818698
1005001456695505
10000395848954
32535982882
4001080674139
1005002300066743
1005001886137483
4000153067613
4000945101936
1005002243937899
1005002206014604
1005002328395898
4000105050627
1005001863079622
1005002432030231
32883515845
4001054037151
4000372186277
1005001789714245
1005001504795996
1005002332640886
1005001518737763
4001166637551
4000629236365
1005001966207073
1005002273005046
4001014501683
1005001894095376
1005001915140966
4000842857706
1005001710329118
33058921529
33009437656
1005002394977163
4000046873257
1005001965855134
1005002269131219
32922426056
1005001867215818
32659240568
32989889284
1005002345242007
1005001977972965
1005002334987287
4001271547467
4000862756789
1005002359254207
4001134591087
4000737250783
4000271570284
10000395875867
32849022374
32936349284
32997883204
4001205118117
4001360672765
1005001999993959
1005001709913321
1005001703574286
1005002218936729
32921803954
1005002345501141
1005002450120477
1005001621038368
1005002370445930
1005002317397163
1005002307202497
1005001695923777
4000539674721
32912943666
4001185978428
4000516533775
32681944970
1005001709644726
1005002302708417
4000999386037
4001127322501
1005001387347897
32940632958
1005001870437588
1005002443262947
1005002287228131
1005001639703786
4000163681118
32263424706
1005002289422942
1005002198690594
1005002034124064
32827891719
4001160730042
1005001950341286
1005002346428854
32953860373
1005002289761435
4001171753148
4000402339756
1005002301164447
1005001899889330
1005001325996131
1005001481582017
1005002072371810
32853093095
1005002325035609
32884074718
32924779588
4000670625283
1005001273923668
1005001604034030
33007034793
1005001452228248
4000349080980
1005002393006189
1005002246951185
1005002136458232
1005002450770507
4000273997463
1005002464916664
1005002412201823
4001157101526
32855152519
1005001894738483
4000990885466
32969442326
1005002427614965
4000626120781
1005001516899044
4000661257713
1005002326439958
4000543736165
1005002358368306
1005001837865192
4001302265450
32873759274
1005001671219538
1005002476110392
1005001835469419
1005002314341091
1005001549213010
32813332846
4001350760612
1005002357412146
1005002342227948
32773906930
1005002323263466
32871555692
4000079800615
1005002339994975
1005002330427703
32845181164
4000282564860
32847978819
1005002129309062
32778469397
4000959256801
1005002466590918
4000989069461
4000066704410
1005002341631103
1005001576521957
1000001702811
4001209349886
1005002363625011
4001318740325
1005001908627344
4000472671212
4000938412408
4001022328030
32919139748
4000467561470
4000693239264
1005002055736799
1005002233163377
1005002239588555
4000334998017
1005002339213208
1005002340471998
1005001338024805
4000908532006
4000960647245
32851859444
1005002304979067
1005002351295896
1005001430713990
32882922649
1005002312179219
1005001512902379
32922569774
1005001356361361
1005001726232501
1005002281570823
1005002313386222
1005002239325677
1005002275321165
1005002299101512
4000448479073
1005002191687234
1005001930853796
1005002277480304
1005002449244603
1005002022898753
32854525786
4000878123494
1005002439866747
32432638493
4000934792085
1005001629649009
32962356808
1005002231651856
32937150192
33011598563
4001140646854
32974338662
1005002409537076
4000798117644
32831143989
1005002142791500
1005002439356149
1005002490613712
1005002488597482
4001201187625
1005001422481351
1005001835294147
4001264525418
1005002287960190
1005001454073938
4001122906421
4000923141325
1005001561594567
1005002249454426
1005002498399815
1005001851050788
32877056898
4000165833089
4000685142495
1005001813426916
32723479466
32788569128
33010053165
1005002351075339
1005001301927437
32744661563
33043692654
1005002185271875
4001247191067
4001065372446
1005002468038094
1005001692564000
32672900591
33023386079
4000687783883
1005001833960929
4000774941436
4000850482244
32995828532
1005002198022117
4000544367603
32835843699
4000385807634
1005002344172312
1005002103772252
1005002259559753
4001278625006
33034831432
33008682611
4000160012093
32813999188
1005002223972320
32881986279
32810447249
1005002303662198
1005001957491450
4000382611959
32965241192
1005002250336921
1005002244722462
4001016605753
32657597739
1005002150919139
4001276435593
1005001914589003
1005002451225411
1005002384889634
4000283919339
4000551133219
1005001479965211
4001005654511
1005002322577184
4000712630719
1005001864291101
1005001645610873
1005002397445556
1005002123371334
32953678508
1005001630750393
1005002363983299
4000829306706
32884556754
1005001515028288
4000989820490
4000076567554
1005002233189716
1005001579965867
10000396728001
32378789533
1698992965
1005001621045332
1005002484686981
1005001745420455
1005001705506333
1005002319051793
1005002357489664
32920555871
1005002253211995
1005001665795548
1005002233414511
1005001490729015
1005002287758931
4000299972148
32698990419
4000087188891
32854724145
32869131662
32888001909
1005002490196650
4000979929823
4000626823872
32956375618
32834918637
33000483459
1005001861104122
33054356448
1005001317470657
1005001489026678
33008492765
4000334005286
1005001703197805
33040282089
32995509358
32819248277
4000263027725
4000918240961
4000959576056
33011899778
32820649454
32305696622
4001117981505
32679241233
1005002281505321
4000957537433
32811436015
1005001482919090
32780045922
1005001580981976
32884360826
32983112008
1005001570367967
32819511898
32938285250
32882643204
32641264761
1005002440101922
32989115974
1005001733933452
4001110774770
1005002312798272
1005002314822444
1005002152136833
1005002053652628
33044571283
1005002382338012
1908301244
1005001598442180
1005001456822373
4000036127175
4000189863144
1005002324615736
33061274792
32918748928
32818289409
4000552974592
32955609131
1005002116567437
4000619730945
4000857503957
32802292254
1005002213638293
1005002413128800
1005002482917528
1005002451148141
4000620636452
4001288073090
1544520899
1005002287121548
32884500034
1005001705204719
1005001525294713
1005002211146900
32805269605
32674121744
32820749178
1005001989079620
4001251585722
32832171512
2026367811
4001064091811
32800996170
4000120953553
1005002428191094
1495185068
4001267494395
1005002254126907
1005001467362969
32994693343
1005002348649108
4001209155705
33015823591
4000287160902
4000135819412
1005002314379270
4001167540811
1005002256869165
1005002447464993
4001031816365
1005001497526107
1005002126225406
1005002401167594
1005001602641322
1005002181062506
32798113883
33000818625
4001025728275
1005002174467881
32816421097
1005002372299513
1005002306670207
4001294143768
4000714178856
1005002428733403
1005002273080232
32992293303
4001346215629
1005002239567437
32305743524
1005002333558282
4000289674475
32818617693
32861701445
1005002260229420
32978135879
4000459107918
1005001596936978
33027163113
32849693364
32869488869
1005002387961148
1005001961019520
1005001516281617
1005002314487027
1005002386884772
459718330
32919087504
1005002090351182
4000204452566
32478862738
1005001452958257
4001159492980
1005001953508646
1005002007199177
10000055707360
32803352376
1005002341466959
33018621103
1005002310688599
1005002310064447
4001290868720
4000401549721
32898210559
1005001868427042
1005001789148505
1005001494221737
1005001507182745
1005001349425382
10000005983040
32837458047
1005001948823458
1005002433507311
4000041739829
4000499926641
1745978823
1005001633262030
32853692445
33000497847
1005002488454402
33012566037
32974995713
4000038063101
1005001722180396
1005002427899163
33002018224
32909286213
33049753440
4001000949028
33048923860
1005001319672225
1005002345080757
1005001802568234
4000751739129
33041002007
32718419296
1005002243345197
4000764017233
32855221844
1005002363668593
1005002295231518
4000926414816
1005002288401763
4000595775817
4001197417921
1005002401025623
1005002491867514
32969489290
4001236831198
32618716538
1005001687270101
1005002241701763
1005002457312450
32906424159
1005001500000921
1005001602054110
1005001397447427
1005001942620837
1005001631172425
4000864062113
32932989271
4001305653096
1005002116180444
32850137693
1005002212169987
4000314084338
4000904070608
1005002371625852
1005002410835896
33005540242
33046534695
1005001926077610
4001029487563
32974157945
32842573053
4000049378874
32856301423
1005002333885588
33008061980
32814048491
4001282998079
4000401286753
1005001645136888
1005001555068430
4000995890593
1005002298433774
32955407257
1005002129667519
1005001351930673
32979337237
1005002294107826
4001247772408
1005002430973479
1005001793898950
4000345380290
4000819632092
33022039468
32857148278
32914307074
32965718660
1005001765727807
32858058715
1005002248313803
32908133732
32992194482
1005002388517466
1005001456454751
1005002286045114
1005002403986788
1005002387561917
1005001864908293
4000769312273
4000334079014
33060235847
1005002105323043
1005001714418740
1005002298343108
4001271792980
1005002315247063
1005002352013467
4000275546531
1005002319036750
1005001793176253
1005001502853066
32918600747
1005002365056430
1005001388757654
1005002400101716
32854640117
1005001840473572
32974318478
1005002265831567
1005001867978918
1005002467740199
4001294630389
1005002268388911
4001125522821
4000354751825
1005001459635925
32964914020
4001269679496
1005001723988550
1005002053697754
1005002301572596
4000897645806
1005002316335764
32552577101
32914864493
1005002367226634
1000007390844
32964387017
1005002315019671
1005002324618739
4000626563848
32782465815
1005002237868914
32974688168
1005002354318534
4000026607717
32794277214
32568885823
32996862101
4000689674285
4000944646390
4000073956438
4000685625262
4001167636615
1005002384879290
1005002460028672
32876973957
4000812691075
1005001683669101
32964234020
32718128088
1005002305746581
32967038302
10050018779812914000970547073
33017803587
1005002034612347
1005002289769532
33008978289
4000114457257
32816737782
32920004583
4000664036578
4000862832011
1005002219581180
32790137697
4000044086762
4000258854959
32881459654
1005001792886811
1005002297858467
1005002023874368
4000419396017
1005001333596615
4000960058827
32699933117
1005002395803479
32849291571
33053780482
1005002289656887
32400440837
4001331534222
4000683731606
4001072218001
4000761286958
4001322576112
1005002087885455
1005002319211760
32855868786
4001155661560
33016409300
32609975141
1005002260958952
1005002496141847
1005001518522291
4000790336225
1005001725934800
1005002404711852
1005002328393118
32911100062
1005001308743274
1005002310762197
4001192540963
1005002429342347
1005002443682357
1005001381601968
1005002314225809
32994857768
1886190631
32490112054
1005002244348269
1005002428040010
4001286920726
4001000499840
4000907391224
32810138879
1005001666619134
4000623801223
1005002420649433
1005001935435647
32957514937
32838294718
32973369479
1005001521790554
4001138147456
32825983293
1005001841803932
1005001438805590
1005001997376596
4000894604806
1957256977
1005002337239222
1005002232099099
32793063192
1005001685730893
1005001786285684
1005001688741196
1005002042709888
1005001890641263
1005002362615583
32869222002
32422344310
1005002252633785
1005001970699042
1005002398819070
33002221052
4000844888085
4001272964395
1005001645109078
1005001338594682
4000211095456
1005002433762326
1005001737387661
32890746486
32982932220
1005001392180767
1005001452698887
1005001836327193
4000959323151
1005001586608769
32700592776
33025534048
1005001865339254
1005002399728290
32969202989
1005002287592827
1005002468113871
4000064525243
33047789681
4001205487986
1005002208293404
1005002284343124
1005001841094451
4001036113135
1005002313871183
1005001825893067
1005001461170329
4001145110398
1005002327091194
1005002471381194
1005002320532023
32863566138
32974596261
32899714337
32821657742
32845076476
1005001810518744
1005002312889424
1005002337933536
4001058128601
1005002422137648
1005001798338720
1005001665409281
4001358610192
33028223313
1005001364200364
32871870693
4000714976620
1005002420518010
32901142419
1005002291840179
1005002416893251
33052929469
32993939408
1005001678182352
1005002395450769
1005002482494440
1005002461744715
1000007663649
33019094950
1005002323373847
4001174988291
33060114418
2037532008
1005001731169682
4000560707809
32782330439
32581075550
1005001780529198
4000323047890
4000987652067
1005001591322799
1005002439218094
32525159641
1005002347803789
4000281670194
1005001726505854
33044191952
1005002333476114
1005002027736210
4000133893758
32700526905
4001196459389
1005002427697364
4001279004707
1005001339675450
1005002324647313
1005001441397791
4000291490341
1005002239237718
32980063281
1005002233717990
1005001779896221
4000041685351
33045193006
32850075929
1005002348108390
1005002315818872
1005001350958232
32818089442
1005001849764516
10000012612088
1005002284642005
1005002488298997
4000281341604
32572927312
32996827387
1005002345592345
33027224742
1005001488250086
32779904208
1005001615994162
32800062979
4000271798222
1005001939566784
1005002339537357
1005002390975265
33051974369
1005001884011019
4001023326044
1005002276644317
4001078189551
4001081827896
1005002246728128
1005001718471818
4001229270502
4001176706550
33030998271
1005002416022651
32840418474
4000986113107
1005002295409470
1005002072361148
1005001687961385
32918435677
32822878585
32951884934
33025631207
4000989789498
32993873056
1005001999630534
1005002281710641
1005002358272854
1005002042230704
1005002327369495
4000982532611
1005002342105281
10000399969375
32942450266
1005002412248054
4000536941735
1005002239233044
4001134240268
1005001607894132
32822777658
1005002041054239
1005002363865992
4001201731855
4001100252933
1005002358817281
1005001965440285
4001353083586
4000001561772
1005002442074845
32974706533
33030410370
32969378651
1005001758090471
4000711411762
33044051406
32988041122
4000317692280
1005002314304251
33007291796
4000807153339
4000941712443
32907450160
1005002318877805
1005002382606731
1005001385736481
32983230605
4001307405005
33006043617
4000898940616
1005002372433810
32891216485
1005001836149566
1005002413249725
1005001382544239
1005001864283466
1005002459533003
4000210340242
1005002378255472
32848850847
1005002471662699
4000858551719
4000394866689
1005002352762609
1005002428283495
1005001540609937
4000047562907
1005002426352033
1005001653218870
1005001994499810
1005002246993166
1005002312959023
33007059265
32959536797
32845504458
4000684543411
32846920223
1005002331829478
1005002394497070
1005002291391004
1005001664571981
32898281402
32976034813
1005001476276544
4000987101120
1005001789580687
1005001997563566
4000960846849
4000776871488
32967791413
1005002346724539
1005002024639429
1005002245434194
32990489220
1005001571739171
1005002288491400
1005002260159697
4000468963848
1005002168036317
1005001807249756
1005002338122071
1005001819074610
33003774215
1005001476516262
1005002282302123
32888815942
1005002435203847
10000395841505
1005002427864400
4000843215732
1005001605953455
4000248763475
1005001285015264
1005002475028719
32840026202
1005002465834713
1005001757429297
4001045244035
1005002139552941
32892760951
1005001430459867
1005002326670703
1005002304137851
32921401357
1005002389343441
4001355579824
1005002336515990
32849353960
1005002338573340
1005002341398150
4000725208925
4000627971876
1005001607587476
1005002462585136
4001171447454
1005002258938960
4000394774512
1005002395177201
4000064068470
32945353336
1005001551010135
32918626665
4001351120557
32310796943
4001041985668
1005002118854361
1005002361923331
1005002306113260
1005002450919646
1005002270398789
32880040871
1005002383702645
32841495038
1005002395597211
1005002379316408
4000115026252
4000789665599
32964005196
1005002292903468
4001145067728
1005002259611107
1005002413532086
1005002447020226
1005002069334247
1005002439820299
1005001438793632
32950582210
1005002393255546
1005002339358882
1005001868509223
32997548409
1005002417668763
1005001722810125
1005002122372415
1005001990196803
32823357004
1005002006376838
1005001687587626
32899199537
1005002346354866
1005002382782858
1005001988602128
1005001412467971
1005002068709571
1005002085180704
1005002316482485
4001237489204
1005002314211973
1005002436461219
4000837130000
1005002329916494
1005001281011512
32973387599
1005001742456493
4000650775855
32828803311
4001100730093
1005002124600681
4001333444301
32592088034
1005001987533980
32656287458
4001360606278
32802240703
4001278445964
32961210677
4000044774339
4000609532408
1005002496006654
1005001804133511
1005002400278064
1005002460719463
4000084553419
32982304286
1005001495137640
32760411050
32879741445
1005001369705119
1005002234200499
1005002324668241
32968290811
1005001554830495
32957112368
1005002421646405
1005001907392028
1005001977553258
1005001518586953
1005001387617303
1005001795349433
32365365961
1005002409554868
4001041111225
32823715517
1005001332986818
4000008672288
1005002336495488
4000264510153
4001102286705
1005002397816647
1005001770185601
4001206912678
1005002460620640
1005001440711948
1005002432553898
4000981618336
1005002359085198
4000756390938
1005001552092132
1005002389686096
1005001622334155
1005001444932106
4000223616370
1884134188
4001100916446
32765923749
1005002411462183
32819446096
1005002052494041
4000903889369
32831754259
1005002033184970
4000471941461
4001206956957
1005001803402611
32297037695
1005001981689959
1005001537009063
1005001470765346
32961418554
4001157643643
33038473347
32910206101
4000120833437
1005001850911949
1005002317622621
1005002258032286
1005002213649519
1005002313244320
4001239234441
1005002037138714
32861469900
32870902683
1005002488076453
33012123289
4001338138514
4000986738334
1005001879879181
1005002171110949
1005002395106605
1005001920797225
4001112975335
1005002373103754
4000324132915
1005002383830764
33047829814
4001287357140
4001247962483
1005001556510487
1005002490074329
32574451212
1005002378433691
32854109786
1005002128659607
1005002349649323
1005002431495212
32897564672
4000812860413
1005002000102435
4000410492099
4000012328965
1005002069270617
1005002465089069
1005002376088518
32855011187
33001221394
1005001330903102
32970249969
1005002389393971
33027537459
1005002003317200
1005001587210552
1005002412590425
1005001917269251
1005001922543830
1005002362113873
32884564052
33044973739
1005002400027424
1005002236296012
1005002006707265
1005001999697397
1005002490474517
32829731239
4000845007079
1005002435664370
32826213464
4000641921953
32819603175
32919220425
4000898535932
1005002022715635
4001038433491
1005002081323423
33035469153
4001249615680
4001218922338
1005001971154272
32978066870
1005002352477072
4000564506336
4000627329694
1005001405244927
1005001873280543
33057691140
1005001972511867
1005002413185024
32867288040
33029729643
4000250843195
1005002469098812
1005002430680435
1005001859260779
4000159773459
1000006063792
1005001694276785
4000825968164
1005001470844366
4000296377719
1005001397488680
4000521148268
4000223304467
32985785762
33028968095
1005002386286259
32969766823
1005001348670976
1005001894621282
1005002272548990
1005002372064825
1005001683500206
1005002022162272
32877045662
33058645773
32320099417
1005001782067812
1005002318096728
1005002281727870
1005002387177046
32914019154
1005002184876320
1005002314342052
32810148181
1005001805515770
1005001288733905
4001089093892
1005002477740433
1005002446008849
1005002324859295
4000695534792
4000939087751
1005002346694671
32880381360
1005002345662118
4000603090001
32937657858
1005001929291511
4001331344385
4001057334829
4000829832196
1005001303821598
1005002495261276
32906566392
32773283204
4001010822038
4000706091746
32907142138
4000987152754
1005001863352402
1005002412301054
4000361921229
1005002028590760
1005002392093015
1005001515582502
4001118881349
32846352517
4001153015977
32963251581
32961626315
1005002007395206
1005001645271848
4000703715762
32690965906
1005002319228479
32899234498
1005002497195847
32807834261
4000673504528
32998818959
1005001361585963
32959796955
1005002464875117
32910234099
32753458479
32903958672
1005001553027542
4000778617815
33027491441
4001041252950
33024306108
1005001387877235
1005001785933141
4000257948417
4001265514268
32891770102
4000987346701
33046734101
1005002276607355
32978312040
4000777667772
1005002416907474
32940778354
33054939267
4000235573288
4001179812477
1005001666557804
1005002454000637
32974687796
4000947927052
1005002337805022
32824453725
1005001698462540
1005001878221416
2054962759
4000034916720
1005002401198129
4000272660300
1005002473656561
32504015809
1709791109
1005001792381247
32856386819
1005001670768724
1005002484698517
1000006277482
4000229012744
32954474113
4001360671347
33051343782
4001340028345
32614737480
4001187856060
1005001685394151
1005002484104019
32843951938
32998689924
32678476460
1005002107551799
32959335976
4001217937564
1005002394946897
4000059539719
1005002298552874
1005001697484493
1970674163
1005001391719346
33058777581
32625544611
32614514070
32921994285
4001270452607
32879356707
1005001309894615
4000151551823
4001261464876
1000001087588
1005002316971106
4001306015999
1005002196719522
4001309061118
10000243447093
10000308990143
1005002495034248
32799178249
4001126834056
1005001815381534
4001225119855
1005002276847286
1005002314340378
1005002277888147
4000745357733
2019725572
1005002399807740
33015511722
1005002323231156
4000556612268
32964976114
1005002068522244
32910142510
33033986931
1005002306902804
1005001525480113
4000049494672
4000151871021
32773550406
32941522125
1005001658104605
1005002390856891
4001048477644
4000665961409
1005001317329269
1005002386779280
1005001349813854
1005001330723444
32900905607
4001264485415
4000931208853
4000202567818
32694959447
1005002323331483
1005002417182654
4000834431440
4001145815014
32392028038
1005002466261033
33050847581
1005001304599149
32981884443
32791956733
32917358694
4000576577602
32976155388
32792542623
1005002160174361
4000466096445
32677351581
32809424513
616268826
1005002054897789
4000905707298
32734290320
4000387855113
33048907954
1005002330748698
33039045200
4000515843456
4000429585317
32969054308
1005002339102248
1005002219757473
4000259649275
1005001633059936
1005001531090037
33055532058
1005001855697589
1005001993574629
1005002315965027
1005002401320439
1005002283469256
33044315741
1005002361316656
32952486260
4001292948611
1005001728472282
4001278970140
1005001387271113
1005002382895899
1005001441396005
32639168399
32901399969
32904879589
1005001892042503
1005002323990755
32819008637
32970183163
4000079901061
4000177654483
1005001349935372
1005001702114200
33059202324
1005002449331306
1005002328862526
4001294793189
1005002398191421
4000034189936
4000281256050
32967484595
4000990863605
1005001386240123
1005002389500545
32837896561
32797402440
1005002347321552
4001050652443
33055445832
4001196533622
1005001721582913
32605967952
1005002348174597
1005002061117790
1005002448082853
1005001907859851
1005001950129516
1005001315362847
1005002365510700
4000382346314
4000837409847
1005001656626615
1005001499254366
1005001731175473
32951133174
1005002344969381
32364952031
32935341724
1005002332040946
32862906255
1005002271655613
32947245326
4001332641484
32930861807
10000054414387
1005001557961182
32969687073
1005002339938022
1005001883911209
1005002161852496
1005001864720127
33015702375
1005001525294862
4001324338309
1005002476486543
1005002369427255
1005002318488586
1005001831644190
10000358030421
10000395860831
1005002394174061
33013112265
32971704199
1005001509938697
1005002229184392
32885902890
1005001519611717
1005002388544866
32952914347
4000058903393
1005002354208481
1005002388762390
1005001813322450
33021862150
32986957551
33008987862
1005001576478378
4000381067485
4000963828753
1005002377963435
4000733186196
1005002457449929
1005001425230622
32844290591
1005001884090411
4000306457217
4000170517913
32955325282
32853909828
1005002359010318
1005002383177904
1005002286942143
33030311736
32956758942
1005002438369430
1005002382693666
32965303511
32922856875
1005001732452124
1005001398438313
1005002002237792
4001162662568
1005001955018085
572737027
33027139632
1005001512123395
1005002336065966
32922322036
1005001676893209
33027437308
4000108933922
32995999679
32888613716
32837930551
1005001890518250
32886393946
4000691086775
1005001765637478
1005001848430608
1005002241623570
1005001339442527
1005001303506362
4001153718158
32972724596
1005001894587856
1005001612994216
32888253686
1005002345825874
1005002313932990
4001035186935
1005001678583537
4001263717997
1005002475876390
1005001860377082
1005002352321475
1005002430456948
4001276921042
4000064878385
4000823642151
33020523588
1005002499662749
1005002458808658
1005002433758968
1005002212953464
1005002387050521
1005002277621927
33002036711
1005002292553179
1005002314274974
1005002327135873
32968579830
1000001408371
1005002061347746
4000606858627
100500243007951833030000397
1005002336572661
1005002396365924
1005001430896537
32855493428
