1005001834704493
32967480012
1005001484094598
1005002310534531
1005002150101712
4000955903119
1005002386626097
33016646630
1005001493656505
4001316646394
1005002333080263
1005001579929856
4001320765523
4000133215836
1005001280133283
1005001704148632
4001002466342
1005002228027551
4000910423160
1005002106749950
4001292748873
1005002220875991
4000529526278
32681468195
1005002314429262
1005002245779195
1005001348096194
4001226507221
1005001597242965
32974238317
1005002056603545
1005002346841656
1005002395468694
1005001990685818
1005001749010349
33030625775
1797654991
32809940294
1005002289324262
4000402232570
1005001296843347
32822684864
4000960910859
1005002278995971
4000127253275
1005002307450844
1005001721844662
32993234329
1005001993748705
32803331777
4001331148529
32863215222
32797815226
1005002401375687
1005001710777591
1005002073412641
32955841389
1005002400175682
32848851786
32409780789
4000084276783
4000077486055
4001107364911
1005002297769640
1005002355546620
32972799776
1005002391360753
32916932409
32952702540
4000043114772
33013627688
1005002460180954
1005001659610790
32954013388
32814192560
1005002344235781
1005002311864290
32409352319
33022612119
4000860336274
1005002192016839
4001223404728
902564888
32696798347
4001320525719
4000885915890
33032338054
4001142070639
4001163357927
4001150648187
1005002471208875
1005001430155083
1005002009119595
1005002247429412
4000025642870
1005002252376327
1005001505542799
32274820812
1005002310613690
1005001451987506
1354080438
1005002449693867
32973848359
1005002490837105
1005002454197914
1005001627414410
1005002406184659
32926103155
32983359937
1005002314344139
1005002344213610
1005002334572218
1005002483042597
4000392203359
1005002353011161
1005002310206822
1005001388608283
1005002314963702
1005002172923951
4000785144009
32665355951
1005002310980308
1005002466466769
1005002012131169
1005001716522851
10000398195262
4000672190689
1005001953235408
32954955034
32892382387
1005002388307630
1005002086079820
4001365192443
33015108151
32827299544
4001224166984
32387111450
1005001896836296
1005002235746824
32782441494
32915880376
4001276066876
4000344528988
1005002316313218
1005002122546359
1005002322555591
4000046342759
4001084888253
32730162475
32903732726
32854645534
1005001731744720
1005001758616586
1005001943019279
1005001506581501
4000145965411
32821521260
4000278990166
1005001742369933
4000736107914
1005002110084274
1005001686075564
1005002418379544
32985306120
1005002318484772
10000027897689
1005001880267336
1005001579720832
32674377271
32707331899
1005002292743301
4001016178183
1005001427019901
4001218131420
1005001737523803
33008421020
1005002246991008
1005002435200483
1005001725532218
1005002060070174
1005001848086079
32829068150
1005001697804982
1005002264007062
1005002320966743
1005002312824409
4001211206174
1005001515526544
1005002454321101
1005002427937760
1005001502899557
1005002359497995
1005002316898299
1005002477506941
1005001814939078
4001216514927
10000203517797
1005002364818458
1005001958307963
1005002334062626
32997165989
1005001718789079
1005002310315771
4001244397648
1570576037
1005001718853606
1005001840173237
32826631242
1005001953270627
4000019631383
1005002413236747
4000235935440
1005002420713408
1005002367638548
4001163508822
1005001763427471
1005001788789602
1005001828584375
1005001838486145
1005002491860839
1005001306201448
1005002454366307
1005002205472066
1005002336826063
32852672240
1005002353707404
4001143321269
1005001631345527
32947197605
1005001868964414
32875042780
1005001645760923
4000282857025
32888743382
1005002434560162
1005001887756055
4000228182284
4000155840231
32998223131
1005002081836517
1005002439525782
32924343640
1005001835245839
32954971016
32973186493
1005001728701219
33054991398
32879969845
1005001987939487
1005002259058724
1005002447715508
1005002241429059
32980408348
1005002286595494
1005001997293410
4001271905983
4000447288893
1005002443617862
32832483122
4001062897619
1005002156697695
1005002099044882
32946201937
1005002224139995
4001114194064
1005002017457661
1005001626202972
1005002362409148
1005002319576384
1005002065510686
1005001843625039
32853588225
33002120077
1005001525968878
1005002080371938
1005001913969881
32963087671
32972692824
32972548223
32656439857
1005002400219213
1005002226297496
1005002353157349
1005002329277147
1005001341331074
1005002469025355
4000152396104
4000039023244
32955376753
32885854793
1005001808266679
1005001988641713
1005001337470384
1005002234931535
32975184953
4001114927064
32806596334
1005002066097178
32909488114
1488174307
1005002281698804
4000203001953
1005001879194039
32627395118
4000835290925
1005002026327375
4000786867498
1005002233807163
1005001908269604
4000990823526
1005002326607588
1005002465304493
1005001540921768
1005002350761918
1005001970595946
1005002033961927
1005002312247635
32905751401
1005001619332348
1005002449279499
1005002206344931
1005001909753982
1005002006420764
4000875712259
4000187472515
1005002488844621
4001198341584
1005002416712892
32983002691
1005001389484702
4001037576626
1005002373113310
32602926013
1005002293615278
33054041275
1005001419133838
1005002463889179
4001017973087
1005001708148882
4001131828681
32776362233
32756173959
32983478173
4000986471360
33031898799
32929127620
4000842663637
4000682628699
4000068255246
1005002247031558
1005002313869882
4001013810226
1005002304911379
32695954819
1005001957234460
1005001975192872
32979440411
1005002345141483
1005002425744442
32975321610
1005001436786715
32965709764
1005002312486532
4001264357068
1005001657775081
32706955686
1005001534579779
4001083993597
4000534435383
4000849374285
1005002341355023
32853345784
32856806055
1005002167106629
4000469770961
32943553651
4000235149134
4000685685400
1005001632407205
1005001668189336
4000048929603
33053310120
1005001364850407
1005001575437821
1005002330978674
4000443596424
4000944028548
32342255179
1005001593706234
1005001560898467
1005002265634398
1005001842077165
4000169234796
1005002288617473
1005002450381851
1005002224878006
32844537956
1005001302462301
1005002492316104
33062955177
33006413277
1005002433533031
1005001300689612
1005002205598585
4001144422610
4000921939302
1005002288277381
32907434717
1005002335325514
1005002314320197
32769759268
1005001577596360
32529810803
33023209250
32972643341
4001314540591
33004335817
1005002388111280
33012471398
1005001936251264
32787520442
32611480445
1005002344914012
4001094318983
1005001496893980
1005002199249825
4001247853084
1005001714493111
4000484248550
1005002442959394
32967304439
1005002412976437
1005002416797958
33061143624
4001036641259
1005001998058762
32410311039
32920164880
1005002316569514
1005001597609989
1005002467476950
4001211736528
1005001868400486
33056765597
1005002458237998
1005002289430903
1005002359400952
4000388403981
1005001889832067
1005001616861768
4001254552246
1005001552436741
1005002142982236
4001033808264
1005002384249023
4000626948947
32813643131
32902088849
4001305628955
1005002244179082
4000201677545
1005002349200189
1005002400857883
1005001793210047
1005002400505948
1005001919217783
32791086737
1005001737614840
1005001731225339
1005001910652203
1005002495916926
1005001927121789
4001089815708
32767596127
1005002382720439
32960036612
1005002296689954
32837949993
10000050306981
1005001579771619
4000960782786
1005002314393666
1005001654310646
1005001877704982
4000724045624
4000286927341
1005001603720041
1005001525484108
1005002384413084
1741304346
1005002341327506
1005001407611202
1005001692710599
4001090194297
32850096278
33055325075
4001211829339
1005002224009381
1005001351482541
32926039025
1005001470906508
1005002444461690
4001013688407
32860651263
10050022285948221005002265797606
4000928574788
33024240446
4000103556625
1005001562354253
1005002433816199
1005002496073487
4001217285117
1005001413795322
1005002420657960
33045930697
4000252694042
4000875240744
32908060419
33037098100
4000238173694
1005001286340372
4001244737025
33062466833
1005002259975417
1005001591153615
32838647296
1005001953288603
32948127901
32809292887
1005001792775930
1005002137227699
698186796
1005002265297613
1005001966392722
1005002252441946
1005002439319843
32974716125
1005001381748542
4001099486008
1005001367712322
4001303171940
1005002302243644
32974806619
1005002050048847
4000793055939
32808531904
33027167178
32883335020
32728373663
4000989049592
32907562852
1005002334018121
4000850484189
32979589070
4001254493145
1005002022125909
4001239070832
4001047155812
1291107933
1005002053829218
32892087137
1005002369113429
1005001815574936
1005002409889990
1724909473
4001294192611
1005002392787353
4000035593903
4001041000949
32994612706
1005002281390222
32816466421
32792508423
32861122462
4000970957668
32694077827
4001332515386
4000937157938
1005002313897774
1005002273811849
32985930197
4001345273415
1005002465042617
1005002468315724
32988178521
1005001988013171
33062090612
1005002388169530
1005001865417481
4001146470905
32856892571
32934375458
1005002266217701
1005002358597952
4000165001737
32673995230
1005002117685057
1005001838942266
33055739715
32811242264
32672712652
1005001571932150
1005002323769928
1005001324812698
1005001425611197
1005002241147433
32919474348
33023031489
1005002289453759
33047675288
33027247148
4000874864748
1005001678032943
1005002323327019
1005002382428504
4000497205347
1005002111279203
1005002382703991
4001293325748
32983375599
33054237543
1005001369028129
1005002062054463
1005002345917878
1005002314395689
1005002291425844
32998466655
1005002363643924
33057601477
4000941689235
1005002252191602
1005002285712515
1005001686741252
4001294092850
1005002231851145
4000369687398
4001280399057
1005002319138243
4001257110493
1005002298896986
1005001976186600
1430399703
32961181335
1005002490903687
1005001439831436
1005002243963926
1005002256614877
32956595473
1005002099013645
4000765814502
1005002273789977
4000113043556
1005001444248081
1005001543777652
1005002289590319
33018038926
2047682066
4001112318915
4000610528052
1005002340593294
1005001643468834
1005002420178911
32865073993
4001298842365
1005001659183242
1005001840129968
1005001732884351
1005001652067928
4000714907978
1005002278319530
1005002354533918
1005002319230080
1005002279272683
1005001567330567
32763782187
32865873757
1005002260190173
1005002064708333
1005001868224717
10000005486143
1005002375581332
32852636363
32949600549
4000964202696
32792407956
1005001695300834
1005001787323567
1005002003749010
32974322180
1005002282279904
4000140423667
33001575645
32792695064
1005001773575188
32816881025
4000756134532
4000151981413
1005002074627348
32922839438
1005002317556326
1005001502077541
4000751975352
1005002259171003
32859999572
32996933980
4000625541342
1005001843109296
32967147327
4000155270587
4000104165218
1005002355875543
1005001868499192
1005002376724670
4000543585159
1005001626880239
32856130378
32657859928
1005002317795426
32957679161
1005001876333616
1005002336786106
1005002286808009
1005002321959007
1005002117626403
32906993878
1005002225790899
4001051224663
1005002323725390
4000373503083
1005001360212581
4000861443430
32988594529
1005002426106158
1005002482929976
1005002253940586
32968139827
1005001419925528
4000617243299
32539248129
1005001651559224
1005002316097787
1005002350416089
1005001588730071
4000336937556
1005002320978850
4000403209981
32841676015
1005002283763758
33006134029
32959860825
32658442807
32922852481
32975446125
1005002314220898
4000117148197
4000781483456
32951693326
1005002413870709
4001237033269
32884768158
1005002081132706
32956413892
32971887724
1005002306280780
32836133781
32853547363
32793698216
4001025339371
1005001581383104
4000817968435
4000538484478
1005002318121693
32986769506
1005002289691399
1005002357667837
1005002310471745
32851612657
32733271952
1005002384598938
33047784470
10000233006011
1005002293693307
1005002337803471
32841485780
1005002308640747
1005001913807524
1005001843944575
1005002332489900
1005002430045549
4001208864477
4001157164095
1005002191220041
4000530151617
1005001292661845
1005001699717389
32874185152
4001203268170
33039275185
1005002238910629
1005001443140510
1005002398138627
32639285327
33047068903
1005002252565478
4001272320595
1005001698815460
32963122069
1005001685646942
4001028064524
32450859903
4001111540817
32905316932
1005002359918068
32698863728
4001335546552
32954782473
1005001992188526
1005002477549834
1005001921387821
33057617040
1005001922631471
4000741722730
32756881982
33032406042
1005001411125882
1005001970498005
32838839760
33004045715
1005002062019177
1005002289058138
1005002291117142
32965142009
4001216787473
1005002433913459
32833411806
4001152325458
4000262114223
1005001594723299
32880950897
1005001980178444
1005001620673845
4000337245578
20000004440489
1005001678476374
32988238011
1005002096574512
32962102332
32967711882
32853998488
4000146591763
32921853971
32957559821
4000216939388
1005001973309060
4001262122346
1005002259733287
33030881917
1005001671270935
32947152802
4001250622808
1005001845027773
1005001656900233
1005001458189114
1005001317101025
32985555434
1005002167728877
1005002294370877
4000837471503
32960383347
32967481591
1005001533126666
32966884050
1005001941390152
32814012083
4001299176860
32687506122
10000018020317
4000327440909
4001242166269
4000895976602
1005002276160390
33014055540
1005001685224365
1005002259076589
1005001859394903
1005002253144407
1005001826781493
32843268050
4001021438693
32810760086
1005002377231868
32855969590
4000481456941
4000990844779
1005002170787392
1005001606776037
1005001423012776
32302929096
1005002310986534
4000023348369
4000503930679
33007810512
4000640804156
32987529304
1005002472197274
32824894139
32964833549
1005001693971457
4001299628744
1005002458337517
1005002233950620
1005001652200559
32802092852
4001044267157
32578061737
33027533792
1005001797925290
1005001834748851
1005002319276835
32986563167
32948501569
4000947768001
32987801401
1005001841660000
4000820573569
1005002369273349
4000979524711
4000073264267
33052422229
1005002261565976
10000395858542
1005002049138423
33013326792
1005002224960811
32655292676
4001332338174
1005001959903940
4001169986928
1005002300998673
32904694152
32992936349
4001011226602
4000045494006
1005001297776937
1005001854122266
33012451922
32864095049
32968335569
4001203487097
1005002290195002
1005001303749929
33008263538
32832966946
1005002361351858
1005001438111007
4001279192585
4000530521602
4001113224890
4000315312771
1005001708956576
33042028159
1005002339766016
1005002447189270
32948089548
4001185872620
32834571524
4001142439593
1005002350885111
4000398551392
1005002137074722
1005001599013878
4000551596503
32959412402
32843754612
4001257215658
1005001914070537
1005001786157416
1005002388565354
1005001864385459
1005002298901185
1005002317870199
1005001987017402
32993946357
1005001694247125
32880624728
1005001394586151
4000691326275
4000782316832
1005002314445716
4001294247081
4000426817591
1005002277307779
1005002184695482
1005002137168476
32898230777
4000703452686
4000657103362
1005002315191603
4000041109451
1005002250211714
4001330939443
1005002271668736
1005002329476557
32923491684
4000231250709
1005001529220119
1005001860678321
4001067409178
32990955157
1005001763690259
4001241847809
1005002221245163
32623542368
1005001311510933
1005002394289262
32906968983
1005002401685885
32906870997
1005002350731363
32844447199
1005002304096043
1005002427987950
4000498072865
4000921569094
1005002244359086
1005001854703604
1005002248550693
1005002247815727
33014703081
4001012615706
1005002298882220
1005001355952848
4000341479323
1005002405266433
1005002252402283
1005002491540643
1005002358196095
1005001885549443
32981354768
4000642788051
902564885
32999777996
4000764622389
32842416605
4001263790610
1005002254146367
1005001589040548
1005002420256108
1005001970135482
1005002204920667
1005002482935643
1005002170988518
1005001376539247
1005002387316680
1005001373602347
1005002411978576
1005002111484349
4000689812861
1005002377723555
4000003666415
32899616927
1005001429805099
1005002366143338
4000589663576
1005002443434783
1005002419073784
1005002221761682
32886677035
4001160163431
1005001693007051
1005001265955862
33034464015
1005001365214926
1005001679331997
4000145924927
4000135598646
1005002275642859
1005001635751327
1005002414770513
4000466013683
1005002459017347
32564242581
32891388335
4001179488963
1005002312465221
1005002460201129
1005001789392751
1005002039835669
1005002288561670
1005001520236430
1005002353382544
32803678615
4001268832992
32968196574
1005002315590885
1005001704102732
1005002481161170
33002066678
1005001613524275
1005001412882072
32788133302
32951104230
1005002362940772
1005002400432839
1005002172381072
32812780395
4000961122231
32571318131
1005002400666067
4001139684274
32919177731
1005002314058008
1005002302343513
1005002191630683
1005001522161213
4000546532770
1005002182564272
1005001287176136
32974533952
32776373883
1005002352297352
1005001815475696
1005002257644994
1005002326642627
4001119125917
1005001876499948
32854992143
32863832765
1005001483921983
1005002286253459
32961944260
1005002431450554
1005002383735131
33001799786
32454642882
33023786029
1005002234834189
4000930424062
33005131238
1005001642435361
1005002084914625
32897820258
1005002200449717
33026976101
33048846563
33024558565
4001127828475
4000344529315
1005001412756811
4000557548203
4001350105810
1005002312691363
33002715745
1005002379838803
4001352011123
1005001647917199
1005002288983850
1005002360396176
1005002204538693
1005001307369043
32731373339
1005002443679011
32989686747
4001282118599
1005001567492878
4000097384862
33014381635
32659101849
4000546622154
4001216957836
1005002352101728
4000624257494
1005002424440729
33044656739
1005002467444689
4000802303672
1005002267554643
4000024592084
4001039394445
4000917264001
4001145239895
4000701317973
4000505991920
1005002253884591
1005002246251859
4001123749700
1005001731279171
1005002245989696
1005001994280033
33001107341
4000233334068
1005002425116485
4001118883182
4000703667159
1005002233864066
1005002316865640
32409045085
4000448047110
32698448888
32811811198
1005001493504706
1005002287358308
1005002369877832
32999417301
1005002267316948
1005002499176194
4001196520853
1005002225120633
1005001854265838
1005001899827611
1005002392358033
4000581566465
1005002482378851
4000857436914
1005001985761942
1005002291639684
4000625385229
4000003792829
32978338409
1005002244621759
1005002280747560
1005001680386776
1005002069376333
4000039781483
1005002344751106
1005002315711764
1005001824624130
32842421428
4000501121322
32880953616
32818879552
1005002372293206
1005001675771261
4000788002437
32959087438
1005002075319824
1005002434076980
1005001457106250
33057164361
33017839378
4000777497608
32684315036
1005002263867258
1005002384916088
4001363659797
4001267113874
32994636644
1005001612635965
1005001864023729
32779805229
1005001580285036
32945816620
4000259896490
1005001861704606
4001279807661
1005002317613536
4001268176770
32660501181
4001183398339
1005002314276430
1005002130971783
1005002357294071
1005002038934935
32890268432
33016107812
1005002467723232
32969090945
1005002111670116
1005002200229634
1005002021811573
1005002409010601
4000666050071
1005002128950926
1005001391763911
32950527800
33048524524
1005001996701146
1005002149202301
4000309673892
4000990965769
4000990317233
32790104617
1005002277954178
1005002365525599
4001232910797
32888357174
1005002400264197
1005002341565716
1005001763381144
4000908000342
1005002081100537
33049631241
1005002289298486
4000420972968
4001289423452
33057217405
4000764948061
4000116114947
1005002276473116
32998896196
32973973565
1005001406898560
1005001616760598
1005001289704357
1005001909677769
4000689780021
32917043929
32330061919
1005002413414683
1005002301944671
1005001946657134
4000957481707
32986815152
1005002420294959
1005002120922426
4001273092918
1005002314372705
32944693640
1005002458942736
1005002347101314
4001292819993
1005002359875060
1005001414348774
1005002112947560
1005001698710920
1005001848704984
32635289448
1005002318631429
1005002323527677
4000031684982
1005001903815747
1005001861275108
1005002323676871
4001042510501
1005001334118594
1005002392613804
1005002226483870
1005002384205040
1005002232012137
1005002315882389
1005002261763283
1005001821170804
4001111736225
1005001843602591
1005002345431796
4000941251086
1005001753453789
1005001418704400
32950289238
1005001584407058
4001166338935
1005002439057956
1005002107999640
1005001656891807
1005002322148799
32661122042
1005002437970752
1005002313810792
1005001877963941
1005001670860420
32963642712
1005001694563916
1005001588204850
32708173955
1005001986053552
1005002426904935
1005002314476619
1005001650903501
10000022114305
1005002341390036
4001062703757
1005001288038747
32846492536
32769792433
4000303809598
1005001351907664
1005002357689066
1005001821397182
1005002132862217
32973170076
4000859820194
32790504641
1005001955075591
1005002378748813
1005001322873103
1005002428857684
32966458696
1005001837132593
1005001841918643
4001224032406
1005002422095454
4000549525753
32561562284
1005002448224448
1005002332373291
32995051478
1005002394184589
1005002426298725
32886184774
33011218412
4001152506165
1005002322661707
32839131081
32966714409
1005002182088801
1005002157079699
1005002264795175
1005002404777590
1005001714773669
32970976907
1005002348720668
1005001699252691
32812565408
1005001458287620
1005002287406734
32917555030
32784956703
1005001515914498
4001068011500
33048284245
1005002254096306
1005002389796577
1005002377590734
1005001315271639
1005001998421655
1005002288745739
32988666778
4000074667198
1005002339028496
4001115691225
4000589160532
1005002313063260
1005002108563687
1005001927501784
4001232812318
1005001774752616
32812371922
1005002282151410
1005002420192214
32887415927
1005001670822567
1005002185576086
1005002323616927
1005001573889804
1005002417115820
1005002314136984
1005002461415683
4000850803262
32958110870
32951986332
1005002265258532
1005002290156416
32840576315
4000076654496
4001225306268
4000702288629
4000905718218
32982961140
4001361220454
1005002284403463
1005002314053271
32942967586
33000387489
1005002297655628
4000708993860
4000994569435
4001284056838
4001164964802
32853839315
1005002071189135
4001338061308
4000115002752
1005002428415456
32956436091
32789675486
4000205913782
33013927827
32292330016
1005001621610210
1912295374
1005002277653262
1005002319166691
32797944859
32700614617
4001299246914
1005002018944518
1005002399732401
4001001145203
33044584810
32979235599
1005002315425112
1005001934513867
1005001483896810
32990813514
32795750602
1005002425477468
33005228116
4000903840066
10000089293890
1005002297666073
32406051528
1005001988735501
1005002125505603
40004341033311005002309987833
1005001785856956
32890969574
32905394354
1005002221484093
1005001697851835
1005002336752630
33003473932
32879541664
32859543399
1005002167793500
1005001834730373
32972874085
1005002309581331
32972294231
33012065372
4001222533099
1005001779765804
4000570952321
1005002087673723
1005002224298350
4001040922699
1005002377940547
1005001265725509
32896649104
4000065813102
1005002321139008
33024930148
32861551880
1005002352354519
33025961955
1005001650679236
1005001286769803
32971850349
1005002006034473
1005002275973444
4000912877680
1005002482979687
32597079814
32844582329
1005002376875786
1005002282633411
33042743938
1005002363327558
32828478970
32870598689
4001085125208
4000068951538
1005002273429403
32232449710
32955160364
1005001639736243
1005001833566589
32577317196
1005002278200793
1005001611822786
4000271208281
4000804629663
1005002018619274
1005001924870237
32885738289
32812682729
10000365773610
1005001873646053
1005002067915842
4000163710982
1005001790244648
4000223793260
1005002348674035
1005002443458439
1005002366908830
32851091841
1005002328212658
1005002058320731
10000127542663
1005002381032019
1005001438856618
1005001957327745
4000858505574
1005002322013959
1005002318292195
32610436473
1005002448041659
32899626765
1005001930989187
1005002386333316
32871460702
1005001611841092
1005001622806307
1005002315779703
32844064708
32852044520
4001066130938
32773711493
4001084982355
4000209990381
1005001307412724
1005001830340451
1005002289579424
1005002315773886
32975450471
33011399267
32879968651
4001145750050
1005002218971765
32819493238
32821851530
32889519086
1005002221733093
1005002330380945
1005001615258557
32598062390
4001296745977
1005002072369799
4000026046601
1005001599186705
32701471103
32863335361
32857225369
32928191909
1005002327429496
33006825986
4000070515768
4000074740518
1005002193316909
4001332049709
1005001860790768
4001046970505
32847726919
32974956397
1005002442252618
1005002205518996
1005001678126507
32963857877
32803134367
1005002283732892
4001113011836
1005002388398858
4000002479047
33047808461
4001064550230
1005002457578427
4000271964295
32788853256
1005001804393056
4000980268710
4001317053396
32365056844
1005002144101569
4000215462002
33054610027
32663517201
4000850578409
32420541416
1005002190820762
32973397545
4000733150293
4001259917794
1005002314432254
32910935601
1005002401507525
1005001762287868
1005002133069333
32881214734
1005002133869742
32708895006
1005002239049906
4000516293803
1005001588562121
4001220166303
32890707048
10000163215412
1005001877060503
4001181414165
1005002338689890
4001022924242
32988799675
32967484769
32882560587
1005002346926312
1005002227781894
1005002490857913
1005002433639622
4001267858872
4000033749054
1005001288156127
32970731849
33020041551
1005002418430492
1005002313076040
4001062164342
1005002346642946
32999110334
1005001518354343
1005002452253164
1005001482599657
32972443408
32854384658
1005002013020902
1005002256488106
1005002394128105
4000261753906
1005001575449307
32982559941
4000282941184
1005002023075320
32853225005
4001143924428
1005001570354810
32896043978
32760494680
32919963980
4000991927043
1005001536566622
1005002314212611
32788837681
4001112485988
1005002265012522
32269535157
1005002288257655
32950131712
1005001623082696
32997954971
1005001813712783
32889065978
1550957402
1005002298726226
1005002261662186
4000785156915
1005001757189025
1005002166220836
1005001415479491
32829631423
1005002397857101
1005002461336492
32866281848
4001048386428
32917676535
32915775056
4000936120407
4000270546550
33012078567
1005001438841651
1005002258051734
4001311012004
1005002465838461
32355866974
33024796145
33063618249
32998295481
1005002448348614
1005002346654944
4001365280142
1005001518459809
1005002495830697
1005002233238516
4000899266789
4000408675368
4001051599871
32767537181
4000022020690
1005002049611467
1005001621835071
1005001495108617
1005002026405893
1005001616573817
32688103685
1005001920811619
32846392022
4000917477798
4001327504326
32671231529
33001474411
1005002276597348
32724530347
4000906183632
32869956402
32968626781
1005002380917083
1005002492171368
4000941479984
1005001398735212
32971342379
1005002314354497
1005001302669695
1005002245930564
1005002278950584
1005002264479610
1005002457104884
32741327272
1005001688485527
1005002419101107
32816469389
1005002443552314
1005001924842523
32788401484
4000130446458
1005001999141789
32968906591
1005002109734574
4001205161841
1005001721740696
1005002456742700
1005002319895679
4000551298331
33023279731
32347864811
33054472852
1005002461326085
1005001298256993
4000465960149
1005002292971568
4000857511303
4001238924572
32810268000
1005002308673608
32839248741
1005002471101894
1005002335743477
32331313676
1005002259427720
33050712366
1005002272998969
1005002347639827
1005001835434583
1005002360053812
1005001520452077
33014905497
1005002293953141
1005001912883324
1005002264662127
1005001980707168
32935187033
1005002319481592
33023354580
33056578901
32827957552
32995249970
1005002428136562
4000808455571
1005001433463501
32869514359
1005002443085803
32513899097
1005002007786026
32958608556
1005001599189106
1005002335004627
1005001763835093
32993572455
1005001882580112
4000611697860
1005001495070673
4000058366817
4001179390622
1005002001642280
32834099380
1005002276657002
1005002043909003
33044147606
1005001915123181
32830832143
1005002395634469
33006017280
1005001671466210
4000698683749
4000444521165
32965005715
1005002333313866
32952559280
1005002208514039
4000992792326
32326901212
32847752374
32810015207
1005002457580021
643597424
4000400168267
4001135418461
1005002288502986
4001255153937
1005001763213033
32969306786
1005001702607198
33039026783
33049427441
33035564194
1005002348803487
33004585415
4000342850241
1005001729664372
32977929488
1005002248714916
1005002113103647
1005001934829635
33004045598
32857054690
1005001687735305
1005001596411524
1005002311693932
1005001813457299
4001189515527
1005002256489070
1005001386348416
1005002388943985
32856012546
4001221498397
1005001797876656
1005002264398930
1005002258282568
1005002054233619
1005001700476668
1005001948013362
4000183592978
1005002330771173
1005001470456801
32958066472
4000874729001
1005001980430956
1005002233055524
32837614426
32322674644
1005002314408730
1005002175682235
32868878129
32852186281
4000803794722
32696721932
1005001694009094
4000689547083
1005002413365478
4000032362274
4000941655069
1005002002270074
32838225269
32802351488
4000038573344
1005001297614728
1005001479919847
4001265036378
1005002409050156
32467741134
4001044086616
1005002388887550
1005002384020100
1005002332972670
32668270755
32862681384
33013855773
1005002314414100
1005002275417221
33011540437
1000007385343
32978348669
1005001942791827
1005002021422978
1005002335186692
1005002282705321
1005001604445779
1005001979717817
1005001835694016
4001304556505
32950371635
1005001678318520
4001117749335
4000955425856
4001015245080
32951028141
1005002074928631
1005001929419374
32917022174
1005002454422355
1005002381582505
1005001516711571
1005001543671252
1005001452592903
1005002388333983
4000928670329
1005001860922146
1005002396704502
32975113940
757976268
1005001434228215
1005001344932973
4000195905183
1005001309447916
1005002293002420
1005002340462071
32818333790
1005002337277958
4000698755598
4000404678171
32811771769
32949586809
1005002492639509
1005002395119862
33019642521
32539324748
33049332937
4000546592689
32852258670
4000852748738
1005002314251798
1005002494567709
1005002489619336
4000238781681
4000175111307
32865721629
1005001405253322
32915627115
1005001972147546
1005002394394052
4000550188959
1005002007974497
4000087311001
32919327751
1005002274085339
33040882861
4000304838411
1005001918842282
4001003316973
4001326166894
1005001670742797
4000138848360
1005001718429687
1005002365379815
1005001505971603
1005002312173379
32881902507
1005002198485059
4001228058840
32959573776
32920684636
1005002387138161
4001320400467
1005002222104304
1005001794788048
1005001457754667
1005002360018270
4000662582386
4001225177829
33061171324
1468318533
1005001313560798
1005002340657128
1005001452081588
4001238168979
4001202867116
33057993683
1005001507536350
4000689116629
32955559545
32871243086
1005001288213076
4000047935454
32918702266
4001121451346
32834859520
1005002357204981
4000405871646
32347920652
1005002281739959
1005001274055991
1005002408427122
4000153866923
4000786868521
32843672351
4001015284217
1005002301409526
4000187034409
32933506610
33026097610
1005001804034553
1005001603995739
1005002261704500
1005002362743503
1005001374196493
32848761563
1005002482503936
1005002016649770
1005001345606078
32809708759
32956625612
4001040712396
1005002397719703
1005002234702121
1005002166759301
32882572789
1005001304331965
1005002419134181
1005002253408583
4000245249484
1005002330069157
4000602763613
4001327688862
32772123746
1005002371682916
32982766942
1005001441499121
1005001602325169
4000147677460
4001297349286
4000726686829
1005002017146365
1005002147245688
1424111182
1005001505418892
4000032009976
1005001765137392
32948334144
4000169180135
32553269037
32887822481
1005002265219208
1005002272446217
4001041977686
32681147250
1005001320291346
1005002454423990
1005001902784417
1005002045766030
33048328318
1005001511257142
1005001705252281
1005001307486754
1005002444226316
4001257135718
1005002496088615
1005001665359948
4001063054224
1005001325891812
32804947409
4000034013973
1005001803433312
32876089596
4000738624731
1005002441876397
1005002187132846
32990034251
32637840095
32812171181
4000857919001
4000891685558
1005002332881962
1005002475443909
1005001310689135
1005001515898400
1005001482020301
1005002301576688
33056890607
32852276675
1000007438923
1005001481650250
32854680317
1005002370451517
1005002339321873
4000335979220
1005002101189255
1005001528888889
32871710056
4001156596382
1005001326270235
32838276815
1005002327851963
4000710992058
1005002006312073
1005002264444010
32913624837
1005002089300942
32998863349
4000727260721
1714657646
1005001840751260
33014623714
1005002304772358
4000834497542
32832753864
4001067222860
4000242794915
4000173335456
1005002315323402
4001202762423
4000055449015
1005002492091862
32965289196
32665943662
32851467731
4000665996094
1005001871850441
1005002383232889
4001143052581
32451619205
1005002311417575
1005001453675975
4000641364940
1005002286784272
32722663521
4001160257564
4000964974216
1005002323999945
33026003291
4000648811603
1005001748517139
1005002255857866
1005001413292591
1005002367925000
1005002286212279
33038065843
4000789160622
1005001761567940
1005002353546804
4001162131071
1005002068279425
1005002235575422
1005002035945555
1005001849221105
32953844540
1005001616043543
1005001494174804
4000834428181
4000816855351
1005001889881705
1005002452035861
1005001923591562
1005001966786634
4000599360111
32860698272
1005001631828652
32793826692
4000452221124
4000930090601
1005002324773767
1005001989738391
1005001453773619
32945064898
1005002349656303
1005002377086941
1005002427405829
4001264691961
4000956026555
1005002025039591
1005002368782901
4000593861051
4000541967020
32391457973
1005002238021737
1005002490219739
4001228637211
1005001421013981
1005002473276044
1005002275356346
1005001779636201
4001162132444
1005001433943964
4000986277644
4000858952005
33011336446
1005001934595200
1005002006675522
1005002381597456
32914721904
1005001651481726
1005001871858843
1005001672120551
1005002238582912
1005002357042920
1506287847
1005002467782422
32450964711
1005002300183118
1005001843440428
1005002326916156
4001010464489
1005002464867758
1005001437175859
32963591817
4001121855333
1005002112470235
32870147038
33055609929
1005001627329494
33044563055
1005001488909015
1005001466198883
32968781952
4000177839710
1005001631477139
1005002198614157
4001225988447
32904877067
1005002441201199
4001150307009
4000690713168
1005001489732696
1005002363646000
32968521531
1005001979376508
4000132727331
1005002198502950
1005001734352862
1005001565068417
4001308065419
1005002389515023
10000003215505
1005002254902138
1005002411349520
1005002417945629
1005002391467078
1005001780721371
1005002339577610
1005002271361721
33005921788
4001278837738
1005002369400086
1005001715617709
1005002311903611
1005001346495057
32967330153
1005002329869026
4001267253391
1005002467292120
32728372132
1005001667303054
1005002492038479
32991885852
32741601286
32828324511
4001212873892
32818784223
10000027343000
1005001788758757
1005001452319729
1005001565238021
4000146008548
32998370818
4000917684168
4000412222540
1005002416935958
1005001704942942
32818036269
4001312936917
1005002481541842
1005001273699081
4000307629977
32855745683
1005002345821469
32956418744
1005002016785834
4001260822535
1005001317291785
32826674382
4000837415758
4000003598972
4000174473192
32972324033
33058514357
32857892124
1005002368044533
1005002275945463
4001280293264
1005002290963643
1005001402956682
1005001783492050
1005002125119201
32889553443
1005002252422797
32968038838
32835702204
32960342910
1005001723069176
1005001561981695
1005002469298662
4000837540799
32790895847
32856377497
4000990611536
1005002363270006
32836323510
1005002259207384
1005001817802658
4000796214674
4001252153940
1005002039049355
1005002496795551
1005002057383443
32850459817
1005002476873859
1005002179699078
1005001575263986
32835385537
32793235264
1005001599241822
33026901926
1005001612555256
1005001950381067
1005001526115125
32801364801
1005002450470966
1005002048608549
32951641959
32973912078
1005001891118683
1005002304400648
1005002082080643
1005002273201190
1005002294222507
1005001957429316
32965042909
32760612320
1005001942581244
4000933824901
1005001392294713
1005001465972670
33010845927
32628427048
4001111811812
4000489839805
1005002341762170
32700294072
1005002458060577
32851953215
4001180292467
1005001680058776
32895605613
1005002316726700
1005002262348302
1005001853890614
1005002253661913
1005001736773387
32835773225
1005002213563746
1005002038128627
1005002459851711
4001314481682
1005002367100051
1005002344691360
1005002485061489
4001150974409
32982712342
32988429520
32377687672
1005002258233966
32821929652
1005001995016713
1005001575434490
1005002294347526
4000084005461
1005002102097385
1005001287424515
1005002053809335
4000709060688
1005001792143856
4001118312025
1005001956968890
4000340567160
1005001549866381
4001228489855
1005002454443157
1005002395454050
33055774994
1812841140
4000727813098
1005002348284873
1005001804550992
1005002449201930
1005002396989931
4000148922910
1005002266399827
1005002406872731
1005002438622857
4001159606913
1005002355677504
4000727492941
32966990801
1005001997774534
4000211155532
1005001834095312
1005002009591195
1005002398726121
32931013152
4001180220355
32901774539
4000866755258
4001365638745
4001056871541
32957791381
4001300118191
32951500760
1005002313473051
1005002281823751
1005001495064272
4000818166323
33003559575
32960670221
1005002314241566
32828040335
1005001895430908
32970307188
32920932542
10050015109338181005002393497507
4001232973820
1005001639930704
32941267459
4000220547954
4000248647495
1005002073972169
32825903255
4000201349705
1005002166308037
32930947719
4000811363374
1005001692752777
1005001665737972
32335347505
1005001430168184
32902842608
1005002171464952
4000660971763
10000116327807
1005002280793125
4000062890639
1005001450587890
1005002428047507
4001160011760
4001342219292
1005002459135347
1005002280502268
1005001367766552
1005002173177078
32797153386
4001358219412
1005001411969905
32862028983
4001038304947
1005002305170999
4000045650520
4001145171003
4000097962466
4000463107335
1005001670880501
33011139624
4001088094240
1005002321750763
1005001727544522
4000104214710
32933106542
4000826094027
1005002330005463
1005002357412398
1005001578914803
1005002477048808
1005002305707174
32853269673
1005001621079272
4000165571949
32702993862
4000511801649
4000201635425
32825814791
1005002460163348
32899848696
33045757989
32903662772
1005001856861873
1005001812632329
32848448539
1005002358118528
32655891543
1005002085630244
1005001986282389
1447443677
1005001965888076
1005001981923799
4000510590056
33040722239
1005002273037975
1005001664377870
32983504500
1005002351865522
1005001269580686
10000040443296
1005002387171197
1005002415402133
4000309741398
33015256555
1005002357332530
1005002162123645
1005001500229026
4001015046237
1005001610332224
1005001441425591
32883702137
1005001848893239
4001155210797
32938615036
4000483474245
4000829678645
1005002305349818
32883942955
32775026879
33040941790
32683718105
32941763736
4000800639070
1005001926806726
1005001548573141
1005002306385765
4000463715211
1005001877704884
4000239626796
1005002393395864
33006020301
1005002263924219
32341227855
1005002369909367
1005001501470508
1005001908554468
33025269123
10000400012643
33056142200
4000071124877
1005002402215797
32976540692
4001097516658
1005002368097409
1005002310627753
1005002455306579
32681602191
4000927026265
1005001445848223
1005002426074674
4000598829667
1005002060162586
4001006918594
1005002454335286
4000864446274
4001153613839
1005002333676229
1005002417129802
1923075555
1005002407819994
1005002382789895
32959442691
1005002059667383
1005001990656425
4000201236069
1005002353694537
4001153204501
1005001994264996
4000364287071
32878904919
1005002466834439
1005001406294099
1005002210326930
1005002308574614
33019655293
32805772221
1005002367684377
1005002346409695
1005002434483389
1548820426
32889983636
1005001275575237
4000415711877
1005002368982746
4000905546211
1005002347694678
32964469093
1005002387843342
4000046036911
32615607650
4000609051291
1005001883324609
1005002277502982
1005001566949000
1005001313402973
1005001462318734
1005001722530042
1005001380173037
4000826974306
10000400012120
1005002400800403
1005002326891594
1005001840447429
4000311096977
1005001830469629
1005002249023066
2027494717
1005002352460614
32868800964
1005002209906910
1005002417119689
32982752348
32973942272
32744668380
32708886308
1005002065091588
32972475509
1005001731343669
1005001580439028
1005001783475004
32996654839
10000183512506
10000157037891
1005001485158996
1005001631787943
4000370214651
4000418182558
4001235967135
4001039714578
33036605250
1005002428632316
32955095501
1005002238025390
1005002274883536
4001270925625
32820968253
32808897617
4000089353845
1005002316369263
1005002241600534
1005002473238724
1005002358261168
4000101343595
1005002283157361
1005002180429352
1005001354352453
32918029456
4000982353575
1005002254636855
4000803471969
32906749251
33011626923
32839301858
1005001496971507
1005002108603406
1005002240068335
1005002347328175
32796726186
1742176260
1005001621667022
1005002270910597
4000237365313
1005001942491919
1005002211716790
32904293198
1005002453895330
4001201958333
4000883369627
1005002278050648
4000070183359
1005002404483598
2035168877
1005002254315921
1005002202070062
32854643572
1005002269650094
1005002284402197
4000021968817
32684084161
32905048421
1005002361099976
32951719120
1005002372083986
32830724018
4000715639189
1005002458837664
32972297946
1005001877508039
1005002312901906
1005002253651663
4000183027695
32889623762
32903063439
1005001692564233
1005001275861748
1005002028591898
33031867250
4000501344099
4001131040532
1005001688844591
32908269364
1005001924604059
32993597840
32801807093
1005001700370816
1005002452838237
32842140398
1005001322776103
4000035747030
32799548549
4000691228944
4001279305277
1005002384263295
1696652324
1005002293074727
1005002003771592
32855597553
4000764690468
4000782078841
4000389618671
32814067971
32786101467
4001223865083
33019586134
1005002329770361
1005002119630799
33041971230
1005002383140070
1005001859427199
2026435599
1005002282371578
1005002429124943
1005002050365606
1005001990143829
32894450877
32876270735
32987964290
1005001678172161
4001134766145
4000957496549
4000465017516
33004630922
4000883241467
32803094487
1005002034782488
1005002448320383
32959206086
1005002364202960
1005002315864881
4001047346495
1005002426372190
4000234375173
32863458391
32880958475
32909299661
1005001844694034
33021512913
1005002311017022
32564431016
4001359299100
1005002490385733
1005001736576012
1005002318559044
32239737802
1005002023268279
32791279149
32949793092
4000384541109
4000454746399
1005002405096310
1005002462288549
1005002395336469
4001018909252
32958619428
1005002383952826
1005001450363047
1005001764134177
32796287189
1005001666565198
32962105196
32797310978
1005002239799384
4000527409649
32958329873
1005002425899166
4001166944065
4000555708617
1005001962757683
1005001420289679
4000922439198
1005002314316307
32971956814
32827637479
1005001495628091
4000238693862
1005001531366976
32755176525
4000317551954
1005002227622419
4001332644105
1005002290054220
4000314878300
4000652168706
1005001664425429
1005001418568317
32716090646
32596279791
1005001671086360
4000142992765
32856922305
4000917249634
1005002305178306
4000989113069
32428531102
32925848509
1005001894663066
32853574088
4001156492978
1005001704518663
32948354878
1005001593538678
32903138483
32886576084
4001198264659
1005002050325972
4001343846694
1005001617659715
1005001618793257
4001132800161
4001038309237
1005002353356688
1005002465756207
32626250505
32534144977
1005001275319947
32778947217
1005002322983438
1005002440463670
1005001573268581
32739620134
1005001397431873
1005002426297894
32770846078
32914032551
32852012313
1005001604728528
4000709664359
32955038712
1005002357127800
32964023929
1005002254981124
1005001387502559
1005002038565809
1005001591103226
1005001552593927
4001350074454
4001090968978
10000404211881
4001271519646
4000684897010
4000504699746
32917054485
1005002441226216
32637498709
10000004209579
1005002003573043
1005001438202186
4000131686046
1005001581439404
4001334682343
32972691039
4000922325000
1005001841794820
32609184353
32390540406
1005001590656483
32975339948
1005002476656200
1005002225297676
32286128339
33040643690
1005002103787551
1005002382988768
32757025024
1005001850614939
1005001626778562
1005001880444566
1005002237292282
1005001290044282
32800125093
32999214253
32985440808
1005001616032354
4000691172380
1005002492832439
32721079956
1005001525552138
32816369764
1005002267559996
4000938653828
1005001710495836
4000726721392
1005001296293119
1005001802516867
1005001797890698
32825189008
32798850044
1005001907702706
4000772886943
1005002475186718
1005001900351209
1005002313739560
1005002396105093
1005002314072354
32849244520
4001050620482
4001269536437
1005001700179694
1005002254370456
1005001970773008
1005001364278429
1005002284737780
1005002261218449
32666481842
4000525335697
1005001994762862
4001122249543
4000177808478
32833259462
4000262207610
4000107510855
1005001940112770
32969480048
4001194061212
32890692573
4001203168836
1005001863796831
1005002023197980
1005002265117828
1005002293776461
1005002074191583
4001270472388
32682513294
4001359166923
1005002211290328
1005002198989004
33023695891
4001054203669
1005001970136543
1005001730737314
1005002048177025
4000484414905
1005001689564972
1005001356264846
4000024151224
33051826033
1005001453670154
4000772232674
1005002448006640
1005002018335244
1005002425319601
1005001973058094
1005002394133256
1005001351537402
1005002296893442
4001289834812
32842849729
1005001640912724
32610288243
32850239659
1005001552577772
1005002355283431
32952823924
1005001513244268
1005002382712460
1005001308208465
4001061296998
1005002469764483
1005002315274975
1005001942446609
32901890064
10000189929080
1005002073649660
1005002049727449
4000741410577
32903596669
1005001453863822
32960899231
1005002332547354
32993987266
1005002358130303
1005002278052730
4001094084762
1005002450872735
4001358801010
1005002475874254
1005001435648866
32972103311
1005002433140627
32966879677
1005002065903074
32685753924
32919495424
32812773253
33003363168
4000641814875
10000000694277
1005001710602702
1005001731366231
33016138047
33031321449
32968850147
4000226176563
1005002388545897
4000405425937
33053612710
4001021183127
32979464312
1005001908089984
1005001603504238
1005002314684291
1005002242987091
32941774283
32830095289
32965791092
4000958720155
1005002115481596
1005002272570680
4000935195235
1005001905330790
32956224934
1005001286191739
32860105897
1005001594693385
4001260683357
1005002220486415
1005001884354441
4001211289819
32630941018
4001194057381
4000172876444
1005001869663533
1005002283685104
1005001560996992
1005001973445842
10000400022401
1005001388727920
1005002329583982
32868366938
32718390485
1005002221223582
4000019188984
1005001572110661
4000795480913
4001157047509
1005002292846033
32871662612
1005002305617111
32798665659
4000074022124
1005002246457129
1005002297416060
1005001325297604
33035591652
1005002345109740
32835336396
32814223575
1005002321930010
1005001731336083
4000966981254
1005001671741314
4001292897353
32697799034
1005002240111156
1005002032552774
4001133128852
1005002498445129
1005002292396227
1005002089139716
1005002284283899
1005001622750495
1005002046164981
1005001626622203
1005001278678371
1005002420785113
1005002315965870
1005002229191028
32824024631
1005001417076970
32966732131
1005002321814953
4001146528212
1005001844350724
33021690652
1005002374622831
878212017
32840131641
4000986849099
32903650609
4000970344448
32847425495
4001195654548
32918374415
33009844308
4000048549135
1005001926469672
1005002357507020
32629722226
32996209866
1005002362868581
1005001559912269
1005002281983118
4000534764718
32850057336
1005001987067256
1005002268573226
32837361040
1005002499285957
1005001946103954
32969897141
1005001739817783
4001104657373
1005001653177518
1005002362554548
4000927803695
32834523834
1005002432184414
1005002264464822
32871985744
1005001930737888
1005001332769330
1005001611493627
1005001531250995
4000163322562
1005002353578576
33020569734
4001115629625
4000035902002
4000992794999
1005002052213491
1005002269100740
4000027794468
32973845315
1005002417978094
32627092857
1005002268397539
1005002378849072
4000927322064
4000348563629
4000084151306
4001042167796
1005002276661665
1005001867043844
1005002315297938
1005001695644048
1005001582596531
4001187119750
4001150303335
4000398148414
4000955799524
32954173251
1005001670946059
4000406346399
1005002357742270
1005002293133107
1005002345515145
1005001324423667
1005002428509185
32854408201
1005002263961482
1005002249491478
1005002288924935
1005001884277636
32974073468
1000005913175
33043011915
4001105152426
4000827846530
4001307532366
1005002362699431
1005001274237227
1005002304629963
32706650392
1005002290888853
4000887066189
10000171818525
1005001975466800
1005002029933421
32912709828
1005002457555617
32808865414
1005002066559060
1005002312096907
4000293391789
4000292231980
32852206764
32969008526
1005002298280665
1005002348649155
4001177859757
33005819888
1005002307260355
1005001324415762
1005002320851842
1005001906608637
32998521225
1005002210414303
4000580702283
32540454296
10000037765606
4000189882676
32901469488
32982883151
33045495881
1005002255085699
4001080171711
4001331546816
32917845378
4000516811002
4001220286017
4001230938426
32985545556
32840261807
1005002301769487
4001038507153
1005002286521029
1005002423537861
10000384952822
1005002113185516
32958371918
32978915157
1005002074098505
33011564633
32946126703
4001239176968
4000517172444
32913494132
32969553696
32948729810
1005001646133793
1005002035285868
1005001762362207
4000813315454
1005002321934883
32920556908
4000029751201
4001110810939
32978683742
32971371768
1005002377386086
1005002417676138
1005001550662916
33056997232
32973277765
1005001957834768
1005002304189793
1005002488265015
4000024566602
32830742663
4000902488859
32983508713
33019533154
1005001680492665
1005002368990243
1005001542838519
4000466174318
4000264461050
1005001497221375
4000049438114
1005002438889756
4001290311911
4000291777897
1005001834619527
33008638969
1005002304355483
32965888831
4000041538226
4000238631359
1005002009389663
32632935256
32982703869
1005002320960386
1005001785217712
4001194221656
1005002235452738
1005002129790221
1005001873520496
1005002373514004
1005002376506274
1005002475508947
1005001493330139
1005002314871308
32728275820
1005001515398419
1005002342520934
33011039657
4001013518501
1005002263944550
4000311750829
4000052511659
32830837257
1005002398358939
4000720882640
32909177861
1005001989742962
1005002350842198
1005002467037047
32972778855
4000033471865
1005001826554966
4000607217253
1005002394070778
32968934823
1005001833582866
4000589644894
1005001546555516
4000381133441
10000395848787
32900899532
4000893614247
1424578293
1005002418224957
1005001756166551
32987698622
4000570967080
1005002190994799
32992692535
32861406869
32808795445
32855367212
4001266501761
1005001774147438
1005001741430742
1005002328608669
1005001779580512
1005001992095792
32692282881
32650279959
4000668060378
32968788629
4000469495429
1005002221761077
1005002400340049
1005002310078293
1005002313845460
4000517909282
10000409669575
1005002294921082
1005001720756086
4000429598255
4000223946956
4000619225198
1005002116508884
4001218257828
32834124484
1005002310085532
4000286648900
1005002247950051
1005001381777176
1005002314424498
33049226840
1005002332113322
1005001967266696
32991253822
4000088634681
4000909653583
32921107917
4000202657853
33033134856
32933071182
32925531805
4001224137097
1005001470237157
1005001616816531
1005001669688144
1005001603288301
32657264266
32885232258
4000812746047
1005002408342794
1005001269699643
1005002256748636
32811851964
32668585076
32817177191
4000936262638
1005002358255659
1005002313247939
1005001942755878
1005002328508353
32830793699
4000601631361
32887940848
1000007119086
1005001943002298
32952146715
1005001671025675
1005002129426281
32945456394
33052539818
1005001775602911
4000055677422
1005002254184120
4001265004644
1005001793795492
1005002466117009
32920554168
32730502567
4000128624134
1005001615440018
1005002035939828
32881712827
33003736277
1005001491414053
1005002470430332
32744031750
4001077129571
40002679324591005002291273755
1005001475342682
1005001297885312
32643586761
33060454743
4001259288537
33056388752
32995088562
1005002090361579
1005002148023076
1005001757275067
4001139250156
33006658947
1005001513081121
32715074181
1005001516347735
4000926990406
1005002394842545
1005002298555525
4001249876588
32965640427
1005002299743781
32890672445
1005001329975965
4001260036080
4000549434824
1005002192855748
4001261240222
4000086289464
1005001884881837
4001225203152
1005002287928826
1005002374832519
32912625711
1005002381467162
1005002315241664
4000693080682
1005002279005599
33010378499
4000711453356
32863490425
32970396003
4000627973891
1005001482271756
32886582602
1005001694203699
32880221220
32810173872
4001251188299
1005001972680918
10000060888428
4000793224345
32996139088
1005002312110846
4000429031993
1005002421229491
1005002271178318
1005001563374067
1005001539691171
1005002282694455
1005002240039680
1005001559592193
1005001995718591
1005002072921976
4001241883587
32849675344
1005001889379621
1005001958661723
1005002356509187
4000675436813
32858686343
4000546568609
1005001483367030
1005002228999900
4001139739353
32895778780
1005001407715199
1005001965304504
32390636668
32516189391
4000232564074
1005001820611176
1005002234742370
1000008037039
32860392344
1005002489729746
1005001748890445
4001109281482
32294798705
1005002376167089
33010893161
1005002372653789
32969991913
1005001638495029
32449544580
4001278253628
4000166273066
1005002322392353
1005002002936311
1005001459191771
4000908172488
1005002495238054
32789435056
1005002271730236
1005002137716233
1005002221139519
1005002359687365
4000429523881
1005002235956039
1005002390385679
4000955777740
4001061712489
4000219706737
1005002404944757
32785363363
1005002122412349
1005001933153543
33026623305
32699765219
33039302142
4000223847190
32885377026
4001006628311
4000048982568
1005002278850957
32896587389
1005001701580439
1005002384762257
32964553410
1005002144370108
4000849100862
1005002342587134
1005001882508090
32917951994
4001127090921
1005002273117969
4001054083720
1005002337266966
1005001525298788
1005002055103454
1005002279342988
1005002400786558
1005001437746410
1005001579276964
32849760220
1005002348298128
4001214793426
1005001303654316
1005002339474390
1005001415436927
32884865776
4000064169594
32892808843
4001315873883
1005002422952746
1005002440617263
32858568861
1005001995562693
1005002312618845
1005002010726990
1005002394234336
1005001500135498
1005002089705547
1005001453950738
32847555642
1005002280429407
1005002299884027
10000003111036
4000310590224
1005002179796894
32963155230
32951346485
1005002304910278
32959201306
1005002357556373
1005001635053574
4000094250185
1005002284531555
1005002345444458
1005002332239519
4000827915949
586791545
32960773400
4001112308785
32921659854
1005002247110484
1005002375458268
1005002394824407
1005002117256571
33012339438
32892858425
33003262771
1005002485121857
32848574388
33023200716
4000450386251
4001061196394
4000954615063
1005002454417456
1005002308066047
4000458232836
1005002378656048
1005002295682217
4000227404977
1005001516737747
1005001773750151
1005001671898340
1005002315254313
1005001339296782
4000249402709
1005002206509463
32480041671
1005001439211919
1005001350138610
4000458407757
33047014133
4000686498024
4000755185588
1005002490300995
32850539176
4001159546010
32958584986
32878507764
4000173252809
1005002400549347
32823705866
4000369574056
4001054060935
1005002350825064
1005001612897329
1005002220128482
1765916105
4000690928531
1005001656368040
1005002390393867
1005001768480530
4000661077558
1005002450508634
32999660986
1005001586508374
32818912786
4000781848632
33017395070
1005002061384613
1005002424836105
4001094389610
1005002372062425
4001088382270
1005001814179276
4000569887241
1005002263960208
4001259408976
1005002239573270
1005002314545091
1005002074106174
1005001656615565
32898203069
33021961606
1005002279301690
32515245615
32913001064
10000014333267
4000336178685
1005001430871528
32986420984
33039411490
1005002354360583
1005001657595520
1005001432349572
4000829460702
1005001817790609
32966723630
32675821583
32950971036
1005001548243029
1005001775918153
1005002350749521
1005002337762590
1005002395050390
4000273733999
1005002238574978
4000614685762
32960075904
1005001757371303
32844831010
4001200243818
1005001792632559
32964143207
32963900546
1005001547404341
4000960624716
32860464830
1005002500306005
32244520148
1005001515946198
32849192169
1495144160
32949496488
1005002167884566
1005002399994383
4000960619080
4001058148081
32857169685
1005001547412359
1005002315639160
4000450077984
1005002093889275
1005002457703841
1005002399376098
32848121242
1005001670384910
1005002252913758
4001282646293
4001284350229
1005002213700195
1005002419602411
32992161249
4001294015552
1005001653549179
1005001339720685
4001255742317
1005002494439521
4000898461694
1005001656832820
1005001870559396
4001202048228
32970404094
32714804216
1005001600041420
4001022372762
1005002313808492
1005002459631346
1764491679
1005002256172299
1005002235294506
4001333370579
4000176525434
32869518353
32967673241
32976146284
1005001611257877
1005001353858507
32851357139
1005002381534289
1005002265987156
1005002314782775
1005001538367753
32600946373
1005002357996464
1005001997442577
32404904430
1005002337219553
1005001874452155
1005002314249448
4000176023861
1005002316572173
1532249102
4001282716642
1005001683085753
1005001594486690
1005001884721145
4001257888196
4000602845265
1005002291576456
1005002484002994
1005002376394978
1005002334366397
1005001528995518
1005001692356724
33040163951
1005001704099962
1005002279111370
4001259425927
1005001423354695
1005002311079370
1005001503873605
1005002315939937
1005001285285514
1000001383659
1005001962886273
4000955845124
1005002332139735
1005002490524035
1005002394261797
33001995415
33035040064
1005001966484834
32577739081
33003388844
1005001611968936
1005002336278587
4001313170629
4000027905976
1005001989609465
32902649174
1005002101942231
32960905608
1005002390968997
1005002438588686
1005001514419416
1005002281903256
4001111101146
1005002233702990
32801088300
32798362974
32912495929
1005002332961351
32375204793
1005001525400513
1005002167506239
4000899669196
1005001898971178
1005001622326441
1005002384925600
1005002337657426
32860503633
4001347793887
4000172531224
1005002428605951
4001250751757
1005002377173964
1005002267459831
4001290155855
4000340969107
32966847338
1005002435991221
1005002317982722
1005002306601771
1005002265140732
1005002350771202
32830594958
1005002116785343
1005002295405821
1005002291893869
1005002308561514
4001061770906
32858798718
10000402427544
32837613333
4001247462774
1005002317172635
1005002300115317
1005002369994897
1005002351069883
32970638436
4001076584692
32897496409
4000586565939
32794913900
33009939755
32641292440
32805684910
4001018308261
4001039073971
32843021636
32883834021
1005002290970476
1005002398383007
32957057315
32239578756
1005002368674892
2002261517
4001085838294
32245907051
4000881773274
1005001965781200
4001233744741
4001328687751
1005001507548196
1005002370050317
32787031187
4001262354178
10000061762886
1005002449786349
1005002447280977
32301038829
32826068994
1005001832126584
1005001670434834
4000883473888
33012443544
1005002348623280
4000302252243
1005002412834453
32982816838
33020176751
4000818352671
4001332066999
32865781786
32856215746
4000381659852
1005001632132046
32989906518
32997522704
32245908981
32969127171
4000018396577
1005002377531570
4000466570954
32794042500
1005002352098094
1005002211070982
4000462429057
1005002100315837
1005001307955788
1005001646039178
1005002441913713
4001054260180
4001054285654
1005001930720950
32740073129
1005001522323124
32888273870
32825323887
1005001609344005
4001239933403
1005002443831545
1005002319152641
32972232568
1005001584833458
1005002262716188
1005002275215528
1005002447975614
4000749125363
4001150428912
4001210006762
1005002463329118
1005002301333512
32857128057
4000381061522
1005001509901508
4001140742212
1005001726951814
32966464112
4001280939804
1005002453279717
4000710356168
4000916596833
1005001811953473
33008484249
32744760657
1005002039566994
1005002381933602
1000004480009
1005002273008443
32804896220
1005001929385260
1005002346806733
1005001394466377
10000312871642
4000953432979
4000208102680
1005002403543718
4001153673505
33040123799
1005001516225505
32848672004
10000293215287
33008391213
4000709161411
1005002056010326
33022192518
32705299557
33033749627
1005002032485779
1005001976339233
33011909652
1005002057969203
4001138789476
32831146967
1005001858003826
1005002280874870
4001175282970
1005002350912686
32915886557
1005002375753603
4001274255979
1005001957019890
32856848112
1005002289004461
1005001516665728
32970228927
1005001413870932
32902015291
32943573165
1005001860732092
1005002315963398
32648990552
1005002315150423
4001073556699
1005002359018562
1005002314002140
33011861669
4000873247034
32860798181
4000283309761
32907347387
1005001371323359
4000085489820
32956119835
32386940894
32961051033
1005002310384346
1005002345055224
1005001992311767
4000074919375
32991663617
32903472481
4001231441744
33047910516
32735835962
1005002294251742
4001232640286
32728178512
1005001599737114
1005002314397120
10000395942173
1005002357849769
32851833228
1005001870177450
1005001865128993
1005002423300632
4000777324416
1005001425269375
1005002043601998
1005002091633560
1005002492568693
1005001874754367
32320157680
32997418466
4001133112601
32970326367
4000151062457
1005002253180167
1005002306239562
1005001619698703
1005002371692885
4000048708055
1005001534125178
32977175858
1005002037223831
32953706416
1005001555685555
32828750061
4001289893946
1005001333708300
1005002339346636
1005002223893583
4000011223448
1005001371726903
32980164320
1005002056407240
1005002273434447
1005002239388312
4001304687091
1005002364568409
1005001843177251
32978664618
1005001741876775
33047721912
1005002333995648
4001061155035
1005001356612608
1005001998766253
1005001389126448
32964069705
32824986211
33015986824
4001159392547
4001290551500
4000774548820
4001127423071
32504875627
1005002431421965
1005001571649499
1005002313201497
32917903365
32998471967
1005002497274116
1005001856275890
1005001573067514
32701961328
32990352190
32983030065
32991804855
1005002320917570
32844246714
4000164262708
1005002324712170
32897638007
32323650139
10000384784243
1005002317834326
1005001640049972
1005001408662655
1005001869212997
4001115559611
1005002239894846
1005001494240296
4000118013289
4000410741390
4000989119681
1005001561677926
1005001337855311
1005002282167090
1005002193478698
4001097829741
1005001780799324
1005002204246422
1005002304857243
32817852628
1005002260274969
1005002416982432
1005001798265563
1005002323233314
4000640297103
1005002025896174
32795239527
33038506812
32317058081
32954392064
1005001921815368
32835977243
1005002352832726
33003852835
4001038605794
32692976611
4001031222775
32795016290
1005002329970514
1005001482418147
1005001354926128
33028264016
33017701898
1005001512858393
1005001798534293
1005001929542152
4000979281769
1005002314218592
1005002246381826
1005002328140836
1005002281988126
32976651462
1005002124993105
1005002232934037
1005001511291751
1005002262662007
1005001804379115
4000394184746
1005001997336861
4001207779861
4001327233096
4001130808253
1005001687526583
1005001380668802
1005001715230735
32842896380
1005002165383767
32820984814
32998776505
4000320946430
1005002156652651
1005002232834864
1005001901070272
1005002482436961
33001469545
1005001731129502
4000945544316
1005001572407421
4000638299116
1005002120193527
32887968319
1005002011076516
32854645793
4000081798003
1005001868121839
32802813474
33052604096
4001091935170
4000140887024
1005002370312136
1005002232887033
1005002168042869
1005001463493359
32862675754
1005002252177257
4001304505480
1005002346162496
1005001909843858
1005002205800158
1005001334779612
4000558272882
1005001864777434
1005001690959440
32968074838
4000941867072
32798645504
32397988299
32630463480
4001334937195
1005002337910852
32662723461
1005002352044763
32917025272
32777546494
1005001813995282
32217527051
1005001803473899
10000414255991
1005002394867602
32288912327
33028729004
32928757046
1005002346984988
1005002340284988
32384442801
32392844371
1005001770206646
32835009270
1005002357080464
1005001555651091
1005001516051759
1005002370418117
1005002361426087
1005001936234552
32697811445
4000220656112
4000097649751
1005001593655957
32975639564
1005002416038154
4000993679277
32978784977
4001295053530
1005002384609162
32880445381
1005001875408806
1748714096
1005002395379517
4001138446339
1005001267012132
1005002348057833
1005001854062583
1005002301095476
1005002069222597
1005001845481549
1005002495267089
33055244521
33026976175
1005002357215039
1005002312819281
1005002304685837
1005002232471800
1005001865742188
1005002001217977
32334923680
33017664774
4000863781911
4000982544779
1005002432156684
4001317617745
4001044233373
33057404687
1005002361039888
32976514763
32783580732
1005001515857684
1005002258884273
33053982011
1005001657702444
1005001570758113
1005002459667276
1005002358477926
1005002468098595
32894561567
1005002115419410
1005002480628143
1005002090698843
1005002358689637
32864739319
1005001414029624
10000059402999
1005001882496708
33048700171
1005002306599528
1005002428004578
4000844015591
4000971476069
4001217151483
32630743119
1005002258785640
1005001500094527
1005001297457470
1005002212334471
1005002424325186
32991981113
4000930823624
4001230430072
32852679254
1005001475268344
1005002495746677
1005002418099755
1005001629285745
32797177918
1005002131410984
1005002222324145
33020847800
33023015773
1005002364554695
33033899522
32690929256
4000151365994
1005002004060035
32338894637
1005002314284546
32910459167
10000364815428
4001278006159
1005001833205944
32855139968
4000860061508
32874506810
1005001889795944
4000420317063
1005002239710319
1005002282599028
4001167923687
1005002194215102
32923247780
4001038863781
4000778315675
33008268987
32567867208
32913643017
32468023290
32646898772
1005002500425372
1005002345276324
1005002330874374
1005002002748160
33004002425
32883216600
4001324078605
1005002460847078
1005001859047840
32842020611
1005001451848097
32984466366
1005002197523214
1005002454279473
1005002314199876
1005001705618834
32252776902
1005001471493664
10000343680263
1005001841688033
32947162319
4000111245096
1005002305152758
1005002337636959
4000093807968
1005001586095455
1005001565784209
1005002162562647
4000312481714
1005002467605286
1005002294332002
32822965401
1005002369781501
1005001580365134
33034883253
32972037652
1005002305267612
1005002226269886
1005002432064492
32703864824
33017528660
1005001748988229
1005001666519842
4000095753131
32861033334
32898108081
1005002244440484
4000767602672
32849644277
4000853212247
4000370843677
1005001873705992
1005001707956802
1005002418568529
1005001463695323
1005001308495321
4000212474283
1005002281411558
1005002362201399
1005001780422927
32377143110
4001242505136
4000485102356
10050024442229451005002359829266
32985714549
4000083507334
32563584415
1005002397779729
1005001721062662
33030268842
32967502605
1005001351840779
1005002473064973
32919067025
1005001649751514
33015068362
32950746538
1005002465500600
32838315389
1005001564717831
32956487949
4000023329682
1005002138424622
1005001678889329
1005002253424057
4000940102006
32888359118
1005002004947083
1005002359132188
32810962977
1005001309038574
4001064904695
1005002395635221
32470043813
4000880289207
1005002167773474
1958203485
1005002389193377
33041551838
4000479105027
32906463584
1005001675126274
32997962732
4001251012532
1005002171543387
4000032691207
4000010928502
4001228664636
1005002391126003
1005002387567332
4001232124558
32858520517
1005002448390497
1005001573744840
1005002425265213
4001092172269
1005002413472089
4000001500548
4001011146816
32812562581
1005001913928974
4001115352169
32826462852
32377021087
4000603145939
1005001406693320
4000593093123
32647135747
1005002126516955
1005001768411905
4000582699919
1005002382622475
4000129141141
1005002447708584
1005002254438900
1005002177710956
1005002056057558
4000474843347
4000197863488
2055060364
1005001329713581
1005002070779013
1005002304976424
1005001923247867
10000362559569
4000894360846
1005002328337707
1005002376019063
32607448964
1005001758834434
1005002307484673
32290854683
32797401429
1005002427912149
32595538356
32891076506
4000885098776
32853299180
32897781138
1005001627807855
1005002373426888
4001171065897
1005002240906091
1005001425447413
32870854962
32991247624
1005002245301341
1005002476590957
33062743317
1005001307237323
1005001416945922
4001350126455
1005002400205962
33034616246
1005002500477803
32995499317
1005001379859081
1005002395476163
1005001571949774
32882669575
32497294803
1005001851627310
1005002240478175
4000781974995
1005002319815750
1005001781300815
33044602899
1005002311384949
1005002100424195
32856030340
32801208103
32388975784
1005002357655687
1005001736795219
4001276007928
1005002337887585
32994855501
1005002364613027
1005002347180622
1005001641469256
32968498742
4001277798216
1005001697726296
1005002383086704
32796492754
1005002253328992
1005001441403522
32849136322
32962144454
4001061978631
4000538164758
32829295731
32973575728
1005002264475003
1005002284189157
4000543978733
1005001581521073
32977498296
10000348945176
1005002359434770
32921875461
1005001643903749
32947717612
1005001890680968
4001128230778
1005002259557047
1005001525362995
1005001692365576
4001275683591
1005001868652767
1005001961527677
33004813300
4000049531615
1005002241491317
4000168757301
1005002480286574
32852496933
32804033470
640514569
4000310467400
1005001567158410
1005002489199910
1005001733095767
10000212286311
1005001927397299
32832486250
32990432038
32882356816
4000795008684
32695337891
32990248530
32949149610
32560705005
1005002448604775
4000405053365
4000544435707
32879292892
4000734166944
1005002114936906
4001289798460
1005001949404171
1005002395864855
1005002027356398
4000335041011
4000850671493
1005002313755651
32950344716
1005002334955725
32985249291
32832804744
4000597862620
4000177397729
1005002370112234
33028598871
32919402936
32957370291
1005002091691200
1005002211389994
4000989649355
1005002454272801
32794826798
1005002080800583
4000551777897
32837312437
1005002496193838
32781178021
544978237
1005001670941094
1005001518469008
1005002317229328
2045927020
1005002339365856
32807087351
32918197253
1005001568573223
1005002270238493
33038586530
4000897366643
1005001557958858
1005002401238551
4001304669567
4001055984983
1005002383288713
1005002116543109
10000005629866
1005001319445577
32996574324
4000264475696
4001218259702
1005001718530955
4000811208274
1005002375206757
32813591638
1005002467731552
1005001704392118
1005002225222589
1005001748559158
33010421451
1005001608595535
32791622768
32959429092
33023269272
32870450929
1005002435174143
1005002454284429
1005001409012731
32916994344
1005002330475756
4001053175332
4001063699752
1005002038738438
1005002000084433
1005001714814131
1005002321239618
1005002476347685
32693463530
4000755368580
1005002395571135
1005001670919251
1005002318225632
1005001678103514
32816151925
1005002357656937
4000387725195
4000959631975
1005002268288277
1005002319166403
1005001965940279
4000093478288
4001310813514
1005001437565396
4000773235990
1005002399832779
33040752052
4000829582014
4000849775992
1005001266958965
1005001558320248
4001024570940
32993299206
1005002427369723
1005002286993386
1005002264816000
4001200272201
1005001287234386
10000089001685
1005002346617261
4001294216143
1005002448629351
1005002265501121
32608091165
4000556785553
4000372443519
4000957662141
32856799560
32843858251
32921116954
32947375685
4001226112964
33015729421
1005002481025050
1005001382381260
4001224644023
1005001858452723
32821243431
1005001988601856
4000159914301
1005002414617661
4000248252578
1005002340022977
4000989200502
4001227346876
1005002316332543
10000397751033
1005002338967846
32949756747
1005001918462745
1005002439708406
1005002381196865
1005001362598541
32988552200
33005744194
32812851117
32843785281
1005002380583114
1005001891622360
1005002293996518
1005002179963218
1005001289470745
1005002322215769
4001105633108
1993796607
1005001553691486
32892677412
1005001849465436
1005002474119037
1005001859490674
1005002334895062
1005002341427358
1005002293936706
1005001351682768
32770304150
1005002040620042
32965737936
32917527605
32957995971
32966987973
32865671282
33008054286
4001073280603
32840357212
32883832280
1005001942839879
32947249920
4001160649885
1005001510729244
1005001893253490
4000127275281
1005002393787706
1005001492983200
1005002319081987
4000528577731
1005001269503878
32527960682
1005002338788252
1005001525485138
1005002363285069
1005002239939474
32963889806
1005001438829939
1005001330147355
1005002002285746
4001009464458
1005002473638128
32879358783
4000086537226
4000014852700
4000272424005
32932900125
32813325586
4001213948994
1005001666220334
32919052491
4000923759147
1005002287949105
4000670190888
1005001798715092
4000558906348
1005002344843887
1005001687233699
1005001539660175
32625767500
32991466942
1005001986022952
4000614122528
1005002439177761
1005002381471158
1005001302879980
1005002326767701
32951427808
32976490816
32995334310
1005001889496136
32876183804
4000987396525
1005001620793986
1005001385554144
33005943195
4001275896222
32971782020
1005001472245033
1005002310317743
1005002263820328
32799912459
32957858818
1005002265130801
1005001942921648
4000132918697
32974260501
1005001368492329
32996286525
33056119928
4001044838891
1583229585
1005001999724743
4001304832664
1005001417008894
10000399960813
32858812543
1005002478704683
32957096000
32417148132
32599111577
1005001893758032
32946676025
4000562082566
4001302940193
1005002002377958
1005001838167601
1005001592549219
32994002070
1005002351703180
1005001826597757
33009046630
1005002190158162
4001217273965
4000746062446
4000304808967
1005001474647799
32915865213
4000972818709
1005001885322814
32973275797
4000314280468
1005001802149901
1005002369491179
1005001965492111
4001231459697
33023313167
1005002488991836
32904691253
1005002186058196
32809901619
32876431261
4001039264495
1005002084020041
32976060700
1005001598183270
32808565047
1005002221657228
1005001671172853
32868412526
1005001946159555
1005002100088445
33026922475
32885152983
1005001806498896
1005002294207444
1005001432446835
4000364038640
1005001813624605
32897756664
4000902308216
