1005001824578343
4000020550940
1005002443419417
4000430317563
1005001368993463
1005001698432838
32852940000
1005002290959711
4000696151252
32847058448
1005001288839139
1005002351686762
4001197212626
4000799687630
32869311925
1005002415637429
1005002353069748
4000022309592
32892721613
1005002231545259
1005002288889653
32807844691
1005001978147247
1005002328665058
4000409976129
1005001525167102
1005002314739836
4000035437736
1005002197743946
4001161401451
32847838247
1005001279667289
4000337625318
32874565755
1005002388145963
4001038619648
32739662125
32973361912
1005002306849216
4000084706206
4000798316677
1005001414407249
32977042439
1005001868687741
32781982390
10000287763457
4000218489425
32820187018
1005001451640525
1005002320068853
1005002351827076
1005002300968374
4000832684581
1005001506937310
1005002379261854
1005002430797442
1005001553646342
32539816061
1005001897636352
1005002018457451
1005001268878289
1005001920975544
1005001762341361
1005001519792861
4000561872155
1005002226126044
1005002322518181
32851093817
4000868988511
33045053128
1005002457858027
1005002482571874
1005002266525201
1005001334309260
32368459247
1005001319159848
1005002278816012
33010776637
4001118303381
4000406003998
32767997520
1005002354021373
1005002442372560
1005002311433226
1005002424475924
32715416776
4000693064455
1005001309034433
1005001888447233
1005002483303195
1005001998422881
32865803609
1005002038369079
32913000996
1005002089170876
32976100964
4001100365198
1005001763083388
4001127615827
1005002400059978
32855154897
32908669479
4001107626721
1005002428314186
1005001882342294
33057349716
4001170229492
32742472651
1005001417351434
1005001496387709
1005002430837518
1005002411165071
10000395889934
4001278925038
1005002280920990
4000145200550
4000371351366
1005002424008103
32706586556
10000341690910
4000369475019
1005002392890108
4000636430061
4001038685128
32961453303
4000342047080
1005002423670347
4001365546079
32923979592
32840509414
1005002308704112
1005001621312093
1005001868491915
1005002380713178
1005002072121498
1005002333222513
32966755668
4000238922372
1005001670927087
1005001620584825
1005002380420361
32893508026
32382700483
1005001282643390
1005002100646321
32962874945
4000336463770
1005002469166419
32950561633
32630476247
1005002406815620
33007586962
1005002140492082
4000546611309
33013585151
1005002089451413
1005002348478448
1005002007298735
1005002123833715
1005001596178753
4001085745905
1005002236435722
32622970869
4001120169179
4001127113058
1005001858514344
1005002417751380
1005002017477968
32961202131
1005002117348067
33047568103
1005002313993552
32874137830
1005001638043801
4000811096849
2012424163
1005002364573549
32239096357
1005002021939202
1005002245055153
1005001690811162
4001034589893
1005002310541256
1005001996900348
1005001290992436
1005002103092467
1005002324270394
4000977051037
32637329865
4001237154265
1005001666499764
4000138765859
4000087865051
32890945930
1005002330100639
1005001391733827
1005001695443662
4000608318020
4001258030109
1005001447191833
32900435736
1005001561931957
1005001941423660
32865886521
4001294008963
33007182384
1005002267434635
1005001686229972
1005001826708667
1005002248709944
4001231259551
1005001645622127
1005002010631688
1005001297219365
1005001431161237
1005001686027062
4000510908844
4001271107505
1005001459054469
32565607877
1005002425627459
4000038826312
32827235130
4001269475250
1005001615526521
1005002234793401
1005001920607392
1005001718082349
1005002265456388
4000279766567
32988261911
33012044638
32948341745
1685997515
32965946450
1005002032629716
32364736393
32919363849
32957147800
1005002400731004
1005001725741864
33051740075
1005002232768772
4001195721178
32259953344
32918336474
1005002377365102
1005002319080212
4000522943288
1005002362442425
32897629872
1005002395476046
4001227330106
1005002167871159
1005002427818751
32855441874
1005001872974248
1005002236299243
1005001573509958
4000370572934
33006083690
1005001620932616
4000961334730
32992278629
1005002346074831
1005002250769620
4000809058379
4000168728916
4000526133646
4000529917436
1005002464878919
33025424784
1005002376058193
32607641130
4001001915232
1005002387379252
33021531979
1005001658860795
1005002372181764
1005001993371910
32809476812
1005001419141638
1005002311950750
1005001377217406
4001199393139
1005001651016376
1005001775800940
4000274161765
4001249833724
32567987761
33054743892
32854816694
4000223721259
1005001669868314
1005002371555561
33041318231
4001278999730
1005002443473410
1005002500551029
1005002306715871
4001249996289
1005001705902204
1005001555806153
1000001196244
1005002298648933
32542626010
32999293771
1005001692967878
1005001553434929
1005002377330725
4000480035740
1005002458026667
4000116061765
32855656871
33054924479
1005001943572633
1005002363723838
1005002280618367
1005002124655578
1005001418974333
2029766851
1005002292538662
1005001621342855
10000399726544
1005001552691735
32842231558
1005002079809441
1005001711560066
1005002386722267
1005001315934027
33001869478
4000459720016
33028564762
1005002252688478
1005002457601327
1005001844669581
4000169556632
1005001900324905
4000429710731
32968732172
32983194953
1005001942943211
32840206862
4000381098004
32882340147
32963737604
1005001518157435
1005001999971217
1005001955451443
1005002425809460
32960974875
4000843676751
1005001637882426
1005002328119899
1000001544506
32843132785
1005002388030937
1005002496408193
32998793298
1005002370742168
4001078794221
1005002126539316
32899120489
1005002469206293
4001270938205
1005002399472303
1005001615804608
4001234357862
1005002211286408
32853381771
4000569131141
4000706560418
33032728559
33026074037
1005001727085744
1005001302078305
32982539392
1005002329577002
4000267437335
32856085578
1005001860177127
32900483697
1005002480489915
1005001965192262
1005001555675520
1005002309186345
1005002409924151
32869874969
33050316127
4000509955475
4000592912992
4001025180598
32944370686
1005002032454231
4000515002998
4000584950085
1005001982044075
4001294216973
1005001957148644
1005002269110064
1005001890508378
1005002414437515
32741719650
1005002395828493
1005002394158220
32816491050
32958413305
1005002263983044
1005002100939976
32864177113
32857878052
32854086185
1005001397326042
4000672551942
1005002167689573
4000180993783
4001192482867
4000004874221
1005001427272692
4001122819315
1005002401957490
1005002430574101
1005002442471588
1005001607898556
1005002167999249
1005002275714664
1005002377779497
1005002077306642
4000144339331
4000419204890
1005002395978595
4000511813453
1005001940891520
32602650999
1005002469951794
1005002289284180
4001294179694
1005002453645662
1005002388317588
1005001483851164
1005002245659878
1005001459263613
1005002353319639
1005002395778761
4000336889983
33001407397
1005002325275394
1005002310780791
32833294618
1005002333481096
1005001906786833
1005001576499735
1005001332480325
32962377675
4000319583917
4000966768949
32672279622
1005002435449111
1005002260222338
4001287067799
4001217235929
1005001326698138
4001090464650
1005001999616117
1005001507500468
1005002431220719
1005002314499513
32919612266
32970383432
32855082881
1005002343068044
4001265861494
32892264778
4000231001607
1005002447766169
32876455485
1005002378406012
1005002374946996
1005002465518307
4000203647176
32912119283
33017470953
4000317607891
1005001592377002
1005001405445046
1005001479924809
1005001368756573
32866599664
1005001777145940
100500249744678132991941059
4001108121340
491474707
1005001568760789
1005002364655102
1005002352907915
4001060443260
4000041944968
32962990567
4001262048556
1005002306621523
4000060828078
1005002227875401
10000423235634
4000874588022
1005002012252537
1005001369248916
4001272429686
1005002307629425
1005001423327725
1005002439837778
32720000148
1005002315361227
1005002303734711
32810021357
1005001505680524
1005002315439167
33009548915
4000018888694
32859167940
4000816851672
1005002312330997
1005002319781929
32994464128
1005002492660535
32946918285
4000834669409
32844956479
1005001930937320
4001162828808
32409290447
32997034255
4000850632853
1005002170945016
1005002374451362
32982980264
1005002313763852
1005001973470620
1005002002399692
1005001581413463
1005002356965493
1005002500118959
1005001844507552
1005002442441469
1005002033412574
4001227808316
4000959181857
1005001867359218
4000903766742
32873275024
4000970708940
1005001779867449
4001127881656
1005002490973370
4001097019601
32975787330
33010822710
4000398825655
1005002377935134
1005001879802894
32977807819
32835668031
1005001445771594
4001138250982
4001062137489
33044150836
32890314010
32562822129
1005002114298357
4000960634207
1005001799107257
32699386672
4000505417433
1005002286563082
1005002340585514
4001246490286
582745953
1005002210991026
1005002410278235
32903881168
4000702087747
1005001630796632
1005001689575291
32952548325
33044163911
32976252995
32973022606
32820286863
4000076730193
4000985115747
4000154619506
1005002443570082
32713312108
32557716489
1005002353733483
32889217442
1005001564685867
1005002083593657
4000434240602
1005001489483978
4001248282874
1005002418851329
4001217005361
4000280662578
1005002191474139
1005001502945152
1005002260514071
32836426914
1005001671139811
1005001742486117
1005001495777679
32905919877
1005002397448560
4001219862320
32611332660
32989369713
1005001968753739
1005002423441857
4000635379378
1005002260773565
1005001631038855
1005001350748802
1005002090336441
4001332049917
33050338450
32881438821
32668573377
4001145275478
1005002289836760
4000480237300
32842412161
4000726942012
32938434404
4000314849501
32809410227
32955252504
1005002314248202
1005001779388901
32792372864
1000008264021
1005002123983028
4000076292869
32949996028
1005001288146701
1005002428073364
10000307326514
32811274189
32971571636
1005002047505030
4000945993106
1956477235
4001236995847
1005001703679308
4000065000491
1005001604652724
1005002283503903
1005002282463870
4000682896889
1005001438868135
32813665177
4000955780669
1005002066280480
32763157979
1005002189556459
1005001332248992
4000738125664
32819547929
1005002372262745
1005001843178221
1005002263060447
1005002165985853
32843132710
1005002359568986
1005002350295421
32706888220
1005002353164798
1005002383547105
1005002243219926
1005002357421250
1005002312819942
4000943054489
1944962802
1005002383928799
32950658494
1005002313159074
4000834425500
1005002462162029
1005002322745668
32980485102
1005001441467131
32727513025
1005001560157064
1005002369295416
10000089160594
1005002074097631
33049012677
32439056356
4001163290340
1005002010885496
33045270892
1005001692834037
1005002312056515
1005001470333436
1005001470329838
32811046752
32605183226
1005002248794118
32957510581
1005002475647677
32910678290
1005002382588102
32976010197
1005002086922776
1005002390036985
1005002484533906
1005002377098910
1005001527651195
1005002492236608
1005001709866774
1005001630482632
32273381909
1005002275820401
1005002261856064
32942631878
1005002307614253
4001174083575
32665624966
1005002340243746
32673149147
1005002473474396
33053880858
4000274740386
1005002028106814
1005001779057520
1005001867935524
33004697498
1005002334845990
32864553745
32898523450
1005002246477357
32661880090
4000292416577
32381220631
4000124712871
1005002440906415
4000038321950
1005001946059941
1005002204593522
1005001682997788
1005001865064182
10000019744423
4001251448315
1005001802746708
32916706430
1005002146319047
4000212201037
4000990956273
1005001612961469
4000573960327
1005002246794463
1005002122370761
1005001360729654
32962818141
4000835042177
4000409931789
4001290716354
4001349560939
32946024689
4000672331024
4001186090910
1005002329024275
32859227370
1005002085215554
1005001411790306
32989906115
1005001483659550
4000849879070
10000059397377
33048132335
1005002433522913
1005001762952238
32339599765
32924082684
1005002351868506
33054969209
1005001266666628
1005001313666863
1005001952560462
1005001533903315
1005002342399115
4000855694074
4000442338795
32705514653
1005001706024984
32579159112
1005001813558820
1005002235111920
32301498131
1005002473644694
4001228607896
1005001683082529
1005001552402510
1005001425528449
1005002294485775
1005001869582317
1005002350227430
1005002254193833
1005001303951326
33000019950
1005001825346241
1005001844751625
1005002276815874
1005002033181482
4001197974719
1005001365822195
4001103998888
1005002429120721
1005001869672388
1005001473581498
1005002344189544
4000687082978
1005002318760702
1005002102174726
1005001339672620
1005002206940083
32966411603
1005002186995808
10000314278561
1005002345244720
33024065102
33027812367
1005001560777732
1005001980163714
32790117438
4000111115960
1005001682807730
4001116433311
1005002401003888
4001276625806
1005002103100548
32728182027
4000131349378
32880790139
1005002498875739
32890900261
1005002116923007
32974030584
10000025701425
4000269991970
4000113605331
1995531622
1005002333442705
1005002284666588
1005002122498251
32920202666
1005002300129253
1005002340620335
1005001848994438
1005001280261106
32835164802
1005002492876358
1005002318529298
1005002357657730
32976266502
32830559558
4000850515649
1005002228451740
32858508036
4000851065684
1005002344504572
4000239121632
1005002203320861
1005002318096978
1005002061418584
32926358448
4000067314082
4000927667393
1005001588201659
33016202174
32982465983
4000463068328
1005001977996918
1005001962120760
1005002138091500
4000069248488
4000144770499
1005002462393763
1005002225200514
1005002315976035
32820930337
1005002289158659
32867598948
1005001913041369
4001143689071
33018835819
1005002315405235
1005002242959106
32949977955
1005002171839572
1005002288483929
33029730169
32969135849
32717980905
1005001962474879
1005002357438863
1005002348944618
32982336510
1005002004091325
32982160282
4001341736056
1005001864243465
1005002378809356
33037663232
1005001893736073
1005002414523294
1005002418281715
1005002351636653
4000026198501
1005001644501424
1005001426304200
1005002254807223
1005001943105182
1005001987917200
1005001305276081
32233187006
4001127308718
1005001573052826
1005002488971166
1005002447237803
32513913830
1005002411837749
32593323552
1005002201241178
4001104473909
4001220742361
1005002392664271
1005001551234117
1005002464696321
1005002410952309
10000318925650
1005002389785837
4000125420508
10000372592537
1005002265958674
32956941958
4001156332801
32384764132
4000817341485
1005001849227095
1005002078589834
1005001597407905
1005001453429113
1005002357414256
1005002275320882
33009420822
4000258047562
1005002346021597
1005002347812471
32407315229
4000695343030
4000278726448
1005001756431148
1005002278685527
4000803595552
1005002223824937
1005002406341413
1005002048772597
4000829092098
2029327766
1005001834208294
32473422264
1005001677209469
1005002160455661
32790597909
1005001356392569
1005002313668245
1005002362570542
4001253003478
33046910709
1005001936558663
1005001584972723
32866668755
1005001849060884
1005002224435603
4001251126745
1005001406674208
33003177081
4000983122116
33044089027
4000372814912
32860152011
33041462039
32694474807
4000544954816
32956299224
1005002315925027
1005002341887315
1005002288421213
1005002281936329
1005002198718750
1005001672448507
4000441477717
4000804047721
4001037938003
32802070344
1005002359073794
1005002342333329
32917657017
1005001585363050
1005002362751901
1005002179609992
4000008628951
4000773708005
4001217312042
32994180225
32883547361
1000008649759
32979750693
1005002372421205
4000111720365
1005002334189335
4001286357556
4000255981616
4001297767155
4000664778734
4001228725536
1005002327375516
33034318846
1005001923908451
1005002397833268
4000818277035
1005001913094440
4001176344419
1005001355970894
4001057871067
1005002424742785
4000682628133
4001284209769
1005001469159881
1005001513959500
32781997701
331469078
4000470177847
4000308745835
32265477367
32950498866
33004462767
4000117031383
4000505683668
1005002304882584
32931237485
33005713688
1005002016920629
1005001511091748
1759538754
1005001597743063
1005002443920283
1005001723234562
32886323122
1005002356169811
4001292894529
32885233952
1005001652554271
1005002467865198
4001259795663
4000163455719
1005001551647615
4001314449829
1005002393806318
4000718706821
4000133166695
1005001333487185
32980580140
4001188747402
32819341537
1005002383236083
1005002245830034
32823306795
1005002313843787
1005001707862185
1005002287022800
4000781427859
4000717141030
32909975010
1005001828888550
1005002346057174
4001138517242
1005002309798430
32967030747
1005002487530792
32961563038
1005002434352126
1005002224368449
4001103277729
1005001482883197
1005002262273326
1005002024602483
4000357655819
4000463445968
1005001936414218
4000196650670
4000072730507
1005002059518435
32876431026
4000289095719
1005002179534495
32816823340
1835713517
32973432898
1005002384626916
1005002454863022
33056179848
4000342699702
4001237702539
4001150524436
32948831294
32814583209
32790727391
1005001996973485
1005002364180475
4000787247318
4001133936773
1005002405145533
32960127735
1005002394701846
1005002470000039
4000307612439
32823780609
1005002446813990
32978530109
4000660960510
1005002074198728
1005001865156155
4000283689324
1005001765945626
1005001333696598
1000005811342
32841252289
1005001716619212
1005002095189572
32960411731
1005001587111014
1005002334826485
1005001948040075
1005001996860129
1005002417638104
32904519113
4001181642623
1005002361212089
33027687613
32960148406
1005001604319056
10000384379263
1005002409357514
32845821974
1005002312092085
4000267746115
567795949
1005002368544709
32849752762
1005002375431240
1005002003664363
1005002383570533
1005002287318873
4001289284673
1005001713519834
1005001511709221
1005002334013727
33016658700
1005002478126850
32824472516
32947176302
4000132386377
4001000388713
1005001781340844
4000102383375
32954998749
1005002383215228
1005002333937326
4000960570336
1005002397742762
32355667243
4001238959517
1005001738300810
32809892402
1005001694836658
4000033098906
4000507122298
1005002333891599
4000170022894
1005002378571346
1005002240584593
1005002304287091
4000190897335
4000655903082
4000036799585
1005001825257124
1005002282970730
4000111968026
1005002364577313
1005002304561282
1005002454366413
1005002245439428
1005001873982516
1005002281176646
4000041072865
32864102432
33012194456
1005002239959363
4000955811487
33013542847
1005001884392417
1005001762956874
4000989279477
1005001651927003
1005001847139704
1005002273635032
1005001812053162
1005001566935017
33029661230
1005002388361839
1005002301511925
4000147641027
1005002083498660
32577955723
4000595666240
4000258394794
1005002348342279
4000386957167
4000675769495
1005002293114433
1005001817468624
33015148977
32949045762
32862004436
4000248990494
33031150455
4000761943346
4001228185209
1005002378063223
1005001354752253
1005002278113353
1005002426778041
1005002196461218
4000990908118
32836906595
1005002229611914
1005001966568132
1005002338591893
32905886646
32799024760
1005002384572388
32916193118
33039276118
1005002361880611
1005002449309799
1005001460646090
1005002238091696
1005002314338792
1005001750051121
1005001726483395
1005002400677555
2002722451
4001080034016
1005001669680298
4000483420500
32914126206
4000960656062
4001049603990
4000108598686
4000279014079
32810863187
1005002229113019
1005001792903991
32697353216
1005002481521407
1005002099301672
1005002047920719
1005002412434178
4000748527374
32842141312
1005002392376537
1005001639771029
1005002072907676
10000012891906
1005001736585816
1005001464835836
1005001843944580
1005002027719400
1005002247847478
1005001618188746
4000492853415
1005001800538644
32950415110
4001154439294
1005002281857440
1005001506665571
4001275638522
4000145664292
32988935968
1005001303966784
32493157113
1005001615746822
4000546040833
1005002245686508
1005002278501678
1005002319124393
4000842682022
1005002485018125
1005002032680422
33059988472
4001066079904
1005002339048385
32212670723
1005002328487569
1005001829278048
1005001727224405
4000172345112
1005002328056552
4000501591867
4001175428321
4001297136773
1005002341823144
1005001703732594
32877181270
32991199364
1005002264212542
32821315857
1005001727355040
32969583622
1005002340481680
1005002271298678
32805054254
1005002401119656
1005001614422992
4001275327622
4001205694120
1005002315325788
4001294137598
1005001848997429
32743395239
1005002227815472
2043764582
4001345763043
4000541803091
32983488354
32993345059
4001037081623
1005002180991910
32705584257
4000850692334
1005001495244184
1005002288384108
1005002276003954
1005002323203914
1005001627806999
1005002394513842
1005002377522380
1005002205452910
1005002382435843
32615534639
4000692162166
1005001608051898
4001259148407
4000729796266
1005001304890858
32834244777
32867205582
32833679217
32864960696
32826340974
1005001730872770
32863655868
1005002294458959
4001272393687
4000726280985
1005002190504939
1005002223942709
33046272497
1005002311677325
32802663613
1005001525376810
33003463379
1005001593578059
32956822005
4000698148808
1005001631879245
4000391591891
32956840469
1000001546151
33001814574
4000559657769
1005002002677427
32887529186
1005002297431582
1005001584942593
32987917241
1005002068976481
32910228139
1005002220994499
1005001471439761
32847719549
1005002493218157
1005001978611995
4001279003104
1005002204165620
1005002442823940
1005001717748775
1005001441859088
1005001947524594
32861079542
1005002171956999
1005001578807992
4000308350548
4000503989838
1005001848660829
32639506245
1005002276116060
1005002293464389
1005002473696874
32879289035
1005002267937840
4000820693526
32916050221
1005002264727176
33045531858
631378632
1005002196571593
1005002089981349
1005002263739582
1005002341851794
1005002340910836
1005002211586125
32888669577
32569315073
32959781281
32863541875
1005002329824760
1005002119623648
32980644433
32961638356
1005001955069142
1005002317163423
4000929245137
32860419276
4000723508543
1005002321165699
1005001973588245
32853460138
1005002405088358
1005001857993744
1005002238311737
1005001615763076
1005001785049536
1005001301669459
1005001309127448
1005002167828706
4000173517576
1005002406210663
1005001717606431
32962454492
1005002282406958
4000569133215
4000569039929
32949228413
1005002058364674
1005001286113560
4001222861909
1000006066125
1005001493234978
1005002037718572
1005002368502365
33046776562
1005002286231691
4000068236504
32891656892
1005001444531252
1005002471842677
1005002466681026
1005002365251998
32935644037
32792555344
33029720734
1005002442776667
1005002459851224
1005001897466426
4000279754390
33031464526
33058016487
10050016953506951005001694636381
4000930856107
1005002281252251
4000548171738
32919652157
4001177815397
1005001547313709
1005001584609700
32851672223
32975257345
1005001683838407
32996729759
1005001680471763
4000030064713
1005002341344251
1005002412472983
4000893970696
4001191415224
1005002342462906
33007657957
1005001957370675
1005001516775440
32817639866
1005001441214012
4001090619777
32853426325
4001023579497
4000584690432
1005001677130636
1005002353588476
1005002318949384
1005002265327374
4000588221618
1005001690055068
32975117214
1005002378253370
32860139066
32985182488
1005002314765556
1005002418295486
1005001302374365
4000800240691
4001286805870
1005001678345473
1005002256328957
1005002310956405
1005001954778087
4000464758792
4001290396228
1005002500021426
1005001907211145
1005002166830266
1005002228498765
32898064386
4000424246019
1005002489417280
33033803332
32972035352
1005001864611229
33017342886
4000012500391
1005001949448354
1005002357734065
4001237936358
4001326285880
4001113659147
1005001985628488
4000046005673
32916583838
1005002433380596
4000218652432
4000933616520
32326452668
1005001997081319
32830981350
32995688601
4000529503161
32850464178
1750046716
1005002459318504
4001010664190
1005001736744487
33043110524
32965290316
32869552578
1005002320913823
4001132010786
4000626366162
1005001652204528
32308930922
1005002304374000
32887462985
1005002040236021
32814205650
1005002121932741
4000071977062
33005411291
4001275826961
4000348620355
1005001835577328
1005002276391886
32899710683
4000544902557
33038134697
1005001524107754
4000381412026
1005002167822920
1005002281516447
1005002333455920
1005002340939788
1005002411882881
32828506315
1005002356481891
1005002230036556
1005002321669566
1005002448231738
32819801211
4000221277046
32902919548
4000544529712
1005001723417263
1005002318346501
1005002353284005
1005002295764603
4000907663268
1005001844779641
32789364646
32754828762
4000529500802
1005001835373933
33049762960
1005002253986705
1005001345864846
1005002413213120
4000171731166
32997017945
1005001875592384
32890228134
1005001923872140
1005001935044826
32455828923
1005001999476016
32704031828
1005002318536755
1005002124026518
1005002390749532
10000395751729
32885777437
1005002383188603
1005002356994921
1005002454302845
4000529295539
4001245043444
1005002314438330
32916318993
1005002095633262
1005002466919062
1005002080080260
4001217177085
1005001326241930
4000607612337
1005001728501248
1005002185223775
4001026202356
32809448841
1005001510192128
1005001899841083
4000405859861
1005002363840928
1005001581303083
32896717460
32949124306
1005001446495533
1005001441249982
1005001498744590
1005002272339061
33001504342
1005002191172308
4000208041931
32902991668
1005001310424515
4001240339222
32994577691
1005001900452187
4000405479792
4001213600850
1005002455316336
32280301280
32950144158
32884536836
4000468968781
1005001864385869
1005002244943982
4000130250919
1005002226334025
4001245012508
32828097855
32957227713
1005001587575845
32854720472
32843719458
1005001930908324
1005001860262882
1005002300455777
1005001656716402
32889468352
1005001464361548
1005002312543046
1005001369110121
4001344017154
1005002321090447
1005001816633388
4000580571636
1005002263385634
10000415521581
1005001596699905
32805415732
902607792
1005001626857927
1005002449695697
1005002316147340
4001009339934
1005002197021809
4001249690412
1005002353131805
4000357592924
32821945842
1005002068950820
32847406222
1005002314317514
1005002068228799
1005002233636002
4000470408066
32910675358
4000192220281
1005002072467787
1005002433954110
4000743674527
32758720105
4000906782844
1005002240079122
1005002496069624
32921095924
1005002243515275
1005002196880005
1005002413284233
4001227478359
1005001586765690
33015880503
1005001445698683
1005002446649875
4001131992706
32843182040
1005001671351889
32812930939
1005001812785130
1005002443139656
32579739546
1005002401883322
1005002294173138
1005002421479754
1005002312597836
33027100911
32767970129
32955217954
4001213705751
1005001586748274
4000515075010
1005001355011515
1005002314788741
1005002191927613
4000287427408
4000936141416
4000183917438
32902981240
1005002293988921
1005001874385628
1005001395498379
1005002377408648
1005001885243419
32864489695
4000215532136
4001235863839
4000902087050
1005002235053241
4001076665544
4000411836271
4000782998511
32962356051
1005002206747298
32999928048
1005002312881276
1005002345061461
1005002204911796
1005001630668581
1005002301046375
1005002341193713
1005001591550424
33028216449
4001007789907
4001320774631
1005001609594499
1005001657005745
1005002346030580
1005002243896619
1005002283525657
1005002117257183
1005001515894213
4000512934696
32976128121
1005002495905292
1005002235633888
10000283981938
1005001958673739
1005001729578481
1005002324166173
32981319614
1005001478841586
4000568066326
32988845463
4000411571052
1005002425845624
1005001415053744
4000792418224
1005001576790711
32958036558
1005001705541243
33041955162
4001153799425
4000922616037
4000836858493
1005002438671606
1005002039414795
1005002317330974
1005002313706287
1005001300763147
4000064293910
4000961215312
4001019311872
4000905591193
4001294150225
33035176851
1005002228865324
4001246080612
1005001470125083
1005001437594226
1005001907675695
4000427671402
1005001349474555
32607396052
1005002397714394
4000061974309
1005001355899839
32312855418
1005002239919118
32981390589
4000638015423
4001036369567
1005002425958046
32887721125
1005002091357204
4001025642852
1005002224327469
1005001656404000
1005002462564390
1005001529651907
1005001303713681
1005001841820289
1005001814070179
1005002344985318
4001257727361
32991074095
4000838455771
32970531381
32849846725
32862194739
4000415740397
1005002418474477
1005002123900390
1005001864388891
32822002552
4000891058605
32961001494
1005001643002153
1005002167067694
1005002101020265
32907799819
1005002314426587
1005002396300246
4001158162554
32957359024
32942517415
4000492689450
1005002246173567
1005002314366318
4001221409902
32947377202
4000387102373
1005002439952559
32588497030
32853903320
32866131730
32865215847
1005001420599881
4000704021637
32807551567
1005002204190344
1005001457082194
1005001628033538
1005002283822013
1005001626423502
1005001670598901
33060595454
1005002288999211
33026367721
1005002069836753
32672728561
1005002122493502
4001244827674
32993301118
1005002469592374
4000136882612
1005002314456619
1005001849031140
4000419886409
1005001919358845
4001228735196
32756569879
4000321692908
32811965661
1005002137339116
1005001889799704
32715375562
1005001988820938
1005002335716534
1005001556044115
32892641330
1005002004845211
33056417455
1005002474911056
32749655197
4000370047162
1005001566092731
1005002201947341
1005001930896465
1005002128911521
4000004063455
4000133880404
1005002496189522
4001153121206
4000067590048
1005001859904497
33049163472
4000978778530
1005002125762317
4001214721129
1005002312892649
1005001285108040
1005002438912159
1005002357226262
32819826615
4001057846446
1005002323067238
1005002400686458
1005002364348307
1005001329819004
32508988015
32623249688
32887054991
1005001972668599
1005001787516450
1005001868501546
32960077316
32991475610
4000220590824
33005187558
4001350786280
32706315173
1005001606291579
32890750293
1005002350700774
4001275027932
1005001453170172
4001101449815
1005002281080207
1005002434492613
1005001364794312
1005002231822760
1005002219440630
4001366055924
1005002287441723
1005002344721884
33019230791
4000782643526
1005002359067476
1005001439537955
1005001552620437
32990469595
1005002212904016
1427362965
1005002351551934
1005002239338922
4001118498171
32654194841
32918548837
1005001679018278
1005002002983968
32375884182
1005001406584551
1005002390166851
4000990741932
1005001346426089
10000152701557
1005002073625809
1005002317166786
32854307861
1005002070558177
1005002371978359
4000770389456
4001109321400
1005002277736455
1005002293901859
32978423944
32920200523
32461537242
1005002473521802
1005001385177381
32855352198
1005002231907427
1005001920769527
1005002262694771
32793355617
1005002260335016
4000711603295
32992856473
1005002327491837
32885147855
32835734558
1005001648208837
1005001656434859
1005002136235456
32976683045
1005002457917225
4000201298618
32741068328
4000030038162
1005002495840701
1005001582460872
1005002176465500
1005001398505414
32756877938
1005002337285795
32794096271
1005002066134327
33030586820
32853542494
1005001882530103
32932432363
1005002377360389
1005002150569854
32886388663
32907194349
32401734591
1005002356951781
1005001370423985
1005002464863368
1005001848949147
1005001664726360
1005002035776034
4001244048606
1005002000471038
1005002395207029
32968091982
4001135434474
4000982518888
33036186659
1005001319196661
4001296248913
4000372092499
1005001386896029
1005002440662263
1005002316430897
4000788518771
32954381873
33053156687
1005002012173258
32903357923
1005002250607530
1005001587470899
1005002300332438
1005001368255262
32984663303
1005001459324084
1005001338472106
1005001941338524
33030661603
10000395865138
4000761723927
1005002351677245
33042585018
1005001408594262
4000437409184
10000400035775
4001315223769
32821691683
1005002058430939
1005002500511670
32857807364
1005002461476931
10000198207925
33019242507
1005001368243616
32974626571
32723706606
1005002061947532
1005001411712961
1005002364404112
4001223276102
33024815236
4001084773732
32889105140
4000114515899
1005001729286663
32967103350
1005001496025353
32984542207
32796787123
33003072055
1005002489007928
1005002335719639
4001130558609
1005002427434775
1005001983620523
4001230380455
1005001780669831
32811196813
32995405598
1005002481368256
1005001626057455
4001038971716
4001062056220
1005002260245161
33013389454
1005001429595010
33026681545
1005001364925825
1005002399725950
1005002115724680
1005002350540236
32994260535
4000881161122
1005001697703385
1005002417748548
1005002329005522
1005001641297229
32798444670
1005002315654145
4000720169564
32916308039
4000041802845
32921330939
32951449993
1005002347522353
1005002225280364
32801273186
32839772940
32970129231
32855114118
32944597853
1005002033855325
1005002355251861
1005002340695335
1005001731842978
1005001836717482
4001050155122
4000085738552
1968062773
4000349820078
1005002280508876
32865194974
1005002038093709
33040167335
1005002314102271
1005001321325958
4000056222635
33051297668
1005002474155108
33060067761
32874353151
1005002362391250
33007674853
1005001683354439
32961750642
10000395854345
1005001895088683
1005002298272802
1005002281233249
1005001687799886
32541632906
4000696750392
1005002268156802
1005002307916116
1005002282618802
32952626816
1005002249309216
32810401540
4000618499120
33037526998
1005002315034465
1005002238734731
4000992878170
32877864782
32379318801
1005002284260307
32950257619
33026333705
1005002443477942
32964110660
1005002288941795
32883538415
1005002224144619
33039863815
4001194479019
32888441041
1005001732031245
1759374412
1005001587791446
33018766241
1005002483407978
1005001874575097
4000960960067
1005002031792387
32693479625
4001294653146
1005001553028493
1005001633613848
32896344106
4001326177586
32860323541
10000016886025
4000986055148
33000274067
4000648944256
4001242020329
1005001616505517
32948433257
1005002305395851
32990374555
1005002134587597
32886142382
33005593875
32958252551
32948649157
1005001941414761
1005001703618692
32843433381
32637186110
1005001947247559
1005001909042466
1005002392355940
4000884126184
1005002344741855
1005001708058007
1005002221894890
4001257437005
1005002224559628
32828845391
1005002392195978
1005002110427078
33046726573
33054997006
4001268889321
32867075389
1005002459864557
1005001761962440
1005002270149652
1005001406784926
1005002052623262
1005002432571014
33032646771
1005001894907188
1005001784449186
1005001500194111
32719350532
1005001882487098
32892759104
32971718991
4001080747979
1005001914490280
1005002432894545
1005002293871332
1005002359791379
4001174238051
1005001313165881
1005002359112232
4000160356676
1005001407267021
32818005824
33056867907
1005002282770089
1005002122450758
32735803275
1005002100020094
1005002126147498
1005001914564634
1005002122399272
1005002318153173
1005002288321360
33026196898
32914389894
1005001957570918
32644976916
33034964366
1005002231397829
1005002453358337
1005001976404597
1005001458922191
1005002253179635
4001316737308
4000320584886
1005002272384822
32918612110
1005002442852834
1005002008023528
32896872901
1005002450530432
4001304582590
4000228027044
1005001530715000
32843426703
4000684387245
4000166987783
1005002046515678
32918576754
1005002274140449
4000458199272
4001231774460
32822206122
10000279448611
4000397564181
4000056328616
1005002314354499
1005001278231410
1005002253815713
1005002038343671
4000497306488
4000350737228
32759329137
4001224406363
4000105469773
32580795890
1005002287982022
1005001869687648
1005001493854471
4001013725547
4000546597143
4000358450672
1005002342407750
4001042624567
32820951220
1005002451173403
32769860561
914790939
1005001786738960
4001042279549
1005002006823842
1005002444544989
4000842693203
1005001831086548
1005002377322269
1005001679259481
1005002259773973
1005001788762448
32946777638
1005002459718701
32759592350
32619620392
1005002092138110
4000925790734
32880800017
32749432554
32862341911
4000761360777
4000231909851
4000546476958
1005002428130106
1005001709717048
1005001385793671
1005002425894744
1005001927538967
1005002429464043
1005001880576762
32835531155
32788664678
4001218546413
1005002454400221
1005002337692196
32915281589
1005002341960649
1005002282481668
32878025607
4000768201341
1005002033385666
1005002218949940
32823944258
1005001844722269
32837346933
1005002492212891
1005002352619154
1005002333094987
1005002167884709
1368295856
1005001639641196
1005002080418546
1005001496636746
32964451545
32891822335
32878661453
33017803350
4000251881602
1005001528788839
33008804385
32859783040
4001169566429
32671771118
32812204569
4000698244713
32696088082
1005002304351154
32243644300
4001276240767
32848631031
32832974592
32926095542
1005002244981977
4000641100578
4000177693390
1005002383148639
33008573172
1005002263566899
1005002301453943
1005002374557624
32952059671
1005001966383647
1005002074007273
1005001462191255
4000768733130
1005001651079281
32993892424
33026678459
33038358294
1005002294803391
33044145136
32859494811
32867195463
1005002264077202
32946392557
4001273182880
4001174522528
32972321764
1005002189968120
1005001733194276
4000010428473
1005002219378743
4001186493331
1005001843157942
1005002361409484
1005001934672194
33027437570
32917890279
4000603240301
4001177636872
4000230752748
1005002252210562
32322665688
1005002006422069
1005001929070449
32591879162
1005001833882896
33004308823
32815910108
1005002284934888
1005002372022772
32951367632
32333001073
4000118189424
1005002434271643
1005002446504984
32953071549
4000324668641
32688396129
32803697888
1005002259987491
4000495052343
4000006046581
4000849844909
1005001987117163
1005002206295126
1005002319991695
10050024748099104000241301130
1005001661367258
1005001933546877
1005001902101188
1005002392118858
4000982604623
1005001299079792
1005002027074361
1000007890034
1005002180390301
32827011013
1005002314127179
1421771919
32914267532
1005002361842442
4000192183363
4000257706202
1005001340120063
1005001865149005
4000248622848
1005002491556410
32969520226
4001230207997
32825945772
1005002311246225
1005002260496938
4000483422316
32893596751
32700155607
4000245975536
1005002324476145
32951772124
1005001682004174
4000855452525
1005001884488412
4000263524357
1005001602700329
4000136444556
1005001901011209
1005001423620019
1005002418417376
4001278527162
1005001762139594
10000269634858
1005002077176803
32892219457
4001149454458
1005002436234162
1005001419653993
1005001592552749
4001189834234
1005001645899636
1005002286924063
4001263988206
4000881106840
1005001700451763
1005002165104296
32309782781
1005002054605318
32953670657
1005002060290756
1005001885509684
4000327530662
1005001359121247
1005002245389505
4000438562811
1005001425435217
1005001424456561
1005001775308983
32822099025
1005001446919655
1005001429213238
1005002426689904
32588605173
4001106732530
4001338499108
33022011397
1005002258665601
1005002487539904
1005002259192733
1005002278198712
10000354772786
1005002276689402
4000770340833
33061103468
32916367558
4001156518596
4000726106226
32635783880
32747372584
1005001494971828
32357320986
1005002458446381
1005001860694962
32810648901
4001034838144
1005002245357609
33047930570
1005001953809508
1005002301241289
4000335561442
1005002265086870
1005001831061330
1005002359650192
4001220756711
4001301633665
1005002310800982
4001278603688
1005002337589077
1005001765843003
4001013013533
1005001933396771
10000067468319
1005002362819739
33062219806
1005002378058761
4000938543138
32861067629
4001225245480
4000377034066
1005002315646234
10000400036382
32823421706
1005001958974210
1005001817972517
32832517982
4000268770162
1005002378675441
4000939565739
32747811302
1005001717655541
1005001962254907
1005002320268422
32509033729
4001058201167
1000008135708
1005002400235730
32815245973
1005002237963618
4000686613580
4000751615279
32947244117
1005001895937929
4000317030743
4001112037698
32365347809
1005002287503172
1005001834955819
1005002454746358
4000827097221
4001060183398
1005002087050840
4000860115990
32912622774
1005001652013547
4000043346578
4001021108788
1005001999670392
4000546579606
1005001525431268
1005001626816819
1005001616370929
1005002429534267
32882290289
4001211136001
33008793564
4001188797998
4001218751550
1005002047045756
4000760035333
4001044541249
1005002469207634
32658423239
4000626053115
4000504894830
1005002265052184
1005001852097058
32869252326
4001137065150
32800287485
4000959464568
4000508638747
4000922595215
1005001994053538
4001364585936
1005001596514872
32826091124
1005002254151293
4000045673868
1005002245851920
32875781224
1005001873976961
33019429055
1005002418463534
4000022285837
4000074394467
32913036762
32515624048
4001104046290
4000083882843
32880925242
4001188765718
1005002111082104
1005001401733848
10000395955196
1005002326617745
4001176360960
4000941506459
4000521708114
4000397472825
1005001525389665
32317489774
32879344626
1005002452964478
1005002107979932
1005001300308716
4000255458580
4000397538390
1005002105292143
1005001817040182
4000386295278
32976461720
32838035833
1005002346979867
1005002291983887
4000689180105
4000695428793
4000033998985
4000666249804
33000490470
32948140385
33063351080
32982615810
1005001361362117
32883257743
33019133846
1005001412569156
32847919025
1005002405928569
4001253022503
4000691544404
32954176533
1005002380346630
4001232628717
1005001679639246
32890722911
1005002277563898
1005002426213615
1005002465521548
32983554428
1005002119698937
4001209254779
32947083601
1005001988617219
1005002360384294
1005001553354961
1005001950080490
1005001289990249
10000279581212
1005002270149544
1005002028605245
1005002197200546
1005001616719509
1005001597449842
1005002253222640
4000458497704
1005001644197505
32954027817
1005002286178419
1005001359748336
32881006419
33046191733
4000004942216
1005001870041742
1005001560927361
4000248624822
32473454157
4000801425009
4000216322846
32848839551
33040247940
1005002413623100
1005002372879736
1005001670540587
4001355401217
4000510783326
32997002501
1005001884500177
32982344840
32847442662
33018215860
32883665027
32953574032
4000595052060
4000516330345
32869268939
1005001567335577
32972535163
1005002008194840
1005002283796813
1005002344599400
32853985148
1005001932834635
4001115618747
1005002301546932
1005002420306515
32963701667
4000629893889
1005002053290401
4001179698157
1005002114682182
4000164856523
1005001510091167
4001284098367
1005002447094355
4000200710593
1005002312146646
32850762049
1005002399185227
1005001623650288
1005002369099431
1005002339454401
4001263438905
33006703001
1005001407635434
1005002350817973
1005001500220236
1005002458716454
1005002307756017
1005001685997858
4000678272623
1005002009140529
32998165721
1005001626931072
1005001811967281
1005001954681037
4000100632517
4000142055464
32975454263
4001223964285
32668064948
1005001868822277
1005001285145702
1005002304152902
32861772992
1005001717626323
1000007416419
1195232129
1005002046567850
4000834243061
1005001350713937
32890354164
1005002162231364
1005002269013178
1005001664083751
1005001868975182
4001109395868
1005002238710031
1005001374040419
1005002293366214
1005002401268886
4001225209124
1005002398294158
32637465626
4001195122055
1005001624655694
4001125590067
1005002395308291
32990378851
1005001664542794
1005001907137176
1005001989736251
1005002368819430
1005002466132315
1005002350680671
1005001960452399
1005002394079762
4001217067068
32610663964
32935982526
4000930794809
1005002376201494
1005002059556389
4001144111717
1005002459411200
1005001962314167
1005001672002904
33040787304
4001162879641
4001307758951
32920782481
4000971856223
32909303596
1662987379
1005001656824560
1323436787
4000848164584
1005002298699390
32828004640
4000167349881
4001037378231
32843482559
1005002412579401
32997820766
1005001987185330
4000946323176
1005002087810554
4000619312050
1005001335055697
1005002314722240
1005001525446400
1005002063527502
10000008330315
32893037026
4001009831754
32856495254
4001035655113
32900030983
32837156852
1005002321282832
4001151058937
32590245799
1005002278925338
1005002357239965
1005001267186832
4000988130106
32900445009
1005001438659414
32814629201
32842607193
1005002362543393
4001145965854
1005002288462122
32797768234
32967564078
1005002318189375
4001173792079
4000830372956
1005002162033282
32923588124
1005002357679549
4000244056899
33041194667
32568841500
4000296753980
4000267228869
32933006079
32804207132
1005002099868271
1005002314288697
4000335880303
32701124982
1005002304379264
4001334879038
1005001555586550
4000905647342
32571059791
32843868569
32850187350
1005001297680518
32848098652
1005001344958859
4000954422979
4001251669595
32912347926
1005002291399753
1005002486176526
1005002259384182
4001008010621
32895008132
1005001326697850
32968814654
1005001462823350
1005002294229286
1005002314235523
1005001797099592
1005002293996384
33027537344
1005001840338512
32718228779
1005002426822355
4001320797034
4000772030542
32832453245
33026618187
1005001895871455
4000906546776
1005002480408053
1005002171032340
4000382225857
1005002373350025
4000324446571
1005001967289061
1005002476207090
4000925678518
4000777480268
1005002499642057
1005002279216225
1005002394023618
1005001439199066
1005001912508394
1005001858834965
32999254058
1005002318900451
32630927307
32803883611
1005001812171058
32837425079
1005002401127397
1005002369082342
32752598624
4000545933725
1005001501305570
4000219148675
4001251706243
1005002201825795
32956575157
1005002236080596
1005001867243874
32681440122
4000864189427
1005001973018216
10000399549986
1005002284563096
1005001295287820
1005002441776103
1005002318633891
4000812677140
1005001486725353
1005002288890572
32964429179
32898560968
1005002358980568
1005001340912739
1005002359000955
1887698713
32787244945
1005002311780527
32960604985
1005002260225507
4001041456183
1005002277200589
1005001495983112
4001023617944
1005001288819339
1005002394145144
4000421430806
32903544790
4000287643187
32927280582
1005001696043844
1005001867330610
33002703608
32733318141
1005002301618322
32919437224
1005002448087325
4000773004155
4000271722295
33057803338
32814814672
1005002494423766
1005001333383855
1005002359652600
4001139314776
32684698791
1005002309978672
32968835055
32951193895
1005002252327561
4001056994701
1005002105752965
4000846611721
1005001633266914
32862472139
4001000545884
1005001999261130
1005002390507026
4000719554981
1005001386776079
1005002386529365
4001200636917
32912709593
1005002214629410
1005002462394844
32590850818
32975048029
4000963472577
32859833109
1005001957304861
1005002484707505
1005001651499341
1005002292526023
32965443256
4000875385976
32854421380
32804580759
1005001525574040
32967043843
1005002286291826
1005002286296299
1005002394705534
32820576237
1005002362834303
32947140062
4000185755052
32947417805
4001234296889
1005002124849240
32565003390
33059378357
1005002387689738
32975721439
32953692338
1005001968619333
1005002353345776
1005002425290956
4000093871323
4001275811742
4000284566547
32967378954
1005002032064553
1005002481919289
1005002105617439
4000776212583
1005002314271388
1005002272915746
4000557812531
4000837484792
1005002139073071
1005001823305929
4001311838041
1005002454089665
4000303840561
1005002313401361
4001041170005
1005002314315258
1005001414433053
32901425938
1005002453930588
1005002454352253
32958265639
32809613840
1005002346735850
1005002270636997
4000979626223
1005001779861369
1005001778461332
1005001954588322
1005001669319291
4000258830910
32853146236
32959178979
1005002318700977
1005002399161637
1005002130131205
4000642073048
32858667056
32863828721
1005002140224112
1005001463478489
1005001722264861
32655819062
1005001292668714
1005002045848387
33028400959
1005002287527902
32993995463
1005002401105297
1005002475983748
32978818009
1005002219634825
1005002467816498
1005002281256273
32968899824
1005002426647298
1005001479139451
32958024416
1005001356030126
1005002396218773
1005002206098336
32816488901
4001271807059
1005002031958512
1005001479168041
1005001953093310
32813427057
32898165189
4000492515110
32887789389
32874268939
4000842223154
32891219710
32870859018
32967247009
4000960595962
32852765722
1005001683669520
1005001722829993
10000150727986
1005002334066977
4001233849835
4000065467183
1005001946568542
4001259652640
1005002190535720
4001030553691
1005002383759724
32894583259
4000937387189
10000364735578
1005002434163766
1005002425002324
4000314482909
1005001703285082
32963936125
1005001278527872
32980013838
1005001525634493
33023668492
1005002315533521
32974181042
1005002468027536
1005001949233678
32844600267
32602327040
1005001479122498
4001174872010
1005001864047291
1005001525396674
1005001521036461
1005001334999369
4000057904451
32883106508
1005002343965211
4000252071736
4000126030020
4000028523890
1005002289922802
1005002432459617
33003983535
1005001429633209
1005001603807514
32857283919
1005001935435654
1005001652672865
1005002392262329
4000174324681
4000027990004
32808780175
4000341150685
1005001566974655
32228979496
1005002254335238
32802884049
32790041802
32904735468
1005001462376408
1005002225162540
1005002470035083
32967100104
4000545542021
4000985449941
1005002085853801
4000065872159
1005001495075964
32368971351
1005002243990365
32918128044
1005002265798394
1005001838218158
1000006100744
1005001933119444
4001186823372
1005002059041986
1005001845962024
32766419613
33030405103
1005001698336535
1005001836642196
1005001317000714
32670948813
1005002259833368
4001174222184
33060902547
1005001584221937
1005002076455860
4001291794513
1005002356362420
1005002350336060
4000832219689
4000356864716
1005002262214954
1005002333577851
2044387898
4001054556965
1005001652695695
1005002451027381
1005002090238751
32543721561
32376723573
32924086937
1005001430380432
10000123785901
1005002033863967
32906879086
33005959130
1005001391391354
1005002281819677
4000619211600
1005002082678788
1005001349524977
32978951415
4000177146335
1005002310071095
1005002027368978
1005002259249568
1005002224881325
4001254493590
4001250795984
33057667285
1005002265747523
32811621018
4000297750188
4000781710767
4000626128346
4000031137803
1005001780697455
1005002314310867
32994004830
1005001619760929
1005002240393963
4001253707336
32715451636
1005002332902423
1005001494766573
1005001602526513
1005002224366026
1005001671950327
1005002097204490
32796588068
4000789248679
1005001524278995
1005001565420806
1005002020021547
32957252293
1005001873121345
1005001884706132
32999995575
1005001850053920
1005002133353803
4000788734185
4000830624028
1005001626021642
1005002490221747
32954335872
1005002190693463
4000313227270
1005001617244773
32989625876
32820827431
10000401506363
32974560126
4001228638976
32791439272
1005002122280775
1005002239253541
1005002306061105
4000222383241
1005002306115212
4000492956581
1005002412618489
1005002005355123
32822263449
33003299308
1005002358608060
32859468734
1005001420629131
1005002382696940
32796621174
4000393705316
32951847400
1005002124269812
1005002257899029
33055427125
1005001624790433
32849100746
32815965330
1005002003618773
1005001830817323
32963724682
1005001769417155
4000828466363
33059404457
1005002350618345
32972049065
1005002465154069
1005001391942372
32784107727
4000042522401
1005001573727685
1005002380478708
20000003845970
1005001907260753
4000452349220
32817984210
1005002100249423
1005001455711753
1005002170397775
32820859954
4000776592295
4001111873931
32917529486
1005002327276673
32973456249
4000340110574
33031871203
32842892779
4001076562173
1005002315630462
4001134866613
1005001807465540
1005001716161118
1005001847900166
32961302814
1005001682794729
32808513707
4001260052231
1005002386708166
32917774912
32832087474
1005002364361004
1005002480918310
1005002491636165
4000098950518
1005001419026181
1005002366158821
1005002260635226
32856572186
4000819499571
4000965890333
4000760268833
1005002240168166
1005002168753386
1005001899747648
32863060363
4000632028299
1005001391897768
1005002314339012
1005002371961252
32977060129
4001359873114
4001365437502
1005001392218380
1005002387298941
4000562144408
32614579070
1005001480203762
4000111840278
1005002122402770
1005002250201920
33060302983
4000083414836
4000675064935
1005002258871012
1005002175949847
32952663095
4000222597175
1005001671142244
1005002297776587
32995396746
1005001382482225
32895169190
1005002374701650
1005002443410911
32959304466
1005002420211046
1005001923320511
4000012893446
1005001514513452
32348110164
32364065527
4000796860844
32982619791
1005002423570196
4000770806031
33009102673
32426894620
1005001632693792
32582494898
1005002381955388
4001267152775
4000238549544
1005001840329968
32854887284
1005002304568157
4000903440575
33021005296
1005001704029847
400086899276632726331245
4000438748421
1005002272559087
1005001398386735
1005002399396396
1005002210559414
1005002282757708
4001358656963
32671525708
1005002304982971
32973126583
32882413538
1005001744566751
32779162867
1005001803920903
32985956262
1005002074271511
4000960363877
4001264506671
1005002440902745
1005001763116404
1005002175262107
32974070142
1005002350144558
1005001441282748
1005001319448677
32839874352
32894464015
1005002180286521
32696533460
32880657531
32932863861
1005001841420092
937201826
1005002291502335
33017963753
1005002368379773
1005001465537024
4000916424957
33045038259
1005001902221851
1005001529005856
1005001280345775
32991455820
1005001927601836
4001230573070
4000076953887
32981944960
4000069632053
32948832327
1005001493839404
1005002287996846
4000248715132
32363520838
32968164176
1000008411128
4000811902102
32839768039
1005002245854671
1005002090085174
32992979999
33045741711
32587066406
10000393279270
33007817179
4000321973885
1005002389164768
1005002454344672
4000544653117
1005002267961681
4001316877224
1005002053573462
32576483568
32412767946
32896462942
33047609015
4000045226511
33038410784
4001280454133
32375921324
1005002452763444
32961031504
32997645313
33061363858
1005001415785501
1005002280392677
1005002276395391
1005002470709887
32934903847
1005001713306516
32790451748
1005002500526334
4001050492482
4000340515616
33004284919
1005002289906577
1005002312460999
1005002428495315
32438267469
1005002431119101
1005001361931927
33056089832
1005002253193616
1005001832179240
1005002254616977
4000384670094
32818261726
1005001960107946
1005001551300817
1005002280966894
1005001375537768
1005001287755057
1005002156926437
32895813798
1005002334369101
4001242587601
1005002205640814
1005001718994300
32855660342
32886805091
1005001874488305
1005002332892827
1005001494331984
32813439137
1005001816896906
32598034993
32634764061
1005002358077750
1005002476281986
32978463266
1005001705501159
1005002388395171
4000915591398
32654826557
1005001817067437
32809093341
1005001490663308
1005001793749101
1005002327268498
1005001899483132
1005001537653848
1005001373363865
1005001957505466
4001122301870
1005001418820278
32955425627
32964739586
32980806333
4001179014753
4000551726494
4000144643154
32849324698
1005002420459977
1005001406983162
1005002306643653
32754093296
1005001344939150
1005001581424627
1005001651953723
32693054556
32375359174
1005002365674609
1005002362525203
4001284106199
1005002388403075
4001162891646
32999400589
1005002096932974
1005002482718745
32834005303
32966344925
4000590125252
4001151322972
1005001831056190
1005002066418925
1005002379237834
1005002401011558
33040001882
4001220045846
33049658634
4001309435962
1005002387845263
1005002473159524
1005002272687525
1005002179942992
1005002300642477
1005002340566771
1005002033811463
1005002274071213
4000032839550
1005002077315964
1005002363710446
4000314134070
32899164509
4000915643601
32978664301
1005002394392382
1005001977498886
4000021473810
1005002095071543
32856191182
1005002400283214
4001079339880
32809450698
1005002023134664
4001220950912
1005002315330651
1005002420186364
4000955438003
4001279026018
1005002324895675
1005002260920208
1005001648043769
1005002417044014
4001075262352
4001240337573
32519821902
32872691488
1005001849795017
1005001804326520
1005002412895534
4000747961084
1005001883890629
1005002392975963
1005001327662647
1005001576916271
1005002090601054
1005001462519205
1005002136389721
4000777613041
1005002418515756
1005002454243711
4001209883487
4001176251099
1005002433075724
1005001621482278
32452138480
32889668291
1005002043327140
4001154383111
1005002245633860
4001204609101
4001110017326
1005002176383012
32974472100
32898047202
1005002192145934
1005001848919306
4000982997042
1005001614638398
4000111889647
33004353748
4000682911920
1005001362352729
1005002145166183
1005001487717862
1005001840837217
1005002240842049
32978574324
4001217427737
32998727101
32924917269
4000438739594
1005002434270794
1005002319231461
33038503391
32618401347
4000763264946
1005001963779380
4000410591287
1005002454832036
32949162333
1005001296072936
1005001437704888
32864257522
1000007406091
4001351473574
1005002346839658
10000004051679
1005001889043343
32825498267
4001037426208
32702791567
1005002363788690
1005002443282870
32962924034
32849192074
1005002259277278
32460257258
32847854044
1005002482652744
1005002314224505
32962068966
32764596617
4000998930131
1005002086166201
4001041077082
1005002408384335
4001038357573
4000919905384
32860274413
32566152370
1005002343963040
1005002344516984
1005002447435659
4000112942351
4001230881470
32665166063
1005001948326725
32921638049
1005001989642191
1005001419896016
4000006432572
32712266510
1005001901629926
32964039900
33056770293
1005001286346375
1708996390
1005001391985915
4000111786139
32964653955
4000716743908
32999188436
32846803780
4000850871439
33030542556
4001057832213
4001146329120
1005001906113239
1005002056305300
32806923213
32976251073
1005001670764790
33006270449
32891083989
1005002322465226
1005002319125770
32975765291
33020707957
1005001571961208
1005001526285512
1005002312130598
4000370138773
33000462548
32960656250
1005001627726808
1005001478074378
4001022259019
4000509389753
4001021255382
1005002390337184
32724546355
32852113118
937539101
32999503683
32906125478
4000161794289
4000945159869
1005002122472001
1005001774102137
4000137998751
1005002196498703
32946884568
1005002262885206
4000730598703
4001057266153
1005001835629150
1005001783595626
4000756426367
1005001560923319
33045471198
1005001906813286
1005002234771151
1005002341314494
1005002370867043
1005002316645146
32957328991
32848450643
32911028464
1005002412978366
1005001520306372
1005001479240140
32917881239
1005001852068056
1005001737057893
4000130962564
1005002359021719
32495067095
1005002002496375
32458912612
4000264236742
32855795848
4001039728234
32845900752
32975181570
4000809590497
32589657105
32822490360
1005001304398832
1005001557281011
1005001560766291
1005002358499447
4001270502765
1005002289045801
1005002077831700
32910879257
32969991657
32678167175
4001241662115
1005001495634708
32775142204
1005002242284939
1005002304331724
1005001811065301
1005002346623304
1005002034144353
4000112548048
1005002318485389
1005002475389280
4000414153446
33010201374
2020948005
4000888782954
33005502444
1005001272813090
1005001493331076
33014377591
1005002341752522
4000025280005
1005002433982015
1005002146048678
1005001289641870
4001078799528
1005001941263959
33011583025
1005001797004247
1005002387211295
1005001981132899
1005001708103251
4000344505957
4001285101442
1005002408030993
32893178196
4000097619824
4000238862778
1005001592020018
32822557118
1005001605315593
1005001463816681
1005002281080390
32987697500
1005001286255692
1005001364541374
1005001526315472
4000990466679
1005001458102229
1005001567049678
1005001298855918
1005002346422545
32819533163
4001255289618
4001114022986
1789180443
1005002039500687
1005001988899338
1005002264911547
1005001694249996
4001067887583
32484162751
4001339886146
32583359302
4000075445284
33029666971
1005001446587367
1005002392447793
33024070308
4001234040848
1005002335180997
1005001855811574
4000857855985
4000267588394
1005001632344102
4000539357524
1005002137628642
32961200511
1005002459514743
1005001284741229
32826159436
1005002150695352
32827827383
1005002314900846
1005002059955282
1005002341291480
1005001431283286
1005001835552277
1005002254380859
1005002482975132
1005002350753392
4000921128350
1005001889901326
1005001463863890
1005002308982289
1005002455117573
32851396605
33033704300
1005001339572467
4000828402270
4000008178775
1005002166839720
1005001808637136
1005002319034704
4001320712102
4001296985982
1005002454395500
32990537343
4000690468850
4000587140621
32704986723
4000742881805
4001161640029
1005001525384659
1005002239298434
4001061187464
1005001391275290
1005002444874125
4000545725533
10000138586408
1005001900305380
1005002314174538
1005002165857828
32885468076
32889360842
4001260192918
4000936324673
4001061933243
1005002215372743
1005002075178602
1005001286755122
1005002322228883
4000546595709
1005001736488763
1005001333532065
32966628727
4001039246555
32853540660
32962339171
32995785327
4000591390564
1005002361881380
32916078119
1005001309569337
1005001579458925
32700915949
1005001967825736
1005002304493103
1005001907493545
1005002333842389
32799387986
1005001840567505
4000073067917
4001120392766
1005002272460200
33027816265
32872921034
33020724878
1005001644107166
1005002386352280
32930899123
4001087954845
1005002449013122
1005001974029021
32257769300
4001236511748
33011617494
1005001575198777
1005001943106223
32952056553
4001162534177
1005001813984772
4000800355284
1005002109634999
4000711407253
1005002276178269
4001086375514
1000008236934
1005002367975412
4000816485252
4001134943515
4000074632306
1005001397579766
1005001588527563
1005002311550704
32948717444
4000790342712
1005002259863456
32933552813
1005002063800186
4000542808555
4001302325918
4001203114686
4000199010741
1005002333354712
1005002443363843
1005002006784891
1005002386700758
32827551297
1005002422904006
1005002052402989
1005002019293706
4000006532532
1005002495663024
33001002149
1005002467226321
1005002272191883
33051502748
32887470162
32838551185
1005002464806404
33058567992
4001003133716
1005002281205827
1005002241693285
1005002119828825
4001078947725
33027173698
32618438525
1005001500567028
33004414690
1005002294174720
1005002322235175
32920986173
32918824029
1005002245782010
4000386224146
1005002350270579
4001208131236
1005001813066879
1000006297899
1005001398980679
1005002319253381
1005002289436778
10000383426715
1005002038180523
32842492164
1000001657461
32981563338
32952129119
1005001873226867
32863959433
1005002180794541
4000222356376
1005002417995166
1005002234195555
1005002133737965
1005002239712541
1005002491031412
33021138455
32986763515
1005002255845538
32997625276
1005001864060075
1005002399864889
33005927472
1005001817886744
1005002363839114
32856694436
4000040138704
4000921604154
1005002271084828
1005002377438428
1005002312703436
4001262895736
1005002238838528
1005002124196962
1005001773603872
4001179839073
32952696387
32890215021
33058066802
4001015635535
4000625601427
1005001882380968
1005002377393370
4000807978958
1005002106005189
1005001894638760
1005001830264853
1005001799301664
4001149584548
32736539423
1005001592487005
1005002314228936
32334339995
1005002351579963
1005001512841951
32803191088
1005001487073152
1005001656874375
1005002358960751
1005002421232376
1005001466405305
1005002439194328
1005001930128998
1005002348144633
1005002352398018
32625547636
10000315924875
1005002488326574
32903736535
1005001732358135
1005001838603839
4001339475376
4000600052333
1005001997920363
10000334144958
33001760286
4000855781117
1005002292074120
4000409966865
4000794092281
1005002304408047
1005001878735943
1005002449788079
1005001923632318
4001347098838
1005002054251811
32791632008
33021702631
1005002321855826
4000099221098
4000139414745
1005001686017364
1005002258451817
1005002449491988
32974952555
1005002337192333
1000008129265
32881435278
1005001591189287
4000199938127
32839811131
1005002476085044
1005001552680742
1005001628158709
4000618789356
33043061003
1005002316450713
32742895914
1005002258502302
4000866503760
1005002302817564
1005002318862211
1652225712
33030504853
4000919907401
1005002264956853
1005002124697992
1005002313062478
4001257475015
1005001694114037
1005002475555284
4000085498076
32945912585
32982980598
32847082129
1005002394206385
4000563056403
33013795363
1005002355703764
1005002259834290
1005001462244190
32792835917
1005001471876525
4001159928134
4000369929680
4001269504925
1005001921073455
4000672265433
32672120523
4001137768371
4000032287409
1005002207557515
1005001451089613
1005002000328235
4000432691809
1005001880505215
1005001816996569
32876838327
1005001750537469
1005002474058081
33010192551
10000179188111
4000150402317
1000008304481
1005002311880391
1005002314389390
1005002112721126
1005002009299415
4001186935750
1005002279140482
1005002363269517
1005002240205883
1005002004103676
1005002412127559
1005002332561373
1005002316160345
1005002348589245
32266531905
32534907829
32952137916
4001192887509
1005002399090625
32852402170
32882219080
4000401596970
32919626986
32871771825
4001236426809
1005002237941674
1005001508405007
1005001873383117
4000460334394
32978324354
32824243403
4000073892605
1005002466154933
33014347094
1005002371706048
4001047232666
33048653132
33026349515
33049940628
32701632877
1005002407869882
4000167098331
32926342746
4000087448525
4000210347350
1005001374949591
1005002245820308
32883146132
1005001450278333
4000112061472
1005001885671938
1005002453897997
1005001997756768
32997949800
4001279019047
1005002399519740
1005001570956169
1005001559825618
1005002317751603
1005002274146456
1005001651993454
1005002079194976
1005002034653201
32977146894
32917814866
33008234651
32611001337
1005001645036436
1005002253870460
4001175112963
1005002215525663
33001218788
4000923841809
1005002122411733
4001108574556
4000814654364
32991184244
1005001836139065
4000931797377
1005002309525105
4000641332698
1005001763302928
1005002038565673
32990359704
1005001592615542
4000114042090
1005002412267236
32955307651
4000115346316
4001270616092
32905838235
32917401054
33039017074
1005002320699764
1005001602305957
33012362237
1005002322003451
1005002364097639
4000668542182
1005002364614070
4000061003858
1005002432668881
1005001406144250
1005002287429631
1005002330210900
32843672750
4000355962871
32997105964
4000723974196
32859310682
1005002197302236
32808900597
33005644630
32603209306
1005002357273016
4001084163796
32632478024
1005002255592634
1005002329836442
1005002288258462
1005001373572872
32857025234
32891775731
4001251063855
1005001813217154
32885050237
32959558276
1005001638762998
33027820460
32832281096
10000292900970
32902749758
32688779506
4001170776430
4000298895247
1005002352223807
32962380308
33024211549
1005002298568453
1005001644017032
4000431189943
32800918762
4001360898316
32994924716
4001332292007
32920174459
1005002275548413
4000635897882
1005002320959632
1005001975074166
4001154611073
1005002224588844
4000850438758
4000096053483
2027330897
4001190078329
33015690912
1005001373407777
33002593381
4001013227558
1005002447782579
1005002076318329
4001224604390
4001172156855
1005002312199235
1005002440809500
4000019637121
32777300673
1005001457073443
1005002359771227
32825651993
32845227609
4001278982189
32889344719
33030135448
1005002293734434
4000545939467
32908899729
1005001896796938
32687429345
32894852594
4000801749283
4001197285537
1005002321012161
33002638797
1005002420049131
1005001932980239
1005001411356944
1005002265412363
2011075611
1005002079252153
4000475948014
1005002321060208
1005001781715314
32970893904
1005002401403950
4001216716715
4000189851439
1005002425097953
1005002304082549
1005002346747227
33057881005
1005002413414937
4001299299069
1005002457729313
10050022522333731005001851389864
1005002466357531
1005002301469281
32961883873
4001214261538
1005001914989454
32453798777
4001208924247
1005002263690775
1005002427398310
4000589705958
1005001742577659
4001310906056
1005001391616984
1005002468790011
4000539843877
32998499193
1005002159459929
32958729932
1005001360422593
32905726952
1005001536657242
1005002243994374
1005001921870557
32857496294
1005002252965420
32874494998
32819695790
4000554342205
32986431940
1005001592310424
32775493002
32882873638
4000836311348
1005002288725869
1005002492246994
1005002141250605
1005002323621417
4000437002163
4000725222864
1005002413003575
1005001598994701
32722815629
1005002368386220
1005002317394542
1005001379828738
1005002131400003
32319425493
1005001468835654
1005001556232471
1005002063403986
4001022964647
4000072270783
1005002341199280
1005002462785643
4001038422245
1005002333233405
1005002306246280
33042716622
1005001350136144
4001139146442
1005002272345633
32912659118
1005002328544551
32912503318
1005002411251088
4001197248324
1005002346950262
1005001781107220
1005002318098050
1005002133314010
32824992053
1005001414162310
32841174770
4001186163575
32840215301
32879072075
32994537003
32815302809
1005002347240861
1005001929402400
32845256176
4000368715191
4000735132990
1005002233373274
1005001507390982
1005002288457674
1005001286724194
32853041754
1005001426232328
1005002052387599
4000115449386
1005001706239255
32459451282
1005001678480720
4001190114579
1005002454527073
1005002303067024
4000118750401
32976295418
1005002345877879
32975581246
1005002314410132
1005001538850102
4000267900793
4000791707730
1005002301222173
1005002060196996
1005001658170004
32969101337
1005001885427732
1005002371677841
4000426549173
1005002061382401
1005002244796776
32803277803
33043503202
1005002416552727
4000129583504
1005002448444496
4000214052084
1005002374510135
1005002194118334
1005001699622021
1005002443731147
1005001680946608
1005001901909419
4000907227470
32832619997
32930520164
4001039212565
4000544531917
1005001612184267
1005001998398358
1005001515821665
4001101211588
1005001446667000
4001255233783
32852881987
32976409209
1005002276916955
1005001831718221
4001234596155
4000296646728
1005002316942487
1005001862279957
33059414858
1005002189886931
1005001393085231
32781285822
33047755212
1005002293615276
32983386255
1005001381275148
1005002484875766
32616570008
1005002399810614
1005001515845899
32513692163
32906132015
4000731306890
32861257344
4001066040878
1005001936228412
1005001975454052
4000680686763
32914279367
33051640538
1005002307869022
1005002129379500
4000006248006
1005002413562883
1005002258848833
32922920553
1005002191679748
1005001630816651
32949216187
4000893138039
1148876534
1005002206643360
32797905375
4000528327891
1005002414363703
1005001551984217
32861656187
32859360343
1005002362069067
1005002097344943
1005002312017469
1005002427839212
1005002272144433
1005002328054394
33019980273
32855599939
1005002409342480
4000561617654
32957714562
4000185795358
33027574942
1005002366102784
4001143057786
1005002381640971
1005002283667086
1005001310397510
1005001520093712
1005002275712180
4001069070231
32829158985
32516768351
32848150291
32958232885
32979954862
4000519737185
32794065570
1005002388396091
33057807427
4000711455638
1005001429641616
1005001353651061
1005002296232509
1005002083958390
1005001495019282
1005001431757880
4000079710782
1005001506370494
1005002474639980
4000559818205
1005001327567434
1005001848259081
32750557243
1005002260038829
4000271657386
32629936182
1005002089023357
1005002310956525
1005002377345187
4000405342422
1005001768438496
32981009311
1005001481906113
1005002318002528
1005002430302555
1005001412497073
4000223969572
1005002066227866
32691130248
33027812785
1005001940953987
1005002364822604
1005001505633267
33034922420
1005001689381574
1005002453258032
1005002291504869
1005001364875715
4000271831263
4000161184845
1005002073756859
1005001963601433
1005002237940930
4000061415132
32364184758
33037485137
4000090080456
32986195442
1005002239287655
4000162691213
1005001315256601
1005001482273679
33007435929
4000474691506
33003779915
4000701205672
1005001699516664
4000765233108
4001303676123
32907013249
33057839867
1005001776478726
1005002440792895
1005002399004850
32641761845
1005002474936066
4001117886084
4000868032927
1005001425532898
1005001397351536
4000437491017
4001153563069
4000435581511
4001028939369
1005002260117127
32822546715
32847725004
1479202141
33014883638
33006204227
1005001887811133
1005002337388489
4000826257715
1005002306556972
33011834061
32853982429
4000077608454
1005002395957494
4001354877996
4000311204898
4000791421190
1005001505975080
4000589812697
1005001966696973
1005002282083778
1005001962962567
4001344955727
1005001817189867
1005002333921640
32978420584
1005002225050785
1005001435685856
32809149576
32898245274
1005001894656009
4001268067466
32855738431
32738912237
1005001807455151
1005001385935004
1005002278943380
4001275462165
1005001292352887
1005002427179139
1005001432017115
4000085932347
1005001273905949
1005002408813634
1005002468990378
1005001910517037
1005001633306168
1005002415777594
1005002246494219
1005001845214138
1005002341432780
1005002122278713
1005001865071982
4000481236141
1005002440134368
1005001463792274
1005002423603840
4001014242475
32963231899
4000716539687
1005002443184058
1005002166685001
4000537979376
1005001874215674
1005001656843080
4000868365299
1005002283061681
32790414758
1005001424830983
32802516002
32763475052
4000218761615
1005002412464579
1005001603809691
1005002302438548
1005002466216498
4000467619173
32967431117
1005002314646493
1005001469208844
4000938455051
1005002494298335
1005001612251007
4001360490348
4001208862792
1005001639365507
1005001930941042
33015630028
32959529877
32790791530
32833430262
1005002335171643
32885272338
4001115735123
32975524121
1005001501240182
32605442919
1005002083719935
33008777376
32799104969
32855299156
32463868474
1005001615249489
1005002360184021
4001214634011
4000258031383
1005002018744087
1005002383878719
4001187052451
32804969762
32261476916
4000242727658
1005002330422756
1005002276033918
1005002185306040
4000811178225
1005001355687065
32994390031
32900338852
4001282668213
1005001487797417
1005001598506925
32907351235
1005002033763815
32960242006
32965659743
1005001907150116
32834333336
1005002304075942
1005002275749404
1005002500498773
1005002396402678
4001244833407
1005002321890307
32718389552
4000377655494
32856274256
4000272773992
32900066295
4000267795014
1005001563694100
1005001899485577
1005001429224026
798197690
1005001545260538
1005001841090410
32865941910
4001289316542
4000317647814
1005002260393216
1424271073
1005001349594659
1005001557284600
4001106379439
4000883995080
4000326536550
32992892559
1005001471068089
1005001585132516
1005001834395072
32500189479
4000699364224
1005002477674768
32851066704
1005002362863734
1005001584949430
1005002318318057
1005001731341713
1005002367598518
1005002122467102
4000780013849
1005001519372345
1005002459734498
1005002094551550
1005001983024782
32755610929
1005001678151241
32852595801
1005001802517679
33006959675
1005002485897181
1005001458066010
1005002453583781
1005002286467884
32701470329
4000699584084
4001038198938
4000954052774
1005002431750670
1005002313156120
4000466666283
4000595826250
4000088369043
1005001709837199
1005001411530179
32876102122
4001217026768
4000221160887
1005001620172871
1005002357446844
4000760165701
1005001671175733
32486533713
32705588028
1005002364516732
32900685032
32974180400
1005002369294371
1005002459758231
32960191464
4000482831936
1005002198632271
32910134516
1005002246859209
32907740627
1005001946877324
32263755174
1005001288520855
1005002033866821
32872867805
32952967126
1005001804109940
32807995050
32958045807
