10000402346337
1005001501014810
1005002328073962
32923519282
32823216948
1005001285104925
1005002306986198
1005001622026731
32951468141
4000231693796
1005001774846838
1005001845714452
1005001891786826
1005001325474515
1005002314382215
1005002313294719
1005002375037677
1005002401059571
1005002416680988
1005002314434002
4000245374025
1726290084
4001028396229
32903298958
1005002282588017
1005002283412850
4000117800670
32848968961
4000090179130
4001269027216
33042705795
4000850173311
32827792338
32994105210
1005002164812203
32906398414
4000960993104
33050630068
1005002478628767
32975108728
32996919072
32831995706
1005001841510583
4001255915419
32972786865
32959824821
1005002427534206
32831856795
1005001823133176
1005001736250950
32849598109
4001167579251
32967523728
32997637709
1005001967463563
1005001816979154
33001434616
4000530017291
1005002228567748
1005002473934158
1005001698465837
32806475010
4000955656840
1005002288564932
4000317974967
4001301597691
1005002246336820
33014319132
1005002372756097
1005001404887072
1005002419817008
4000608549848
1005001982417208
1005002314747060
32927609632
710456345
32855329537
1005002383484113
1005002397845165
4000118704720
4001015201342
32998221235
4001290629001
1005001488955120
1005002219329829
4000771249923
4000206840027
32911498604
32888740894
32862821044
32844184949
10000003971937
1005002325545606
1005002364656882
1005002341985449
4001163806495
1005001803157185
1005002049402221
32761024398
4001145708179
4001222949691
1005001694113770
32991808802
33014559596
1005001920840871
32852046159
1005002377722249
1005002461262657
4001092212783
32951387266
33008784701
1005001856068492
4000546700471
4000764903735
4000693644267
1005001899713641
4000905524387
10000059411334
1005002031867261
1005001834213953
1005002089477361
1005001813637612
32887637792
1005002433200749
32345716633
1005002311162128
1005001333186200
4001230800727
4000850628985
1005001525971195
1005002462262043
1005001321879605
1005001270791953
4000372228698
4001291782124
1005002318306724
1005002190663389
32809448395
33002788608
4001153988658
4000197655469
32980936601
1005002492746106
32916354822
32929433990
1005001713012340
32941879981
1005002233168389
1005001302727509
4000569943277
32948832057
1005001708941480
1005002012514411
32712866855
1005002444018992
4000295568531
32763245487
4001114926484
32618931681
1005002318451258
4001233056043
1005001321564469
33048955849
1005002439570476
33043549494
32458508459
1005001469877327
32847506255
32967390828
32410355469
32965126376
1005002409568860
1005002180676045
1005001798039856
1005002314027454
1005002277534564
4000636728250
1005002228279746
32813573242
1005002454245723
1005002347298881
1005002015164728
32855077490
32623581187
32869883306
1005002302463076
1005001540023643
4000467564377
32737303392
1005002449551912
1005002311253436
4000203223617
4001286958550
4000443506455
1005001305082279
1005001848324179
32560439048
32470996415
1005002475784527
32953025195
32961588554
32859395991
32917384696
32806126211
32936639901
4001307919542
32926999115
1005002228216863
1005001522076324
1005002278966926
1005001489643664
32963096998
4000414888186
1005001350357631
1005001770339573
1005001594685377
4000201592035
4000292985645
33023811771
1005002371702602
1005002454317525
1005002121711669
1005002374952866
32861305785
33002918103
4001270462702
32731027071
4000034406364
1005002389172258
1005002197048158
1005001870417354
1005002323547398
4000005550159
32956569533
1005002333299495
4000984236184
1005001896589943
1005002339348735
4001238570355
32903214282
10000239909385
1005001812786440
32983620270
4000084805715
1005002115891796
1005001939811489
1005002039818762
32845849423
4000286929328
32886264756
1005002145164653
1005001840024603
1005002417826707
1005002322588710
4000645352679
1005002395161005
1005002417108112
1005002263678936
4000828277645
1005002111754083
33038433081
4001031406842
33002947285
1005002281236414
32728279360
1005002122502505
1005002246276808
33053648379
1005001419858451
1005001889673691
1005001630457590
33059773202
32984895197
4000237757527
1005002390973739
4000342972763
4000648271594
1005002317988830
4000281787705
1005001576895194
32911043118
1005002307653641
1005001515917861
1005001952828611
1005001413466601
1005002292716650
4001197474265
1005001393109162
32843626733
4000733832555
1005001436261006
1005002100261132
4000693593289
32908672420
4001270158716
1005002350947587
4000144491228
1005002074118899
4001028725800
32893263312
32311689397
4000850244406
4000627338229
1005002263013371
32957405633
33063563776
4001205090383
4001181392015
1005002219996056
1005001605343762
1005001998881785
1005001734038454
1005001463977683
32982957162
32871170466
1005001985305803
4000506559477
32959719451
4000850220138
33014015535
1005001818867419
4000860006007
1005002389534943
4001098537791
32918481826
32972595719
1005002310528579
32952187966
33049792538
1005002304657896
4001025381537
32964338409
32602818737
33027521581
32810418131
1005002268226059
4001193020766
1005001447998372
1005002095640225
32769421920
1005001781140082
32834626602
10000279109344
1005001701129946
4001036635548
1005002381459626
1005002001718137
4000037586034
1005002393041143
4000181250827
1005001966237891
1005002327750913
1005002026727325
4001186915112
32893823323
1005002473605136
4000132932565
1005001884568683
1005002007938547
1005002259417556
1005001701097462
4000031541779
1005002467093408
4000709177390
33043311623
33036476182
4001295004786
1005002241569927
1005002280964397
1005001848780865
1005001621716328
4000489743377
1005002282155975
32998254292
4000342839797
1005001588210374
32902339471
4001055582234
1005001555241000
32849102301
1005002263797510
1000007406613
1005002339512557
1005001730554946
1005001707771608
1005001894674245
1005001631494718
1005002224600649
4000602496842
1005001877473133
1005001586240935
1005002491430119
4000932519045
4000811150391
32871667117
4001255272546
1005002418394331
32675813913
1005002258955910
1005002134865515
1005002474882609
4000755715964
1005002367643018
32850983473
32862974362
1005001607735680
1005001571439649
1005001818869307
1005002254834820
1005001793068844
1005001418182910
32990139811
32521264990
32956859223
10000399162412
1005002491159946
4000093339853
32832444327
1005002309688230
1005001382247183
1005002266521068
1005001496259146
4000099732225
1005002264165922
1005002443683155
4000635478953
32974945757
1005002174970408
1005002315367586
32972385727
4000899900912
1005001332843566
1005002419536489
4000955863016
32762064325
32824698059
33059836314
1005002101314704
1005001441425357
1005002276886912
1005002443593883
32595825566
4000494330103
4000771008729
1005001319926462
1005001377154185
33003276025
32846799573
1005002340627950
1005002063903866
32857621044
1005001788645561
1005002269009343
32903546745
32920863039
1926563917
1005002104905830
4000405155807
1005001302485673
1005001804732133
1005002369804180
32839662940
4000735400474
1005001903513640
1005002440220332
1755162391
1005001941372482
4001142591596
33006180739
32513116291
1005001793370826
32391107513
33054193923
1005002315142851
1005002259301347
1005001773063140
4000038068767
1005002349700493
1005001614189076
32928977338
1005001304749211
1005001878026688
32901144657
1005001982590936
400084988192910000188748663
32865577521
4000626945756
4000723275958
4001333519317
32858682917
4000083552919
1005001854163559
4000414632830
4001226737578
4001287110894
1005002289643746
1005001339287869
1005001718017977
1005001632480414
4000287710295
1005001615568120
4001105285909
1005002484605182
4000884199365
1005001909182605
1005001285786627
1005002392682946
1005001867367614
32629267239
4000105840434
4000628060715
32855170513
1005001758384035
4001037899261
1005002276414611
1005001913177047
4000864508405
32951962645
32958498086
1005001927693252
1005002340720886
32996548186
32869907475
32809584156
1005001501286459
33062782439
4001165684429
33016700723
1005001893947452
1005001697724430
1005002348455539
1005002418342381
1005002275258423
1005002394188363
1005002393255167
32750300287
32954212836
32952915843
32876073606
32794195666
32785308967
1005002339555041
32977199971
32921944977
4001284076573
33063579879
1005001807041057
4001190112297
1005001656989857
1005001961852130
32797720525
4000074003678
1005002248727324
32830008853
1005002116352120
4000887507390
1005002107896113
32998946931
32840451882
4001112841928
4001043507734
1005001693295629
1005002363949942
4001315484782
32860907533
4000657112822
4001088367247
32933195567
1005002242996718
1005002036249515
4000599412207
1005002350716366
1005002340236913
1005002399038179
32917742721
32679949604
4001278868496
1005001586365099
1005001591469401
4001162718146
32975871424
1005002333882623
1005002300078057
4000073868557
32982793598
4000269429971
1005002404405721
1005001408077614
32917750905
32850894043
32985719561
33007747019
4001161093014
33041109174
1005002172804945
4000818041861
1005001646751216
4001234442810
1005001413086718
1005001603628482
33028564760
4000990790657
1005001297215160
1005001413209851
4000330074070
32868149826
1005001803727670
1005002376432618
4001185984183
32846709429
1005002448932160
1005001948457361
32901082890
1005002252835144
32350170054
32998508032
33051417474
1005001570333005
32829304095
1005002311419180
1005001657987245
32959186994
4000885165744
4001159407183
4001054536850
1005002234526317
1005002336475742
4001056681516
1005001670781759
1005002365235121
4000811020309
32861087846
32817810937
1005002224478798
1005002480174801
4001088093415
1005002375952344
1005001406965001
4001015131488
1005001908449875
33057332758
1005002333661612
32814080129
4000974390570
1005001527674639
32366838289
1005002317431292
1005002230163363
1005002326313685
32853651314
4001136109104
4001238447237
4001104777249
1005001545075793
32996807120
4000536823953
1005001537436691
1005001794125058
1005002245325161
33020876290
1005002380321321
1005002128386007
1005002417850825
32909521759
1005002258082859
1005002259475605
4000036315518
32963935004
4000311591136
32961393052
32681338798
1005001878600680
1005001370884982
1005002238146017
10000009705865
32953562850
32973315581
32860886059
1005001682939873
1005002443522580
10000395909329
4001295906262
1005002276611630
32697065183
4001214144996
4001080209749
4001210181800
4001130928841
1005001468050339
1005002460073789
1005002303352370
1005001381482953
1005002383061202
10000012905347
1005002281981134
32992939208
4000714696349
1005002168150356
1005002301457858
1005001908364196
32973831506
1005002424192858
1005002347264592
4000244736704
1005001817327475
1005001836396469
1005002091482807
10000179970734
4001174612455
4000196385612
4000434454855
924163531
1005002371741579
33030649005
32886551127
4000736104737
4000179989888
1005002157566999
32705116916
32917591370
4001052626132
1005002224835707
4001189048955
1005002095838726
4000231226539
1005002228188800
32530102508
1005001515363608
1005001703269765
4000994294239
32515233145
10000416530401
1005001813448322
32948557396
1005002394055782
4000113921473
1005001613136572
4000562695011
32868445500
1005001954924295
1005002340557990
4000920009957
1005001865054240
4000552117494
4000132607992
4000954981156
1005001813693391
1005001566686490
1005002340802349
32991127521
4000187627401
1005002075058679
1005002307085672
4000264517294
1005001952074972
10000395950139
4000527578727
1005002398434731
4001118253104
1005001459989763
4000360000108
1005002072692724
32632627362
1005001905716151
1005002180355850
4001000402697
32886998883
1005001287437827
32975863059
1005002454349187
1005002298988765
1005002237590654
1005002292566697
32365020821
33040580755
1005001280492825
1005001614265756
4000781661094
32960778078
32888916878
1005001349993627
4000030434625
32971888882
1005002054294774
32844972862
1005002204750939
1005001489196355
709504696
4000938227303
4000804312204
4001187020900
4001142986114
1005002051912043
32248160844
1005002454272983
32840550540
4001154995898
1005002405738157
4000807861260
4000155879090
1005002473715943
1005002366488167
4001014574047
1005002488939304
4001198134141
33019871912
4000666880469
4000960542932
1005002337716604
1005002083941452
1005002431630288
4001340507478
1005002446684981
32833287991
1005002088554737
32987546024
32982206836
32820125602
32696061038
1005002319252950
1005001346436875
4000718344335
1005002318841455
1005001918346107
4001226037512
1005002317073501
4001203132960
1005002425241783
32962946972
1005001750382039
1005002144541124
4001272384842
4001251336892
1005001804403646
1005002065047549
1005002238848210
32948537186
1005002327231781
1005002346838705
32666949990
32831694487
1005001553200872
4000598959733
1005001843800029
1000005364329
4001272367015
1005002313086236
947586971
32534067840
1005002443570150
32828527076
1005002400171324
1005002405569415
1005001749744977
32801652362
4000641248598
1005001689265528
1005001497255180
1005001625126350
32949679845
1005001433620204
32968901505
4000657034467
32865627029
1005002019156214
4000117980284
4000666037441
1005002372559004
1005002485387033
1005001843831652
1005001693699419
4001190557541
4001249070506
1005002485868586
1005002443028919
1005002324134151
32861656163
32827722218
1005002364442691
1005002489703547
1005002468080453
4001177930590
1005001469386466
33027088912
1005001929967207
1005002336244117
4000917815019
1005002342908016
32849704361
1005001569989947
1005001616692367
1005002438407074
1005001949973088
1005001508403015
4000751952022
32721652299
4000443390014
1005002043999396
32986643343
32854549191
32847397517
4001333672619
1005001678016422
1005001349507860
1005002277732624
1005001968968570
1005002395507926
32606837091
32919094145
1005002363321186
1005002296718806
1005002256600905
4000505696432
1005002317602661
32872443421
1005002255131191
4001238335761
1005001640554241
32696413288
1005002168159700
1005002387561931
4001017536196
32696058324
32806919689
32574778216
4000960551903
1005001357462213
4001155337537
32917544985
32844303721
32840975343
4001048865185
1005002318089104
1005002328697817
1005002314295489
1005001703829537
32744835305
32829707381
32951101493
32847360595
4000704244482
4000071013536
1005001644871531
1005002289026788
4000544201514
1005001457999380
1005002197454622
1005002499307576
1005002428445736
1005002289576869
1005001968893818
1005002170578121
1005001642694983
1005002099383272
1005002475920820
1863050091
1005001773186633
4001326067724
32790785144
32817728409
1005002227935236
4000707523741
1005002014708484
32671879920
4000597253748
1005002488096765
32991865024
1005001769831061
32985983559
1005001770011092
32793506625
1005002108769551
32670577320
1005002319844650
1005001831735058
1005002408298864
1005002376703685
1005001934640699
33038102119
1005001621376979
1005002300049561
1005002357715698
1005001769925315
1005002277905610
4001053198937
1005001297058461
32848076446
1005002467000872
1005001432214014
32965824055
1005002262252857
4000689264705
4001200504908
1005001520210809
1005002305942465
1005001313944339
32822790183
4001088447546
1005002413281477
1005002228017019
4000629063699
33048804540
1005001950161310
1005001899514065
1005002430764913
902564834
1005002090742803
32581109191
1005002447486017
1005002447125577
32758708139
1005001742615215
32779482353
1005002358271322
1005002254296433
4000253313178
1005001983219600
4000843256274
1005001439388487
1005001631338417
32966299988
1005002312558343
4001245035116
1005002317617366
1005002447856322
1005002395096870
32869671327
10000313551734
1005002314137933
4000129779863
32397645241
33009004753
4000808571783
33059609454
32940719925
4001016680255
33008970716
1005002400066666
4000169728807
32889667006
1005002240522995
4000116724244
32861048204
4000261118780
4000903700866
1005001966292421
32606774138
32936017421
1005001708203439
32984722217
1005002187818885
1005002361946404
4000726886201
4000533590415
4001308912901
1005001838119662
1005001586851201
32492217634
1005002116661418
32978809594
1005002357371808
1005001856959124
33018207477
1005001447239712
32913772058
1005002396636090
1005001777705512
32921106658
1005001596706430
1005001882193646
1005002337312655
1005001670946238
1005002003458802
1005002433449752
1005001490250388
1005002357894958
1005002433254972
4000450656453
32910541899
33008306079
1005002404809508
4000703303856
1005002084364682
4000602237099
1005001918806064
32919238754
32878104601
1005002107148303
1005001880440716
32975816608
1005002394911306
32916501001
32931410282
1005002476649992
10000023287105
4000934808209
33021950391
1005002205787839
32957284401
1005002322872257
4000869478668
33045789042
1005002350792691
4000938399660
32860760613
1005001533598604
4000079070431
32611160551
1005002398828866
32811659906
1005002312334491
1005001476460330
1005001350795531
4001039323500
4000792686867
1005002345025339
1005002500396601
1005001692846241
32965184373
1005002039137931
1005002124346937
32813535307
33061122490
1005002271558126
4001137102177
1005002319084753
32297336665
1005001889871363
1005001713868914
1005001520431297
1000008235222
1005001714213833
1005002015391261
1005002490462411
1005002347386000
33018234798
1005002465973270
32914447322
4001221215724
1005002164373101
1005002313656773
32912784427
1005001386647434
1005001868404906
1005001794161178
4001219653511
4001333536609
1005002176572545
32881622492
32901145376
4000755365685
1005002304272248
4000175089261
1005002344563464
1005001734556613
1005002208174530
1005002301949514
1005002420146976
1005001775055225
4000780405932
1005001869580735
1005002400852386
1005002136863053
1005002426522348
1005001447874431
4001062086892
4001071565397
1005002112069925
32870154624
4000112515465
4000738923745
4000849720774
4000440473464
1005002340646024
32913525501
1005002224014087
4000206121921
1005002324107200
4000973182533
32413155554
1005001550012012
1005001978325352
1005002206659652
32894758921
1005001494883836
4000602217207
1005002311663587
1005002334791179
33002562780
1005002335753252
1005002027078353
1005002344998985
4001205050455
1005001354504207
1005001303347328
4000638204711
1005002329628881
1005001278561367
4000990811540
32262857925
32872783253
4000906690957
1005002275504676
1005001603062317
1005001948653920
4001194490818
32962497498
1005002372208718
32968538984
1005001940198545
1005001321868711
1005002464267909
32978992300
1005002350574688
32790855911
4000691039978
32637481303
1005001757649239
1005001348636966
1005002490638450
4000993613548
1005002309209790
1005001265572598
32969643263
33024757893
1953027293
1005001709411406
32997649121
32956797119
32662836071
1005002321058475
1005002205722688
1005002238043619
4000133438117
32944205028
1005001296363887
32945711827
1005002449386973
32860049264
1005002442316648
4001088530139
4000244424219
32921279141
4001077484367
1005002343687840
4001037813196
4001111978784
1005002469143967
1005002409867739
32979345672
1005001287869668
32889878216
1005001888233368
1005002364374883
1005001349791107
4000039607018
1005002315971098
1005001423899304
32805398302
1005002332150486
1005002221887348
32575722648
1005001429973942
1005002259540462
32269817571
10000397747610
4000886140439
32852257674
1005002111433413
4000689392994
1005001323502794
4000686884976
1005001499429557
1005001885128621
4001358488528
1005001968374935
4000096102452
1005001634883153
4000843008126
4000134571834
1005002386982097
4000533006055
32966629387
1005002316615250
32879734043
4001184625013
1005002307087981
4000302751934
33015718369
1005002240611387
4000532371657
4000656863875
4000124466589
32825799045
32978406281
1005001957860726
1005001704012894
1005002287255578
32961551587
1005002369191813
4001061827738
1005001469037094
4000087945339
1005002353421759
1005002392431575
4000771185162
1005002099404153
1005002290857887
32835325741
4001299784045
32897015653
10000396905091
32922143437
32886844396
4001240242649
33046288530
4000852601623
32602965139
1005002357262914
1005002362603861
4001271872503
1005002313587633
4001359098860
32923926461
1005002273603192
32810674201
4000661099841
32807805265
32897140802
10000395834680
10000212634286
1005002232100483
1005001585884727
1005001867245706
32888141818
4000315383607
1005002283842769
4000769443275
1005001565105131
4000525383048
1005002362318100
1005002349564119
1005002307444314
4001183979016
1005002364561447
1005001432732652
4000311741188
4001343843266
32666741015
1005001838102413
1005002316165829
4001362534696
4000159250698
1005002399009273
32979356795
1005002131870640
32714920318
1005002483412625
4000240788291
4000489283430
1005001636395747
1005002107274403
1005002239708276
1005001892472558
1005002315324720
1005001717957576
32879473735
1005002122568210
32831224743
1005002304792839
1005002379964005
4001364319801
32993461572
1005001984604226
1005001990610697
1005002330668795
1005002203642954
4000843010367
1005002277823419
1005002387035843
1005002419067406
1005002292369491
1005002408795899
1005001579252570
1005001437218586
1005001799260730
1005002430226612
1005001869638383
32889332098
33003665524
1005002354056621
4001049191717
1005002217757178
32810947403
1005001811827596
1005002422620741
1005002232699491
4001221244005
1005002361675264
1005002477023318
1005002368937142
4001365375135
32919843007
1005001625461275
4001346045297
1005002394559553
4000776487989
33013057741
4000370068628
1005002399670670
4000901823985
4000307800863
32912791515
1005002341286634
32818907367
1005002198463149
1005002337672182
4001131919982
1005002085055082
32980674693
1005002443056505
4000785413762
1005002284850181
1005001567364323
1005001933294698
1005001717624378
1005002225199359
1005001640380350
1005002357592090
32946244744
1005002383874421
32796652834
4000777553153
4000555065071
1005001273680693
32955735759
33054100378
4001230964001
1000006764345
1005002357988333
32875727263
4001309267215
1005002418960088
4001267394323
1005002006266460
32778767282
4000189908893
1005002291009457
32613769957
32960010231
1005002408067239
4001296305570
1005002233819315
1005001926560154
4000193106263
10000395260537
32855064218
1005001701056525
4001266109054
1005002264517545
1005001883170079
1005002214256046
4001274485229
1977246091
1005002268447276
1005001645550467
32915722941
4001014992190
1005001900341878
32864592257
1005002377295608
1005002051987532
1005002260005023
1005001930126639
1005001865898794
4001000001675
1005001946512054
32923848337
32982536310
32967012765
1005002337229051
1005002131974850
1005002334272308
327820549511005002132685280
1005002352436363
4001241446756
1005002399365388
33022649951
1005001663847766
1005001900006437
4000244555495
32356578063
1005001812164497
1005002313351958
32946819937
32843895662
1005001787126786
32728860851
1005002232722689
4001280140082
32839425376
1005001557006505
4000308810030
1005002280631255
4001231427131
1005002385141024
32301554787
32828366815
1005001382390222
4001094503095
1005002421092967
4001107410516
32966513635
1005001502826214
1005002028774984
32390340877
1005002148674572
1005001692764479
1005002313353671
32817559446
4001285373482
1005002324917852
4001118140252
1005002460137612
32699006253
32954450366
1005002483926593
1005002346308914
4000886243955
1005002298839438
4001211060308
1005002219341955
4000684652807
4000863898358
32843506395
1005002307742125
1005002314380320
32952014375
4000499339427
4000907694957
32841742379
1005002365518700
1005001484734616
1005002426803641
4001228671044
1005002212197161
10000334390569
32847630231
1005002398802111
4000138255508
1005001774732261
32924817845
1005002269529120
1005002329932788
32844996853
1005001345859929
1005001678720100
32836377380
1005002375859166
33037610580
1005001949486807
1005002430830915
1005002287109464
32627162619
32883148453
32998668028
32964374953
1005002314394273
1005001327703861
32949690548
1005001690121746
1005001649272600
1005002246853583
1005002006233944
1005001721774758
1005002049952092
1005002389721573
1005002219383157
4000248676071
1005001312865596
1005001592011048
4001090154802
1005001279837227
4000336724758
32250411436
4000289449933
1005002269063104
1005002463273399
1005001838554690
4000197025322
4000685559076
32999147168
4001089379261
33011494647
4001114297041
1005002439862826
4001048052889
1005001457463620
4001041165030
32800089518
1005002329792655
32605472881
1005002168236411
1005002356710367
1005002271989688
1005002239374922
1005001393275769
32913573385
32858718192
32968080874
4000224490449
1005002388077467
32990850524
33016340351
1005002291449354
1005001626814425
1005002144398682
4001193790725
4000098735455
4001056034821
1602029378
32986271237
32809539759
32827197543
1005002330435651
1005002278809265
1005002122484147
1005001973831306
1005002326441894
33022088750
1005001418002555
32805797769
32770007075
1769602617
4000449792871
10000399950515
10000332233367
1005002071125069
1005002314494484
905506710
32860114731
4000177309907
1005001627181351
32856742570
1005001393111885
1005002316904268
4001205288852
1870499231
1005002219459128
4001193056487
1005002476864625
1005001517203470
1005001998263553
1005002458255254
1005002377236253
1005002466681450
1005002213345270
32989510843
4000279779876
1005001528908368
1005001762350192
1005002059485620
1005002236498328
33038445827
4000032355897
32973421979
1005001946337402
4001052441897
4000666120772
1005002298342866
4001139413831
1005001511070633
1005002454892734
4000576011555
1005002369722277
33034492213
32929365956
4000943314620
32969510244
1005002275623727
1005001835584063
1005002262790900
32754852486
4000021406184
4001294625197
10000117882828
1005002010065413
1005002284410152
32819249130
4000019594722
4000219129263
4000078071117
1005002344302743
1005002490157587
1005002363214881
1005001489331484
4001166773389
1005001853612759
1005002340239629
1005002238796016
4001190034832
1005002388628346
1005001725843931
1005001375486052
1005001742566657
1005002357050007
4001228025755
4001298940472
4000771188120
32371109291
1005002281783859
33030554581
4000851076699
4000238121744
1005001671103248
1005001946573523
1005002363378334
4000204748895
1005001575283095
4001017900779
1005002361566653
1005002239973286
32951035385
33003851565
1005001501476197
1005002475084296
1005002316256262
1005001707841837
1005002314467273
4000197173040
32793304931
10000060517695
32733896921
4001026486481
32799320853
1005001731063800
4000364327071
1005001775874087
1005001285895036
1005002401481546
1005002077742308
1005002028090333
1005002341282787
1005001942073138
1005002117200618
1005002114257412
1005001704149793
4001240869141
32944645843
32823082047
33043379626
32876247022
32879718331
4001083131778
1005002197159868
4000919630436
32589581464
4001211268596
4000833704554
4001238033873
4000990815688
1005002323438282
1005002334587933
32238886275
4001008164900
1005002449819290
32832030142
1005002352821458
1005002332518278
1005002370789163
33053461360
1005002253648579
1005002307954285
33012014634
1005002246817050
4001195382843
1005002294883568
1005001447929961
4000154689410
4000704379131
32886351040
32902046799
1978987114
1005002433941773
4000377439428
4001138516480
33018585953
32805725255
1005001722746290
1005002256710711
1005002412355504
4000788578294
1005002387849674
1005001867215933
1005002282157115
32541328852
32873143603
1005002436840394
2031483064
32757427882
1005002259344293
4000604271014
574325215
1000007496197
4000219415299
4001245073803
1005002365343929
4001276340037
32886090110
4000922359735
32920755139
1005002435744509
1005001902893362
4000544119146
32690838812
4001286091022
33014482358
32868102230
32880645651
1005002413251748
32864256658
32585779336
1005001321157123
1005002356208118
32997327987
32832268379
1005002282719186
4000243229940
4000940820609
4000538119393
1005001757033550
1005002347113534
4000027464152
1005002191440420
32715683292
1005002442809892
1005002062994320
1005001605144068
1005002450572698
32741340210
4001098717984
1005001621468900
1005002381876976
1005002383160353
4001159679412
1005002161935402
1005002483089629
32889284999
1005002294255243
4001132046047
1005001964852821
1005002228613688
1005002340096429
32910075653
1005002320138762
1005002214083470
1005002285844657
1005002387100201
4000333653822
1005002210028568
1005001775456266
1005001772211187
32856480672
1005002454262617
32824543395
4000085668514
812721955
4000604329208
32914096052
32954583597
32981533847
4000235031529
32879939780
1005002368922753
1005002314437668
1005001505522265
4001025431049
1002203984
1005001265507986
1005002412567106
1005002466996779
1005002471350481
1005001280638060
4000424501238
4000231011032
32949403950
1005001490639394
1005001928671273
1005001568494111
1005002265282250
1005002238016697
1005001524036812
4000867803236
4000838109483
32486542569
1005002286335172
32908795106
1005002314410024
1005002315653910
1005002345724124
1005002395360192
1005001561767772
4001312750214
1005001493591692
1005002104649554
4001228668588
32956978111
33016898726
1005002289963365
1005001425347231
1005002328173600
1005002324194537
32813258912
4000854521628
1005001516724795
4001250676077
1005002382914866
1005002306790800
1005002238206185
1005002299741000
1005002252182358
1005002467605401
1005002471046675
32999153951
4001083426580
1005001965656494
1005002362147472
32735400591
1005002064830912
1005002017663361
4000655831983
1005002482433226
4000472127087
1005002418226182
32781307149
1005002238947581
1005002302324959
4001286092162
1005002226895931
1005001680430680
1005002046655427
32862986615
4001041856393
1005002246694094
32808616601
1000005725225
32958300032
1005001797940139
1005001669863518
1005002103424420
1005002352837313
4000308009774
1005002395986164
1005002050499593
32956871071
32465569303
1005002432987137
1005002477425997
32968611057
4000858993399
4000837070653
1005002489970386
32792830786
1005002399720619
1005001737238003
1005001995810824
4001143575003
32789389375
32979443743
4000987321541
1005001429237971
32788528249
32830352184
1005002457469741
1005001965705759
1005001707816464
33012014838
4001289942846
33048069694
1005002312930980
1005002212325132
4001233241472
32873415314
1005001622228227
32879386933
4000388217323
4000850249046
1005002327710820
4001080623977
1005002372998172
33038477261
1005002323817840
10000356422175
1005001380869323
1005001351243692
4000339982493
1005001566020642
1005002233398176
32705183384
32902363003
4000545171605
32978583540
32826984989
1005002392820350
4000582536220
1005001796965278
1005002362996480
1005001597683400
1005002296693985
1005002315670962
1005002443645701
4001345869291
32961249655
1005001581308424
1005002333044825
1005002064578601
32790953695
4001201367803
4000808136022
4001332429747
32975074654
32962429671
4001078876794
1005002337316768
32924342594
1005001632661545
1005002265476877
1005002492729294
1005001893967170
32853266674
32831605923
1005001431529533
1005001354136007
1005001313174412
1005002303676827
1005002038624003
1005002368871036
1005002330562835
4000107460003
32960001547
1005002304535240
1005002254624790
1000008615251
4000170755008
1005001914781700
1005001594961329
32676242831
33042867702
1005001743647957
1005001693408208
1005002361595706
4000211475287
1005002434523553
32894973443
32892700677
4001209787206
1005001790137503
1005002423456740
1005002325055791
32794825305
4000005736722
32813858930
32354347382
32901144409
1005002488642645
33006084333
1005002211507784
4001170833479
4001034041330
4001061903170
1005001831213050
32976029596
1005002126347684
1005001506145796
4001340835637
1005002246806340
1005001682825109
1005002297691241
32851693645
32833622919
1005001556850103
1005001835252388
4000795013975
1005001446817083
4001031733432
32970661333
4000943259656
1005002314049051
1005002319238602
1005001458206830
4000251731156
4001282493673
1005002281772054
1005001587186321
32960690342
32359130737
4000479766511
4001125508546
4000049566375
33063515279
1005002350489570
4001044415842
32378985345
1005002282970996
32861217044
32904086491
4001258826339
4000057710668
1005002383308238
4001028514204
1005002388812433
1005002291712438
32719447016
4000574507975
1005002376657991
1005001540480881
33013485063
1005001731602292
1005001326029020
4000631128432
1005002306880151
4000317235829
1005002273947554
1005002198874126
32971552852
32855388858
4001098729789
4000926538640
32828942742
32954589687
4001291060065
1005002498142513
32913898050
2021048193
1005001989402151
1005001702951117
1005002408927266
1005001924314660
4000354174587
32956020927
1005001631295580
1005001725777121
1005001993452112
4000922068621
1005002409356741
4000883756787
10000384050996
1005001844521084
1005001529587364
1005002492775808
32959430043
1005002282437177
32795166750
32944744251
4000031643141
1005002284093739
1005002382359793
32800229638
1005001598709425
1005002374743066
32919480734
1005002361193249
32872781043
1005002246572059
1005001270320074
4001037682792
1005001902426048
1005002341156310
4001092989166
1005002065020871
32880300368
32856563662
32811196867
32502604263
1005002310390818
1005001596152703
32849694847
32788306637
1005002420396001
1005002358872095
1005002306280188
1005002464858884
1005001617341858
1005001926568883
1005001721301742
1005002288876029
1005002437609740
4000062065036
10000053355835
1005001682620060
4001133302064
1005001343890209
1005002034489116
1005001547385068
1005002076750006
1005002368600873
33038361283
4000466167327
1005002420359143
1005002319335968
1005001587723802
4000937712186
4000666359783
1005002367252857
1005001620179371
1005001708610851
4000856085228
1005002304465938
1005002265316585
4001095271843
4001288016284
32897989435
32837663679
1005002146368469
32965390291
1005001721927863
1005002284302450
32242140956
4000024272102
1005001958750535
1005002107641259
1005002388838450
1005002475475934
1005001810654703
1005002496577066
1005002180973613
1005002306012175
1005002428443534
1005002281987129
1005001290001330
32796238128
32513137983
4000545823857
1005001910820786
1005002346947511
4001299380463
32853457483
1005001955000203
1005001407091326
4000001247605
1005001288184274
4000218821296
4000211565796
32901961833
32971497849
32978651131
1005002289093213
4000695254680
32915561750
32692053181
32997371035
32945837147
1005001792244504
1005001501674268
4000623585764
4001299255711
1005001961526192
4000064954561
4000865451682
32958100947
1005002305939788
4000442482530
32830367833
32791632879
1005002008152501
1005002283467465
32881729469
32794295744
33042437636
32972850597
32842006799
32851725676
1005002198665783
1005002293624066
1005002072519452
1005001604159820
33026940480
32981347136
32821888401
4000102991202
4001226116993
1005002440966434
1005001493257810
4000801627753
1005002167898156
1005002332607174
4000390922276
4001115054207
32988851007
1005002231267060
32805725343
1005001579720524
4000767817475
4001196319644
4000310176789
1005001576965251
1005002381818992
32802346891
32972106254
32838076590
1005001430609545
745451399
32846171515
1005001657174948
1005002321175078
1005001868747681
32836437068
1005002377895103
1005001319330936
1005002341476194
1005002244118427
1005002425230852
32961755580
1005002446634545
1005002205934476
32781844755
32990869150
1005002319363078
33023477435
1005001477895694
1005001947791636
4001207480801
1005001936684690
1005001596872178
4000938526054
32946940459
1005001943060131
4000958855530
1699042298
32964378253
1005001958492840
1005001678155918
32391134588
4000743005495
4001122976472
1005002278699045
32946950051
1005002342455789
33034172830
4001312863872
32918332426
33019013110
1005002368629657
1005001502864652
4001298549946
1005002330810647
1005002314307670
1005001685430148
4001215831462
1005001315243612
1005001665945469
1005002312076232
1005002211363108
4000866748134
1005002316069193
1005002321871140
1005001798907245
1005002337311551
4000597840874
1005002211035898
1005001841759416
32589318638
32699386582
4000307211104
1005002315433237
4000358892807
1005001447328409
32323508911
1005002302285104
32503977364
32507506897
1005001579779564
1005001422968968
4000996513371
32790928881
32520598113
4000099788789
1005001848634774
1005002314879504
1005002204510320
1005002141014786
4000338856060
1005002337327908
32823979217
1005002297387916
32955075539
1005001711544418
32286196315
4000350033586
32746488842
1005002338104389
32368458668
1005001899353984
32920533413
662804973
32911798370
1005001291769225
10000024743558
4000319610161
1005001351674206
1005001790537556
1005001343318971
1005001296150935
32398649547
1005001724042189
4000078031580
1005002051623716
1005001903198323
32988216097
1005001523913514
32812755589
32864074773
4000990973632
4001162277312
1005002365536138
4001265804239
1005002321277022
4000576771307
1005002043034944
4001240876838
33003776376
4000458959341
32812977605
1005001732899724
33056654976
4001096467529
1005001558235400
1005001807474886
1005001611644349
1005001738573603
32954379147
2001963719
1005001291591647
4000786225451
1005002303867178
1005001693018290
1005002334279907
1005002433065825
1005002167904072
1005002337224281
4000575704532
32875544111
1005001632230510
4001272039482
4001283905994
1005001515204915
4000960537285
32503637101
4000716022566
33055639459
1005001731260144
4001219141430
1005001854966973
1005002213339023
1005002181440217
1005001316355755
32890546873
10000022849059
1005001495044943
32856755534
32899719723
1005002267665874
1005002088167339
1005001413468948
1005001623198980
32798870077
1005002474702696
1005002376452653
1005001435842749
756069540
1005002263829413
4000585038596
33010223347
4001181506165
1005002259434848
4001106110870
1005001704078589
33055736316
1005001466002735
32967415462
32765794680
1005001864870329
10050022594515321005002323445497
1005002345552667
10000000262074
4001106314706
4001115391869
32869456756
1005002306675496
1005002291498252
33001965299
1005001613252357
1005001455962874
33003389801
4001241558360
1005002347168614
1005002267832867
1005002401094648
4001164055549
32798529159
1005002381594185
1005002087240126
4000185463187
1005002388447338
1005001957369824
1005001616669749
1005002254229705
1005002120468701
1005001355427069
32261585546
1005002389533958
1005001802771585
1005002361642255
668631157
1005002299711843
1005001652827155
32896770817
1005002048998450
33000709678
1005002271818064
1005001302991430
32857024735
1005001292046591
1005001617698015
1005002293653759
4000546746486
4000007960737
1005001807535423
1005001500477444
32833744062
4001021264816
4000667068372
1005001381050367
1000006199633
1005002482993255
1005002318625345
4001150441162
1005002490439313
4000505777212
1005001452402564
4000860789923
33001543011
32844195268
1005001624991673
1005002310993299
1005002482432598
1005002363713590
4000906352411
4000555195134
1005001987540154
1005002295067976
33040268687
4001163299536
32753376689
1005001996563471
4001358264996
1005002462550803
32948641313
1005001390403044
4000120448758
4000584967861
1005001883439766
1005001490555922
4000850641909
32835165687
1005001293149969
1005002353370618
1005002287325613
1005002440076967
1005002484245090
1005001635256093
33005547564
1005002198875213
4001286120799
4000039331467
2036857025
4000690970656
1005002498903511
33039048582
1005002322657817
1005002440132577
4001148108167
1005002004235279
1005001483396962
4000569846783
1005001451288240
1005002393084963
1005001660060488
1005001398386553
32454546342
4000464279186
1005001664345069
1005002115440779
32920221080
4000023742268
2019688674
4000475318458
32897417441
4000911560031
32825312036
4001228729135
32860025327
1005001536631434
4000960885418
4000819712050
1005001958186512
4000215565793
1005002089115569
32921060640
1005002259615656
1005002327233040
1005002301212139
4000207915532
32813236846
1005001637645742
32959574523
1005002393284569
32976060047
32814183770
1005001683784365
32918002357
1005001643746915
1005001475205334
32961661114
4000167783662
32792696208
32826885544
4000900445138
1005001273984583
1005002466888811
32814582659
1005001853282338
4000543889480
1005002371572954
1005002362053743
4000900603126
4000990212759
1005001863654292
1005001981265163
4001200405632
33047996744
1005002394774231
32834235644
1005002166268580
1005002138056742
4000941464075
4000414409361
32976078195
1005001566112634
1005002428098246
1005002496726974
1005001991785068
4000169377352
1005002311764289
1005002305153847
33009575863
1005002042325839
1005001758321435
4000860140620
4001295868437
1005002364088854
1005002482772195
32972806940
4001345784984
1005001271611232
1005002198726822
4000981671766
1005001761572808
1005001705725167
1005002064276016
4001037534737
1005002394825347
32769748038
1005001570357806
1005001438951107
4000149443819
4000483474129
1005002419287708
4001066580812
1005002062026114
32851831382
32797263023
4001227746199
32997809915
4000249999996
32999770196
32793994063
4000930353033
32977737518
32358272449
32793872779
4000011573187
32784841346
32846066292
33049923510
4000430427819
32590920087
32955936035
1005002362874006
1005002314010354
32918096325
1005002490076819
1005002174917683
1005001877282249
32700852532
32879059232
1005002332186696
1005002494486504
1005002059933180
33016191579
1005002290144333
32897164467
1005002147362783
32851484841
1005001633707963
1005001679318398
1005001576571381
1005002053870434
32436627614
1005001430274643
4000632988702
1005001580980345
1005002397711972
1005001499364190
1005002276533598
4000804780055
33015596701
4001175947274
32975865720
1005001349361884
4001057514365
33057055799
1005002061493430
4000036742060
1005001406525101
32992890857
1005002089297099
4001274952606
4000203631293
1005002357401138
1005002201806515
4000471186974
32852991052
1005001669822595
33044689559
4000990732861
1005002087802434
32861558229
33013535830
1005002186932983
1005002096142567
1005002495425508
1005002396127987
32959321543
32850044378
4000112511508
1005002276989828
1005001425158209
1005001325122098
4000169543115
32858332525
1005002279130309
4000960698114
4001130698900
1005001881120752
1005002292473090
32999411110
1005001499111775
32902859795
4000671723299
1005002478553813
4000080088610
32734925907
32857259687
1005002302746373
32925831768
1005002477845762
1005002114665741
1005001581357775
32961470138
4000800172879
1005001360818401
32837931456
1005002490419512
4000048484979
1005002432987220
1005002208530671
4000570750920
10000234715993
1005002402685450
1005002263681047
4000292953473
1005001888207081
1005002235026897
32699226510
1005001413782797
1005001937397722
4000372470286
4000188384287
32887988859
4000939578933
1005001707858592
1005002227503326
1005001942982130
1005001397996960
1005001821255326
1005002322510995
1005002293873164
32980266963
1000008308938
4000967016302
32977110426
32830170248
4000303812763
32879822857
1005002304412149
1005001883205869
4000181393486
4001150650311
1005001814142258
4001185660340
4001084995193
1005001303402071
1005001620819443
1005002022797285
4000546580003
1005002219854517
32608651622
1005001552432188
1005002471742265
4001228182516
1005001548811885
32943821891
4000259175381
1005002175667198
4000021709878
1005001861485626
32478173564
1005002405427630
1005002406765251
1005001957159732
1005002043592420
1005002288124453
1005001520950633
1005002496867808
1005002495036767
1005002490180072
32959423524
33027823806
1005001906633984
1005002038137710
4000195345212
1005002338108069
4001153343185
1005002387384704
4001066446860
32501463922
4000747730205
32977586100
4000069097591
4000810020325
33060047527
1005001825960102
1005001786476639
32830364510
1005002277819005
1005002176811728
1005002393567909
33028649202
1005001588054764
1005002297259382
1005002335080196
1005002329783362
1000006050710
4000429905934
32855339760
1005002357612380
1005002064812840
32887612189
1005002302156386
1005002190150915
1005001901080339
1005001731070213
1005002423486827
1005002281721809
1005001876719469
1005002301384864
1135602487
1005002475636483
33018318322
1005001637997443
1005001341207776
1005001376246855
1005001391198505
1005001894714807
1005002305780571
1005002260590941
1005002017509194
1005001619514890
4000889742774
33020769968
1005001603801801
32508997947
32914660362
32859966787
1005002491554139
1005002338786146
1005001704477563
4001065102767
4000414230303
32868990116
32930360963
1005001632277322
1005001792831054
4000685844112
32847893936
32911172048
1005001833188729
4001061695679
1005001333134238
1005002490241063
4000358068153
1005002372385651
1005002313451841
4001179028258
32698193352
33061766545
1005001779902239
32902753658
33031433664
1005002341063008
32289533871
1005002231131549
1005001788761432
4001216907446
33007898686
4000740512592
1005002382768199
1005002477607210
32919638944
1005002454334134
4000462421108
4000846432226
1005001609336568
1005002424145443
10000395908561
1005002220452497
4000990834654
32259029051
32847410545
1005002335970051
4001129241671
4001061513666
4000962339311
4000121134660
1005001520823724
1005002341006354
33002208343
32869949533
1005002273922583
1005001813033639
32823526062
32791157263
1005001302388122
32817266897
4001356740631
4000748579014
1005002277395520
1005001525508062
32698891237
32847511978
4000941233205
4000890499560
4001203574115
32806953306
4001027451340
1005001717740617
1005001954122826
32790996777
1005002289008118
32850168535
1005002260075061
4001031800349
1005001635768556
1005001329840390
4001225133657
1005002286141905
32805930537
33026853689
1005002011786244
4000683041901
32970646875
4001038798467
4000739867801
1005002027749882
1005002432572044
1005001675324376
1005001929558300
1005002270727988
33030446466
32872611009
1005002387648794
4001211921528
32557843161
33009776522
1005001762206755
1005001695453277
1005001864249978
1005002085161499
1005002362588052
32828311930
32971551218
4001089443887
1005002344970651
1005002401118423
1005001355289019
4000643433916
1005002197213355
4001038897419
32657493508
32835066470
1005001336317289
32332405876
1005002011672610
33013464881
4000090441171
32966761903
1005001680184607
4001218133315
1005001419525587
32895370261
33024317277
1005002440917918
4000782283194
1005002328865789
32719365767
4000546605372
1005002058305856
1005002310360636
1005002444378048
32676726213
10000032857629
1005001873836744
1005001463209681
1005002387279466
33046002965
4001235477480
1005002025388012
1005001801021436
1005001273260199
32815018311
4000990926587
4000443727709
32834341177
1005002467470934
1005001520010992
4001250691643
1005002427067367
1005002271302717
1005001525511066
1005002443109341
1005002300768757
4000511788422
1005002420119888
1005002204615905
1005002329691167
32868441604
1005002448332298
1005001644500513
33041335020
1005002359192319
32971423820
4000095905065
32949185364
1005001664569287
33034928809
1005002080311069
1005001907769776
32973866328
1005002341033266
32902612072
4000781311869
32968860767
32991583826
4000182681162
1005002333888542
4001130844074
1005001508005065
1005002360071795
32984634741
32602793940
4000802166513
4000039455986
33054296491
1005002319463172
1005001398968575
32968357643
4000807783883
1005001570202083
1005002043350429
4000079000862
4001238318856
32917750961
1005002316865974
32981402499
1005002359510080
1005001566759110
1005002426110746
1005002092981895
1005001970931969
1005001859179503
4000850534351
4000957960142
1005002375186174
1005002477655540
32908955937
1005002284326056
33007811042
1005002425632026
1005002307731500
1005002329063529
1005002185389099
1005001780778257
1005002460559237
1005001386228878
1005002332024944
4000902743890
33029008951
32872277745
32864391988
32969332565
1005002259115675
33015324902
1005001831130770
32888487221
4001178596420
4000969327588
1005002032977175
32978003297
1005002484129446
4000389667932
1005001407002844
33035284553
1005002490908351
32953153642
32946653925
32373545149
1005001385844450
1005001775399608
1005001805586145
1005002012011460
4001319868440
1005002456890466
1005002071638285
1005002386028510
4001050303932
4000496850159
4000808141055
4001254221283
1005001644672057
4001288857767
1005002097612849
1005002122387843
1005001603841028
1005002388278416
4000935530825
1005002389264469
4001229952303
1005001519403935
4001007586111
32287966997
1005001303553747
32758084646
10000000687912
4000118143410
1005002102541376
4001089404556
4000270849739
4001225096863
1005001686154284
1005002304985333
4000879724314
32616777586
1005002386865709
1005002364082253
1005001943060141
1005002449043862
4000780936699
32857313214
32879936646
32584194551
1005002011777483
33021945851
32946642484
1005001495310015
4001095469374
4001204788337
1005002487528068
4000823104228
1005001903379041
32981886837
4001014948499
33011932626
32842036492
1005002301230429
1005002484470552
1005002013093993
1000007938732
4001299055360
1005001465484294
4001111881332
33020970811
1005001391622700
1005002425144889
1005002408438507
4000023187813
4000984111961
1005002359241189
33018663223
1005002022865933
4000850592439
32767685068
1763705620
32858351149
32479962730
1005001431222498
1005002387969760
1005002247459063
32866065459
32791491823
1005001589979881
32853156967
1005002317631319
1005001689234730
32901145448
32991917190
1005002306877029
4001196534542
1005002248555781
33013976769
1005002121509370
4000256543318
1005002316648461
4001051531211
32980828915
32841851743
4000294512082
1005002324125076
4001165485902
1005001977539376
1005001518726113
1005001859531090
4001195446943
4001322246557
33026004875
1005002329814421
32900054798
1005001466422892
4000353126829
1005002382261421
1005001602767156
32999642830
33045306647
4001015239281
4000961318890
32892724819
1005002180738404
1005001527550002
1005002350980385
1005001936724790
1005001635191111
33043276596
1005002416694089
32839015784
4000742280804
1005001490960626
4000093634539
4000906979709
4001326240005
32962838749
4001114926428
1640170816
32813344092
1005001499941058
32607380875
4000282167507
4001003736681
1005002033381154
1005002447765407
33020785288
4000835442626
4000265435922
1005002347377077
1005002132604769
32961625190
1005002464649876
32725159850
1005001793188207
1005001972203928
4000386699445
1005001491514008
33062046262
1005002278649359
4000829672544
4001041288924
4000830937323
1005001927074262
32843412438
1005001461242675
1005002326634849
1005002314417287
1005002166659024
4000130675836
1005002289201230
32973578222
1005001591728186
32832863775
1005001504514240
1005002371573915
33033362373
32808974453
4000930826161
32873777944
32992057545
4001118109883
1005002388180826
32999556361
33016406413
1005002393178259
4000278374879
1005002263601990
1005002191899510
1005002328041734
4000110442701
32892312932
1005001314752772
32671658287
1005002319202154
1005001354443882
1005001329855407
1005001705220662
1005001975450788
1005002359563412
4001076479808
32998614751
1005002277143695
4001214706244
4000907745102
1005002457413749
4000930831432
33055321078
1005001398357228
1005002303418918
4000339066182
4000224587581
4001226775371
1005002142777199
4000812381552
1005002339259323
4000234989476
1005002500008331
4001142738223
32871202441
4000409131365
1005002100996248
1005002483080646
1391196065
1005002344632518
4000938025182
1005002317301714
4000399743116
1005001713517828
32966674292
4000157995950
1005002022623387
1005001493233557
4000444734297
32704843807
4000894097079
1005002339705223
4000051088308
4001278876749
1005001861234671
32869914765
33018316552
1005001994126023
32958028025
2028433004
1005002360860613
1005002389093837
1005001503360424
1005001658774572
4000270701755
1005002294220448
4000003280923
32860262151
1005002023393774
4000530040901
4000917011453
1005001721956560
1005001492825511
1005001743299865
1005002077301636
1005001611201769
1005002388331766
1005002398133620
1005002348272035
1005002289177222
33001623490
1005002207574523
4001214232594
1005002402577425
1005002370685988
4000489863727
1005001694743394
1005002114369558
32864046759
4001130946047
4001038009486
1005002359132406
1005002291356056
1005001988843254
1005002346022826
1005002035812141
32949637402
32860519217
32884199855
1005001364902263
1005002314390943
1005001349681603
1005001576242383
1005002073747295
1005002230329391
1005002350860128
1005002315252185
1005002400493491
1005001707387201
1005002256281765
4001343791266
4001079143483
33055915937
1005002363289406
33009357815
4000292623728
4000437832569
33000057219
1005001385148913
32999252078
1005001731870914
4000850212760
1005002314269113
4000528324610
4000599290969
1005001884857128
1005002423730624
4000839861477
4000900566289
1005001657343926
1005001570458937
4000297653973
4000943197810
4000188638656
4000069365169
1005002278753686
33004996286
1005002337276690
1005001980167592
1005002046982431
1005001771394471
32772955440
4001046892897
1005001293086703
1005001313697517
4001275257285
1005002043259640
1005002332540088
32970249271
1005002319238969
32635559563
1005002488565784
1005001780867562
330383953734000593609165
1005001343521136
32921762559
1005001813070692
1005001808093278
32958811662
1005001525283960
4000188879907
1005001289987037
32810148018
32958272680
33000238936
1005001273439714
33019397034
1005001602782384
1005002368960489
4000060418188
1005002394720880
1005001808827341
1005002252631260
1005002378344163
1005002378750746
32923882671
33008255334
32856174102
10000400042702
1005001905104402
4001153834438
1005001648332857
4001135144804
1005002483050272
1005002073959417
1005002298695699
1005001636375200
1005002236209760
33000707439
1005001438927362
4001230303837
4000178173799
1005001826938735
4000619654617
4001317634054
4001338276580
1005001518774179
33046923238
33014023495
32974946927
1005002271348449
1005001736606897
33035037119
4000744717539
1005001803585842
1005002457916206
4000429554255
1005002424914453
1005001620636712
1005002094047335
1005001688081511
33039921948
32973447802
1005002309652388
32954328567
1005002247269760
4001157550388
4001013029663
4001293696711
32722475701
1005002185296441
1005002200876144
32800703195
1005002400243928
4001042481780
4001283384114
1005002404556295
32992422016
32902181284
4000224073162
1005002297787945
32450719755
33023294362
1005002286580794
32955048048
1005002346235928
32824270841
33021154127
1005002376235405
32676710582
1005002454661512
1005001952888274
1005002471781503
1005002280870523
33002837684
32782136503
32586882891
4001359564297
4001282543268
32870342182
32996530623
1005002356705907
1005002417951671
1083951100
1005002379011997
1005001812327989
33055205615
32798597977
1005001360254319
1005001611247759
1005001803241902
1005002298493066
1005001481432010
4000930261142
32853229885
4001224069475
1005002231911923
32855150679
4001271025950
4000756121778
32944430940
1005002219539451
1005002333351440
33015567939
1005001836317033
1005001850149933
32598029170
1005002283295263
4000765065666
4000829951954
1005001326517756
4000170967439
1005002345845076
1005002459676498
1005001880899393
32912577957
1005002440853668
1005001439061852
1005001608857214
1005002363127646
32858579998
32468118101
33046667021
1005002296887449
1005002286441070
4001317471150
1005002369127734
32656039283
4000546068171
4001040025583
4000550381215
1005002313964404
1005002372210148
4000867812072
1005001519852049
4000052141083
1005002346009557
1005002427900253
1005002439411700
33002063741
1005002310831853
1005002322761112
4000077152034
4000053792115
4000709031987
1005002426107493
1005001377300813
4001136208404
1005001286588262
32794126454
4001154557324
1005002291008308
1005001786981274
1005002252623346
1005002406080253
1005002437078101
1005002294322643
1005002483290144
1005002328547308
32864681461
1005002361506578
4000330506204
32444348015
1005002321018550
4000282346780
4001131922796
1005002113199491
33007210204
1005002372212799
1005001515872620
1005002316429235
4001230300742
4001027822728
4000699405534
4000583134370
1005002247682192
1005001970224629
1005002311009074
1005002256455694
32437604111
32761643724
32859400294
1005002039407961
4000929846334
4000138899447
4001130821156
32897699330
1005002030877824
1005001703408330
32998575686
1005002022940488
1005002081893696
32792444036
4000300334963
33022117745
4000256466361
33051843118
1005002003033603
1005002413260611
1005002359391142
4000174745716
32956287183
1005001547372031
1005002314327102
32812331666
33027824325
32957476607
1005002100919752
1005001834736460
1005001909168565
1005001671116875
1005002433088514
1005001496083033
4000367965630
1005001880073815
1005001931617686
1005001971404321
4000386968474
1005001923480639
1005002363353930
32919361867
1005001436601195
1005001311104662
10000284434726
1005002321609377
32993581346
4001324042714
33035027443
4000486602508
4001162758667
33059572626
4000446163895
1005002283383114
4000449735349
1005002193713650
1005001970279286
1005002424610165
4000866335922
32851559264
4000990871574
4000111949541
1005001317462868
33005048929
4001050871362
32822951869
10000343373228
32973052094
32946845845
4000548657684
32921733801
1005001848833398
1005002278339646
4000736028224
1005002288654270
1005001921690768
32843222342
1005002316314907
1005002203520919
33014834421
1005002023385402
4000257600590
1005002377893720
32967490476
4001161255402
32864648848
1005001377002700
1005002295491322
1005001678626529
1005001852476428
4000904060261
1005002432719504
1005002187441078
32812116262
1005001980850137
1005001577044598
1005002433577333
1005001447305144
1005002238120450
4000881352601
4001017397415
32919252741
32881377680
32999276495
1005002468428837
32827215993
1005001468123655
10000149450547
1005001756858803
1005002116656685
1005001357306410
1005002329841859
32624361688
4001335568325
1005002400448558
4000192497390
1005002227908336
1005002304503122
1005002277538700
4001261625548
32656281939
1005002497306466
4000385572462
32657162939
1005002239286354
32856372964
1005001415474170
4000423949271
32824294217
1005001809534833
4000090389919
4000623939183
1005001476635324
1005001345602886
4001147712029
1005002482747870
1005002314088005
1005002449712107
1005001848774045
1005001997600882
4001037751607
4001294226346
32751967832
1005001529663886
1005001871141657
1005002243299824
1005002239009097
1005002283003177
1005002438473199
1005002132988177
1005001900554982
4000153776009
1005002339147787
1005001922735512
4000979440886
10000210502236
1005002347614315
1005002017670684
1005001431347501
1005002466486339
4001037217291
33045393666
4001046287510
1005002450995160
1005002460768113
1005002452941107
1005001556570258
1005001752261175
1005002390518561
1005002457969823
1005001822887716
32901301920
32968076610
4000073812047
4000557611915
1005002129818346
4000220109230
1005001764975568
33004813323
32902276869
4001255510527
1005002337807931
1005002394884089
4000028873948
4000959704253
1005002252885232
1005002276957407
1005002365074507
32969033521
1005002291350474
4001167522320
32992153089
32287975721
4001022587945
4000955842382
33008972589
4000865006449
1005002316454676
1005002288440702
1005002311466422
4000784847697
1005001887518964
1005002336656168
1005002351138389
4000867921060
4000311766730
4001210804865
32644108055
1005002293338132
32838218055
1005001757345984
1005001603475725
4001061127345
32893824232
1005001797959035
1315317067
4001207252467
4000546070778
32670067789
32971398553
1005001479163581
10000088402782
1005002371078858
1005002358966014
1005001590616200
1005001625681103
1005001571097314
4000241844412
4000288959508
33009512552
1005001625355869
4000001742758
32889509262
1005002351412341
1005002055394854
33057419995
1005001705189861
1005001557265058
1005001450134510
1005002291594772
4000959736332
33013755063
1005002371503354
1005001498070460
32978947481
33013690075
33038787299
1005002383188661
1005002428294969
32807882628
32858226592
32758423313
4001283036461
4001282981267
1005001558540169
32967952065
1005002386559336
1005002174652718
1005001721680439
32780828467
1005002333999806
32897613888
1005001606135785
1005002230382240
1005001478206711
32275942893
1005002068913000
4000074842680
1005001644992115
1622599149
4001200751259
32975163639
1005002025346435
1005002034672361
1005002286624306
32866612248
1005001982251925
1005002314110524
4001112394232
1005001688057329
1005001966778020
4000507058253
1005002453648398
1005002337322481
1005002314445005
1005002180333408
1005002340674623
1005002274005739
33031859420
1005002286400282
4001042025199
33057297731
1453537791
33061951939
32464776408
33036886403
1005002298645786
33061423136
4001147248856
32952617858
1005001817479789
32928340081
32800802949
32945448987
32498485677
4000799011909
1005001441457204
1005001737029931
1005002275800495
32787409946
4001225914612
1005001452254871
32970182695
1005002025658243
32377503249
1005001686019982
1005001492734945
32976863344
32782398992
4001320339703
1005002362929458
32949520674
33051862097
1005001812799524
4001069672315
32996011004
1005001600505003
32447751906
1005001621396243
4000976204817
1005001851238028
32647384268
1005001877799767
1005002348711933
32979423988
4000710076853
4001052647457
1005002281625245
1005001567046324
4001216472938
1005002314009935
1005002442743279
4000537088434
1005002260100054
1005002256229745
1005002317457042
1005001447265997
4001083383228
32986320037
32771885174
1005002191603898
32852655034
1005001890121156
1005002296936126
32971927689
4000049734995
33008885790
1005002405356688
1005001935722771
1005002432341856
1005002316726386
1005002477539777
4001231296831
1005001965050904
4000625751521
4001067088216
1005001586264752
32690524189
1005002287434310
1005001817621547
1005001502728086
1005002313842437
902564915
32868377381
32978803634
1005001566514828
1005001596242311
4001003893704
1005002484666103
1005002297005089
32888307067
1005002447896065
10000186940017
1005002496725059
1005001732118037
32956683932
1005002074051060
32956097369
1005002387710597
4000109582493
4000842642644
1005002411524118
1005001348790612
1005002084819698
1005001812448868
1005002328275314
1501541768
32973616734
32974583974
32975434094
4001148474886
1005001792612267
4001248929541
1005002285693121
4000546568830
1005002326372241
32974102632
32950604691
33058311818
4000308502269
1005001829867303
1005002336715391
4000888962782
1005002316959569
1005002167880526
4001334148375
33011452884
1005002316251748
32836203821
1005001614492001
1005001806358102
1005002301135772
1000008701655
1005002428179298
4000626599512
1005001385639693
32863323640
32855082803
32999816041
1005001799123206
10000145925206
1005001721576736
4001066608556
4001199639588
4001347969195
1005002338458410
1005002419087251
1005002245626544
1005002055414212
32376790811
1005002323137143
1005002496650266
1005001871091752
1005001593200617
1005001889988976
1005002341157543
32603905609
32231260126
1005002257121637
4000321490123
4001124624132
1005002468450276
32955342770
4000706210992
1005002450452288
1005001813689446
10000032928378
4000699318329
4001070673387
1005002380898287
33039349004
4000547665241
32670786255
1005001990604340
32376522513
4000322319302
32913547258
1005001481332751
1005002247422558
1005002323569898
1005002401777781
1005002364294602
4000143587712
32882215623
1005002170868979
1005002190499683
1005002312030508
1005002301364222
4001259499925
1005001658882441
33005975025
1005001859448454
32947654909
33022739516
1005001355025387
1811484084
1005002306278690
1005002361475165
1005002239260005
1005002354293811
1005002346287472
1005002406427802
4000166622105
32924006756
32831867790
1005002438263295
4000234306563
1005002387301874
1005002246841459
1005001383688063
32953394864
1005001653242696
4000503671579
1005002287716902
1005001604070352
1005002341358187
32822695414
1005002064604533
32993944474
1005002284245400
1005002181847076
1005001779534490
1005002264363650
1005002449264184
32846970623
1005001341327183
33005362006
1005001279800818
1005001850792358
1005002360075472
1005001614321874
1005002465432688
32858730853
4000922381492
1005001359724810
1005001992191840
1005002130105400
32378875405
1005002231403385
1005002264045483
1005001405520202
1005002096467473
4000989638398
1005002291086020
32974917458
1005002450331224
1005002475824685
1005001402893666
4000341444039
33045316559
4001167811830
10000400010056
1005001516759430
32736944726
1005001525994352
1005002429421148
4000536999657
1005002259514527
32376093758
1005002330776318
4000574994784
1005001797758165
1005001667110303
33042982394
1005002049822797
1005002270130700
1005002337269841
4001179708015
1005001380750508
33012841568
1005001587550974
4000037852810
1005001593931799
32633514533
1005002375179703
33025618921
1005002265169662
1005002108694094
1005002000260218
4001127707342
1005002289574898
32837472269
4000934993635
1005001710307477
32853759796
32811527934
32766087961
4000711843619
32794636050
32822768369
33027353717
4000055377161
4001204415046
32514010598
32878300111
1005001713688556
1005001412823638
33015687328
32916141815
4000782194154
1000001673562
1005002120333384
32918050328
1005002346147477
4001100728056
32895570296
1005001626428604
1005002351551516
4001205208104
1005002262390153
4001057276293
1005002348674601
32963795121
33058188219
1005002399451555
1005001922814576
32926379073
4000429603163
1005002413025175
1005002380608380
33046826334
1000006975368
1005001825260211
4000808168498
1005002305268767
1005001538729166
1005001639222862
1005002314359553
32680914054
1005002113258326
32849379531
1005001324736554
1005002311191143
4000346974350
1005002283482473
1005002312205944
1005001803188812
1005002284337533
1005002490563966
1005002357044908
32623881508
33054614159
1005001361355731
4000115948043
1005001972392513
4000447501072
1005001971936602
4000910483765
1005001286716923
1005002023531530
32938396046
1005001804123802
32817526411
4000402729167
1005002302351251
1005001931406696
4000704024215
4000805097606
1005001616884321
4001033225846
1005001280406002
1005002354532967
32965367603
1005001677512538
1005001265684246
1005002111033842
1005001772165962
1005002124329955
1005002307724334
4000510382850
1005001333888056
32884627501
32843911444
4000674885477
4000941500534
1005002302318049
32981752856
1005002368595144
1005001700962976
32870824697
32848392772
4000500333217
4000269000974
4000983581711
1005001663154077
32576288890
1005001705384051
1005001808873501
1005002239381923
33039249308
1005002425333393
1005002489473426
1005002357645641
4000432895674
1005001640662322
4000324430467
4000813599061
33013833135
4000704096229
4000101337244
1005002310099019
4000344264219
4000270659023
1005002283619267
1005002442813885
4001178829898
1005002443506908
32668347581
32961332915
32758279900
1005002006260598
4000683313571
33031847704
33046226178
1005002454740551
1005001698705472
1005002395196705
1005002436012601
33023463830
4000204758526
33063366302
1005002443509068
1005001611371964
33037492095
32822552988
4001101559601
690531399
1005002250576458
1005001703156572
1005002424100089
32995014232
1005002367497194
4001061440533
32919833272
1005001424630664
1005002289123184
1005002096047728
32728937693
1005002372648922
1005001364864215
1005001549209952
32975812935
32873648468
1005002003022224
4000844878636
1005002482811188
1005002074825474
1005001851965750
32922220108
4000248209073
1005002257910856
4000693610305
1005002378263629
1005001704564747
1005002377346584
4000822751289
1005001359345643
4001251294036
1005002120050047
32863987282
4000277932080
1005002425668380
4000263588976
1005002174474698
33039819401
1391694653
4001085050604
32970674878
32605235196
1005002054651897
1005002332461346
1005001867905428
4001050502266
4000714432914
1005002409869129
2030490898
1005002066070304
32776372008
4001214027315
4000430308471
1005002359746019
4000280693044
1005001920781922
32299957743
1005002338582325
33028556214
1005002083532684
1005002339808454
4000788724597
1005001603978382
4001327355564
33003064995
1005002406210026
1005001974046075
1005002073395959
4000777447005
32902898605
32980812057
1005002313433320
32994672600
1005002327991881
1005001588602698
4000080367728
4000314558053
4000264798211
32861811416
1005001546566107
4000411125361
1005002060965304
32784774523
1005002482338453
4000507402404
1005002239699014
100500225960476832861731092
1005001304100214
32962457444
1005002334193026
32797980210
32825827483
1005001689102550
1005002001523139
32971306436
33030540745
32964607146
4001130398090
10000032084235
1005001782568113
1005001946922216
1005001790350088
1005002314729620
1005002305325257
4000717519488
1005001851829610
32974732748
1005002219652007
32858732585
32957019520
1005002341654040
4000909971000
1005001515994151
1005001848227771
4000133721347
1005002011462036
1005001807773766
1005001604075183
1005002334233641
1005001512400995
4000994911802
1005002389450418
4000231272080
32975990155
4000927172119
1005002167296809
4001166353411
32976022200
1005002089402437
32908073158
1005001393335854
33036170539
4001264558430
32997339188
1005002212097841
4001135168850
4000105270520
1005001296647624
32903575954
1005002432957114
32989240503
1005002376851829
1005002286563087
4000878161846
4001260499220
4001283955461
1005001579842327
1005002229160457
4000915892833
4001279004047
1005002483715148
32994961206
4000849862889
1005002260876599
1005002428336036
1005001888345106
1005001676746217
1005001627727367
4001202374690
4001237582023
4001065162867
32838408889
32858893305
1005002363739852
32976866583
4000176840254
1005001763971509
32755218479
4000729805806
1005002336664729
902607782
4001201388589
1005002033295736
32858519313
32968485315
1005001424029557
1005001402717711
1005002244111617
1005001613773934
1005002382360990
4001128240307
4000006265273
1005001968061840
1005002120967985
1005002490375690
1005001409815700
32982639593
4001108190841
1005002259762094
33033239054
1005002455009079
1005002283007360
1005002467415723
1005002264582309
1005002420206521
1005002322419254
4001094371264
4000780992994
1005001289476771
1005002377230502
1005001747994790
1005002079626744
1005001625426340
4000641863490
4000729958219
32996757698
1005001772150549
1005002333924650
1005002069994505
4000966664604
1005002223886793
1005001448761334
32817440380
32792474919
4000342673094
1005002371951606
32250664949
32307073626
33045440120
10000127400807
1005001990189608
32837105281
32961562958
1005001804850617
4000012798417
32965288663
1005001656859129
4000418335078
1005002058162540
1005002282515780
1005002421547490
4000993150799
1005001813625424
1005002355220368
1005002378774605
1005001666083255
1495246712
1005002072389735
1005002395948789
32372122851
1005001763403190
10000012612515
4000304737931
1005002420021691
32971759560
32708692775
1005002316051343
1005001492042644
4000021545232
32986011581
32844946284
33000003545
1005001874511885
32719917523
1005001958564009
1005002432312747
1005002137284415
32696620710
32901934131
1005002023636620
1005001688355062
1005002316717080
32806003647
1005002129896188
32897220570
4000906379442
1005002341576934
4000818279692
1005002286204068
32984368377
1005001858514468
1005001708827432
32828666963
1005002003902284
4000321853414
32856812079
10000334017233
1005002362678047
1005001411086719
1005002483939248
1005002433755503
1005001363988577
1005001388444925
4001216263514
32954725303
1005001902444756
4001243346365
1005002099147892
4001044076406
1005001779882350
1005002136946996
1005002328919610
1000005327541
1005001863839566
1005002467186311
33014267001
1005002433677927
1005002064436621
4000313439379
1005002214928293
1005001834556438
4001119007953
1005001302065668
32960754173
1005002039605658
4000517818022
32859852860
1005001563558822
1005001482694763
4001081097206
1005001333370932
33009763754
1005002386899685
1005002448974058
4000080085118
32848012227
32979904320
1005001851682506
4000884361073
32848589239
1005002104507849
4001119940982
1005001600203278
1005002206035155
32922703879
32942379691
4000429528493
1005001922780501
4000912971220
1005001764861441
1005001620676006
32993046061
1005002298628179
1005002279520568
33042604617
1005002103005897
1005002310472191
32992084566
4001009853703
1005001320740721
1005001279139289
4001283124233
32840552239
1005001578924735
1005002329417380
33012704623
32957259292
1005002306654028
1005001618085396
1005001745897853
32769551572
4000476489518
1005002224287708
33023559920
32809832068
1005002302140005
1005002382862205
1005001893774188
4001153429503
4001210906551
1005001579212203
4001042254812
1005002480975755
1005001319645213
4001207672741
1005002483222255
1005002474184694
1005001652121347
1005001453362257
32876081186
1005002362038270
1005002447195265
33055216159
4000770065887
1005002239536853
1005002323109293
1000001980650
32890157622
4001226448677
1005002314400185
32889123558
4001183806317
4000696099048
4001291643860
33033487484
4000196025657
1005002288289464
4001155990714
4000755343594
4001248344889
32626164067
32835228888
4001104162429
1005002304330726
1005002307412441
33012799372
32955448713
4001364944055
1005002005101124
4001045526841
4001213694487
1005002328153208
4001163466026
1005002086017051
32959958196
1005001999017891
1005002420629931
32853632146
1005002356409199
32700216888
1005002457276715
32835691400
10000395869325
1005002328369658
4001203092119
1005002244604398
1005001850459639
1005002301164601
32957387471
1005002328946837
1005002401313509
1005002252813446
1005001896707489
1005001305348658
4000384727718
4000624160156
1005001927338937
4000782289388
1005002477634168
1005001516017355
1005002295097521
4001134567781
32833820893
1005001269886117
1005002205569454
4000284020914
32959764889
4000842694292
1005002342413974
1005002279097573
1005002206404664
1005001961860723
1005002337398126
1005002497118173
32829349963
1005001995025248
4001094529523
1005002372148383
1005002137529623
1005001572315360
1005002494033436
32996759157
32968774557
1005001525430838
4001154732167
32948797863
1005001835376316
1005001694649339
1005001562680377
1005002000344758
32971879116
1005002440484328
32982222156
2043783211
1005001479725793
1005002363374418
32948056207
33039290287
1005002100067404
1005001316247225
4001038640521
1005002323207639
1005002294541196
1005001894033048
32970172437
4000320411565
1005002484125307
1005002397898353
1005002311372092
4000941347093
4001015526951
1005002332332501
1005002398452380
1005002483274349
4000379325461
4001365487362
1005001582644715
4001351805984
1005002408416216
1005002312156207
1005001914574325
1005002246720119
1005002364369455
32811564059
4000473239433
4000200114422
32853294246
1005001394073528
32899641125
32841536171
1005001588600676
1005001862673030
4001339126514
33039872319
1005001458771397
1005002485658323
4000961859516
1005001508697868
1005002247074097
1005002494497518
32976181957
1005002221659154
33060698581
1005002190957730
32882490911
32952531096
33044898367
32666939244
32800758914
1005001525314867
1005001392274483
1005002315995734
32995837461
4001184383608
32955355456
1005002444520272
4000160920130
32315783772
4000339717719
1005002317709116
1005002288625971
33022604628
1005002319262985
4000769630906
1005002388735573
32901157867
32817096934
1005001525579918
1005001396138484
1005002312737701
4000431252294
32825876934
4000784596519
32771029203
1005002313854143
1005001475742689
32999801081
1005002435236243
1005001990694789
32888112699
4001017659405
1005002358109365
1005002420212545
1005002307400674
4000463136639
4001197880976
1005002354260950
1005002428030813
32770477400
32756701015
1005001930846963
32959762930
1005002262069181
1005002076399367
1005001798429085
4001269706156
1005002074991630
1005001495379792
1005001949094071
1424577457
4000511558817
1005001499138188
4000905389773
1005002328843603
4000351615879
32385744249
1005002402543422
4000509287032
4001057022390
1005001732886652
4001364273488
32847903315
1005002233382424
1005001651496137
1005001345694777
4001097608867
1005001579887809
1005002442970112
1005001853140358
4001142976642
32819930563
1005001345335603
32987621658
32850127725
4001206564913
1005001279504690
4000242546006
4000089075658
4001224459012
1005002319043792
32811561767
1005002378513403
1005002187099146
1005002342507629
32572681651
1005002330697346
