1005002329502721
1005001688574965
4000181635837
1005002101759066
32752598327
1005002356602778
1005001639283433
10000403257045
32919867457
1005002028374887
32686014349
1005002383740604
4000209775444
1005002310657049
1005001371045425
4000966121898
4000317749470
1005001545073953
1005002238930860
1005001693451080
1005002310061683
1005001781215905
4001061826767
4001268145415
4001096171641
1005001265061096
1005001453121036
1005002389929461
1005001871429287
32726445626
1005001493437932
32618341392
32961439942
1005002314620122
32986497700
1005001620361056
1005002011827629
1005001425967470
32976862414
32896317069
1005002392559395
4001208902387
1005001565025333
33040620126
33015703496
33010822810
32922219250
4001128586324
1782383866
1005002448700357
33021979921
1005001855581499
1005002404704746
1005002136274594
1005001992863683
1005002212565018
1005002305373429
4000344147607
33059763381
4000061833480
4000854422965
32696585090
32577183494
1005002484085724
4000064471141
4000004682802
1005002131190398
10000028366258
33033292614
4001249895763
4000001049008
1005001899363205
1005002332219924
4000677674570
32949861057
32905894123
1005002265612400
1005002477456205
1005001877863393
2028100009
32812217973
4000344526754
1005002428138007
32970285754
2026138096
4000987137213
32812912831
4001294573534
32965392630
1005001524004057
32832656274
1005001768501467
4000352809382
1005002450640094
1005002275929942
32872663770
1005002466970243
1005002337295373
1005002321935576
32657882650
1005002077059873
4000844981259
1991702529
4001074598582
4000111777202
4000900159921
32824769057
32871590422
1005002367420326
33033593916
33009048047
4000641927016
1005001621555551
4001278391275
1005002412893438
1005002263828062
32463712073
1005001994096546
1005001500521245
32962636561
32845895243
4000024120038
4001122222785
1005001923338244
1005002432079119
32854137671
1005002048413797
32954855128
1005001329853972
32975531691
4000879357483
32917161799
33054591888
1005002272567233
1005001554773635
1005001824611162
4001248595819
1005001656957268
1005002022962335
4000015119718
1005002115393573
1005002212557299
1005001764968167
4000194613765
1005002225716223
1005001493535927
4000038779466
1005001898675882
1005002302475478
32952702085
32720639712
1005001538391058
4001259987104
32854840615
1005002496288266
1005001926250052
1005002246071070
1005002280658098
32992333435
1005002167812975
1005001891976075
4001229846684
1005002376604498
32748679051
1005002334794374
32950393421
32998734175
1005002364866899
1005001645212839
1747146681
33006470498
1005001946096883
32898263216
1005002281965155
1005001948254362
4000850502072
4001220992942
1005002276178709
1005002043189255
1005001664747545
1005001731129498
4001263677830
32979394454
32837380454
1005002032027744
1005002442718518
1005001804065236
4000761242147
1005002388897286
1005002091479977
1005002291666330
32983386765
1005001560954197
32956411875
32867298280
32817935111
1005001851267204
1005002319162571
32967988067
1005002071499767
1005002405816096
32891308477
4001243991404
1005002276369611
1005002490463417
32835336724
4000955197226
4000537152045
32964246264
1005002337207707
1005002252292367
1005001514531195
32831414531
1005001807918228
4001045443695
32835190567
1005001349222071
32836219299
32860127770
1005001521124680
1005001488938868
4000544130641
10000318415665
4000292574592
915068728
1005002280653239
1005001559822602
32962053171
32912670300
1005001606739321
4001035002580
4001127605904
1005002242245453
4000473828931
32911327698
1005002346862565
4000895835386
4000597896501
4000894197731
1005002133944331
1005002318513642
4000936311400
4000959284448
33022401871
4000216089820
32868887693
4001279348391
33062783805
1592442094
1005002233886475
1005001816490165
4001227300792
1005002299256583
33003851461
4000848378250
32961676712
1005002259183924
4001275661969
1005001343257354
4000836532103
1005002124869383
4000129765600
4000398177554
32953219195
32988142777
32810110093
1005002038790765
1005002313515281
1005002347628988
4000203210346
32983646728
1005001425083834
32622510353
4001055066265
4000117779552
1005001548431386
4000708123048
32616324775
1005002216724305
32868919714
32753416779
1005002315653689
1005001826698386
1005001790225051
1005002344323887
32848298680
32994979547
32919535682
1005002175886262
4000117862047
4001119096461
4000370765456
1005001752466923
32866918534
1005002454246079
32913608048
4000263505790
1005001437511746
1005002441455817
32861367720
1005001756961547
1005001429935043
1005002420070824
32952330632
32919524834
1005002345143442
1005001633289334
32841110863
1005001656982004
1005001923044940
1005002129786459
1005002267576394
10000238385989
4001356891716
1005001978024739
1317849273
32603976111
4000020489673
32970714044
1005002133293269
32899791490
4001108016098
32895318894
4000013688033
4001288412001
1005002492661801
4000262152956
32810465319
1005001679760140
1005002013040012
1005002352084953
1005002434071952
1005002444195522
1005002156882527
1005002480721001
1005002362077583
4000489793587
1005002363894220
32929585648
32856694962
32971439874
32793023860
1005002481424442
1005001512355115
1005001515426331
33059300217
4000715477027
32843966200
1005002394082675
1005002459740645
1005002499652843
4000853247974
1005002292575414
32976864841
4000668426254
1005001313655168
1005001883261938
1005002014394874
4000942881679
32829305679
32916148789
1005001489368937
4000683285059
1005002385393587
1005002037325380
1005001812069451
4001247841904
1005002248892554
1005002196590574
1005002185986228
33014378931
1005001802932820
1005002365485993
1005001699155574
1005002461533724
4000451241589
4001283379586
1005001851667784
32947889430
4000832375659
4000620766507
1005001855532023
4001094839928
1000003059005
32850548215
1005002221832850
1005001373370966
1005001376575782
1005002357044047
1005001412451041
1005002359112148
32931185119
1005002326068507
1005001702883895
1005002328521690
4001009681824
10000384103770
1005002310077267
1005001633332443
1005002500509494
1005002418496470
4000257743636
1005002306548788
1005001422765162
1005001671630445
4001204435430
4000360382446
4000686907559
1005002220693894
4001039636952
1005001999894755
1005002288267228
4001109193075
1005001936281065
1005001683036159
1005002167326599
4001308364055
1005001803645820
1005002245396551
1005001888184410
4000837108878
32663386083
4001158405199
1005002315594347
1005002394418451
1005002042130624
4001294357001
4000964714087
1005001893721676
1005002258586191
1005002311958245
32417124698
4000161040022
1005002467573730
4000107272721
1005002382867459
1005002350811631
32884779271
1005002359954159
32970538924
10000399115282
33030618217
1005002311005345
1005002372707091
4001352773880
1005001537942885
1005001743352065
1005001481790487
1005002328532864
1005002399812006
4001121208736
4000328148649
1005002247653232
1005001343231929
1005001677341863
4000986614742
1005002280963354
4001023073762
32826150532
1005002074276542
1005001616235412
4000348881478
4001069835560
1385894165
1005002388231704
1005002447495043
1005001900789692
4001060240232
1005002490262954
1005001813045906
1005002351107993
1005001762642924
33001640972
4000129585929
1005002273694569
1005002357315701
4001201785317
32915565032
1005001999883842
10050022604170531005002361511959
32813142872
1005002310895803
1005002321945263
4001018518785
1005002268947043
4000203300663
33019719574
1005001412613118
33016511547
4000959607604
1005001625486273
32981511737
32754356784
33022676385
1005001724288800
1005002312263833
4001042468940
4001122353586
1005002404548858
1005002344185808
32915167784
32700110165
1005002311529336
33036912252
33007470990
4001231859842
1005001390171889
32850176281
33033831723
1005001288837912
32966852160
32896605865
1005002443602857
1005001392600388
1005002229308407
1005002180103325
1005002489240027
1811042484
1005001655450077
32519891294
4000781108041
1005002205197700
32699009719
4000389134161
32749667650
1005002311779600
1005002426319945
1005002233473534
1005002305884853
32601185853
1005001470744013
1005002224558694
1005002052446490
1005002454263783
1005002198850322
1005002393958486
4001177926160
1005001908079359
4000954426944
32999903326
1000001377804
32879419663
1005001918710144
1005001330067111
1005002288283731
1005001488442183
1005001507587297
32870859537
1005002337101987
32803048225
1005002470259183
1005002394912396
1005001966413067
32826041432
4001283729021
4000741787004
1005002292755886
32627345531
1005002435000332
1005002481973644
4000333818297
33060330324
32957188133
1005001656991317
1005002265161990
4000785370328
32957224185
1005002006830388
4000916727905
32958362253
1005001373372966
1005002254468056
4001196506743
1005002356994189
1005002482102316
1005001354453661
4001195453815
1005002419914812
1005002350549630
32861538824
32838024160
4000602954148
1005002050335571
4000410657760
1005002419656107
1005002461097899
1005001483152648
1005001656836488
32999331740
4001317004776
4001018479734
1005002265502550
32718587612
1005002167823782
32854601223
1005002334976551
4000232336365
1005001995523247
32824813091
1005001934908038
33044110014
1005002193967825
1005002346849229
32676687935
33043702290
32953045791
1005001841161148
4000180493109
1005002143118354
1005002316354559
1005002065577200
1005001365866967
32821323098
32971280333
1005001671182146
33043787987
1005002495366319
4001112020459
1005002074288584
1005002260627227
1005002397773416
1005001631919306
1005002377745792
1005002301631424
4000004026929
1005001831149520
32736266005
1005001935369751
32827082246
32846680290
32408874647
1005002271976933
4001072301108
1005001867388814
32847528170
4000849812088
1005001884495134
1005001392670175
1005002241422779
1005002482266333
32947000752
32903134285
1005002305159012
1494996986
1005002303482129
32826734547
32651050183
32975537349
1005002007195889
1005002350885482
1005002304256439
4000467477856
1005002375810099
33001440713
32880690762
1005002314301501
1005002049409324
1005001780676662
32837084599
32843660607
32854958994
1005001966748158
32937603069
4001022138253
4001171568962
1005002334721355
4001349442413
33056533892
1005001961804539
1005001380449903
33059422653
1005001640338611
4001010907418
4000460509461
1005002275678906
33057958935
32993179975
32971455381
1005001431906254
1005001608673205
1005002413301200
1005002166918208
4000249536546
4000978872457
32843186373
1005001810996050
32921138737
1005001468347004
4000385647076
33030029674
1005001544358476
1005001665702187
32787775764
1005002180632819
33012134345
1005002323666139
1005001451387782
1005002028306862
32882800435
1005001808187154
32995140164
4001299649499
1005002273597139
32979349487
4001254645603
32478150257
1005002011840470
32828147449
1005002334013207
32989264328
1005002167645850
1005002310593491
4000320828749
1005001425029029
32884817898
1005001930936328
4001155951424
1005002362304322
1005001267449022
1005001823443879
1005002259225189
32962049995
1005001570335607
1005002423784172
33019398204
1005002400486181
33020938211
32904753541
32565066196
32969356915
32858701651
1005002099697625
4001280493032
1005002350779217
32784214784
1005002277299349
1005002423770672
1005001713248252
33024576876
1005001585449459
4000378024901
4000978903123
1005001418389181
1005001419583002
1005002461432980
32664364070
33020482281
1005001875182133
1005002287479231
32953555354
4001126866050
32975236033
32620718069
4001220198603
32307383988
1005002311731408
1005001813683399
4000127778095
4000499173148
1005002368862594
32591425763
1005002264827859
4000902702337
32735782588
33049819730
4001046207988
1005001446466825
4000032817218
850198294
32998944679
1005002050329421
1005002467451443
32867005506
32860389210
1005002388454407
4000930577028
1005001611560447
4000464645902
33060586280
1005002296879740
33014467233
1005001612335270
1005002398670962
1005002053127537
1005001528644376
32847828453
1005001607311281
1005001704934124
4001119628285
4001148145707
1005001493760941
1005002378857498
4000891065634
32802705647
4000112143939
4000042103881
1005002318724157
32589665627
1005001670676330
32316445199
32919222949
4000537226926
4000191660862
1005002314663955
1005001815598797
1005001689207692
32856486089
4000355500785
1005001915187489
1005001695240610
32881409939
1005002393972544
1005002326104207
1005001997866210
1005001785990166
32909563273
1005002167832409
1005002291262602
1005002386453091
1005002319066672
32854386660
1005002095281105
4000787146875
4000704777462
1005002313799610
1005001617843501
4001003105021
32618042458
1005002398548542
32635624657
4001279877204
32966835856
4000074696111
1005002026596073
4001085936954
4000378147429
1005002369848930
32651082901
32477010958
33050608543
32888507832
4001270727409
1005001642744614
10000395864485
4000576181180
1005001511282834
4000037044348
1005002124877806
32807892758
1005001799378634
4000932366655
1005002063453435
4000464972607
32837345014
1005002317834506
1005001455721935
1005002310510256
1005002058833118
32966678297
10000185378403
1005002316480063
1005001995427509
32708564157
1005001438771722
4000327234871
32905599539
32885069455
1005002341264935
1005002393528940
32699469255
32863621987
1005002388851566
4000873751966
1005002256671211
32995360779
1005002434690617
4000856239960
4000182172273
32700929549
1005002310071183
32940038677
33007330834
4001268142228
32917876945
1005001501588472
4001103402211
4001216721994
32974162008
1005001540789291
4000064922306
32810644423
4001047643938
32971474453
1005002332143534
1005001373825630
1005001611437083
1005002292159752
4000790077073
1005002332985219
4000960879943
32881251914
32643129706
1005002420283738
1005002471080851
1005002354358176
4001039423395
1005002276529039
4001160121604
32934647853
32897677862
1005002150090963
1005002060067730
4001123206512
1005001591674522
4001042462894
1005002500133527
1005002332424713
1005002116498961
32961606015
4001270261658
1005002283498426
4000959255961
32697094729
1005002477509163
4000296044966
1005001894485754
4000414200937
32853323695
1005001656520911
1005002266931014
32920772575
1005002328912819
4000970761398
1005001810621516
1005001961505968
1005001617603270
4001361137251
1005002495322386
4000101226846
4000959918984
4001225349634
1005002190115976
4000786960640
33038780116
1005002447750986
32807975195
1005002269015374
1005002346107347
33057455998
1000004706164
1005001514549245
32827870717
4000628636768
1005002450326911
4001106535103
32957957322
1005002166510635
4000037621664
1005001713099861
32825211303
1005002182432672
1005002350843006
1005001489975144
32948990282
1005002297271428
32843652311
1005002369943249
1005002358189604
33011992094
32951772994
32595066340
4000898045205
1005001516009240
4001306507853
1005002482329927
4000715584662
1005001365816986
1005002499671417
1005001731293122
1005002297843756
1005002489084126
1005002276897084
32887953917
1005001451900601
4000945134085
32829168667
4000849982337
32989459066
4000127325538
4001185816704
1005002400006001
4001066477273
1005001993224035
32831273298
32852878772
32973349107
4000516531520
1005002310956193
1005002220255179
1005002318801483
1005002246697544
4001041098519
4000751700019
32295028583
4001148762576
1005002338111017
4000148958562
32763462362
1005002059341986
1005001406124034
1005002384693106
1005002050234685
1005002308588687
1005002243430678
1005001942508025
1005001266803667
1005002470868092
1005002345471391
1005002401279706
1005002411542889
1005002495983980
1005002210700972
1005002289164227
1005002270580150
1005002315915165
1005002447460358
1005002064653381
1005002240591263
1005001873543257
4001156405694
1005002011463826
4000210313461
4000039335146
4001099131678
1005002328091635
4000894332649
32891385440
1005002287482054
1005001818923201
1005002363258945
1005002477657016
32946908946
1005001930714960
4001014240126
32950975991
33053316660
1005002327877530
32789598919
33016970262
1005001804344292
1005002350151375
1005002081562871
32322710995
33040859536
1005001788962211
1005002376261519
1005002477268651
1005001367623392
1005002394395891
1005001426319701
4000047365084
1005001598515111
1005001464267603
1005002339625052
33019485448
4000281494551
1005002418445503
1005001918896517
4000810965963
1005002349788900
1005002322603714
1005002480522967
4000162916577
4000183404968
1005002083991710
4000193126953
4001296261630
10000323713032
1005001683199683
1005001814097544
32979295095
1005002317222678
1005002133875799
1005002432477721
4001251664739
33039567476
4001358806229
32522406005
1005002408889968
1005002485646821
32997000819
1005002461664040
1005002011906090
1005002340296157
4001157624217
32781699703
4001103012392
1005002326507536
1005001570529009
4000863391550
32843159239
10000327164339
1005001387955389
4001117928321
1005002394628042
1005002306629201
4000006918823
32819481562
32975073689
1005002465478180
1005002148803064
32860270256
4000964418113
1005001484369447
32794363589
33032855541
4001050135752
1005002278986998
1005002320449677
1005002434448900
4000717682884
32977170738
4001222746323
1005002306363718
4001082464126
1005002328870344
1005002086822259
33017523972
4000397645637
32899697404
32613081152
1000008351432
1005002094305779
32807522831
4001308328942
1005002467768852
1005002382015284
1005002219946278
1005002358425585
1005002213144721
1005001580219772
1005001862777051
32863173165
32845235496
1005001391396222
4000822972555
32821250836
32866272187
1005001502310484
32616558058
4000960627512
1005002240572581
4000094070944
1005001635535645
4000988975233
1005002388309340
1005002039082288
33018601489
32881733922
1005002293301145
4000169505699
1005002198363258
32842803135
32776219798
4000701232747
32946234690
1005002384121911
4000954386107
32681079445
33041787228
1005001839249079
1005002284395600
1005002467359028
1005002263163434
1005002314274940
1005001559886459
1005001525435315
1670774120
4000315244554
1005001844147300
1005001571427359
32618353583
4001013008316
4000941304011
4001197206378
1005002370260893
1005002459069869
4001275017652
1005002468363276
4001138572068
1005002250116777
32966768475
32886622832
4001236152309
1005001936187314
4001148100843
1005001883071363
32898981853
1005001325997883
4000404259622
32833675106
1005001297621475
1005002313772414
1005002467373996
4001010639215
4000320644136
4000236791783
32991531607
32970654676
1005001998718602
32827087661
32952824315
1005002410357445
1005002382715110
32854077505
32884639570
4000152979154
1005002167272697
1005002291575923
1005001998434704
32845191257
4000032869193
32856179448
32300383761
1005002321448780
1005001870638184
32566727844
4000307841843
4001112614883
33062739948
1005002118815378
32823782449
4001169014214
1005002236245073
32980055299
1005002375187683
1005002238607310
1005002322840974
4000002478155
1005002305163724
32967300661
1005001621308562
1005001753956992
1005002033271302
1005001505562489
4000823983155
32836637618
1005001966531796
1005002460105705
1005002434795803
1005002435271382
4001035020049
4000563607073
1005002091619528
1005001804037058
1005001493177765
1005002277104289
32843202590
1005001597883205
1005001552455051
32700698191
1005002393610326
1005001290484428
1005001956510890
1005002439814204
1005002314903806
33013773445
33006036740
1005001800466700
32805464073
32808011812
4000848395843
1005002428020173
32875995355
4001270528619
32887462334
1005001711542010
10000127471541
4000990378191
1005001976701487
1005001633023820
32844816313
1005001709130905
1005002055100933
4001304539168
4001291275498
4000381332666
1005001514293690
1005001736791123
1005002011308944
1005001520298315
32920210739
1005002369686110
1005001794445177
32656409993
4000273585092
4000497654821
32646302341
1005002174501394
4000984196559
1005002121796015
1005002405349647
1005001715418701
33006912510
1005001271482193
1005002426963513
1005002000163366
1005002428592823
1005001556654629
1005001617677453
32919767934
32924236553
4001219400994
4000212188735
1005002369750620
10000395929316
1005002262433425
32859950215
1005001815872453
1005002331790754
4000166277124
1005001310340654
1005002299004103
1005002354505269
4000175954435
32848477106
1005002190678793
4000116854710
1005002276457128
32852170099
1005002117333903
1005002237993107
33034647067
4000395489941
32960078015
32658491422
4001028041920
1005002070940923
1005002246934649
32394979644
1005001379306898
32793528538
1005001587326221
1005001573796651
32297354481
1005002172942805
32870068946
1005002314021769
1005002082515715
1750119467
1005001287850021
32826870779
32890009593
4001290485088
1005002081491596
1005002492628168
1005002359731859
32959132909
1005001705537901
1005001356080769
4000408230341
32993765619
1005001680430753
4000786936291
1005002371501958
32973963987
1005001763994833
4000044472988
10000348268201
1005002238321117
1005002322175018
4001320298850
1005001597119680
1005002357559870
32233027800
1005002413633202
1005001519592210
4000371379915
1005002197352251
1005002291556043
1005001985096568
32858297655
1005002230033127
1005002339164411
32822575717
1005002054927187
1005002245706633
1005002021708004
1005002289748721
32899558192
4000206212059
1005001418786540
1005002310659197
4000991852484
32406905175
1005002367236565
1005001300630462
1005002390516568
32975715470
33004090381
4001212038917
32997105979
1005001447039389
32988671502
1005001470952595
1005001813210858
1005002190625730
32375319361
1005002315989940
1005002016579899
4001287580632
1005001849517874
1005002412779722
32835456219
1005002470171786
1005002245158449
4000170316118
32934766665
33018459543
1005002467662240
1005002195861985
4000933516497
1005002377556157
32673921386
1005002325285687
4000720842613
1005002440609072
1005001804845671
1005002381202444
1005001303399596
1005001620188232
1005002293865685
1005002384926691
1005002330363060
1005002064481520
32387335877
1005002181030629
4001212921127
32810393165
4001127984587
32984138923
32889634864
32806444746
1005002326487721
1005002263443467
1005001461771349
1005002288319124
1005002232410654
4000726504903
1005002454343186
1005002240375529
1005002281958114
1005001779190691
1005002334104312
4001245571510
32882037815
1005001333913667
32634536197
1005002252613470
4000706170090
4000538314162
32773602773
1005002481292943
32999846262
1005002170931228
1005001406978573
1005002247360473
1005001958795273
4000210340149
1005001308325860
4000438046496
1005002161420699
33059498662
1005002418665445
4000194895414
4000113785393
1005001975856892
32910201893
10050024173628964000466123863
4001031098466
33017364686
1005001831062113
1005002467994334
33027469648
1005001793072981
1005001961433663
4001237574458
1005002316814426
1005001995742584
4001343751134
32920610780
4000884240366
4001333699313
33046262666
33019262135
1005002314369261
33018579129
4000170168803
1005002271987005
4001234277743
4000959961073
1005002443098619
1005002271767636
1005002460658177
1005002224806262
1005001333315583
32813581979
1005001617273275
32989910005
1005002055374633
32892022773
32851318986
32998829551
1005002361242151
32954824557
1005001426138307
4001015010124
33005378442
1005001382380686
1005002364071652
32852984504
1005001632658278
32871251844
4000093913933
4000682990641
1005002448253904
1005002194295931
1005001732022302
4000752766930
1005001568991198
4001221577486
32844103682
1005001830946077
1005002217886416
4000270154694
4001298769382
1005001901073968
1005001972286209
360410127
33000049289
33034927129
4000171675889
10000035527142
1005002122378418
1005001850226391
4000891321090
1005002377660700
1005001815765246
4000242433102
4000850492046
32974782476
4001330492978
32946611089
32879497466
1005002212418562
1005002007186750
1005001909438114
1005001812180724
1005001906988300
1005002281395928
4000954739414
4001039670009
1005002090044096
32958032253
1005001692980138
4001093176040
4000987312375
4001137593069
4000004641599
1005002054685114
32827907092
33005197895
1005002219723498
32462246235
32979189346
4000850419649
1005002308945613
1005001308099732
1005002289456789
1005002227875116
1005002266679151
4000236514914
32739559113
4001276084461
1005002316447635
1005001470447779
32966950210
1005001913802243
1005002199313922
1005001994069801
1005002449467424
1005001737248809
4001130977596
32818807904
1005002399971131
4000039574998
1005001809439554
1005002369621881
4001102347901
32987042244
1005001436285440
1005002372051252
1005001345667389
1005001969096255
1005001664424994
1005002077565332
32963922273
1005001504246101
4001109932118
1005002126237684
32860263464
1005001656949794
1005002293312942
33018516627
4001239951670
32975069228
32947753462
32973209242
33018759754
4000054349550
1005002305215800
1005001960938002
1005001924647387
33059976043
33059740068
1005001525454176
1005002085369696
1005001386132928
1005002351777934
1005002314335132
32836803389
1005002334517778
33018218727
4000413629675
1005001798106579
4001359653063
1005001265481320
1005001499857402
1005001515732992
1005002191681792
1005002211909419
1005002388043804
4001135525829
1005001835539357
4001243787454
1005002246917696
1005001965785432
4000571813660
1005002293912119
4000088540946
1005001781247361
1005001441748015
4000040851352
1005002494333283
32917493534
1005001300666539
1005002483767553
1005002223812057
4001027815980
1005002319147113
1005002191595006
33015270717
1005002356872153
4000712490682
1005001309752556
1005001714564757
1005001436427299
1005002267614104
4000184037469
4001230380401
4001142637212
4001037902734
1005002469854090
1005002297769650
32644458207
4000029838941
1005002265681123
4001220860050
4000598831940
32901800042
32921050087
32368104802
1005001928295443
1005001914675255
4001110526756
1005002167921445
1005001725285941
1005001586322052
1005002016963516
1005002231485642
4000442345955
10000057099100
1005002307729314
32435858011
33019383319
1005001566072696
4001293953545
32873204521
32878590867
1005002422408394
4000200279225
1005002346877812
4000718836636
1005002313324023
1005002291678687
4001037141678
1005001588281349
1005002326704026
1005002173045360
1005001441578976
1005002341788578
4001028913865
4001212512791
1005001717881340
4000597740945
1000007991815
1005002266505666
1005002291073042
32957106087
32835167392
4000539663970
32836377802
4001013265947
1005001332821397
4000257378267
1005002477342342
1005001541217128
4000627564950
1005001940113785
1005002318104531
1005001593955480
1005001620633609
32969748445
1005001843388966
1005002362982800
4000538432083
1005002280806256
1005002286577802
4000858801094
4001121488106
1005002322624229
4001132578613
1005001814467088
1005002103765000
1005002365302578
4001211535922
1005002317792172
1005002378536531
1005002132544804
33039022949
1005002259343972
32793283234
1005002297093943
1005002344577162
33001936784
33025494391
4000872527401
32903680876
1698015425
4001005214481
32287785473
1005001767690747
1005002334451244
1005001752344683
1005001275995159
1005002102341786
32836772902
33004034476
1005002489059244
32989097557
1005002266665258
1005002436053264
1005002324764765
4001222975206
32849047491
1005001699518939
32833975899
4000153066167
1005002328846955
32483345666
4000808562222
1005001432118361
32851828387
4000295851946
1005002445149484
4001275841590
1005001908862434
1005001391440570
1005002338184375
1005002074380416
1005002419308651
4000852848922
4001141592887
1005002333469030
1005001845643169
1005002394237982
1005001454531148
4000038119800
32903070455
32462006987
4000849730474
10000261171165
1005002388361360
32793439637
1005002318868852
4001110188798
1005001541356753
1005002364334887
4000534480514
1005001560935134
4000789193674
1005001623148320
4001049991502
4001193322223
4000848483742
4000876052729
1005001297923415
32957663597
1005002400123954
1005001360119174
32637486920
1005001786558520
4000189834680
1005002370422215
1005001370587931
1005001966348859
1005002346142049
1005001824209302
1005001879672738
1005001897643228
1000006178696
4000831846837
1005002317657752
33006130048
1005002382103313
4001063052197
32860000705
4000986505849
1005002428383635
32797870642
1005002291568566
1005001995272341
32231571196
32929633268
32986247300
33047572623
33015330713
1005001505769197
4000798289611
32856070034
1005001863994998
1005002354511622
1005002252806175
1005002171432981
32809771427
1005002457430880
32814314484
1005001456423720
1005002490581490
1005002351979077
1005002231614806
1005002315196509
1005001652897474
1005002346768881
32843463859
4000382455299
1005002303964663
4000255693258
1005001685845114
32977351807
33021007601
1005002171200007
32963244348
4000409740267
1005002261272296
1005001392793927
1005001731400906
32858713427
4001130943522
1005002409802772
33008589634
4001150536307
4001223889138
1005002232396935
4000990771478
1005002128350999
4000862954902
32824290746
1005002324371281
1005002256669706
4000670932627
1005002261108752
32950742971
1005002301635093
32667690605
4001048200955
32995626462
1005001713025038
4000804574131
33062466922
1005001618185711
1005001666188538
32840840299
1005001321367202
1005001423874984
1005002352113165
4001069795183
32846564082
4001161580390
1005002317892315
4000718328689
1005001500483895
32958087305
4001197043817
32817922560
1005002345091849
32833644681
1005002389095086
1005002460159889
4000948311684
4000382956056
1005002407984580
32846397594
4000748053409
1005001741071825
1005002224037051
32898673588
32914698007
32978519206
1005001429224143
4001127701073
1005002485026180
32970409282
32833185005
4000648344172
1005001872686290
1005002069398261
1005001689387713
1005002312376951
4001153371272
1005001942976162
4000152165995
1005002050942380
4001066644151
4000842995676
10000141707109
32851435541
33004370826
1005001482262633
1005001912387872
1005002482393140
1005001602524361
32533415767
1005001396811891
32790496507
1005002245816237
1005001949314160
1005001387092280
4000160145899
32874157277
1005002475467217
32923457204
32821632336
1005001284990917
1005002317200557
32978063458
1005002497105051
4000246361688
1005001883545657
1005001744657278
1005002466111508
4000897514069
4001010908483
4000112224963
4000201074403
1005002074614943
32912113725
1005001859157656
1005001967619133
1005002485065519
1005002027583492
751636598
1005001379439024
4001175827847
33019281443
1005002319393519
4001220651775
4001365126324
1005002405363012
4000936124545
4000738701529
1005002333405162
1005002242138348
32858478240
32874481839
1005002212615892
1005002388801231
1005001882908204
4000588343907
1005002341436621
32612788848
1005001853422073
1005002122365547
1005002383018807
1005002310148808
33013317974
4001058715746
4000695321654
32752257372
4000091893781
1005001724641877
1005002492336270
4001071537735
1005001694485709
4000805469904
33013676490
32899314371
1005002382083201
1005002179880655
1005002239494304
4001120273760
1005002293922146
1005002359164107
1005002417367278
4001356752098
32773808966
1005002292315832
1005002321218192
1005001393096975
4000703668153
4000545849667
4001333133629
32969999741
1005002406134437
1005001949525474
4000895204246
1005001597232842
4001153448205
1005002466167740
32898582902
4000838999996
1005002253926630
4000430123439
32285040306
1005002416754144
1005001727514724
32984951131
4000705613990
1005001397192091
32722675965
4001006963975
4001278406030
4001042721240
32822392078
4000399584527
10000190166818
4000664953313
1680224924
1005002211170762
1005002432204326
4000562404220
32914580849
33021745998
32625560466
4000867585554
1005002344179916
1005002080728984
1005001321503560
33052911392
4001316892789
1005001373872821
1005002302310298
4001349782567
32913130619
1005002382649891
4001333821205
1005002466988597
1005002078184059
4000132406584
32969387561
1005002388882903
4000017557173
32841290569
1005002401868139
32814205343
4001278934173
1005001561933106
1005002339117849
1005001875846479
1005002193795879
4000189405032
4000276771195
4000895977980
1005001883960940
4000410952504
1005002459549289
1005002325490428
32799455417
1005001432111324
1005002357608333
32791068587
4000150895646
1005001506751333
1005001995423802
1005002228414963
4000042534854
1005002395135204
1005002220706092
32908954659
32834933309
1005002364994576
4000944822811
4000078830405
1005002146650800
4000197833859
32972765558
1005001266013128
4000944559987
1005002314818120
1005002434009875
1005002289581274
1005001482038795
32888575038
4001207602498
32971652217
1005002321491918
1005002413533946
1005001405733901
4000816235029
4000007873512
4000003607855
1005002455306462
1005002378561430
1005001321285502
1005001830239205
1005001922157148
4000990079187
4000695499159
4001150760548
4000621269360
4001229481637
1005002302209990
4000898978209
32786175061
4000798125188
32673805754
32793862528
1005002021524665
1005002276794128
1005002234994030
1005002314373408
32961388702
1005002358278457
1005002406080774
4000783238333
1005001704441346
1005002497621099
1005001959035084
4000817729136
1005001605172260
4000075682010
1005002000305366
1005002434797290
1005002115054720
4000917882446
1005001325430785
1005001506244083
1005002233993183
1005002427569648
4001218815954
1005002421582239
1005002212215034
32392000618
32651673289
33017535984
32955076545
33015127359
10000306773853
4001049317762
1005002248629888
4000566309104
1005002382132657
4001197801731
10000281729129
1005001602641660
32525664035
1005002026628934
1005002457485815
1005002208557655
1005001332393009
1005001333355466
1005002310747818
1005002376725964
4000074464790
33014754920
1005001901417614
1005001463845902
4001150135188
4000035693261
4001186565503
4000080563968
1005001670535771
4000404311281
1005002054974218
1005002281988138
4000623995913
1005002318840939
1005002233137955
32855640314
1005002019266961
1005001731477543
4001173790180
33023790035
33003787158
4000916666039
4001130161829
1005002363797459
33022114345
4000287185322
32885557802
33007755079
4000773434707
1005001863078596
32841021358
1005001929862984
33062407931
1005002291032289
32832970235
32796455319
32933945058
1005001718724736
32758830403
4001187750900
32790086607
1005002350748490
32968969200
1005001816994547
1005002298188061
1005002245831403
4000987822433
1005002166537500
1005002340668527
4001179492247
10000199409171
33003609362
4000922534789
1005001725726127
1005001408555842
1005002266473496
4000639530792
1005002053713810
1542926762
1005002336198004
32994836786
4001111543340
32977359868
1005002085097018
32346543380
1005002008555854
32930479415
32589419216
1005002175264701
4001093634510
4001210173753
4000330324631
1005002385439446
33020416391
32823925498
32852018583
33013296416
1005002295082631
32948536292
32975149081
1005001333883328
1005002450564585
32840495693
4001341821303
4001177166082
32965643841
32971033729
32951939568
4000972174105
4001271755282
1005001312952962
1005001346833149
1005002122571135
4000994371525
10000386035184
1654970561
1005002254387901
1005002398799080
4001264138501
4001313552304
32854080226
1005002369427688
1005002363567033
32591112044
1005002212408616
1005002287224735
32707876267
33025483494
1005002402257719
1005002158997123
1005001822817583
1005002301698626
4001270545915
1005002402082256
1005002314232888
1005002371518524
1005001580086852
1005002442516178
33026671131
4000109814149
1005001825036075
1005002361920523
33028518462
1005002345030190
1005002453767015
1005002337941851
32806489211
1005002446987544
1005001835334968
32915845255
1005001671007038
1005002279219141
32960254069
1005002265225703
32963135638
32944733131
1005002394872015
1005002386478163
1005002339619363
1005002388757625
4001296928598
4000504231025
33009016798
1005001966993782
1005001658816541
33001183531
32861325786
33026435355
1005002425390370
1005002270418493
32851225478
1005002423720978
4000710961790
4000359879403
1005002306698212
4001216561430
1005001586096825
1005002439442067
10000397751679
1005002397909595
4001071667127
1005002363648551
32657880883
1005002284104301
32916653106
32958386419
1005001906221262
1005001332757034
4000009135236
4001221449832
1005002247241102
1005001377007762
32334115896
1005002293866397
4001328359167
1005002252023847
32837341980
4000212110859
1005002431427855
1005002038036436
33027888817
1005001585429998
4001093385274
4000244731218
4000247623377
1005002094284156
4000014091483
1005002365007684
4000570906731
32800834422
1005001340347242
32808445864
1005002052616450
1005002258921536
32918254550
32864240470
1005002465976303
33001174986
32850953767
4000764707815
1005001893461294
1005002441607244
1005002272814126
1005002218374791
1005002334648829
32693675024
1005002383557094
4000384582343
4000039216721
1005002253666374
1005002303808777
1005001659256349
32808262365
1005001622911133
1005002253581390
1005001508028916
1005002164606939
1005002011673406
1005001329291002
32389835110
1005002309697426
1005001950034749
1005001859517548
33000027669
1005001540733523
1005002051930637
1005002394607806
1005001450910275
1923926577
4000593717946
4000640999001
1005002431196899
32848894356
4000180233124
1005001374129181
1005001895375022
4001172050341
32870057153
32959875773
4000957392110
1005002500323469
4001076760440
33026540116
1005002196641815
1005001774871255
1005002312395995
1005001639641209
32923083570
4000854597606
1005001626251825
32976356009
33036996078
4000835296465
1005002388410226
1005001425342321
1005001657068386
4001283297473
1005002334079847
4001230026093
1005001727436756
4000759599611
1005002336620727
1005002058378645
4001125108940
1005002010580602
4000629042467
32825830590
32669913191
4000666039913
1005002279072654
1005002051725446
1005002348220558
32972341447
4001179880304
1005002377164167
1005001813562704
1005002498921060
1005002326988167
1005002243644211
1005002388385153
4000261783836
4001121562606
32669411236
1005001586854618
40009606491861005002338786578
1005002412783098
1005001293386391
1005001500238537
32809417261
1005001550913107
33032923453
1005002147917926
32964965758
1005002270538069
32856762573
1005001383298365
33006506515
32619671494
1005002065216929
1005002243528085
942708743
4000844784180
1005001794736904
32997695152
4001225179452
32934791164
1005001954881308
1005001959889447
1005002301175395
1005002282322574
32852381477
1005001344271802
32985489724
1005002388660965
32789728917
1005001648708772
4000614183893
1005002362691924
1005002459329752
4000379394481
1005002182604216
32877155460
32335545458
32707076909
1005001671016361
1005002341592584
1005002342569848
32987190306
1005002316445617
1005002400322458
4000842697005
32907328671
33052406520
4001227418970
4000765191076
1005002259790894
1005001745132980
33046976969
4001256166676
32962227790
4000153520104
1005002478935596
4000398085812
1005002017086353
1124289607
1005001511352212
1005002434588098
32861765525
4000683535898
4000843473222
32722367848
1005002401207365
32872075421
32916271785
1005002387226836
33051149561
1005002373218875
32975065075
32966573330
33014558552
32844565924
4000929956475
32903801051
32947729825
4000262050978
4000690875921
4000576025752
1005001883090631
1005002393941503
1005002286937025
32884297889
32834531021
1005001304080799
4001270903041
33015998962
4000900487701
32840536374
32548113513
4000203086170
32793525392
4001014200250
32825361888
1005002266051953
32708579018
4000553681745
32906905919
1005002378575394
32849021793
4000217951031
32723527303
1005002314327250
32967498035
32959752427
1005002086357014
4000316701588
4000155421431
1005002255055820
1005001887619010
1005002116979979
32810824894
4001102388061
32656234121
32956881602
4000447149743
4001214194774
1005001825542596
4000959645985
1005002080460588
1005001853955003
1005002320385462
1005002310640664
4000710027922
1005002361554473
1005002260129250
4001131964634
33034651161
4001219332970
4001263639042
32324562588
32839285787
4001284566207
1005001322261335
1005001686514506
1005001603160963
1005002179435330
1005002462622420
1005001579471506
1005002336446831
1005002390398842
32617758376
1005001840828201
32962505025
32983502929
1005001913604917
1005002478319700
32275203580
1005001686343398
1005001611727713
1005001651590993
1905248305
4001323843052
1005002197225130
1005002458053481
4000204722325
1005002425018108
1005002239945309
1005002484969679
1005001967682116
4001236697231
1005002247680633
32575535270
4001365707703
4000153915695
1005002247397224
32821391616
32982369279
4001248248005
1005001933187602
1005002339066803
1005002377378353
1005002398733654
1005002023346007
1005001360235959
4001305364551
4001066481921
1005002256511467
32788855192
32919780220
1005002215021613
1005002192254935
1005002401314416
1005002225624626
33059339161
4000353659791
1005002400517636
1005002301181344
1005002301878681
33045765036
32990919237
4000945243150
32835293896
32950591672
1005001560429869
1005001684169179
1005002369106982
1005002206664098
32969786721
32778318679
1005002316574545
1005002304012943
1005002143331175
4001239952786
1005001587362124
4000955822261
32672106961
4001175462129
1005001942435896
1005001781563418
4001064682552
1005002336215012
1005001997593731
1462340383
33001087879
1005002357507343
4000961326769
4001263167755
1005002454372498
1005001768303030
4000276057986
1005001275400024
1005002116092948
1005002314323971
33001484298
1005002313015000
4000735394393
33055381429
33004770009
1005002317677007
1005001419162144
32819118205
1005001565127755
1005001586064361
4000940935530
1005001992859071
32979822925
1005001850270626
4000920927287
4000909288115
4000397526060
1005001509675954
1005002314195383
1005002314845942
32688313746
1005001586672053
4001305471072
4000035762182
1005001644977623
32934684181
1005001809514101
1005001867691405
1005001848747459
4001016591130
32969801650
1005001854949705
32851094351
32821838431
1005002499365195
32806444458
33032680951
1005001721528742
32954921372
4001082739445
4000035222393
1005001269508797
1005002497389429
32796219325
32921384157
1005002271349647
1005001354640502
4001322549862
1005002134477103
33043892957
32967427009
1005002342658937
1005002363950694
32470370449
4001205251245
32918848368
1005001741214266
1005002417096077
1005002276622470
1005001356435526
1005002281815668
33009477032
32808889697
1005001722115434
4000774751849
33027804866
4001068415186
1005002465134586
1005001956715479
1005001677612316
32788903166
1005001377057748
32768124179
1005002328527769
1005001615415538
1005002314035287
1005002228975813
4000070625940
4001350535467
1005001862397885
1005002282754549
33028530312
1005001989108040
32556383345
1005001640192721
1005001580578198
1005002383148795
32853881144
4000131622399
1005002352508164
4000588510965
1005002312520627
1005001426261949
33002013740
32847924952
10000399962398
1005002279259024
33042443210
1005002106988137
1005002357015019
4000943923130
4000928398266
1005002074816051
32626904026
1005002387698270
4000921589019
32919550265
1005002139778822
1005001515742939
1005002317016172
1005002426659571
4000192105842
32915542984
4001344596899
1005001819047899
4000638033206
1005002352685835
4001220315903
1005002419981790
32954474303
1005001988929064
32798583332
1005001338820020
1005001927076386
1005001799008188
1005002438983424
1005002351300607
1005002432030664
1005002398727688
1005002238730970
4000032635803
1005001786283007
32913887145
4000989693756
32830804247
1005002038556410
1005002359323152
32274993613
1005001644279000
32890606550
1005002313479951
1005002480599399
4001355322976
32876870503
1005001800616116
4000922670392
1005002441318010
4000843163915
1005001339392035
1005002382769909
4000158792659
1005001825076487
32319362965
1005002362239957
1005001451553117
1005002376416720
1005002232823445
1005002304282234
4001114156983
32888771891
33010416431
1005001685638122
1005001997712443
33052275058
1005001768248301
32988729304
1005002240515166
32994932725
4000058030707
1005001657380059
32955239491
33056995362
32934859506
32887979818
32854161347
4001308216781
10000395923520
32675649035
1005001715170332
1005002338779844
1005002071341073
4000790104910
32669502472
4001228562614
32986779239
1005002409074685
32878425661
4000930953752
1005001458354449
1005002337647892
32518127681
4000097521850
4001328755431
1005002259725678
33033487480
4000851044530
32822406496
4000437639643
1005001398664056
1005002303711343
1005001731372883
1005002319090963
1005002357779962
32887345178
1005001616198161
4001040829812
4000917358416
32903174459
4000705765774
32794574813
1005002289289421
1005002322381295
32974113317
1768804851
1005002037538807
33035289577
1005002418629053
32700100367
32503866644
1005001869122030
1005002469389532
4000436844546
32733799369
1005001565579011
1005002075408162
4000282659938
1005002245095221
1005002307643680
1005001994719412
1005002054951049
4000784893519
32892791681
4000455929044
1005001402163777
1005002341834994
4001160014919
4000828064662
4001228572596
32963096287
1005001473978702
4001186656738
1005001431590627
32815393774
1005001611651682
1005002293359314
33049242985
1000008425443
33011232480
32790048309
4001225149719
1005002249006536
4000812863170
1005002210194244
1005001884628324
1005001619648012
1005002266297589
1005002364046044
10000316396310
32933142296
1005001852406882
32851397340
1005001616322899
1005002236096248
32979686093
1005001997028936
4001341925430
32996385725
32921096294
32862794492
4001253147172
32771630557
32984474538
4001213715863
4001299557851
1005001303891416
4000831207673
32996296832
32885073021
32786453559
4000437909842
1005002225005395
4001108466907
1005001563209441
4001168010077
1005002193388740
1005002441172301
1005001599414525
4000148285186
4001178347524
1005002398804783
1005002139299077
1005002197979608
1005001436152434
4001183192911
4001034450920
10000031882536
1005001708168514
4000354244038
1005001846524673
4001055961110
1005001848917739
1005002358118725
1005001556222599
4001119114856
1005002306556817
1005001429734916
1005002354155034
32887319248
924161806
1005002073942501
33036188106
1005001360518616
1005001461875794
1005002363000351
33005090559
32917375953
1005001828432411
1005001514179464
1005002329336444
1005002320598157
1005001734111721
32912495194
1005001346101367
1005001923300294
4000786628958
1005001736781032
32743355572
4000642319448
32895438616
4001360986213
1005001859684356
1005001565160924
1005001961370423
1005001905638978
1005002174386798
32851039016
1005001349545780
32890300469
32871282451
32905515073
4000714056168
1005001571238466
4000717285218
32889728209
4000663949531
4001283069936
4000879176966
32921192975
4000738176226
33005740108
33014851696
1005001705708483
32360083475
1005002291712836
1005002108784035
4000765724328
1005002279587026
1005002124725941
1005001483342305
1005002018675248
4000814433208
32985699402
1005002396638929
1005002252620620
1005002406617082
4000460083460
4001222662689
1005002247396602
32849638200
1005002496577124
1005001779918322
1005002232774299
1005001704461204
33026762195
32933494120
32957211208
4000905676574
4001278840659
32961701597
1005001545364197
33022855342
32986797038
1005002319259543
1005001687848223
1005002466047963
1005001445550960
32985960088
4000424531122
1005002400600925
1005002162418204
32889224318
4000455780700
4000270886321
32908137601
1005001922746461
1005001273586701
33007493051
4000571736524
1005002259986357
1005002260878137
4001278881740
1005002408445064
32554051570
1005001923671277
4001226386414
1005001453387607
4001271036786
32824853156
4000192354715
4000699157883
4000876910334
4000741138544
1005001458298154
33027541406
4000854232352
1005001834791044
1005001815203508
32346965523
1005001559857569
1005002318278078
1005002143110022
1005002387808519
1005002350733760
4000848860397
1005002258215100
1005002264997084
10000149297084
1005002314436046
33009408938
1005002122471533
1082735893
1005001345705959
4000465885614
33043597353
32852154029
1005002103801133
1005001846331022
1005001515695113
32252502153
1005002317824870
1005001359558972
1005002365503634
4000194737244
4001040994955
4001090809225
1005002323465286
1005002337178830
4000301258503
32923731723
4000594820648
32880966667
4000468669468
4000665886428
4001331892102
4000540634282
1005002446594252
4000299719536
4001315113170
4001281849543
32952407236
1005002318788209
1005002469944806
4000369725226
1005002320960913
1005002334140317
32959634131
1005001727691403
1005001901284982
1688675584
1005002259163157
1005002350632943
4000207656394
4001196543696
1005002265125828
4001205203459
32339420176
1005001957436771
1005002272525003
4000339601545
32972940095
32840779677
1005001762059859
1005002310383149
4001193293031
4000669961207
1005001397752440
1495142511
1005002265281179
1005001398624597
32806342707
33056856984
4001042487831
1005001965875998
32890360270
4001333890869
10000059392821
1005001855777332
1005002193251880
4000955016663
32616822994
32926083140
33013374697
1005002465219920
4001244204346
1005002111588287
1005001902216934
1005002364657314
4000014023677
32521450020
1005002145406408
4000899811829
32801265254
32795129644
4001274575499
32989180557
1005002293878990
4000624624487
4000956215600
33038952423
4001304587601
1005002170738244
1005001970137960
1005002408364462
1005001513069800
32887279485
32914993507
1005002198720582
4000761529285
1005001525434398
1005002473574870
4000820518498
33024241846
32548865359
4001199066939
1005002323142562
1005002341438967
4000627756603
4001320920064
1005002345945826
32844325154
33017299633
1005002291262194
1005002329422526
1005002010874902
1005002371691308
1005002433369460
1005002039053788
4000492672629
4000794511449
1005001874297761
1005001658357729
4000177441607
1005002134477808
1005002277782172
32856676151
1005001671159525
1005001314880550
1005002258902974
32893633167
1005002404942576
1005001638822251
1005001507545378
32829241176
33036809341
4001275523308
1005001695358806
1005002312278293
1005002074296107
32661337075
4000927893489
1005002326868466
32924875576
1005002333361874
1005002453189480
33026350682
1005002193315017
32825796509
4000443854192
4001067074789
1005002382540236
1005002394846096
1005001872726104
4000990517924
4000688899710
1005002157284865
1005001614434916
1005002205908156
4001273271191
4000237493375
1005001387853319
32919948542
32780862608
1005001570906743
32999762661
4000240626049
4000850910016
4000046047390
32811960888
1005002288597910
32660536093
32380021642
2030887754
1005001849190329
4000409772739
1005002282439886
1005002370492421
1005002334877141
1005001576486224
1005001933771031
1005001616305895
33027505939
1005002259245812
32830141447
1005001405265331
4000970818322
4001134142519
4000113057092
1005002360843347
1005002281750646
1005002337262455
1005001882804914
4000195484259
32859244394
1494581973
1005001714958439
1005001268456104
1005001297452056
32909627536
1005002012569684
4000411446988
1005001822194323
32861124979
1005001536734653
32411548285
4000598346468
32725777941
1005002283746354
4000192440930
1005002427849517
1005002283411040
1005002425674289
1005001698571860
1005002330074018
1005002392745562
1005002423417609
1005002357555854
4001135634955
1005002418677184
1005001401518734
4001255897120
33001140353
4000641454281
1005002253458923
32976124137
1005002377856028
1005002383208052
1005002336213873
33027525779
4000864064861
1005002434851026
32846196485
1005002449290508
32867090853
4000812752212
32959688851
32736202929
4000615043540
32891821422
4001013217087
4001166073780
1005002281878427
1005001475366112
1005002341395376
1005001603857371
1005002090984368
4000401297554
32912182133
1005002318803351
1005001619733944
1005002344936825
1005001375848664
32867139262
1005001429909807
1005002319091463
1005001736703565
32791580174
1005002386716262
32982997638
1005002305054348
33018371826
33040483839
32886188368
4000208209677
32604631491
33022498226
32881520605
4000484455668
1005001446636893
1005001540742299
32955380851
1005001855092604
32980081060
32892034947
32855335127
33004825265
1005001406514278
32443812160
1005001596502778
33032302679
4001282856109
1005001902845073
1005002293872209
32960336253
1005001817270121
1005001314326712
33034722733
4001159011336
32457269993
1005002500598473
32973750943
32823760285
32839059355
32856221792
4001091469290
1005002468432158
33047636772
1005002364171538
4001361459789
32580373591
1005002322842052
1005001713525261
1005001377675957
32910579448
4000790407909
1005001604837802
1005001571535968
1005001457913174
1005001590912864
32857289412
4001045999861
1005002314325014
4001165832012
1005002120057488
1005002282589824
32812703915
1005002346528145
1005001943009253
1005001769618268
32867477350
1005002361867248
4001040863460
4001264578817
4001267589934
1005001441319748
1005002029362356
4000773868093
1005001933500016
4001275419869
1005001350013430
32818777701
33055224425
1005002124267142
1005002042039826
32849513019
1005002307504418
33015915733
32921560751
4000008124321
32462186796
1005002434629169
1005001615469670
1000011638801132814875411
4001064922306
1005002313905982
32977927045
1005002377006672
33009676305
1005002122443128
1005002051926638
1005002388807725
1005002440666753
32606377339
32914733205
32982073614
1005001700633306
4000911772314
1005002290428116
32951293529
1005001326003473
1005002346172495
4000086336033
32809975966
1005002073920784
4001161957030
1005001609760185
32885834618
1005002313717603
4001029961845
32982793223
32821181118
4001361732566
1005002224934154
1005001310914933
1005002225314096
1005002441106403
1005002233256796
4000835177287
1005001839321723
4000604215745
1005001669269872
1005001284887488
1005002074750451
4001137520268
1005001457047216
1005002421221739
32399140950
4000875183517
4000306959107
1005002448339193
1005001266579824
4001114347442
1005002315709010
4001096336757
33041878205
4001227187087
4000036128113
1005002416480104
32994728046
33045256414
1005002271561009
32883514291
33053573330
32819711895
1005001724079559
32791651190
32782456907
1005002237970144
4000458660295
4001225307217
1005002270627663
1005002429875238
33016551691
1005001486531940
1005001869692952
1005001540407373
1005001736526019
1005002144120796
1005002257579740
33058499493
1005002345399490
4001058402756
4001051035380
1005002327081902
4000934606176
4000789216056
1005001724145472
1005001664670788
4001006185632
1005001840252902
1005002206300958
32910390320
1005002153582440
1005001314691007
1005002468707707
1005002495393199
1005001665372953
32978251012
1005002367339877
32848785772
33049646934
1005001324468992
1005002494395657
4000307852833
4001347075845
1005002452686524
1005001360305489
4000850385926
1005002345955835
1005002252159331
32994512095
32855848400
33008188570
32915211045
4001218428997
32929457859
1005001415280769
32829943236
32924901582
4001129345302
1005002286780351
1005001616331799
1005002167013222
1005001580789706
1005001756284950
1005002288413449
32864390536
1005002490255419
4000216210851
1005001997148407
32969520577
32851717937
32652332360
4000849825318
32946270900
33005330548
1005001319421018
1005002314429709
32964444660
4001050951053
1005002041044237
32922065525
1005002185928204
1005001968225315
1005002495801232
1005001586087465
1005001290955331
1005001666384862
1005002121217149
4000067810491
1817820481
1005002270242300
1005002037973913
1005002227850495
33058917669
32858286178
1005002141194609
1005002435641169
1515952169
1005002372245338
1005001539600868
32755711003
1005001807720524
32949626611
4001128446932
4001244112485
32909999774
1005002337805540
32876810310
32961744282
32915492325
32880855829
32796654551
1005001913921050
1005001478278285
1005002363030176
1005002428080820
1005002377295346
4000112370258
1005002305115296
32982342127
32801158732
32782180808
1005002169401226
32813690454
1005002363956406
4001200780829
1005002368315050
4000359832781
1005001518410486
4000700184404
1005001966171051
1005002104480273
32628825745
1005001308803252
4001226909458
32965016949
32728928842
4000677416941
1005002139546588
1005001637679381
1005002295103799
4001198371638
1005002490294270
1005002274475553
1005002363373180
33051219209
1005002223536359
1005002217212778
4001301580735
4001276802086
32921892460
32438099372
4000888463527
4000836750592
4000469095420
32684991954
4001197014172
1005001349829020
32413222347
1005002312082763
4001061044274
1005002384232891
33012690286
1005002400617875
4000453093182
4000091906676
1005001358405203
33006689755
1005002314300409
32958193185
4001004075345
1005002271673375
1005002338815124
1005001547961482
10000226633737
4001116326388
32875488545
32896499505
4000903294448
1005002484124485
1005001640252690
32963596467
1005002330000866
4000172123977
4000511562038
10000127354795
1005001705843524
32834461990
4001360366365
1005002326645058
4000242465145
32853535697
1005002428019748
1005001945887762
1005002361376374
4000641922168
1005002347142745
1005002300654469
33002813996
1005001923270859
1005002429468922
1005002329060855
32965642373
32656854851
1005002464679006
1005002055344173
32940234268
4000743272515
4001050506435
4001018299816
1005002340989877
1005001703068968
4000586998661
32791330698
32882237226
1005001915251347
4000965015222
32766888030
32996898902
1005001603215074
1005002351696792
1005001677915345
1005002235029722
4000595113583
1005001657641367
4000210487643
1005002094723566
4000804244707
4001144889210
4000888365456
1005002381040166
4000704519449
4001079830583
32793795550
1005001973556589
32989516203
567340678
33037461833
1005002491746110
1005001929027192
33011433612
33020298681
4000492360235
4000413748373
1005002375586476
1005002363332632
4001270757397
1005002113817957
32842023557
32801167438
32951669297
1005002315287733
4000042059122
1005001344426631
1005001285657826
1005001280902779
32902036389
1005002311021945
1005002466370343
32814335501
1005001731951118
4001225252471
32870400176
33001436293
1005001506941876
1005002278718506
32823652753
1005002467049704
4000157054782
1005002207750112
1967691609
1005002314312489
32858062008
1959218163
1005001563130589
32976752399
1005002396132792
32873137136
33039961704
32835243690
1005002217566456
4000429827912
1005001620330790
4001061891225
1005002340867435
32537613433
4000692936664
32517863959
1005001394468402
1005002450530477
32972443626
4000851721910
4001118096924
1005001704763226
1005002377290497
1005002246087944
32657886387
32997017826
1005002304594987
32815541307
4001193312360
1005001942766412
1005002364865839
10000395871604
32974844932
1005002315541978
1005001334621400
32899998098
1005002215267475
4000041311425
32973144529
1005002383194109
4001119698181
1005002363803148
1005002399210821
1005002488429515
1005001793195424
32634936681
33037542865
1005002008015311
4001076357611
32999234163
4000112974480
1005002331019609
32819262154
4000990954590
1005002314351525
32982469246
1005002378951012
32760652243
4001247155888
4000272339007
1005002396227253
1005001929037953
1005001998344191
1005002388401805
33031001877
1005002314309086
4000566882875
32600944537
1005001631696721
1005002359221541
1005002046452913
1005002297393041
1005002315972631
1005002131084469
32956743915
1005001746755999
1005001329110541
33027824139
4000691752282
32846593219
32809551326
1005002033282662
4000205786004
32833177913
32854888755
32963905694
4001280765527
32830286089
1005002292519246
4000461399354
33040136272
4001230554462
4000378874705
4000670643751
32838217576
1005001333483205
1005002313630579
1005002043739486
10000397664548
1005002287444787
1005002416192059
1005002218940608
1005002028987586
1005001600271249
4000971503421
32824993241
32952148856
536223432
1005001831986498
1005001866567828
1005001825133742
32965049918
4000826182473
4001005242330
32344862768
1005002286887519
1005002421434573
1005001621829462
1005001915177495
33041327899
4000109527650
32859851720
32635186484
1005001558079922
1005002367631502
1005001293018813
33013882399
1005001617775484
4001203416015
1005002123409291
1005002426029042
33010333368
4000072942168
1005002218934645
4001115371117
32926719173
4001288218136
32971985231
32737268223
1005002071702199
1005001682062182
1005002345847297
1005002292221749
1005001704614458
4000870565994
4000826980506
32245401394
32816730008
1005002389675457
1005002341183018
4001264149762
1005001269761575
4000702257946
32832620698
4001103789703
1005002313750960
32934355266
32825286630
4000687590629
1005001632910066
1005002358351540
1005002279007368
4000538097200
32902732495
1005001431230858
33011563799
32673027333
1005001379711866
4000940971462
4001361320556
1005002339636039
1005002388377175
718204258
4001153845018
1005001736634831
1005001852912930
1005002482907150
1005001659944696
1005002389449562
4000331609413
32966434199
4001014148952
32975329785
32856223987
32662387130
1005002262483164
32962716713
32702136286
1005002146413765
4000191677370
32815621537
32665089443
4001239196556
1005002016914051
33010445910
1005001706182570
4000025319392
1005001906671856
32987306862
1005001763986752
1005002318151118
1005002381061840
32915303651
1005002250170472
33012699304
32314350156
1005002390459757
32857455989
1005002377434436
32868769860
4000493274294
1005002424135425
1005002350363769
1005002281182586
1005002168100603
32978496455
4000988986615
1005001705657056
4000753092355
1005001966297664
1005002499333265
1005001975671378
33040961588
32811437802
10000411963403
1005001865156902
1005001971541738
32964780282
1005001566569727
4000817144165
4001221546139
1005001881035289
1005002395567861
4001351583033
32571695148
4000907123341
1005001833991495
4000497338355
1005001419167499
1005002128319813
1005002176797970
1005002477051209
1005001433500854
32836230130
4001085740723
1005002474271636
10000012900418
1005002361227533
4000171731473
1005002353630203
4001054732171
1005002413995425
4001223226355
1005001321945458
1005002112676885
1005002001732205
32973471407
4000545746132
1005002311042605
4000843240531
1005001530795512
4001062809737
1005002293076986
1005002477747414
10000420131690
33059750106
1005001822592908
32868520948
1005001420003162
4001100893272
1005001948872664
1005002443515069
1005002390674112
4000155504464
32759851724
1005001965682684
1005001813044832
4000971553457
1005001600167542
1005002358361344
4001223429195
1005002340737466
32855225221
32871291592
33006570710
1005001968470899
32981765339
1005001600129058
4001054095525
1005001865680519
1005002309493915
1005002299945002
32913775718
1005001371027776
10000363034183
10000400007258
32955543014
4000859322694
1005002321580214
4000847877301
33003692328
1005001671031173
1005001865266343
1005002293184825
10000020095573
1005001770325472
32953101377
4001260010246
32691704796
32914676470
1005001438819783
33008397469
4001331787229
1005002023608174
1005001656771841
1005002322580812
1005002198297858
32576474885
1005001468491349
32666684631
4000405843592
1005002374691831
1005001687657894
1005001391798513
1005002413122472
4001089745771
4000072952822
1005002228096887
1005001831219926
32881052983
4000132521783
1005001804434494
1005002023068290
1005002315615226
1005002475395609
1005002311479770
32840163856
32831779326
4000243629358
1005002460843396
1005002008033677
1005001510015427
32817234223
32860769342
1005002454114190
1005001701571574
4001019638273
32862470610
4001076658900
33009231047
1005001581448315
1005002262338318
32769814396
1005002446813971
1005001913445100
32848994341
4000681159537
1005001676824857
4000583208426
1005002056145259
1005002393057415
4000832269835
32821869790
1005002220842458
1005001779842289
4000905632710
1005001976409696
4000970998101
1005001513085145
33034780847
32842746252
1005002077494312
1005002042583839
33026138209
33056392191
1755957406
1005002435916821
1005002358129780
1005002349614998
32996867972
1005001896042418
1005001888565191
1005002281705173
4000375646046
1005002318646516
4001315539881
32970063674
1005002291578273
1005002115574856
4000072896389
4000219797588
4001256367723
4001320680783
32944940277
32968735281
32948717971
32868716075
4000111534667
4001142528531
1005002420247282
4000826749197
32887207484
1005002012167245
4000881378620
1005002262630130
32911138666
4000874727513
4001257765003
1005002377215519
4000385054545
4000003104560
1005002459950353
1005002317280854
1005002315312191
32773530274
32893228499
1005001520680041
32807023160
4000990836747
1005002319225822
1005002129493208
1005001495055287
32884079334
1005002048675004
32997306152
1005002323918891
1005002305968822
1005002136538746
1005002271823284
33026084783
4001340692417
1005002475394551
1005002424727189
1005002263992366
32637657901
1005002278114721
1005001579682615
1005001361732599
32965645119
4001223994305
1005002399025816
1005002206812991
1005002228925287
4000902021442
32837445201
1005001525313745
32775718365
32910330024
1005002130709628
4000726447593
4000314156073
1005001393085950
32785166904
1005001557490764
1005002265910348
1005001502059540
4001056986180
33035647385
4000352875516
4001289154632
1005002430369362
32954856768
10000132659440
32950443003
4000607822274
32966504021
1005002495489768
1005001355395166
1005002413385338
1005001618041372
32962630522
32956842580
1005002388301776
1005002211899176
4000518843363
4001200838056
4000252689964
4000292076657
32603497964
1005002284668456
1005001559812417
1005001537061455
4000202916730
1005002206309779
32813823160
32957641969
1005002064055806
32882010061
1005001895531935
32971974708
33042157491
1005001912585130
1005002311196709
1005002065129156
1005001978182200
1005002177646240
32806739315
1005002314974660
32337286470
1005002492110727
1005002344204781
1005002322759733
4000321374313
32896439684
1005001520630990
4000427103349
1000008008298
1005001814668619
1005001840032615
1005001398635583
1005001880838018
32963967266
1005002319146102
1005002234954893
4001349742477
4001332426141
1005001398514893
1005001511013195
1005002353542547
32379316787
32858102519
32391352221
1005002369081595
4000041241293
1005001868714442
4001324305237
1005001882598673
32974294558
33019006931
1005002245559591
32882328702
4001079164538
4000272206040
10000349649615
1005002416379792
1005002180969479
4001077156205
33001214387
33016998840
1005002361397401
1005001621603102
1005002120565509
1005001625632314
4000864495677
517047725
1005002318824091
1005002419562957
1005002066572798
4001230108977
1005002074453248
1005001763041990
1005002174929033
32889052111
1005002279048704
32838918483
1005002351106637
1005001555319629
4000039197770
4000208228145
32477421345
1005001607794899
1005002313247953
1005002347111180
1005001670589722
32579838096
1005002175134747
1005002191420006
1005002339037574
1005002352114066
4000483802904
32960919895
1005002306708366
1005002297338488
32893634154
4001112056127
4000781353083
4000971828010
1005002467520611
4000069376394
1005001990233502
4000172833488
32715142991
32982550751
4000760988987
32809646212
4000104250129
4000317356228
4000709323614
1005002237939623
1005002492244398
1005002167331038
1005001774140082
32930018851
1005002340027302
4000161061877
1005001651332291
1005001889393453
4001064772355
4001346841432
1005001648743799
1005002419692006
4000273190348
1005002201322126
32956166828
4000333348093
33006286726
1005002344321428
32767279271
1005002476002126
4000861283927
4000547460936
32922434501
4001193003154
32960159218
32752217776
4000853061919
33061170776
1005002286988454
1005002239643670
1005002247473511
1005002434052592
4001202718808
32579884276
1005002258673236
1005001518238152
4001284052533
32884333345
32456743888
1005002475399579
1005002333478083
1005002357510804
1005002364839198
32953191203
1005001509788746
32989264726
1005002454268516
1005001770721326
1877126954
4000298572001
32820200404
1005001493612666
1005002408943469
1005002201789125
1005001525435622
1005001868437962
1005002090917645
32603838289
4000662650025
4001093117240
33011478036
1005002340312667
1005001488964649
1005002150806770
32812930020
1005001888915455
4000389944109
4000259934339
1005002055500682
4001218544226
32604410719
32965132628
1005002378305374
1005002052367375
1005001656971336
1005002305424038
1005001457786174
4000857227389
4000894078116
10050024578937431005001451655269
1005002253245234
1005002447891092
4001057868280
1005001645233954
10000311312974
4001149364778
32769469298
33005235507
1005002264658899
33015838853
1005002337288807
32819456972
1005002011217687
1005001976529831
32840554740
1005001765983297
1005001417541946
32826709439
10000156986712
1005001570324926
1005002322519516
32908899197
32968063749
32794149133
4000348108945
32960112517
1005002264342613
4000118765516
32999133634
32901398024
1005002320597028
33023410819
1005002239893858
1005002443580081
1005002284093009
1005001613191278
1005002136442780
1005001666423842
1005001616875230
1005001304455107
1005001392395690
1005001595752515
1005002285499937
1005002095402437
4000811340203
1005002316434279
1005002303853221
1005002314619241
4001074294997
33052612530
1005002208489461
1005002298661333
32962804126
1005001525471471
32983265128
1005001374533210
32962365397
4000029025364
4001272177884
1005002232125017
1005001598951005
4000695157824
1005002395132156
10000125916246
4001138424510
1005001360922026
1005002271162082
4000953661771
32911837589
1005001693284432
4000852763030
1005002448461704
1005001656673400
1005001939796087
4001039271679
4000034084209
1005002069801913
1005002276463410
4001065500120
4001181203680
1005002458631324
32950220984
4001080025541
4000729664331
1005001832222555
1005001354298565
4001142304346
32583469704
4001139033256
1005001525269833
1005001450302488
1005001642633917
1005002327278143
4000084606460
1005002483119228
1005002457602407
32996929653
4001012656636
33007521693
4000068807424
1005002356989871
33056562830
4000849305042
1005002277798713
4000537463234
1005001338351390
32901557702
1005002395934770
1005002328471906
4001360526273
33021357075
33055095128
4000162891822
1005002413223954
1005002254548013
1005001525488446
1005002357778176
1005001781345826
4000469443981
32884566703
32820040664
1005002314367221
1005001750770655
1005002171808027
33040265160
32658361225
1005001585651455
1005001319803210
32854530772
4001365324393
32957789272
4000598618839
1005002329746723
1005001882529326
1005001988589335
33002306579
1005001694699674
1005001918601151
1005002329996170
1005002028709523
1005002343448394
1005002436388818
32877415661
1005002408353373
1005002006558344
1005002394043294
1005002279118401
4001031854006
32389335217
1005002328150833
1005002201625428
32564976102
1005001949405289
4001064309157
4000955822079
32784545683
1005002246703304
1005001692261844
4001066252057
4001125548859
4000250233878
1005002260924457
4000809449115
4000927306720
1005002221991042
1005002318451819
1005002271058112
32772847175
1005002210806217
1005001290388024
4000096624551
1005002295462696
1005002353311218
1005002303889659
33038070686
1005002082007095
1005002064084221
33011819495
4001179593446
33004868126
32821491522
32647193394
32968449448
32881587199
32953771343
1005002338277141
1005002268698235
32968979735
4001226992511
1005001503829966
4001282801715
4001054230314
4000585051418
4001283602588
4000588316566
1005002377073561
4000228407186
2024254782
1005001998008018
4000270796199
32997482321
4000310643453
33007666294
1005001447228430
1005002496187833
4000032918393
32981086517
32506531223
1005001670849399
1005002490975718
1005001927629471
1005002312498208
1005001600754241
32815829464
4000967005863
33014152644
1005002314776139
1005002053467732
1005001794450186
1005002486960429
4000150977918
1005002383058960
1005002402301031
1005002198298451
1005001678583238
1005001995053936
1005002258534153
32854628495
1005002175108811
1005002422176370
1005002495954453
1005002323076321
1005002318562944
1005002234220289
4000263567616
32858033424
4000172242987
4001252654514
32949782082
32788688151
1005001664096322
1005002459724772
1005002232725937
4000028352793
1005002448850135
1005002267731066
1005002424505472
1005002244634141
4000062580556
4000105876457
1005002412024846
4000364362766
1005002355562807
4001307663053
4001186202022
33053121778
1005001900846208
1005002490504060
1005001928542085
4000047987074
1005002389109047
32973951535
1005002299069447
4000207074732
1005002128387804
32844439189
1005002162434776
1005001425667177
4000721275885
32959432121
32953681414
1005001682595147
1005002312153365
1005001500071481
1005002253781745
32367129800
32978567488
1005002399747749
1005002310246324
1005001678321728
4000158042507
32861454368
33040320320
32920354922
4000986630564
4000033097550
1005001340006779
4000917714564
10000005012156
1005001621297023
32957493735
1005002018045406
4000017029972
4001061935239
4001023036206
32856547353
1005002225253315
1005002417935558
1005001420292703
1005001805371337
4000375902111
1005001655200750
1005001573878209
4001084755020
4000439288036
1005002288425325
4001106961070
1005001652452460
1005002073590075
1005001586942041
32954393921
1005001531272748
1005001505002016
32934791383
33015082181
1005001360421978
1005002363408545
1005001608729491
4001074248227
32782512427
32898846882
32809370197
1005002374607416
4000287986870
33025157655
1005002297238238
1005002314185542
32925762893
32847568929
1005002482418487
4001146802542
1005002340697250
32946016612
1005002059883372
1005002322679098
1005002080906548
1005002323988435
1005001955252095
1005002313352022
1005002253788288
32980110007
1005001380508170
4001244416929
4000371579121
1005001971923768
4000095375581
1005002275314433
1005002292375032
32968207593
4001280335756
1005002338935506
1005001585281242
1005002265100117
1005002288579541
1005001525306858
4000406400003
32859457707
4000333152650
4000680938194
4001151913080
4000735455260
32371896218
4001171322962
32856799712
4001220691656
4000926726470
1005002341771018
1005002367958251
4001039328516
1005001603581847
1005002255656947
32465190787
1005001809889557
4001135554326
32933146167
32881651736
1005002317301929
1005002343326540
1005002381238172
4000035298210
1005002364972920
32971039219
1005001727312414
1005002081197420
1005002393704869
32582131867
4000136261608
32843628395
4001056991489
33000077740
32894930394
1005002321824918
32670529224
1005002009422464
32921511290
1005002275311292
1005002011245681
4001021116269
32703996550
1005001630827133
1005002339025704
4000026034629
1005002367382921
1005002437564389
33054475348
1005001592466499
4000765117997
1005002467891972
1005002240124017
1005002494467727
1005002004259497
1005001333646203
32774804171
32798974348
1005002427623880
1005001698722223
32507513859
32580831740
4000072021173
1005001494137045
1005001682868282
1000007854316
4000336020297
32698887276
1005001848665848
32969277076
1005002103136485
32419073702
32846212528
4001005891852
32917823046
1005002095912084
1005001628300890
1005002462230271
1005001287982435
4000736589521
32801691638
32467885992
4000997325235
33037043181
1005002301564496
1005001441330673
1005001937687128
1005002481752083
1005002388768417
32954023846
1005002325498513
1005001394628131
1005002466038759
4000007235177
4000677332198
4000844829291
1005002315277635
1005002315674199
4000367321230
32971363406
4000303183485
1005002283157218
32900384148
1005002381443972
32704729109
33003418231
1005002217250589
1005001895858673
4000628856331
32998703751
1005002447664006
32475524940
1005001690695742
4001095985116
1005002484307626
1005002294235577
32739087293
1005002467515914
1005001793164348
4000288114951
32953104658
32921062575
32827430565
4001250679783
4000994146988
1005001328920083
1005001292724207
4000210535864
1005001455966655
1005001705436182
1005001547076648
32818559485
4001068963952
32276337356
1005002461224023
1005002483704763
1005002291601226
1005001425684795
1005002246384566
4001349597823
1005002372774672
1005001315478578
1005001943139081
32904210542
1005002314981189
1005002341101505
1005002297050173
1005001511009089
1005001900686474
33005256622
1005002119211791
1005001991745578
4001279123885
1005002254087348
4001085896024
4001156052227
1005001780030011
1005002499194473
4001244545033
32947367438
1005001820874072
4000850201733
1005001731208826
1005002449679982
32894848863
4000723092386
1005002116826820
1005002281676131
