1005002317979442
1005001572113437
1005002389526941
1005002415918635
1005001278954941
1005002055505785
4000176790904
1005002080952573
1005001444862378
4000258884545
1005001874003100
32445121974
1005002476308650
4000473361889
1005002482832097
33003691621
32898128536
4000510638721
1005002349982729
1005001942863587
32823904561
1005002314427729
33012023657
33020570222
32902863712
1005001646476353
1005002397643992
1005001847412331
1005002419837700
4000861437250
4001049489225
32889825839
1005001580789890
1005001609528154
1005001741531521
10000031923981
32890664268
32988120931
1005002022754131
32650541868
4000781711697
1005001781243417
32921886182
4000940858300
1005001316231512
1005002269121822
1005002436346927
1005001840819964
1005001670012774
33001318546
1005002279095668
1005002281635886
4000183521463
4000429700035
1005002489759311
32320849428
1005002378833889
32886312026
32874928665
1005002265237378
1005002049056528
1005002361814163
32964038307
32950001853
32857758248
1005002315329310
4001143461847
1005002489212279
1005001825316129
1005002232865420
1005002460533993
4000034156188
1005002424072072
1005002220692987
1005001394599660
1005001317094094
33036783641
4001280779207
1005002408759985
33012354463
1005002345036573
1005001616882614
4001187940338
1005001997720372
1005002123308691
1005002442337330
32848311618
4000438335465
33014855334
1005001757883323
32953562484
32655476303
1005002097542145
1005002288359710
4000263185964
1005002296920753
1005001280003099
4000208070628
1005001714979421
1005002357587846
1005001438844554
1005002333958904
1005001996654078
1005002414071273
33030727063
1005002372110491
32872759672
32958332662
32869637291
1005002279369452
32644205478
1005002247465364
32853981932
1005002096974316
1005002315983725
1005002084297935
33058853421
32972219923
4000233655002
33042055466
32532179204
4000061517020
32864940875
1005001873034950
1005002171736453
32982974085
1005002401361082
1005001847310516
1005001872860989
1005002340769719
4000170428331
1005002454208839
4000989800608
32813275279
1005001976072033
32956419332
32960010528
4000833813373
4000330030739
1005002350312608
1005001381873176
32832000156
4001172546452
33011528467
1005002046789535
1005002336739616
4000037325054
1005002491297806
1005002287951032
32610535686
32249342062
1687917975
1005001780706527
1005001966845786
32996576892
1005002435270567
32961863702
4000038912930
4001203817895
32924151181
1005002314304929
32952314705
4000214763500
10000395921278
1005002286012064
1005002310767679
4001334825811
1005002364937717
32570328019
1005001970216487
32847203136
32858430598
1005002214565472
32601558706
4001323535100
1005001287221264
32919122863
32949390249
1005001465757515
32901074493
1005001741573075
1005002416952932
32992402408
1005002472340146
1005001742483535
1005002247718236
32858309874
32979526534
1005002339455341
1005001500560636
1005001687492979
33019235752
32986043926
4001050295009
32719573658
1005002318031499
33031021757
32855071175
1005002311256006
4000781962319
1005002281401157
32394163943
1005002268559749
1005002401022544
1005002408373457
1005001856107325
1005002295922891
1005002260188904
1005002418412542
1005002487496727
32950799488
1005002243389427
4000341249384
32674145009
1005002218853664
1005001329706687
1005002238307088
1005002303822678
33016882231
1005001525185299
1005001616002212
4000904116350
1005002255465971
33027533592
4000011935962
33032250361
32878696596
1005001656671578
32334090835
4000042451653
1005002179497069
1005002447548127
32735428642
1005002427811802
1005001920949302
4000884822745
1005001485294289
32881412766
1005002089405494
33018289447
1005002302726151
1005002361557693
1005001884637206
1005002027578357
1005002315616408
1005002105379135
4000640976458
32624104971
4000109212225
1005002400745911
1005002265307354
4001278984204
1005002046418577
32921040902
1005001718644813
33007315343
1005001596733812
32956908977
32402741730
1005002413492349
1005002475608894
1005002240765540
1005001947790913
1005002423628487
1005001587631654
1005002357597016
1005001792286790
32791206849
1005002205753725
1005001306833800
1005001779987958
1005001438688248
32947125318
32894257272
1005002480445717
1005002228746918
4000925991852
32737034698
1005001685388718
4000203250660
1005002175113989
32801409503
1005002375805220
32854162831
1005002313736576
1005001834485674
1005002407053391
4001338375890
4000111137406
4001047553593
1005002383081065
32742602947
4000811246517
32870226271
1005002281454719
32878489600
1005002288477334
4001295385673
1005002203476831
1005002409265721
1005002065173219
33063107662
1005001704442176
4000313545561
32973179702
32965022804
4000594056005
1005001867386330
4001165970560
4000385100699
1005002460286279
4001351470541
1005002314467001
4000804826657
32988677982
32666994546
32929368195
32822745936
32911479932
32975682445
1005002196937890
1005001731942342
33020254670
1005001815340487
4000574812928
1005001894489938
1005002278620614
4000886291910
1005002033913342
32893624454
32982756871
1005001273517587
33000889011
1005002383923686
1005001446633571
4001243456420
1005002388515376
32809699501
4000476774134
1005002254194591
4000525301826
4000918389406
4000860182741
4000684914977
4000267781632
4001149596839
1005002396513936
1005002080980278
1005002383061989
4000347132279
1005001563197161
4000498804048
2043991178
1005002370125697
1005002197166077
33014357726
1005002488571009
1005001779942445
1005001859428245
1005002376496016
1005002037055528
32887515378
1005002317725048
4000080696202
33042811992
32668080230
33046729741
32913894182
1005002275820869
32963299142
1005002377705906
1005001406896369
1005001376997963
1005001699532356
1005002402187108
1005002311943116
1005001333338332
32879389332
4000626121464
4001060807827
32850431339
33006509424
1005002282356453
4001360273059
10000215064546
32988064654
1005002219567105
1005002334516399
32800075416
4000864638389
32847131932
1005001350166386
1005002399271401
4001077896226
32830360286
1005002233360028
4001208266148
1005002316795384
1005002438355940
1005001715962689
32933194782
1005002322524402
4001143776412
1005002245670796
32348876690
1005001972812126
1005002263948245
1005002054854812
1005001666573252
4000905650975
32921469378
1005001579650537
33041217477
1005001756602530
1005002433983284
4001162947504
1005002210876503
4000772940597
1005002416119151
4000823324322
4000311902448
1005002233106623
1005002293413031
32919383224
1005001458811204
4000767898257
4001138594869
1005002306327620
32867631434
4001286568790
1005002000467134
1005001359313410
1005002330553347
32973551820
32995497696
1005001855009815
1005001317558415
32599604800
1005001275482365
4000199969127
4000090073654
1005001830016206
4001021070272
1005002419859896
32870332692
1005002220649003
4001293934967
1005002287355385
32792886786
1005002426180771
1005001496864963
32976227162
1005001344265699
32922587563
32908031390
32555157860
1005002384243628
1005002353827208
4001157693995
400067105013732995003512
1005001918127419
1005002288490918
4001118883526
32886194192
32844240269
32969927121
4001094212768
4000505745209
1005001626739593
1005002085818858
1005002287861280
1005002335639587
1005001361052933
1005002411622654
4000931084485
4001286588401
1005001616095441
4000677304971
1005002369803179
4001271137498
33056560434
4000900162273
32625656929
1005001836755362
4001270475966
1005002352026278
4000396024652
4001211046864
4000042067440
1005001300526621
4000307085226
1005001928126564
1005002421565972
32985373745
1005002304080046
4000626059272
1005002496480269
1005001659021962
32816005520
1005002159326465
1005001829271988
1005001878748995
4000206151791
4000991886552
1005002442528907
32220383322
33062251287
1005002434606992
1005001573352896
10000291337747
32603924021
1005002420251269
1005002484670697
4000282032180
33030317871
32697812494
33020644396
1005002318388322
1005002297064123
1005001640252796
1005001894487006
1005002245334323
32951773670
4001077315360
1005001571098762
32741670850
4000065190139
1544515075
32920790736
1005001280639621
4000602922119
32874801582
4000038752309
4001268935307
4001100546702
1005001653978456
4000055364701
1005001587476773
32991243258
1005002359784494
4000052148669
4000186016866
1005002409409461
1005002327119993
1005001615633472
1005002346283393
4000100204214
1005002335202834
4000693532935
4000963907101
32880412152
1005001592245330
1005002000009707
1005002318513968
4001102994686
32990425721
1005002432702362
1005001987229999
32865638361
1005002315894163
32957768856
1005001273378899
1852082418
32328816171
4000990949446
1005002337769389
1005002436536997
32978356670
1005002313568970
32859984537
4001325758134
1005001858388433
1005002373159140
1005002271439290
1005001521705868
32849518814
1005002334377575
32805453376
32462324699
1005001802102828
1005002318466040
4001218069468
32303066386
4000095836929
1005002350796461
4001229767123
1005001955224227
1005002289149436
1005002382873406
4000508228366
10000411579591
1005002064237445
1005001499733098
4001207275044
1005002315213611
1005002226046670
32848303005
4001271368154
32889944652
1005002043502956
1005002330129942
1005002341428517
1005002271875444
32887681277
4000156341100
32752187123
32889021132
32309635855
32654580229
4000231261817
4000510328966
1005002432203735
1005002287772810
33000012889
1005001869368790
32793448541
32793341264
1005001943054043
32804320517
1005002353121979
1005001450522158
1005002258730550
4001149251245
4000720247913
4001224785714
4001079265551
1005002368816442
4001254896383
1005002226489557
1005002315947274
32916073723
1005001556224212
1005002329036400
32622283893
33014871086
4000239503627
32879782111
1005002203592086
4001220617468
1005002461221533
32746617849
1005001846019339
1005001563686416
32967297050
4000706673494
1005002260225002
33043297433
1005002316591597
1005001994150510
1005002281923645
4000335606090
32683905212
32270501129
1005002468038742
32366681909
32298610110
32808107052
4000850222103
1005001561109220
1005002380467999
1005002485125313
1005002289921336
1005002334145020
1005002316716065
1005002394879101
4001177719315
1005002356654867
1005001936290171
1005002352083221
1005001420841563
33001225239
1005001405028850
1005001605214346
1005001992793545
1005002340537568
33048822050
32953609550
1005001936870059
1005001883759664
32976199990
1005001645261820
1005001621627204
1005001758250790
1005002337273021
33047860059
1005001300774737
1005002454407001
4001054543517
1005001891964462
4000305755859
1005001831261672
1005002484361266
1005001463883892
4001110791310
1005001774211728
1005001780683035
1005002310825365
4000778311484
32989354962
32969434341
1005002227706687
1005002454436261
1005002483130114
4001297843024
33010057489
1005001666513199
1005001437523272
32663038525
1005001295782291
1005001355491899
4001248176193
1005002198177595
1005002344223402
1005001985969572
4000443631114
4001288882408
1005001626368122
1005001309327139
32971371851
1005002317233120
33000625473
4000781710272
1005001659960033
32956567935
1000001540384
4000748241646
1005001994815215
1005002241913213
4000430114399
1005001693530147
4000844393443
1005001731099612
1005001792926928
1005001488040005
1005002398830784
4000925712016
32918840431
1005002256577111
32876524508
4001218235618
4001257121184
1005002056486781
4000324948180
33014932519
4000464216357
1005002320023338
1005001515529008
32626916911
4001001989735
1005002354589078
4001283043435
1005002181316585
1005001935644052
32872533409
32958969034
1005001688804413
32995795936
33048143094
32909490144
1005001353535813
4000627442828
1005002087369768
1005002317477252
1005002285991190
1005002330468818
1005002362818398
33034604621
1005002323087683
1005002260077739
1005002280363718
32817924148
1005002404015415
4000990810087
1005002356255112
1005002481417619
1005001412496624
4000467852460
1005001834840179
1005001433369974
33008024990
1005001671263320
32618956220
4001215666314
10000384680733
32659280725
32822067523
1005002386804393
1005002292830260
4000408287989
32883586088
1005002043236101
32262664266
1005002394904756
32949630293
4001088596678
4001241201157
4001113825918
1005002319206543
4000209903147
1005002077302635
4000584664512
1005002343050118
1005001638593211
32811302477
1005001645071994
4001036300140
1005001947272330
1005001304699310
4001010537756
32995929752
32908717093
4001341946010
4000722727248
1005001918157407
4000410858471
1005002333650604
1005002340439093
4001193830806
1005002258985717
1005001614414799
1005002182091874
1005001830748868
32875895301
1005001550736273
1005001967997081
32948887507
32983439865
1005001779283423
4001357096032
1005001653520416
1005002401736805
1005001561600813
1005002268018924
4000106886992
32732211622
32293643705
1005002227787346
1005002043995849
32832256233
1005002320872905
1005002319408130
1005002286501907
1005001977500423
1005001878791331
1005002068292881
4001169114601
32991857104
1005002441348280
1005001525472455
32948549408
32960689169
1005002304813818
1350590811
1005001860309756
32631896704
32657769276
1005002032083858
4000974749360
1005001698325650
4000415894220
4000959922243
1005001616792456
32784231534
32994021536
1005002351899308
1005002419419872
4001332459503
4000364817555
1005002457734042
32955836753
1005001637748683
1005002340447329
32862354726
1005002418418084
1005001866282058
1005002280623898
32877418045
10000032005857
1005001958796261
4001038004871
4000262356069
4001201203015
1005002108497933
1005002327554335
1005002287504179
33034165549
1005002317835704
1005001642298732
4000893520878
4001265477475
4000506314290
32884951025
1005002432036802
32986709521
1005002419579816
32990923582
1005002255437703
10000389364459
4000928140595
1005002121263010
1005002316266291
32920699501
32965893649
32948394292
1005002182020221
1005001365669503
1005001657516986
1005001316692953
4000853680713
32841055179
32969043124
4001272742584
1005002224479898
1005001588450184
33001809121
1005002239341247
32859348283
32686329303
4000801497669
1005002296927673
1005002402517134
4000542913892
4000760467440
1005002348035614
1005001971177721
1005001993854572
1005002497395140
4000718224220
1005002325955745
32958108399
32817445044
1005002198814183
32995417367
1005002434561658
4001117056274
1005001695851764
4000231597572
32796414137
32749510109
1005001308864138
1005002289677219
1005001826868040
1005002298663246
32848871377
4001151087641
4000311790475
1005002318756676
32968861529
4001219581689
1005001850595412
1005001913813255
32843795578
1005001863676262
1005001617704959
1005001547642992
1005001590437780
4000351996086
4000607421948
4000672832387
4000385086195
4000418518325
4000990278099
32705854464
4001050993132
4000354508216
32985675493
1005002454765500
10000117882747
1005001626023024
1005002264359566
4000695906963
1005001284782460
1005002405277612
1005001852330388
1005002450892136
4000224138090
32948598612
32977278814
32988164905
32899211275
1005002341047665
32971054424
1005001382096948
1005002265032330
4000182541831
1005002390236899
1005002192580783
1005001918169843
32976970639
1005002342429492
4000569945224
4000299947239
32841831529
4001219498916
33023668069
4000134031363
1005002306195723
32266722507
32639270443
1005001786028620
32891495025
1005001356036996
4000093867368
1005002381530117
1005002359767485
32944631450
4001147137042
32901936494
4001228735106
1005001967167884
1005002044559126
33058255963
33022585061
4001304826442
32855873122
32980128950
4000959703211
4000080641225
1005002318628489
32887479847
1005002223616112
1005002013031070
32998933477
32967498554
1005001786939922
32973861307
32933590709
1005002475703715
1005002363482984
1005002376995908
4000205342647
32863529782
4000159568190
1005001584547024
1005001601354996
32860234273
32768135727
32868578062
4000938881606
1005001420030314
1005002324578862
4000960644107
32964021654
10000395927455
1005002141012731
1005002134506253
1005001831802859
4001230332101
4001225030024
1005001266082296
1005002317700523
1005002454306576
33036953904
4000741889249
1000001500219
4000670170242
1005002344155119
32831580730
32891877354
1005001653882089
4001294583132
4000881700410
1005001446848874
1005002342769494
1005002006549863
4000827359155
1005002290869872
1005001652368105
1005001976255556
4000321001628
4001063344766
4000626218269
32797823097
1005002270567085
4001192473214
1005001693347711
1005001695509122
1005002454870006
1005002400816750
4000315259981
32792675507
33034784691
1005002277732393
32366875012
33004300009
33021941377
1005001817815991
1005001703241421
1005002270684349
1005002122578121
32680996300
4000443543991
4000288630209
1005002279722598
1005001476755500
1005002404202265
1005002003152550
1005002483404000
4001153503575
1005002427585340
4000028328065
1005001869043327
32904427610
1005001587052030
1005002259275893
4000357550644
1005002219332499
1005001303522000
1005002314051194
1005002467465754
1005001827388013
32954617520
1005002461068820
32828663944
4000709600997
1005002256210297
1005002317690876
1005001625216978
1005002443127166
1005001680500864
1005002305894285
4001014415936
1005001940973438
1005002433998692
32818635865
4001053108445
1005001657066073
33042740213
4000767830144
32886691429
4000586330137
4001095474247
33007297843
4000939518291
1005001610412958
4001364981246
32998936691
1005002306711675
1005001343784732
1005002466157779
32665909162
1005001279590923
33031960055
10000088367643
33038168215
1005001576144202
1005001678618295
4000809663827
32551160475
1005002394791857
1005002330232382
1005001447890446
32749552619
1005002270387818
4000103583329
1005002121222185
1005001550744519
1005002220167879
32870934523
1005002169920879
4000049638228
1005002409249671
4001220370753
32917573221
1005001687921167
4000891028577
4001050888099
1005002272182913
4001258687420
1005001658444217
4001270316693
32824060422
33048099149
4000005904458
1005002326269078
1005002465435778
4001119438730
1005001699039737
1005001332591781
4000280949574
1005001762832723
1005002204810446
1005002047586668
1005002311401240
32934213056
1005002452626192
4001065068065
4001088107167
1005002459538405
32871227056
1005002363314870
32837031911
4001125741910
4001040341013
1005001605887370
32800097457
1005001833582128
33008068975
1005001733552844
33006201517
1005002167907556
4001346907635
1005002080772638
1778925571
1005002311095265
4001216624792
32956009999
1005001596939743
1005002278803462
32987350945
1005001930725694
1005002314340853
32677143659
1005001284988153
1005001419094296
33014247119
4000449510314
1005002319364066
1005001854141664
4000392442041
32957734780
1005001852804482
1005002489134980
1005001398725768
4001285985361
33000566849
4001334763565
4000013212286
1005002032385250
4001272649312
4000296546292
1005001731294078
32845012151
1005002419243612
4000259693422
1005002260602821
1000004833557
33056512269
4001209439246
4000452386534
32790237162
1005002108581273
32820833814
1005002348639702
4000380841785
1005002315633243
33003758111
32677477779
32858921328
32986781413
1005002387388635
1005001802329587
4000468996704
32881294722
1005002453713263
1005002337325188
1005002055257421
1005001322799945
4001351612185
1005002434713571
1005001391980255
32847641698
32551602324
4001360980352
1005001736847132
1005002465118249
1005001842691366
32931537092
1005001610370933
1005002267443759
4001209784390
32443524230
4001125074511
32997454110
32974738456
1005002253057964
1005002316147533
1005002234087519
1005002398910238
4000650148140
1005001775078615
33011809164
32814169027
32883745760
1005002308790205
1005002247107341
1005002372997968
4001297273837
1005002315570794
1005002039908167
1005001609399274
4000935578914
4000081649676
1005001500527314
1005002434500011
1005001381546341
32701263863
1005001580742293
1005001898690893
32522391642
1005001422899083
1005001905483965
1005001949256290
4001150850961
1005001607986242
1411745789
32769515287
32991371780
4000412692547
33028466565
32818399034
1005002330310125
1005002432425704
4001300155910
1005001687815610
4001103005287
4001159752688
1005002359679395
1005002170592409
4001179506839
4000734645454
32986095678
1005001403641336
32833298948
4000308382196
32995673233
1005002306297764
32892765800
1005002129118308
4000852858523
1005002421006821
33026347372
33042163592
1005002234853922
32789289092
32892562847
1005002224387640
1005002327264945
1005001794955389
1005002301726271
32589417709
1005002244599288
4000516589817
1005001929666409
4000679862180
33003706770
1005002291621304
1005002292114852
33043465593
1005002372761282
1005001720724992
32537819942
4000168017524
1005002332731587
1005001427649059
32692845751
32952700122
1005001588390097
1005001898772378
32841285440
1005002371677436
1005002428694901
1005001281732801
4000722863889
32820484422
33018514100
4001204683784
4000163449967
4000510629445
32814587635
4000150110818
1005002321166843
32928798424
33016186270
1005001859298665
33015946122
1005001731413404
1005001982465689
1005001882175640
32885612203
1005002254259454
1005002092631027
33039840379
32855352283
32789172220
32890429224
1005002372659946
1005001693959289
32980020695
4000561621507
32880513374
1005002471344798
1005002029213762
32956997501
1005002265241912
32950814656
4000833180622
33051373799
1005001445341106
1005001670547894
32823416300
1005001678667070
33001593679
1872455566
4000123127576
33038259373
1005002233107674
32821921468
1005002411504855
4001110788128
4000872496317
1005002265214407
32804093309
1005001458400486
1005002460299888
1005002467661996
4001098242326
1005001948161522
1005001619933486
1005001563350145
4001217751267
32909023558
1005002055546385
1005001874005545
32852929962
32867605618
1005001848961554
1005002199099922
1005002273541675
1005001868655507
1005001953495934
1005002365588405
32856862142
1005001960845520
32966571716
1005001742532339
32698635095
4001313890019
4000960561563
32682214000
32828354984
4000404529829
32947612398
32958179998
1005002033812301
1005001352191253
32994469400
32920563155
10000069485097
1005001346144213
32949842969
1005001756466308
4001266186037
1005001528574856
4001215218771
1005002314420058
4001365748887
33010643820
40003212327891005002364092961
4001036391270
32846977643
33024247074
4000850865575
1005001562640313
1005002485263617
33030129404
1005002029896204
32847533641
1005002123887084
32916993716
1005001446389993
1005002365697542
4000666084709
1005001870720996
1005002232849242
4000941332716
1005001933714199
4000481770342
4000338039511
1005002296864550
4001112097170
4001014212355
32958631949
32674161973
33014808924
32964643452
1005002319625959
1005002309577295
32921098321
4001138860659
4000112207209
32894457165
32989180841
1005002025019763
4001230355621
1005002293646051
1005002247354551
1005002357167878
1005002302626738
1005002314436117
4001128663698
1005001332780212
33042874845
1005001680551431
1005002481186051
32980394614
32831964638
1005001830961797
4001158933702
1005002425273769
1005001869458545
4001268423707
1005001943351779
1005002348647105
4000456516430
1005002093832757
4001025119845
1005002072426531
1005001656733380
1005001464956466
32822853874
1005001942861770
4000971756054
10000120293392
1005002330792891
1005002252750899
33003164605
1005001509375832
1005002413088429
32885053675
1005002419613817
33000349404
1005001657690353
1005002397748646
32913774973
32867395773
4000023255287
1005002420341298
1005001597360290
4000464755950
1005001349565049
33054225777
1005002482860512
1005001829005325
1005002334332181
32968686407
1005001688580106
1005002354315644
32922756364
1005002344784666
1005002100237429
1750145901
4001294343948
32982216738
4000052474452
1005001852434276
4000226752447
33004395066
32898404005
1005001766421257
32991267516
1005002494476970
1005002359641849
1005002460354468
1005002328192058
1005001984398612
4000507573432
33054273061
4000381325959
1005001344750359
1005001469820382
32513609551
1005001300394427
1005001851476338
32866756510
1005001429312636
1005001493363095
1005002234863802
4000955833907
32996105342
4000336507572
1005001939968280
1005002272970424
1005002490437322
32829357147
4000435657797
32896600962
1005002143929345
4000161222900
32898742804
4001131788915
1005001386365404
1005002052637507
1005002337250399
1005002346238259
32819977517
4000411408940
1005002224327572
1005001524176533
4001220222104
33015231337
4000563478306
32836938737
1005001347035871
1005002404785712
4000849732556
4001042039473
32984846362
33004118691
1005002408578739
4001001281642
4000742546346
1005002306025041
1005001305306335
32866971635
1005002323198965
1005002075408235
33032931192
1005001683801257
1005001289065237
33042020106
4001120743847
32885389949
4000153998803
4000714789104
1005002077875195
1005002310066713
32713242858
32898262431
1005001941782262
1005002363460531
33000559932
1005001489972053
1000008332748
32833290704
1005001724596437
1005001841503711
33000733201
32982939079
4000166965360
1005001835069101
1005001852477075
32719101567
1005002354218528
1005002022993817
32840268802
32958313159
32855564861
1005001942885543
4000133464715
1005002377618897
1005002350705034
33039114225
33056529657
4001324231335
4001249859853
4001031445353
33043925461
1005001457817281
1005001324495857
1005001615388124
32890824132
1005002358845054
4000695899535
1005001642565581
4001069284774
1005002301794083
4000864809193
1005002356561515
1005002059865052
4000572605242
1005002277551978
4001010500709
1005001757463614
1005001280077924
32858412791
4001204698015
32820861628
1005002321236330
32921303225
1005002435216603
1005002399789967
1005001450360746
32958750033
4001154541797
32829378024
4000370965853
1005001551868224
32887514485
1005001817327687
4000960935351
1005002467250893
32921412739
1005001780543258
4000290656764
1005002426800243
4001304635540
32988833068
33012635523
33008362399
1005001581456236
32987516790
32610118408
4000146002959
1005002294038947
4000744988202
32865503554
32956618869
1005001337911999
1005002439022683
1005002027430623
1005002479021022
4000747909542
1005001656822442
1005001917744003
32606533251
1005001606230085
33011476881
1005001478888183
1005001515756302
32992695711
1005002409988279
4000059645629
32796140218
32901885065
1005002366076878
4001259374178
1005002326722704
4000176059635
32984254902
4000031627149
1005002398912037
4000989116801
32959894761
1466775394
1005002207728193
32863818482
32886346818
32753479752
1005002404681196
1005002484731494
1005002253601115
1005002232928009
1005002434647273
4001183432264
4000059112111
4000204707184
1005001560591315
1005002122336546
33041537931
32986173132
1005002333781648
1005002375590015
1005001298343510
32812979504
1005002489984915
32951765829
1005002297570044
1005002425670218
1005002258811120
4000220191237
4000463308277
1005001518684404
1005002009536868
1005001284693240
1005002395359474
1005002117672807
33051064385
32956241274
1005002252420362
1005002208049369
4000196347078
1005002497536717
33005524482
1005001625553424
4000556904528
1005001618321524
4000597459301
32649378742
32994986834
33002775918
32889029205
1005002234875294
32952456233
1005001804481743
32391546264
1005002496179434
1005002255867746
4000999318989
4001282463927
1005001760170308
32602938171
1005002261099268
4000054507601
1005001482595145
1005002204907210
32638846086
1005002319592466
33037232110
1005001600466867
1005002362951637
1005002104946962
33004310014
1005001834424818
1005002333930097
32612129295
4000887810006
4000710436064
32590810029
32956473682
1005001971712952
1000001180660
1005002405693483
1005002276625280
33011945425
1005001408632946
32620741460
2019550432
4001061076321
1005002467571608
1005002330882275
32892532926
1005001359462140
4000064983056
1005002292086636
4001355649341
32973580178
32584298564
1005001421552762
32854548592
1005002477292102
1005002496456004
1005001927624977
1005002382917537
32792993327
32917491946
33005845721
1005002440658431
1005002468111572
32806267477
32948375240
1005001494786611
1501456112
1005002496810619
1005002447786447
1005001968773450
32999544455
1005002310589280
4000958803633
1005002063409152
32959428037
1005001315388067
1005001297495737
1005001315771969
1005002315506945
1005002317987495
1005001513075742
32825945511
33003066666
4001159176332
1005002286563554
32855016162
32796080651
1005002277187365
32793119514
4000800941632
32865674343
1005002253014204
1005002108525720
4001270352919
32990300409
1005001830951825
33056565130
1005002236393835
4000860649846
4000173402863
1005002388293217
32876904195
32888913053
4001050754716
1005002003828618
1005002327948076
1005001391449375
1005002154837776
32887219007
1005002364292629
1005001978121140
1005002336973123
1005002433146754
1005002310742657
33008153318
32684431181
1005002456925516
4001180504426
32913562311
32819476235
1005002291581389
1005001863955664
4000685107608
1005002384588723
1005001775154029
1005002446972133
4000793148782
1005002270539746
1005002350600999
1005002498964985
4001003186122
850199887
1005001927621983
1005002451211233
1005002438764250
1005002263604061
32850090048
4000912855438
1005002313514641
1005002377261268
1005001640015913
32546870312
1005002273047254
33055806641
1005002313771970
32903795872
4000032926193
1005001711312079
4001075415540
32821493932
4000321995643
33051207053
32972669082
4001207339312
1005002398556694
4000015189111
4000211061071
1005002423066515
1005002264831801
1005002101860556
4000990852237
1005002380515920
1005002182537814
1005001592907299
32930616576
4000411670166
32995320385
1005002278685122
1005002314849947
1005001997686364
4000928571110
1005002266897169
4001073224302
1005001687709353
32857279274
4000259500683
4000925594142
1664654054
1005002312643014
1005002304902653
1005001608128627
1005002304114116
1005002352293461
4000022167975
32791975167
4001119835528
4000916902299
32315560613
33052238317
1005001909482143
32889965654
4000597362809
4000250101353
4001079201998
1005002389538025
1005002396455922
32864130451
4000734896940
4000505578359
1005002394023340
1005002273134561
1005002313018601
1005001424439021
32698397706
1005002389922627
1005001514484338
1005002408477264
32744831113
32819589787
1005002476252390
1005001718070338
32975693272
1005001305589888
32686265934
33015565111
32825896300
4000498602382
32818542708
1005001958641837
1005001439165264
1005002322252883
30000001550402
4000739679120
1005001682431293
1005001309833900
1005002453471573
1005001680160764
1005002263753511
1005002137407065
1005002476805759
4000112295510
33012733514
32803391467
4001163534750
4000970697035
32910023952
32862709569
1005001424478028
1005002368689544
4001127748369
1005002495604267
1005002032534954
1005002252252277
1005002312001776
1005002277611540
1005002364624771
32784605128
1005002453744673
1005002394040751
4000995961958
1005002377459627
32479598394
4000407319049
32912994675
4000468503351
32891111697
1005001627391456
1005001380642513
4000455985889
1005002365566945
1005002387345702
1005002033805015
33055516133
4001241734704
4000215585372
4001156443047
32927184684
1005002358008057
32830073586
32316194657
1005001334080280
1000007965965
1005001351227461
1005001889337506
32903073825
4000742551830
32976494745
32952176781
1005002314332630
1005001339167640
1005002440637997
1005001389094792
1005001294673437
1005002494462165
4000042203981
1005002317440795
1005001713386073
4000680268790
4000907597433
32987729778
1005001355469942
1005002196717364
1005001537054057
1005001487306072
32805676360
1005002124506917
1005001920935515
32910043202
1005002029066512
1005002440184469
4000833938700
1005001457934793
32863135349
32853620010
4000755533448
1005001604592501
4000547348002
32852332944
1005002368730871
32961453125
4000589023548
32658436350
1005002180059636
32710142368
32854613629
1005002015479917
32975782902
4000463550186
1005001529087621
32987801726
1005001900568761
32901078763
4001340673813
1005002051641624
4001050153840
1005002347321791
4001298984217
1005002239382926
1005002342499706
32359434065
10000027562623
1005002468758015
32759719363
1005002400173923
32604759631
1005001638572698
1005002315830611
1005002431407046
4001031939148
32960019366
4000828837149
1005002316607139
1005001505825657
1005001419150374
1005002427791932
1005002213231562
4000250866768
1005002108467686
1005001367913197
32977276043
1005001442443387
1005002333699520
4001217267848
1005001518961776
33001526075
4001115230407
4000322205832
32965227220
4000112215062
1005002400359380
32893625054
1005002425239634
4000740817401
1005002264232819
32832094967
1005002416681075
4000718503001
1005002313814025
32853288183
1005002406689100
1005001321962200
4001055903694
33030002676
32917947516
32861872178
4000857594406
32903600334
1005001419911115
4000901645176
32855787474
10000145925272
1005001953692274
32697458327
10000177854575
32847343369
1005002341359982
32956217107
32693095878
32649318925
1005001274985435
1005001356386188
1005001338273223
1005001361987066
4001109844705
1005002171968346
32712684973
1005001780518637
4001108010077
32961454950
1005002344851630
1005001742734371
1005002027108515
4000962127701
1005002472785550
1005001293037336
1005002308722640
32846795835
33045461497
4001285740034
1005002115909810
1569515796
1005002070458320
10000395822358
1005002311965478
1005001817506885
1005001800761616
4000592882112
4000595019594
1005001890326789
1005002175764026
1005001549437719
1005002171916099
1005001785414944
1005001825343056
1005002306771555
4001314641567
33000405317
1005002085349259
4000314824436
4001149619420
4001133935395
1005002246630207
32807622818
4000703634447
1005002254222842
4001034625156
32952924257
32869783559
1005002235057576
4000984998885
32984462518
1005001365921333
1005002359640540
1005002288874717
33058452324
1005002307761307
4000211541262
1005002329991128
1005002443002935
1005002362370920
1005002406295613
1005002340014431
32674987944
1005002172919328
1005002443721361
1005001863677096
1005002337673786
33059647306
1005001670703935
1005002393371486
32891085077
1005001356948868
4000777579126
32872543899
1005001491277175
32725193567
1005001621080756
4000148015054
1005001279231591
1005002395077177
4000306785763
1005001717483477
32886509783
1005002364541962
1005002433376013
1005002264477713
32689178747
4000116283916
1005001640818382
1005002100451853
32857823403
32889689081
1005002168907864
4000694528088
1005002245876942
1005001337685062
1005002233302962
1005002061463479
1005002222151469
1005002492437381
1005002412414126
4001178288785
1005002018824257
32785346858
1005002219974791
4000934271239
32609554859
1005002272202751
4000437362164
1005001345522069
1005002433223072
1005001652607469
1005002107964366
1005001790097147
1005002342061477
10000232120282
1005002164365576
32978837943
1005002482920587
32678544319
1005002291020377
4000522622009
4000414984921
4000782104203
1005002341385003
1005002369123318
1005002490461907
1005002404000162
1005002190670635
33022831467
1005002400249745
1005002454782820
1005002304132752
1005001653427904
1005002205512294
4000930306698
1005002322098500
4001207625344
1005002315262845
1005002316902546
32956785886
1005001804670949
32621739820
4001201171403
4001110707205
1005002090640487
33016939016
32905535982
1005001562573849
4001006509555
1005002275570721
32846728448
1005002282706693
32982617581
1005002413441358
4001074165354
32996141347
4001084771130
1005001304721582
1005002299946311
32954676599
1005002314365981
1005001947020054
32964436807
4001205037450
1005002289550152
4000184343252
4000623571310
1005002069809846
1005002383087100
1005001942006867
32967133272
1005001705736211
1005002240924253
1005001949802047
32977983271
10000374479800
1005001401618401
1005002425966963
32863700489
33052828541
32908054721
32960113033
1894367027
32940156544
1005002170805934
1005002132429564
1005001474142833
1005002316587938
4001261373574
32855377656
1005002117679198
1005001591321678
4000771496654
1005002385238675
4000033439016
1005002277330266
1005001844638231
1005002448831265
4000335548695
1005002439588545
1005002499527890
4001176237351
1005002483721759
1005001836666136
1005002103062707
1005002323504386
32898276092
1005002352260504
32900844919
4000057016823
1005002332488595
33002586934
33001407939
33006217495
1005001397213215
4001065217798
4001094547525
1005002100094953
4001184201889
32970165491
1005001441439400
1005002494313926
4000123356590
1005002314964298
32987350448
1005002383329813
32823891078
33038837436
1005002103766520
32745833025
32847332474
1005002260304151
1005001465038187
4001242839151
32884605810
32801217094
4001316378814
1005001885424187
32832678239
1005002142663986
4001243771442
1005002345357427
4000039914163
1005002329822849
4000928602009
1005002399639259
32919048183
4001015190441
4001078669775
32851860289
32782466119
1005001707851287
1005002253840041
1005001478807471
32883305196
4000773341058
1005001673929795
1005002308778593
4000038150095
33027080100
4000545264638
4000036700909
32767505448
4000832382042
1005002304447146
4000641379900
4000229608086
32809543829
33054225372
32992213633
33001051832
32938754803
4000344562050
32701445218
32288924411
4000053404147
4001344654182
4000013353181
1005002496728678
4001294194033
32860779537
1005001704123273
4001241141099
1005002394773114
4000990789983
1005002333939486
33017270248
4001038204988
32957356729
4000388967824
100500206658376932984478830
4000873042613
1005001703922174
32963817053
1005002368673643
1005001971807860
1005001927679374
1005001961792123
1005002430598640
4000355712277
1005002011793725
1005002037635541
1005002358302724
4001123626188
1005001504912838
1005001841185775
32783324833
1005001843981039
1005002311537626
4000171140072
1005001352093769
1005002292149939
1005002319124289
1005001475261458
1005001889822634
4001102579159
1005002474386101
1005001900672834
1005002302572435
1005002016930798
32979073961
1005002442806833
4001038360075
1005002044343744
1005002381618897
1005002287209425
4000189934870
4001360425178
1005002367667571
4001307506103
4000191388860
32973950705
1005002171091398
1005002355164901
4000344969352
1005002314333963
4000506047601
1005001929991480
1005002490147373
1005001298276816
1005002246946961
32916091801
1005002132047446
1005002122519008
1005001830795577
1005002360201406
1005002440469807
1005001798549780
33041049443
1005002272348015
32966604290
32983929053
32889368170
32860257759
32975506638
1005002314271906
1005002346410583
1005001452122578
32570811712
1005002256354244
32881908072
32973828995
32822265157
33030144965
33018379275
1005001971594893
4000378368152
1005002219865751
4000945686892
33029614995
4000045764017
32794191632
10000352440161
4001268218841
1005002419348266
1005001971365618
1005002321914338
4001332024766
4000464021443
4000748147045
4000377889184
1005002293516224
1005002158912305
1005001571977774
32639438756
4000261529730
1005002358334159
4000178405569
1005001788698773
32751039260
4000220939989
4000382091594
1005002181590596
4000314465173
4000843005128
1005001617729426
32847081614
1005002388350615
1005002112112245
1005001584840221
4000638110491
4001294564152
33011837639
1005002439604866
1005002277776706
32604386597
32867357756
32346915112
4000124085463
32922582299
1005001477069009
32578256079
4000052613193
1005002338833433
1005002288996524
1005002055010600
32846181013
1005001978821309
4001271729239
1005001313458163
1000008425207
4001010254261
4000857371319
4000767288442
1005002447564772
1005002351548793
1005002224300346
33007258174
1005001739694050
1005002116219781
1005002303665527
32848754072
1005002030493636
4000004192323
1005002314476205
1005002224249171
1005001768205689
32889652415
32957845732
4000228948909
1005001608369639
32663993855
1005001733793319
32884086796
4000785329161
4000842642487
1005001974858293
1005001872980201
1005001548514299
1005001965373831
4001027490671
1005001956787019
1005001899596340
1005001846569730
1005002003268077
1005001471785004
1005001872794914
4001245189931
1005001657053155
4000470858335
1005002283418165
32916229996
4000311870804
1005001922329854
32837045321
32971905246
1005001935993033
1005002362356755
4001014861726
32995155975
1005002498581439
1005001992881255
1005002431938306
1005002296963528
1005002447649609
4000333511388
1005001296965301
4001145660856
1005001933267100
32224325383
1005002377093980
1005002418942392
1005002115576384
1005001966349475
1005001884363610
1005001873847138
4000644318535
10000346418990
4001130924999
1005002008499124
1005002416714488
1005002437806512
1005001541372591
1005001586602320
1005002481079186
32802041101
32983024896
1005002218606691
4001053996679
1005002259211152
32820472174
1005002064712703
1005001980564997
4000990064798
4000842943936
33018689926
1005001339769218
1005001867335079
32999065674
4000108845677
4000954344144
1005002043291086
32855140398
1005002347615776
4001283588622
33058088370
1005001567870456
1005002300987744
1005001613460587
1005002252995706
1005002270318517
1005002212585062
1005001354378773
4000790876919
4000079209263
32834206134
4001020394605
32848452139
32825391192
1005002304067240
1005001361138526
4000936378529
1005002467492261
1000001521826
4000760769926
1005002384410672
1005002488114783
1005001355835924
1005002089419487
1005002287515715
1005001629421927
1005002347255780
4001356448887
1005002273849965
1005002375731209
32974040322
1005001834525609
4000378809075
4000488915464
1005002118874677
1005001807701495
4000497765431
4000501200042
1005001450797991
4000940848951
1005001616840563
32824508171
1005001731026890
1005002240899658
4001214862988
1005002378417172
1005002346236349
32785294167
1005001803795685
4000798529350
32949640953
33043021308
1005002398885046
1005002322673099
33006599177
1005002043253091
1005001297047024
4001123324410
4000480224478
1005002355466844
10000284018492
32897356124
32858563055
32807000914
1005002428449192
1005002457307963
4001111087358
1005001549268269
32993304761
4000912610293
4000192451195
32828009426
33005398539
33006149013
32993840002
33050246298
1005002347149732
32777409339
4001228916223
1005001333356037
33027533459
1005001817931537
32868477381
32881692403
32883679080
32851519495
32415238312
33047646914
1005002275656789
1005002275052392
1005002440533578
32971021116
1005001868672755
1005002158209443
32900119792
1005001731154026
1005001695567686
1005002317358243
1005001398726396
1005001453282863
1005001514157453
1005002212381679
1005001813418795
1005001646160579
1005001678147706
2051767628
4000017765984
1005002321480906
32988842031
1005002464823233
1005001890172668
4001192338261
4000392277736
1005002412005233
32990816375
1005001411326518
4000672099149
1005002238192286
32993259010
1005001368034376
1005001340119909
1005002255523808
1005001441253934
1005001310383001
1005001726310100
1005002466891050
32880152613
4000576772697
32823819676
32994039144
1005002416794341
32951754233
32531499617
1005002012956887
1005001494766330
4001076534420
1005002345067970
4001304865278
1005002018022876
1005001289857162
33037945423
32697155590
32853916282
4000793585144
1005001752223353
4001164915704
1005001576434804
32910932346
1005002404284223
1005002253285007
1005001560644079
1005002362250522
1005001469930045
1005002446579288
4000352805950
4001231889733
32767938196
1005001731152721
1005001278234623
4001159754982
1005002408684316
1005001987942809
4000548362682
1005002300963885
4000837603921
4001279993120
4000790263987
1005002268033156
1005001792399874
33014883157
32676134765
1005002372165549
4000688682965
1005002333756053
4001093915683
1005001495398074
32865199120
1005001887929484
1005002315322430
4001128651639
1005001670862836
1005002125716870
1005001597423927
1005001412331351
1005002271054560
4000618468100
33032880293
1005002401802678
32669639806
32836907710
1005002096806749
1005001996695962
32823686281
1005002122442219
1005002361529488
32995409186
4001305213879
1005002419761013
1005001679187738
4001139090884
1005001611610415
1005002394859521
1005001594400180
33039873513
1005002118796923
32937528228
4001224052867
1005001598616181
10000032118721
4001274444414
33032993312
33039621006
32949583873
32919616563
1005002276719753
1005002329332206
4000534104034
4001355451836
1005002317625933
32817908613
32877559396
4000723638361
1005002168135020
1005001770148740
1005002272855142
32830143919
32827861797
33005908943
1005002333868217
1005002022946774
1005002356250607
1005002276451307
32741880332
1005001704536747
10000245971682
4000593496507
32782037064
1005002043269630
1005002475465158
4000294709565
1005002296159546
4001156985175
32780970358
1005002410946173
1005001997035985
32846913498
4000479924573
1005002381279475
1005002315920051
4001327888644
32973516299
10000306346416
33031859692
1005002275643698
1005002350348772
4000823402023
1005001907419499
32832178369
32920724372
4000893476047
32989462304
33049574969
1005001701733418
4001145342334
4000311820679
4001270983455
4001038794573
1005001832162933
1005002272990871
4000784886119
1005002337277990
1005002304995823
1005002316869330
1005001380005685
4000269525792
1005001723020358
1005001587054893
33051373505
32831386164
1005002062884676
32968684970
1005001504091592
32829173791
1005001561703307
1005002252109697
32903908977
1005002419462501
4001217062444
32993170899
1005002314251780
32994997023
1005001972660697
1005002346897081
32954876858
4000278333553
33022281221
1005002341022604
1005002214041413
1005002115643951
4001138485590
32947928294
1005001491257848
1005001714840120
4000334814467
4000997310257
33021231392
33030002944
4001297604001
32953827295
10000395569605
1005002432774244
4000932226206
1005002304985116
1005002112319785
4000108218703
1005002122319674
1005001913314158
1005002385220136
4001070072062
1005002398846579
4001155372563
1005002336415330
1005001804145204
32691993020
4000593550865
1005001838247525
1005001678020390
1005002223497047
4000858966396
1005001520967239
1005002293767495
1601494609
1005002232223896
1005001987156515
4001066474668
4000492609199
1005002405034694
1005001998536774
1005001573566224
1005002469045079
32957931526
1005001813827566
1005002280662546
1005001305377207
32623371663
1005002395171546
1005001586326123
1005001412715059
1005002375993512
1005001824510458
32909398708
4001268156456
1005002066211675
32785751342
4001235453094
1005001902091792
1005002354084459
4000842638667
4000346741372
32760178941
4000262271587
32863589042
32922871751
32790539870
1005001895028088
1005002250101664
4000040582923
4000958744836
32885829972
33008173288
1005001350257734
1005002351158791
32986005338
32865775563
1005002316029205
1005002428426370
4000043084096
1005002098875614
10000146317105
1005001912877190
33006638506
10000039388570
1005002482638968
32760632563
1005001714694833
4001060698891
4000759374286
33061419338
4001003260647
1005002134263784
1005001369962957
1005001677914770
4000309052755
1005002453636845
1005002338056579
32970023476
1005002397049018
1005002315876573
1005002381711179
32852413159
4001021862608
32878399495
32812266241
32917860249
1005001610200993
1005002369452694
32845078179
4001232024098
4000877811820
4001257018084
32844859614
1005002408466275
32982519603
1005002059579702
4000580433387
1005002362216736
1005002322012556
1005002304094197
32957448273
32978460035
4000983905557
32857899041
1005002332759917
4000398877132
1005002228532548
32823101429
32955258159
1005002357449261
33044457812
32961269972
1005001605194505
32880069372
32883389946
1005002074809677
32959869681
32980392560
32950944255
32964697186
1005002212536892
33017787407
1005002305943081
32580345321
1005002475029138
1005002325248325
1005001588033698
4000867834761
1005002338441346
32410386910
32711454650
32849496776
4000370581829
4001302294362
4000910205400
32959054249
4000543597512
33060019464
4000496765148
4001129477043
1005001864619718
1005001891488320
4001289018549
32549596981
1005002399432290
1005002312000239
32999479345
4000943600414
1005002400493299
1005001987382201
1005002419402944
1005002099459536
4000234854774
1005001737341099
4001079330319
4000832793049
32690069361
32583717968
32878728433
32912396792
32838261993
32892387901
4000922819723
1005002396435176
1005002481641560
33025043511
1005002140946833
4000934992670
32982549740
1005002219541039
4001193606935
1005002336212888
32976559782
32950583545
1005002313120048
4001034288698
32843996691
10000183510619
1005001437346739
1005001524022525
4001272732127
32877141224
1005002304382128
4000004178437
33030006376
1005001356411605
1005001444944943
1005002320741465
1005002079766060
32655257065
1005001350172306
1005002432407001
32855724489
1005002266774654
32980334919
32796091339
1005001590740573
4000721972475
1005002064694142
32888811392
33048642984
4001270730989
1005001488400663
4000336006277
32918302321
4000989146738
1005001658338815
1005002260568639
1005002272350198
1005002074187923
1005002466610728
1005002073538753
33036565536
1005002355959918
1005002363656040
10000381089671
32765640809
1005002465084024
1005001534847833
1005001722723530
4000794389789
1005002279128260
32852686534
4001041960373
32884008625
1005001353684849
4001230423191
32941810128
32967700219
1005002410862502
1005002304341510
1005002322488696
4000862719760
1005002412371356
1005002260461823
32966371099
32761029248
1005002305076699
1005001395908244
4001039284723
1005002226595292
1005001484359994
1005002308853234
32462185783
4000328725557
1005002443531486
4000538515461
1005002433820116
1005001436243296
1005002319569865
1005001346411229
32703371063
4001108099933
32730451887
4001323071046
1005002339540370
33025369852
4001113302251
32836716407
32708238654
33002619215
1005002458670564
32342605944
4000954421753
32963555805
32830226176
32965856361
1005002246879871
1005001482776597
4000785623216
1005002363853478
1005002082041585
1005002315150864
4000808543522
1005002302322380
32819224944
1005002457445866
4000345804565
1005002310967477
1005001882324818
1000006572170
4001276931189
32926014942
4000765562044
4000227653794
1005002288976887
32790244109
32886468440
4000790989861
1005002490059465
4000994718121
33012748892
32804501167
1005001714605845
1005001462547082
33055744478
4000440361806
4001228603290
32368467727
1005002339878399
4000570990736
1005002122472208
32820539111
32871699408
32802156933
4000802280957
32818454285
32819036628
1005002311159582
4001251582678
32996931714
32994006229
4000790474274
10000231314279
4000090519079
4001249857004
1005002380966846
4000986605204
1005002353219918
32825845226
4000353147058
32391669410
1005001598702234
4001176226756
1005001598776428
1005002280659174
1005001469477882
4000409557064
1005001412224807
1005001443106233
1005002031915575
32887525052
1005002356784887
32918807564
1005002286303236
32908902819
1005001444694008
32967277253
1005002388764536
32852889377
32828033387
4001135493023
4000856270544
1005002038666366
4000846206785
4000797404078
32849127315
1005002295032643
1005001341425643
4000832922168
1005001307401781
4001180968544
4001359209819
1005002229912631
32974501217
1005001417003246
32806340018
4000582934374
32964712867
1005002049030489
1005001741461522
1005002289556156
32648886227
1005001704475391
1005001541651317
32815031800
4001334094124
33003678476
1005002013211698
32704874573
586266675
32969342862
1005002122510056
1005002165672335
1005002387999232
775114537
1005002307632800
1005001816768980
32961571208
4000108648449
4000544706454
33035045686
32994683428
32767188448
1005002394565828
1005002441380514
1005002329010670
4000241142415
33004107659
4000228719946
1005002411737170
4000219935179
4000314728456
1005002289589277
32691322344
1005002154811841
1005001877235961
4001187539633
1005002220526949
1005002475304313
32889162658
32924138385
1005002122497169
4000405981600
1005001488578385
1005001319267907
32822496817
4000325007095
1005001732930716
32864056177
1005001411289754
1005002392711969
1005002279876514
32588970729
1005002453623666
1005002333888530
1005002348389781
4000613394056
32885773642
1000008308081
4000119200640
4000693885129
1005002119504122
1005002317134686
32867951311
1005002306678450
1005002207677677
33011178856
32905310633
4000274148790
1005002409797052
4000388124432
1005001417041554
4000080996582
4000655901135
4000694218102
4000197742261
1005002329723810
1005002344622493
1005002454696930
1005002386152590
1005001961541149
4000033804200
1005001995236768
33041931167
4000058151240
4001033922406
1005002292895669
32626608223
1005002271166490
1005002409590335
1005001849734964
4000549933692
4001057545103
1005001472810871
4000313431455
10050013297347571005001845692903
1005002091533554
1005002316226300
4000413412375
1005002167372767
1005002272729969
1000008118336
1005002442863778
1005001913683648
1005001769561793
4000626762128
1005002302301401
1005002247896136
1005002260416387
1005002310160182
1005002148811438
32975508788
1005002388282385
4000925483784
1005002377031655
33037462583
32961824234
1005001970423130
4001081967887
32959489014
32962760758
32852894109
1005002388056178
1005002319387749
1005001993329617
32874900545
32404952044
32942935495
32973114043
1005002346470558
32879521655
33014640118
1005001453030067
1005002246542365
1005001525522039
4001313506394
4001287349491
32807538309
33037017416
1005002386676140
32965347087
10000413886041
1005001296033950
1005001893843773
4000547636553
4000703207673
1005002180733071
32969634284
4001300244587
1005001678104209
1005002467797700
1005002363492062
32967360267
1005002255793264
1005002340299264
1005002212606311
4001001032246
32892182021
1005001806955299
4001360562608
4000717316812
4001078845247
4001007835869
10000374019038
1005002398877773
1005001738753227
32786097309
33048980139
1005002337312709
33002869598
32896603442
4001295880078
1005002450363773
32829712915
1005001545388334
32960223553
4001293893001
1005001364679516
32955039624
1005002409725654
1005002292072500
1005002002734589
4000090322638
1690195132
32850722998
32757330010
1005002408708156
1005001609789284
1005002387070025
1005002222691004
4001151533343
1005002362615110
1005002129752391
1005002401172303
1005001483840367
1005001825173755
1005002143243622
1005002433395163
4001263844867
1005001437344378
32797429089
1005001915251079
1005001579622401
1005002287533794
1005001426266289
1005001857935356
1005001350146728
1005002275970213
4001247659103
32909164080
1005001742272802
1005002268169226
32843908780
1005002398841651
1005001265881880
4001073085945
1005001597234745
4001276950037
1005002468710348
4001219809033
4000351446061
1005002338468186
4000790433883
1005002359504110
4001292783436
32947660875
4000464017186
1005002280488672
4000971660826
32821526028
32999798973
32836946630
1005002163293003
1005001567192080
1005002289793050
1005001560767221
1005001965640771
32634408950
4000863721647
4001293539966
4001262998753
33049256209
4001249889796
10000157062138
1005002395241056
4000046940007
1005002314977380
32950875552
1005001490856955
4001062399407
1005002438278592
1005001823910035
4000329671855
32968685080
4000309855225
1005002246539907
1005001710971356
32326274720
1005002465699898
4000756027032
1005001525444414
1005002180683293
32757109234
4000848802521
32973288260
1005002408439493
1005002346498407
1005002266040011
1005002332967160
1005002489358767
4000574393177
4000020758756
4000182079639
4001059504185
4001241685683
33050869672
360405498
1005002470493472
32919534191
1005002246295705
32792701910
1005002396857794
1005001997098925
32968913569
1005002122366613
1005001339966225
32850237847
4000190290018
1005002382527703
1005001344160989
4001039275326
1005002314580352
4001045696678
1005002337839234
1005002333425866
32890947496
1005002292822214
1005001707424701
1005001438793621
1005002433223479
1005002340308716
32964175845
1005002460757619
32871895091
1005002337557980
1005002337089432
1005001831691096
4000911585223
4000635975028
1005001986189028
1756114747
4000965088492
1005002189780443
4001157311123
1005002454668606
32314989951
32886304929
4001142876970
1005002325028309
32852730344
1005001645247078
32921513353
32942772877
1005001695597091
4000373190019
1005002227594531
4000993505446
4001298667585
32844565707
32279757004
4000542477106
1005002198414662
4000274253367
1005001842126853
1005001620450386
1005001869280532
32851642878
1005001665464598
4001263132272
1005002400980333
1005002307358582
1005002356336088
1005002291980636
1005001531809938
1005002432766863
1005002487544066
32720290332
32683459231
1005001624772033
4001064994624
4001305538475
1005002226044660
1005002121157138
4000546055215
1005001900454516
4000041703962
4001131848190
1005002397206799
4000315790630
1005001900406191
1005001621389331
1005001590291757
32988216064
32677685068
1005002413093707
1005001289916761
1005001847489725
4001278791891
33049906380
33047143867
4000526217646
1005001784924644
32894559137
4001224394826
1005002333129181
1005002477877757
1005001968905812
32932047840
4000019607164
32787195975
1005001693964032
1005001891364040
1005002418011222
4000934986673
4000838993198
32914524503
4001175039977
32940687744
4001156509842
4000374175320
1005002401247944
32613306661
4001090076249
1005002289722871
4001013498230
1005001633174937
32644339399
1005002341462856
32969487282
1005002362586381
1005002305568667
4001022623647
1005001620217739
4001253662770
4001051677898
4001044449648
32881765896
32833415375
4000378266428
33039143951
1005002441041079
1719749076
32961567263
4000074044830
1005001456818256
32842828371
32987825877
1005002256054763
4000909294410
32917092638
1005001369949564
1005002382790331
32803563453
33047832273
1005001555380713
32868035096
4001045536428
1005002428163634
1005002286325840
1005001695888719
1005002321317961
1005001607791899
33014127035
1005001448654173
32992016779
1005002122553161
1005002314418063
4000771270091
1005001330572846
1005002262922622
32915338272
4001085080321
4001228056320
1005002348666021
32951835274
32947144090
1005002443467514
32954204902
1005001393018958
4000916734471
1005001457255795
1005001818047151
32834142165
1005001298859066
1005001493276698
32901859774
1005001627661393
1005002265986526
1005002006887939
32907379196
4000298910127
1005002407015077
1005002228362213
1005002350761859
4000469308210
4000388481794
4001058733411
1005002095934540
1005002401635849
32859182872
1005001859587311
32860436096
1005002339037610
1005002253889286
4000039583212
1005002194054107
32656738057
4000335594214
32816523827
32835732841
4001146555288
32806496592
33051379620
32809441163
1005001417098926
1000008685337
1005002404142252
4000111061790
4001183931548
32864193431
1005002304413321
1005001955022512
32994109096
1005001369876693
1005001289880192
33052224095
1005002446992915
1005002258678459
1005002352574700
1005001793123013
32993182381
1005001588866330
1005001566063668
4000088911104
1005001620881090
32624144549
1005001870034306
1005002254465412
32946061637
1005001287153438
1005002291060229
1005002345215342
1005002372988462
1005001422948988
1005002000051158
32465463826
32981114470
1005001736603757
4000859296889
1005001298768760
1005002314304866
32848491044
32851905000
1005002115911383
1005002258180891
1005001394044759
4000287716240
32931197310
1005002397811165
1005002492947026
1005002324333494
33025434778
32909976569
1005002319089295
32793875010
33034816303
33057194720
4001233536644
1005002418306742
1005002223914437
4000999354730
4001359335301
1005002275269362
1005002314453160
32812400399
4000494218003
1005002480625691
32743198327
4000783107615
1005002192184127
33003960807
4000994974645
4001103048670
1005002340701962
4000204501208
32915428423
1005002314467779
1005001483516515
32947108434
1005002488033971
32964582818
32947315166
32963181111
32879893423
32555735041
1005002327028226
1005002099032927
1005002206320603
1005002322931922
32891300812
1005002176896526
1000006112730
1005002085703631
33004572744
1005001364626387
4001273189782
1005002122413766
10000136572332
1005001381647084
1005002319292204
1005002318566832
1005002303519214
2026128097
32907931034
1005001792623493
1005002005900904
1005002399997040
32819716885
32807631980
4000760893928
1005002066636289
1005001713330686
32238176061
1005002287309853
1005001883528054
1005002104837665
1005001850799037
32942956104
32837735540
4000461476494
1005002256154824
4000113008820
4000009730519
1005002476049149
4000843015507
1005002224912229
4000378409566
4000099679014
33045622132
1005001619822171
1005002021955836
4000938086262
4000089386184
1005002170938905
32885367013
1005001600643884
32847626571
4000035795470
32889106175
1005002171004415
32422237811
1005001791983694
1005001488547986
1005002286083314
4000807603997
1005002372019086
1005002167936707
1005002329100184
1005001941673153
1005001529699352
33035097841
1005001709691509
10000004043438
1005002023787723
32846308536
1005002377384162
4001212159230
1005001466766032
32989388799
1005001571071325
1005002205631902
32705299786
1005001457370881
32329031066
1005002254135807
1005002342463034
1005002221297966
32606464091
32707886118
1005001279122838
32865670071
1005001624703549
4000576114214
4001221169272
1005002093827394
1005002464840041
33004852328
1005001598741348
4001194019371
4000116030644
1005002120916480
1005002431335947
4001046336468
33030014151
1322944794
1005001632501271
1005002269042710
1005002367467364
1005002293103498
1005002439746059
4001071417313
4000601140892
33042852466
1005002093639904
32912546731
1005002274083017
32978161284
4001289776115
4000340109461
1005002430354613
1005002327757134
1005002298031910
32862125709
33040475443
32963594571
1005001670974388
1005002259745688
1005001620069807
32804640508
1005001693705508
32712392529
1005002238620523
4000264469783
1005002394106275
1005002460187746
32814428669
1005001641838034
1005002393584042
1005001758603112
1005002246648197
1005002288991320
1005002124441092
1005002174745703
32843366856
4001343623908
1005002293173211
4000911106624
4001173034443
1005002373517595
1005002309768312
1005001873022565
32955667792
32589528138
1005002357313375
4000201952600
1005002304203538
33049554376
1005001328903965
1005002018589077
4000780599312
1005002283772119
4001294911398
10000127161821
1005002310388960
1005002295310745
1005001758167861
1005001817607082
1005002318435234
4001241044530
1005002268720847
1005002335059189
1005002434467284
1005002333127265
32842166295
32828378662
33049761646
1005001332547874
1005002262708175
1005002333985378
1005002350839345
33027820262
4000208117435
1005001854235739
32986399854
33021580347
33007084635
32928235822
32300581301
1005002311060088
1005002273480059
4000850462349
1005002239755264
1005002347866986
33038609030
1005001354758262
33001714540
1005002336655867
32469511892
32945876157
1005002316394044
32916004207
4000565786035
4000308440504
33045781438
4001272134423
1005002033756673
1005002061575395
1005001855375922
1005002167716743
32948400057
1005002270915274
4000586188851
1005002090478175
32613210625
1005001374602224
33037815122
1005001845090582
32897157804
1005002314016332
33049013485
1005001981736021
1005001970575853
1000004844531
1005002305605481
1005002421328626
1005002372357186
1005002454847988
4000986171058
1005001856896293
1005002048839039
33039900082
1005002454766480
1005002480807052
33037350011
1005002328702225
4001005218546
32962509542
1005001942919599
1005001439105556
4001322515833
4001226957628
1005002485880219
1005002419375253
32888543203
33040075740
4000463255102
1005002389944854
1005002255012625
1005002310227851
4001201904285
32977567342
1005002306936373
349734023
1005002350183608
4000903266557
32838718121
10000399580998
1005002459128468
32955365034
1005002256235468
4000816642343
32958112588
1005001448549305
4000261579638
1005002399867638
32949726885
1005001344181743
1005002341142311
1005002370247276
4000275193279
1005001600041911
4000833397960
32945268417
1005002180220339
33009308225
32969360539
1005001281520215
32997355786
1005002400040458
1005001632996356
1005001492704249
4000666011956
4000853124716
1005001880853600
1005001645873653
32981527793
32994532861
1005001861131827
4000431559086
4001069545985
1005002328303293
1005002496201484
1005002359254547
4000982943780
4000789867746
32966458950
1005001559875814
1005001969896753
33007665722
1005002268976911
4001276963421
1005001703131146
32800480374
1005002317920540
4001015047498
1000007727348
1005002399234171
4001124640684
1005002206273051
32968051317
32810330661
1005002187012586
4001321991406
32958665664
1005002253821322
1005001371451954
1005001683004897
1005002390406306
33047150042
4000077053828
33037432223
1005002234397974
1005001704340878
32826708202
1005002292500389
1005002199089054
1005002345648614
1005002169099740
1005002333594234
1005001813380489
1005002494300924
32980620544
4000492981267
1005002019098987
1005002443467416
32852690113
1005002396242149
4000491826873
4001324669626
1005001530142864
33021005696
4000762466355
32846792060
4001049352324
32595825567
4000289782355
1005002072577010
1005001930944316
4000725846994
1005001999799134
1005001868971649
1005001450698223
32995627277
1005002315722513
1005002351650770
1005002364789289
1005002339028223
4000812853683
32983692215
32964197956
32446365246
1005001494845019
1005002379332741
1005001668023732
1005001686126407
1005001834421880
32642632078
4000933473587
4001039742400
4000107505645
1005002090497018
1005001863104330
4000955867647
4000156243222
1005002367536690
1005002384194382
1005001561167057
4001256577286
4000865437844
32958470883
1005002432030164
32842600384
32813448215
4001282759911
4000533777344
4000282434407
1005002377703129
1005002496304899
4000173241804
32912625166
1005001536542140
32847962513
1005002170976936
1005002323741850
1005002350409241
4000482859605
32879696266
33018199803
33032797152
32810273628
32629112490
1005002389240402
1005002469863413
1005001763755545
4000597770877
4000436800924
1005001596316348
1005001296184714
32776208482
32917874903
1005002303955797
1005002078207195
1005002406550940
750979646
10000384233879
32477658113
1005002237693801
4000849301720
32950806624
1005002293828102
1005001334161043
1005001730486305
1005001588277320
4000975537732
32953776485
1005002386930890
1005002337289767
1005001814208171
1357888015
10000402408016
1005001698414099
1005001389800720
1005002311016418
1005001500501274
32894354112
1005001678839538
4000636622946
1005002366119953
4000139768810
1005002235539643
1005002330500940
4000225730926
32755257150
1005002234992532
1005002392924804
1005002027686777
32914588147
4000898219173
1005002314866126
32968083048
1005002166214276
4001178635966
32829591350
1005002364277572
32827141504
32706608826
1005002307594338
4000858935955
1005001850425962
32963124956
32995529495
1005002401096436
4000192196605
33015987361
1005001610134556
32922574272
1005001686255233
1005001748806823
4000629105016
32785822767
1005002323269350
1005002278958856
1005002334146550
1005002431515460
1005001864954479
33002864840
32820785968
1005002467132651
4000094126036
4000769549649
1005002318121070
4001327489785
1005002406298722
32879581441
1005002315206234
1005001506325199
32960501155
4000212131954
1000008760004
32885793450
1703441013
1005001907330949
4000227252002
4000601137131
32884528701
1005002364463426
4000035769400
1005002034386239
1005002359782879
1005001438139066
1005001804687597
1005002233208774
1005002008742904
1005002201887563
1005002398134986
1005002394497341
1005002404945536
4001232086497
1005001562607422
1005002327993492
32899819632
4000740428536
32970631638
1005001864911818
33031735769
4000020236135
1005002426263510
1005002408392622
4001307303984
4001274420608
1005002365265200
4001359699759
4001038645210
1005001518738307
10000400035608
1005001591696726
33004992051
4001146395843
1005001571409603
1005002465615384
32864661460
32858664853
32804471385
1005001774284631
40010755060274000894762995
1005001548102396
32971115944
1000006979332
1005002436304943
1005002490471092
1005002337688849
32987262134
1005002388268435
4000630893800
1005002291621780
1005002215173148
1005002390660417
1005002437959346
32916709598
1005001559826660
1005001607825661
32980282996
4001114251359
32856945369
4000378013967
1005002263797993
1005002294965291
4001123255441
32755177618
32989318446
1005001912858821
4001316372654
1005002281224385
1005002287251630
32917452022
32615293873
32956643806
4001158654614
1005002367294713
1005001798813247
4001112776753
32839532244
4000580339602
32861496169
1005001292473522
1005002288771067
1005001319300875
1005001888182323
32916145805
4000668363723
1005001784513661
4001050917601
4001134248586
1005001362570820
1005002467421754
4000509904456
4000405705476
1005002319272299
1005002313136952
4000130106716
1005001704927053
1005002335527609
1005002361453299
1005001560979509
32970720987
32913028992
1005002381688307
33002841271
32972857755
32960047091
4000899237602
32661298573
1005002404723430
32951292757
32956802612
32585339219
32827716639
4000022933098
1005001346483635
32798044914
1005001738754612
1005002310122337
1005001393015701
1005002368904590
32907963868
32858587952
10000402427127
32258974994
1005002313727861
4000167068859
32853694338
1005002073805965
4001214654108
1005002277521659
32983310758
32880286678
1005002332425879
4000597829997
1005001878511232
1005002054604750
33007835553
1005002287826364
33031028001
1005002326132456
1005001571977219
1005002387263553
4000714978440
4001062439814
4001158646501
1005002298389887
1005001528880669
1005002050953157
1005002409766373
4000336432805
32637470545
32839875823
1005001893356002
1005002392373327
1005002449344448
33034010046
4000120302691
1005002439828931
32877507591
1005002425651640
1005001478811120
10000400037283
32940121499
32931254764
4001062427803
1005002467852260
1005001686896002
1005002018504655
1005001460995172
1005001840862152
4001185696168
1005002201752560
4000071400698
1005001462791984
32757928549
1005002286539853
32886502521
32890033459
33007691336
32473891952
1005001878155962
1005002407963747
1005002092234306
4000626984205
1005002314788308
4000316213841
1005002336586346
1005002371817133
4000271618646
32860488319
1005001335918916
33011782671
1005002284289438
32963590145
32996941944
1005002341725582
1005001623174047
1005001997537306
1005002275603842
1005001770653549
32975710478
1005001898828343
32996272982
1005002294881904
1005002417610096
4000594056008
10000399949688
4001223870277
32768428960
1005002002228485
4001116980937
1005002063440248
1005001330255124
4000866607586
32847953074
4000635894378
1005002220948762
4001272055983
32903660319
1005002321082061
4001279006652
1005002419243593
1005002215056402
32847425932
1005002221000592
4000393149067
1005001737540137
1005002378874893
32956873336
1005001424756720
1005001815783133
1005002310424286
1005002366088189
1005002313105022
32906609311
1005001609540874
4000291976357
1005001735641580
1005002252930656
4001057886719
1005002448273817
32794761534
4000126172065
32960916150
4001235156334
4001248433354
1005002314593208
1005002018684059
32824993469
1005002204332019
1005001997191607
1005001553739210
1005002092247884
1005002393770174
4000752152161
1005001280027790
33007728108
4001131242908
32999408466
1005002270163509
4000879797146
32963410250
4000170138460
4000984327052
4000844959199
1005002348226029
32878915892
1005001304007287
1005001476146007
33002123682
4000001642515
1005002491650277
1005002355816645
32895390150
32951743837
1005002397818105
1005001462706923
32976249049
4000029051368
32852589582
4001315603373
1005002314408279
4000711337403
32919823569
4000270043214
4000315167772
4000202559580
4001335248883
1005001450542976
4000044901704
4000635895461
32785478652
1005002473154045
4000990994250
1005002205501716
1005002378992149
1005002273464497
1005002330314880
4000516242489
33008274091
1005001972903664
1005002327192313
1005002159388865
4000834485944
33017250574
1005001587057311
1005001348228913
1005001731798516
4001076507331
1005002458957923
1448883928
4001175920992
1005002117357160
1005002278952105
4000134469615
1005001762925574
4001200263132
33026960369
4001110709149
33014137983
1005001303253164
1005002294081722
1005002316050936
1005002357119835
1005001970090919
32821059510
1005001756823990
4000750895000
4001257210504
1005002443730289
1875756387
32811230651
1005001467754754
32915630423
32838120572
1005001937787327
1005001604547280
1005001891881453
4000773150807
1005001587127966
4000315464239
4001058020463
1005002490493210
1005002073641341
32830821060
32696398315
4000336080670
32820636928
4000699075305
33014127327
1005002483907321
4001224681028
1005002116203370
4000127461494
32841721471
1005001510853703
1005002187856323
1005001622844664
32996648417
1005002254735856
1005001588077677
1005002198995075
33007732663
1005002018819585
1005002239241409
33052899216
1005002352820926
4001255058556
1005001775006922
32987296436
1005001980206615
4000747759054
33008984834
32646666313
1005001586757449
1005002314267631
4000515408010
1005002311811332
32722269408
33052430595
4000196089508
4001013367736
4000278575854
1005001897541508
1005002288730499
1005002330609603
32788093175
1005002265652163
32534200454
1005002167288199
4000493947764
4000286123305
4000033022729
1005002029910400
32891822096
1005002358552606
1005001839193804
1005001525275983
1005001768561744
1005001834763117
1005001704659858
4000982834373
4000930791690
1005002166085237
32633249609
1005001635390994
4000354346910
32996195249
4000874038753
32944776454
4000174792217
32885324736
32346440632
32954041611
1005002399301915
32818820141
4001065885821
1005001736310514
1005002337509663
1005001545167167
4001057791243
4000602775223
32846117104
1005001737710905
1005002258462960
32757075254
1005002272563035
1005002446561715
1005001631841452
32968519503
32963511957
32881258321
1005001678745338
33046733614
4000818265452
1005002287660894
33046698380
1005002238835133
32820898395
1005002272268568
33008458919
1005002329920778
1005002174793217
1005002318089492
1005002424307196
32853148699
1005002285782861
1005002301513773
1005001830664003
1005002313833355
4001235465366
1005001279201709
33054614683
4000930551704
1005002454239172
1005001930621977
1005002492140536
1005001864418906
1005001873676597
32998651402
32892701385
32564952205
1005001651723531
33036128280
1005001349163059
1005002337333496
4001124967086
1005001562578459
1005001393629647
1005002431216065
4000459340576
10000314363345
32984103175
4001114013147
32995504498
32918847506
4001284167974
1005002270618451
33019515385
1005001884134924
33040548338
1005002444402411
33019147290
32913925665
4001257511164
32961624205
32666721783
1005001587712513
4000429632086
1005002224009276
32759257318
1762419558
1005001393242559
32852661838
1005002023047738
33010320602
1005001385095141
1005002253517650
1005002262104707
1005002440049111
1578870743
1005001877776020
1005002275951309
33063090341
32891197148
1005002322574587
1005002372750742
1005001748929547
32987856501
33054853589
4001234580497
1005002275991466
32889581369
32262041812
33024089804
32445093928
32848776861
4000234527980
32808083589
1005002453576925
4001039025608
1005001335753363
4000709404703
4000015501849
33033263763
32966094912
32993084990
1005001572138168
1005001851662582
33016049813
32955376295
4000067662873
32888617949
32956754603
4000282642979
1005002342756591
4000295440838
1005001871226029
4000983085686
33029670423
32932609757
4001360876105
4000328601760
1005002324089744
1005002474174062
32989414375
1005002282234487
33062223253
32785896446
1005001940670236
1005002233236698
33047747815
1005002474025578
33047747865
1005002225479249
1005002399797808
32947086484
32948723122
4000872819674
4000782863273
1005002050342093
32921783897
32789494863
4000928519360
1005001433926043
32967348909
1005001937213874
1005002297588566
32877626721
20000004284417
1005001966469632
1005002108309472
1005002334170580
1005002402482038
32811783052
1005002080601782
32815341986
1005002345696024
32974090859
32935047010
4000965711894
1005001976657554
32785603521
1005001536911242
32385135082
