1005002442848390
32968896456
1005001639819632
1005001619493749
1005002322740818
33011865775
1005002440543565
1005002466617082
32980529360
4000316349191
1005001567233220
4000109278752
32870495958
1005002301513909
1005002263266402
32693735906
1005001923268752
1005002322731895
4000111939424
32842841319
1005001280727012
4000018800141
1005002277122288
32785836843
4000706758682
1005002292248391
1005001976445420
1005002281650593
1005002306605363
1005002239077196
4000926147076
32903845074
32807207380
1005001972597459
4001302814968
4000611367939
32921277429
1005002365059881
1005002309104770
1005002469848489
33006620928
32920276829
32516517857
1005001913434312
4001189975775
1005001580346949
32940228653
4000062282594
1005002253829560
1005001408179353
1005002398635908
1005002361330094
1005001550891668
1005001823687328
1005001555180865
4001061850213
4000958805559
32856617063
4000558062762
32976870391
1005001319625605
32878985723
4001203328075
1005002051909127
1005002378595768
32917397903
32980008144
4001006540536
10000031950485
1005001602966193
1000008079600
1005002053234604
1005001929136151
1005002119383800
32832142078
4000923500913
1005002258504908
32348482392
32960818563
4000032907212
1005002258641750
33016582341
1005001989315270
1005002428239948
1005002254232402
1005002372107899
32386362379
1005001291243480
4001240507141
32890043526
33001916475
1005002367835045
32950526906
1005002398487427
32792542967
33009527508
4000136646041
4000062283365
32888030897
1005002398528372
33012659635
1005001905699192
1005002356295112
33006196273
32863999287
33047178408
1005001876610929
32981605372
32821670447
4000543512266
32842091831
32810973870
4000536984597
33005382804
32999443579
4000874538039
1005002287549643
4000431007190
1005002121546649
4000771228036
1005002359086154
1005002475084601
32608523472
4001255611577
1005002100702203
4001015641142
32820955404
4000598718966
4001055666786
32832578007
1005001931791802
1005002278708737
1005002314746591
1005002352902373
4000749210444
32826406495
1005002353621383
32868654574
32951528493
32857320973
1005002454341983
1005001966257882
1005002234377830
4001204846357
4000113817150
33030925481
4001304561192
1005002433292714
1005002453005427
1005002473089221
32795163106
33004282239
1005001623862207
4001365090425
1005002382666271
4000371170644
1005002276528206
4001244289828
32974299158
1005001971722410
1005002453475068
1005001588145168
32864614559
33038720854
1005002373145769
32837069813
1005002327622761
4000205721819
4000546005530
1005001817702394
32903444419
1005002419562818
1005002000523066
32881370255
4001275376689
1005001549070374
4000799631027
4001207271276
1005001525401664
1005002314930450
4001170571084
32867495382
32871050907
1005002260250294
4000576267151
1005001975569906
4000362791802
1005002483434134
4000375812050
4000061198830
1005002244902476
4001215134498
1005002476530062
4001054220541
32960486731
4001207666245
4001282149991
1005002467216359
4000444794633
1005001291363117
1005002201836802
4000382053996
1005002345810060
1005002265558335
1005002260898596
4000659673358
1005002322820874
1005001715093576
1005002334411172
32754242259
1005001860233526
32882708904
4000853230972
32330170337
32879941767
32954249971
1005001731030500
1005002239469791
32824734807
10000358717558
1005001650256555
4000987403176
4000394169978
1005002122403210
1005002313411354
4000938647617
1005001688787180
32796161123
4000535032118
1005001556972895
32785475341
4001175378583
1005002245280470
4000014536092
4001200928573
4000505173916
1005001689723431
1005002453519399
4001006645407
4000678086356
1773204657
32799893500
1005001883359510
1005002144253227
1005001507783345
1005002448418402
1005002228530255
4001280457106
32827564066
1005001291878689
1005002321217327
32825355595
32907898400
4000967007401
4000666527688
32760329568
1005001603543842
4000903457676
1005002400787704
1005002495533820
1005002269327207
1005001454643754
4001351908125
1005002394497779
4001172911415
1005002345897259
4001052681511
4001169583227
4000794369689
1005002474472315
4000236260227
32838417731
1005002050329194
32959470108
1005001397683735
4001134329627
4001154608322
1005001273547513
1005001704439760
1005002459873499
32895604401
1005001580356304
4000754146414
1005001736705479
1005002238552598
4000026061035
1005001409129377
2035409759
33055366952
1005002311031314
4001291917336
32821844997
33011515505
1005001349617920
4001204800707
1005002253860781
1005001916031373
32722015628
32780285409
4001221725573
1005002460678120
1005002171465607
1005002409848669
4000002655755
1005002466848672
1005002317632809
1005002315302684
1005001670984174
32835914229
1005001918075656
32990087785
1005002340992616
1005002352294856
1005002423734620
1005002353366636
4000144467390
1005001470491720
1005002259497073
1005002463105889
1005002090384687
1005002254666580
1005002384597705
4000888150593
32544239768
1005002378558373
4001027236609
1005002421260959
32846422579
32868258883
1005002059785291
4000377366560
4000178835161
1005001863065996
32966896743
32627202148
1005001398198511
32839909234
1005002122096228
4001133927512
1005002367511648
4000829670335
1005001381319288
1000008685261
4000434729882
1005002378384437
32996137338
33042671991
32288932325
4001227733718
32960293513
1005002367436462
32961884905
32995706076
1005001525425600
4001013704736
1482699465
32921924276
32813043125
1005002283629150
1005001421290762
32803136408
1005001622478291
4000179750113
32998447999
4001137718831
1005001738626579
1005001564929833
1005001627297542
33015751023
10000351551332
1005002377329430
1005002318929594
1005002297581394
1005002347421283
4000510928352
1005002205426134
32876112906
32882192868
4000912874413
32920529411
1005002125537538
1005002314408292
1005002405317566
32968949202
1535615450
1005002336554001
4001075829859
32985290577
4001331344215
32866546593
4000806125039
4000830664457
1005002052171398
1005002451220082
32828050274
1005002399340448
4001251491840
4001190600237
1005002315241999
33006301078
4001266921337
1005002326438367
4001126789095
4000537974829
1005002329594358
33054920483
32970138761
4001237841647
1005002304019718
32794664764
4000263611519
32916662459
1005002341693431
1005002220385729
32997292823
1005001314715407
1005002295531140
1005002345007524
1005001369151666
33002045878
32762621541
33047360341
4001323105014
1005001275183743
4001278861451
4001307537902
32976401005
1005002273080259
4001056148355
1005001274439834
1005002315277832
4000993663174
1005001632172678
32966767669
1005002235164717
1005002288880602
1005001647810908
1005001527896791
32653491598
1005002130134853
1005002272607873
32855876708
33006172357
4000990757633
1005002329856453
4001186507689
1005002375154268
32943312714
4000878324813
1005001665572614
1005002344660178
1005001692478716
32682378047
4001036575989
1005001905287154
1005001993379765
4001000208621
1005001502452372
1005002396376537
1005002336019556
1005001540628993
4001315995231
1005002318405040
32876243477
1005001872342579
32895732097
1005002412891725
4001107248867
1005001525434649
1005002430367746
1005001876806260
1005001613196028
1005001622235803
32298330632
1005002466245309
4000262120577
4000385535586
1005002435639090
1005001406860412
32961097641
4000166039379
1005002305396558
1005001664225582
4000530405040
4000248231582
1005002257736285
1005002085000387
4000083518924
1005001394133961
4000954848162
1005002406366086
4000211905071
1005002315148843
32929910969
32811216423
4001107108392
1005001726019874
4000389378410
1005001788722498
10000020070368
32667047142
4001314519507
1005002282421517
1005001564715123
33028060881
32847755321
1005001900288656
1005001393998842
1005002292531722
1005001906169091
1005001853816167
1005002096544778
32449310235
32511686044
1005002438339474
33055317825
4001191345848
32904189937
32760689894
1005002268322123
32900910034
1005002478019131
1005001375647418
32991139736
4000990860900
4000419622956
1005002392869054
1005001616082517
4000480739020
32289014097
32537521036
4000124748136
32820984969
1005001865782731
1005001908285137
1005001489406522
1005002318023912
4000138931529
32479464857
32807334556
1005001855801780
1005002252637243
4000525862349
32887067850
1005001776149960
32593227116
4000164451760
1005002254195828
1005002404681881
33007214026
4000996748728
1005002233302559
4000189443460
4000517411327
4000706637495
1005002372339623
4001052370745
32698107996
1005002323737450
1005002288927996
4000287718406
1005001360050710
32847568112
32953892848
1005002316973044
32971123651
1005002270538823
33029522337
4000098920858
1005001942718405
32851603037
4000018953872
33003870441
1005002425954995
1005001953673360
1005001677702710
1005001598511367
1005001699471608
32582543869
1005001927048288
1005002309591303
32827888435
4000796726698
32465834810
33054844047
1005001284390267
32891273082
33045944429
33024668522
4001136374569
4000873645663
33036390355
1005001666275578
4001145198473
32747585485
32952853612
32889511415
4001294093604
32213999814
1005002381963906
1005001510694553
1005002442720603
1005002350801278
1005002286722420
1005001610457429
1005001378090625
1005001900738940
32849848995
32842112829
4000843008420
1005002440330431
1005002318778076
32971831184
4000197296018
4000147920774
32957636321
1005001397100442
32854980835
32791531667
1005002310827541
32672327979
32951260542
4000977474278
1005002428429840
32571707033
1005001814982928
1005001906125521
4000153048293
32609277650
4000067898407
4000625579036
1005001592460721
4000271706622
1005001832020527
1005002050236320
1005001349131016
10000395912024
32986640613
1005001689475122
4000390692164
1005002271932459
4001194016081
1005001650739067
1005001688942671
1005001843194415
1005002387823894
32811030924
4000835319690
1005001515864762
1005001301877288
4001318146128
4001338656580
32955679184
1005001868426564
1005001829766535
4001003394030
1005002347443146
32869931419
4000066959017
32836898603
4001084346935
1005002105500402
4001184180539
4001039162033
1005002314354462
1005002458687854
1005002339507389
1005001376262694
32827593672
32589466323
1005002023294212
1005002199462178
32900839959
32817246849
1005002211838330
1005001501330401
4000729849480
1005001591378226
1005001614625097
32880801383
1005002232900315
4001178958647
1005001701168245
32478061092
4000393587345
1005001731677851
4000127326451
32837111594
1005002067905722
1005002369534308
4001089920929
1005001952484151
1005002390897539
33053028535
32855235092
32813590110
32809147319
33012751144
32796282839
1005002227778191
1005001367609774
4001345863522
4001138100113
1005002290028036
1005002442340263
4000464643339
1005002304307836
4001058650008
32869144957
4000179015009
4000314983941
4000244432342
32889556300
32882689940
1005001658419489
33000934863
1005002366265088
1005001609381527
4001097169726
1005001338585186
4000289171750
32917384135
4000467575026
32850541980
1005002234423169
1005001823957216
4000248871399
4001228975062
32562404220
32962641765
1005002356980793
1005002061610070
1005002180817203
32968626474
4000112150119
1005001437274212
1005002455012377
1005001694255310
1005002388759426
1005002280997660
32574727633
1005001958580021
1005002347206969
1005002309256592
1005001664514677
32826635291
4001216948858
1005001976722833
4000323007666
33052023227
1005002348904626
32827235049
1005002275312712
1005002018809536
1005002467537648
1005002250238604
32798296101
32809724105
33049911063
32993424283
32793479755
1709591835
33060979158
4001230300835
32855079126
1005001726402698
1005002316648355
32739505648
32635690466
1005001391553548
1005001298416909
4001225208632
32959282725
32820729873
1005001652479157
1005001593128874
1005002313492298
1005001295624512
1005002232552221
1005002276501663
32667071190
1005002124324462
1005002449601895
4001228454853
1005002326461466
4000538294865
1005001355590900
1005002319222287
1005001287902742
1005002359853426
1005001920663239
10000058334877
1005002319042880
4001346458597
1005001966797175
32908145098
1005002500004130
32820964658
4000594823638
1005002233344231
32812329303
4001214252504
1005002390879368
1005001749138718
1005002433221371
32954266473
1005002253678172
1005002180398952
1005001822307135
1005002080752632
1005001900774328
1005001961302450
4001290181264
1005002111713551
1005002023971723
4000787161838
4001031452682
32905597191
4000035761982
1005001814395637
1005002441708392
4000044010693
1005002132730908
4000173562096
33008515458
32919791765
1005001469489648
4000690938320
1005001599840827
32241838038
1005001571562670
32953386647
1005002258123238
1005001501467605
32948971830
33033382962
4000375354264
4000947914043
1005002233690610
1005001637878244
1005002068048013
32531373776
1005001511766593
1005002390609683
4001178875749
33053022475
1005002043062249
4000677522848
4000978957297
1005002314313410
32995434004
1005002353539954
1005002310994389
1005001587985066
1005002292202719
1005001530182904
32820625919
1005001315143413
1005002173027246
1005001885331773
1005001352583389
1005002320690645
1005002424680573
33005355291
4000047586276
1005002389060405
1005002253663863
32950054944
32971371677
4001307209956
1005002347040915
1005002310533786
1005001458351766
1005002394097866
1005002166096609
33021445756
33033926611
4001282240760
4000317082180
1005002355829062
1005002374814515
32902248707
1005002267400951
32820724230
4000666193177
1005001982395780
4000792757702
32965756459
1005001346558082
33053664495
1005002384166998
1005001786790619
4000911205253
1005001820580244
1005002275427392
1815902230
1005001581568262
32311697020
32537386841
32852126337
699729857
1005002340480531
32861423890
1005002280773703
1005002376944999
1005002390055822
32502461426
33050600376
32889186315
4000714762582
1005002345318744
4001324180882
4000059161271
4000838132878
32658483580
32920908939
4000230422451
1005002205064854
32988783041
33058047532
32913647065
1005002453231837
32857640138
4001205270871
1005001608518611
1005001707923583
4001244440845
1005002435690663
4000502056870
32992323431
32842408527
1005001393321385
32818420764
1005002426214674
1005001991764631
1005001411621459
4000705577452
4001365424753
1005001606032307
32947243867
1005001698432809
4001065303201
32959555981
32976474910
1005002247682593
32981854514
1005002312125842
1005001888918955
32837661136
10050022475870001005001525272894
1005002297041394
1005001285859590
1005002354581417
4000800895633
1005002185177307
1005002423137749
1005002284476993
4000776459223
32970273012
32809762787
32898634440
33006995492
32735650198
1005001364678800
1005002253837000
4000714953431
1005002378602412
32664513049
1005001587730425
1005002424900638
1005002346129138
1005002279224899
1005002389125709
1005002478015557
4001084938225
1005001844546642
1005002382679243
1005001350260366
4000378334922
32966773203
4001262871348
1005002439396685
1005002480306040
1005002417514753
4000760975504
1005002265978307
32338173030
1005002337277736
1005002283783748
1005002475351043
33035691087
32803020934
4001248514121
1005002422066592
1005002231582750
32966153619
1005001419925880
32960061007
32996957438
4000079210022
4001130522903
33015615705
4000466111444
1005002435867790
32990984901
32870278218
4000105822110
1005001889141705
32846045681
32946692836
1005001843165368
1005002329555670
1005002359896481
1005002362756301
1005001451789966
4001297815471
1005002341206289
1005002313271329
1005002394650445
4001131921114
1005002460743244
32888335734
32890984769
32856534005
1005001720867821
32771326544
10000002752085
1005002317799509
32851848852
1005001566791696
4000492904308
1005002335237547
1005002330867344
1005001867644918
32651133898
1005002388523355
32930125570
33007673722
4001082888015
1005001791776078
1005002288831481
4000430169740
1005001873640449
1005002238499530
4000990853680
1005002175522637
1005002337304515
1005001666409616
1005001615758771
4001245322476
1005002490470599
32901896943
1005001996462825
4001066894334
33050146328
32860477514
33026671277
1005001894347730
1005001439693818
4000396327306
1005002322584122
32577154394
4000538663362
1005002276304202
32811585986
32879544499
1005002394787460
1005002309107855
1005002315798491
32832597857
1005002136265638
1005002332680143
4001364110617
1005002027666554
1005002392546922
1005002397750829
4000234763201
32904631868
1005002310521866
4000958902267
1005002425878224
1005002315137520
1005001840467055
1005002276854398
32899777012
1005001511839835
32655342399
32945830418
1005001515895522
32747485523
4001043698674
4000042824283
1005001511642630
32796804695
1005001375202864
33031871118
4000917599373
1005002314415906
1005001780321115
4000050333758
1005002408352841
1005001592982373
4000334235263
1005001345650696
32987490485
4001179165503
32964374539
1005001587674907
1005001955051117
4001042030310
1005002373333264
32610423975
32854756696
4000600441542
1005002055930884
1005002110472069
1005002381150791
32655591261
1005001848666443
1005002475100308
1005002267935577
4001235602708
32982145031
4001154618989
4000709131208
1005002410863615
32747094739
1005002240088089
4000449332503
33012642511
4000257773793
1005002329091112
1005001543388884
1005001809811202
1005002138951748
1005001423127733
4000283260368
32902747718
1005001726345233
1005002122464473
1005002058017662
1005001933351537
4001344986485
32837171920
1005002253201358
33020712090
33002251039
32928353481
32975679647
32956776695
1005001705189448
1005001688025342
32965252103
1005002375596612
1005001699668634
4001228607251
32676668552
1005001469540613
32808087535
1005001441430070
1005002249224075
1005002311014196
32824895799
1005002487608755
32954681172
32948065689
32548212389
33056979311
1005001683849806
4000061389533
32891143940
32669798184
1005002288243137
1005002337361538
1005002283088786
4000406874577
1005001844890898
4000401373120
4001193465706
1005001325118162
4000224240537
32880061426
1005002000184080
1005001354860966
1005002351268556
4000879608084
1005002357311756
1005001703190447
32965594032
1005002282343686
32997640800
4000708866677
1005002317380289
1005001907282039
4000290223859
1005002320501501
1005001407316806
1005001817065817
1005002246638386
4001061872814
1005002269237306
1005002259705513
1005001808457519
1005002448330084
4000675320460
1005001453141191
1005002329130689
4000187429897
1005002330927235
1005002289197187
4000537946161
32882434537
1005001831984834
32852052485
4001244792043
1005002210264169
1005001888304541
4000775062030
1005001511831713
32653901956
1005001291662742
1005002272347616
1005002235294203
1005001516085846
1005001470083448
1005002278186207
1005002233457939
1005001877618578
4001138898115
1005001998594298
4000902779577
4000183476330
32822148489
32827830671
1005002413468081
1005002447024377
1005002238612742
1005002447142802
1005002426279186
4001133194366
4000460383297
1005002301821111
32811382400
1005001656686317
1005002295445361
33014238507
1005002380982706
1005002018538079
1005002261360955
4001251226678
4001225148608
32861291006
32875914710
1005002439477877
32948409226
1005002324639378
1005002033184625
32796328583
1005001859339285
1005002392058782
1005002261249425
1005002447751835
1005002480977534
4000005988309
1005001887687875
32968188654
4000864727627
1005002464110234
32839905234
1005002319260273
1005002252441366
32999403337
32958851619
1005002060536308
33019597653
1005001645837501
1005001713825792
4000845459584
32793095260
32970430067
4001287052098
4001296021233
1005002049909659
32895456270
1005002320799058
4000805054008
32227806991
1005001808571208
1005001670521854
32839993295
4000519690733
1005002233123388
1005002361205300
32901387497
1005001867342291
4000959251374
1005002483986900
1005002282590775
10000136171266
1005001741157157
32786553199
4000197151715
1005001657103022
1005001635125445
1005002395876330
1005001305289758
1005002232376204
4001040185450
4000777477545
4000422810587
4000756417688
4000460211222
1005002375099342
1005001878300290
1005002366473668
32633713918
4000575232245
4000816853783
1005002353935241
1005002352343625
4000954398600
33006941777
4000695888122
32749042023
1005002308923250
1005001873762818
4001280257294
32859151572
1005002061446022
4000220064305
1005001965250635
4000689151535
1005002314410412
4000626635465
1005002065389768
1005001629503421
1005002418654018
32911664254
32886280524
32577201962
685864826
4001143498452
1005001393225085
1005001795438093
32622739196
1005002218870351
1005001656525156
32870017219
4000031443422
1005002396102022
1005002122393917
4001151929007
4000982855787
33039465966
1005002055302882
4001279273865
32994456981
1005001982748646
1005002304946563
1005002417106309
1005002212826082
4000279833611
1005002319327521
1005002482499604
32913399992
1005002317058330
4001062290280
4001301703579
1005001408180683
10000400062007
1005001659264592
33006704226
1005002363349406
1005002337285897
1005002058871934
1005002298472726
1005002392068584
1005002246748399
4001042342529
33013129520
1005002302566037
1005001785773787
1005001582571000
1005002459887418
1005002003696373
1005002370050939
32839929943
32569713699
1005002485290244
1005002206138818
1005002321036266
1005001505904892
1005001728394206
4000099612989
1005002052274053
1005001334995966
1005002328802544
32857157137
33016468802
4000285425152
1005001859383933
1005002410974943
4001058104814
4000285615611
4000694104418
1005002314534409
4001091081885
1005002292148393
32603217321
33005176637
1005002424497742
1005002038190050
32907352648
4000899658289
1005002315388368
32804279393
4000813927897
1005001622786399
1005002056778799
32837557873
4000298327230
4001359460313
32861123739
32573959295
32944372751
4001324368115
1005001367644696
1005002356036518
1005001380942760
1005001511434092
1005001930480370
1005001608356464
1005001563377805
4001197021728
1005002150304082
1005001797134913
32960622926
32672345934
1005001848228427
1005002038422600
32826476126
1005002272625712
1005001958640805
1005001670870749
1005002318896495
1005002321980489
1005002291293330
1005002256000151
1005001888163911
4000159026822
1005002417802774
32975239296
4001227025330
32827477762
1005001576949828
1005001961493457
1005002277615088
1005002324548589
1005002109784867
1005002061965113
1005002478236185
4000922976442
1005002284789141
4000515422417
1005001780744012
1005002133336969
4000091693984
33009297807
32896452388
1005002038935496
1005002500153321
1005002287729535
33039607435
4001132176682
1005001797633557
32861794368
1005001982846783
1005002035861209
1005001703990914
32879672400
32885512170
4000684589224
32979049837
4000661120601
33056726395
4000857247735
4001083151954
1005002357305152
33032995191
1005002293307931
33053285740
1005001768193774
32967523719
1005001834362331
1005002267776270
32637759253
4001270737938
1005001998053904
1005001971002802
32913699461
1005002491834264
32934455663
1005002359292405
1005002172556943
4000063976447
32908345421
4001228658520
1005002016568765
1005002277737630
1005002276582803
1005002292061268
32791462168
1005002443596767
1005002190937415
10000354383479
32705177780
1005002122070799
1005001804080858
1005001677316644
32909201313
1005002015468273
1005001979189482
1005002318821163
1005001594461641
1005002341032645
4000109553069
33042519912
4001233036423
4000761639501
1005002119153836
1005002314052556
32999482381
32854442794
32700501225
1005002435939141
1005002190905980
32947982292
1005002313467043
4000265796397
1005002496646263
1005002450540619
4000381016820
32792643842
32959542180
1005002447868580
32316293247
4001190861034
4000218183806
32866452887
1005002443285684
1005002293891094
32919495879
1005001792110473
1005001530665480
4001272487743
1005001782743235
33035689837
1005002399388885
4000224565622
4001064249577
1005002269378111
4001094404938
4000317022063
1005002186891232
4001115534704
4001160419748
1005002347884716
1005002004947728
1005001815474266
32796563665
1005002478055236
1005002055418097
1005002279293703
32461725646
1005001576337968
1005001664863279
32997493226
1005002369286158
4000414978169
1005001352637094
1005001781266220
4000019968865
1005001989609499
1005002390920130
1005002260460390
4001064892012
1005002274043958
1005002346693936
1005001975579284
4000071512589
1005001471372807
1005002294658157
1005002307433125
1005001367835177
1005002233196084
1005001614157611
4001134177546
32697289477
4000449540280
33062231297
1005001819281278
1005001634720454
1005002496536011
4000324413637
1005001466669316
1005002245824936
33027262489
1005001386227484
32956197081
1005002396490478
4000780435634
1005002328075466
33010050476
4001151910092
1005002467331622
32833274086
4000918443567
4001089436894
1005001886152620
1005001950351737
1005002423428146
4000452212419
4001035763344
32848448284
1005002314311511
4001275445695
1005002394116865
4000888629962
32889136392
4000543969586
4000792979366
4000742995934
1005002324053693
4000842635778
32951043386
1005001620605325
4000099510978
1005001620555367
1005001313184756
4000114237329
10000122695447
32899650164
33037630407
32949150452
1005002185736941
32964525572
32819851604
1005002217939817
32702063274
32890947289
1005001671926466
1005001527165625
4000296653088
32820166294
1005002496169922
4000972594765
4000570439336
32961674228
1005002424781831
4001293959760
1005002375195052
1005002428028926
1005001927529351
32918785140
1005001777488110
33012019000
4001300334067
1005002370680085
1005001626662123
10000352811308
1000007961931
32968349062
33029838971
32954862718
1005001754142726
4001166607714
4000194796926
1005002313460449
1005001877787162
4001111348293
4001054274278
1005001470752405
32968937912
4001314500403
4001100521021
32990248184
1005001807241699
1005002314537568
752967076
32865587112
33029987560
4000532389827
1005002307384828
1005002305878497
1005002289210742
1005002306227675
1005001599953212
1005002297090812
32617606007
1005002412309604
1005002387829955
4000855728073
1005002336851307
1005002436178149
1005002443658591
32844242452
1005001754202253
1005001396947491
32974157153
32981124140
4001161682807
4000546541799
4001214234546
1005002345011178
4001278872222
1005002340574723
33044590350
32876993815
32702127274
4000777467840
1005002292192429
32920554486
1005002375149946
4001077750344
4000202980201
1005001441075558
1005002398376186
1005001607343806
1005001971398826
1005001615707946
1005002234600079
1005001398729894
32822180831
33032587109
1005002400798905
4000760365741
1005002022760617
4000106290106
1005001780021792
1005002242064204
4000310058310
1005001531821171
1005002350715342
1005001621924895
32856006527
1005002290215352
33054077962
4000754905862
1005001940652963
1005002420791168
1005001997332746
1005002334786812
4000841839424
1005001989041974
1005002285941393
4001128534429
1005001526146885
1005002110786186
32919179171
4001085356619
1005002059804697
1005002124168904
1005002050431232
1005002383233141
1005001884054797
1005002234765001
1005002249959084
1005002318100746
4000751520375
1005001692992082
1005002246295009
1005001705613423
1005002053822499
1005002448690662
32844017292
1005001929250335
1005002424680874
1005002315340789
33040966799
4000967805158
4000830045361
32837901142
4001217632369
32912422013
32918276675
33013477734
1005002303831403
32788680505
1005002492510395
32973226056
1005002328578243
32742590541
4000101297781
1005002426247922
1005002157203948
4000251615256
4000499828898
32927438264
33054073149
4000170226561
1005001727222593
32977755555
1005002224141214
32970738355
1005002382388344
32690054473
1005001659253192
1005002281992062
32787073529
4001195225341
1005001332376919
4001360005370
1005001769702733
1005001852215808
32953923107
1005001466376760
4000300509869
32822995726
4001321243242
1005002439216037
1005002315962052
4001339213754
32999709032
1005001336100003
1005002297533193
4000088464162
1005002329636294
1005002166685549
1005002236487499
1005002015635968
32955020377
4001230159444
1005002401190422
10000270178264
4001194569036
32972612758
1005002490443014
32907947207
32980200579
32914303907
1005002281312214
32516704801
1005002376063383
4001114475607
1005002412745496
1005001618963995
33017538075
1005001511290327
1005001323144178
4001173319305
1005002324863878
1005002460276163
1005002363362897
4000945168836
33006929441
1005002384563463
1005002265236176
1005002399879230
32990205703
4000854670810
4000241528031
1005002400924259
1005001987646094
4001217914615
1005002391166559
1005002197761855
1005002248831126
1005002320572221
1005001746794642
33039131802
1005001837275951
32983834359
1005002276128979
32923221874
4000228733626
4000923294932
32863924973
32830604722
32905028012
1005002048760319
4000822733315
32690602932
32994962840
4000085370588
32829665124
1005002383378284
1005001680654602
1005002205351257
32793609179
33006200317
1005001842863571
4000029220762
1005001316184105
1005001736726452
1005001656784814
1005001625676819
1005002308670257
4000109182404
1005002320579841
1005002298591850
32950460573
32969387096
1005002026839189
1005002240612659
4000257503802
1005002419658275
4000891214381
4000983855792
4000978990593
1005002260329241
4000708940070
4000981522023
4000875659398
1005002168769255
4001249845761
4001270436360
1005002449224649
4000556572856
4001062946360
32997521732
1005002326335245
33009989946
4000925517877
4000055363202
1005002267376682
1005002157644764
4001178547338
4000634130382
4001249854105
32864598771
1005001339420801
32581044808
1005001656274736
1005002234332965
1005001939952753
32559266178
1005002359440968
32763512450
1005001711498592
4000400432807
1005002293238753
32869902829
1005002314337101
4000423968308
1005002333141959
1005002433364740
1005002305055273
1005002099208900
100500188185463332823435242
32866145377
4000690551858
1005001872403558
1005002072420620
1005001485257995
1005002093799144
4000816717236
4000837529285
32602460676
4001219329400
1005002401207040
33027517652
4000443834553
4000409988126
4000073633013
33033523465
32858909663
32959494352
1005002199112388
1005001979957936
1000005505570
4000205332291
1005002363232771
1005002259901425
1005002315574509
4000895226615
4000849849599
32919211421
32983252031
4000925921347
4000542063406
1005001287587488
32848812942
1005001439149234
1005002315800647
32856084210
32556403889
1005002454228497
4000906344016
33016094212
32953842230
1005002323521796
1005002244196195
1005002418396728
4000165233434
1005002214984470
1005001543459703
32964527176
4001340183137
1005002329817348
1005002261255197
33046845240
32772539938
4001335552857
1005002476362302
32812446953
1005002094936805
1005002328377660
1005001686168434
1005002434554323
32859198443
1005001969041274
33019152808
32481509795
4001236203517
1005001264678302
4001145486052
1005001439019985
4000802114075
4000247622567
1005002290119579
1005002391000593
1005002107215150
1005001906062670
1005001803021202
1005001430677052
1005002248130549
4001272627998
32830383884
1005001680645074
1005002372636281
1005001678950359
1005002309560339
1005001960842547
4001333467668
4001131671199
1005002377643053
1005002348459969
4001247623157
4000660416575
1005002316253363
32933897592
1005002323315254
1005001624722359
1005002461141691
1005001483420759
1005002406788932
1005002338912765
4000261978072
1005002489884836
4000784085298
1005001808408544
1005002119852939
4000327499130
4000964282583
1005002063551581
1005001771462162
1005002254054268
1005002316669952
1005001685337215
1005001566258782
1005002113147043
32981624405
1005001621699864
1005001346142900
1005002328419015
32869271213
1005002064182036
1005001404925961
1005002387802314
1005001742684080
4000052101919
4000466190358
32655862588
32680712063
4000791554837
32905838144
1005001906723442
1005002350171615
4000380637715
1005001907257218
4000609565651
1005002465608910
1005001933823401
1005002286723314
1005002491828942
32853185884
1005001295696363
32814766331
1005002292246940
1005002229686869
1005001397248189
33011379086
4000641914930
4000198737359
4001291605394
4001013821568
1005002289010327
4001059690165
1005002259176158
1005002304313785
1005002396696706
1005002396575046
1005002055648256
1005001708649728
1005002376579590
4000510644367
1005002278340983
1005001849039262
1005002284553818
32973581924
4001150679768
32970676935
1005001664640286
32421133749
1005001901862125
32962031072
4000378688862
4000139598679
32920545913
1005002321078330
1005002448017315
4001252631483
1005002333418335
1005002351152556
1005002279089059
4001244554191
1005001602402549
1005001781236890
32809478931
1005002277867753
1005002428296279
1005002375451878
32909040641
4001286566762
1005002147901183
10000062861022
32773223845
33016741464
4000499189649
1005002297281151
4001290581869
32839149103
32973509595
1005002338813572
1005002251650748
1005002413398227
4000178282464
1005002282206676
32945948807
32980069044
4000704693983
1005002258851472
32961915236
32809123148
1005002226987485
1005001545069923
1005001997335649
1005002256109274
4000049046245
33030449732
4000627068671
1005002287356983
32901301142
1005002369067427
1005002167138476
1005001583241067
4000858987630
4000934972851
1005001692407710
1005002467535624
1005001804602752
4000768538796
1005001570517943
4000538441047
32855217188
4000182411137
1005001607748176
32708245238
33022732575
1005002453279920
1005001438894259
1005002281788841
1005002322388014
1005001626644810
1005002266090649
4000792985705
32943234571
1005001314919838
1005002350736204
1005001423175334
33051590647
4001317765115
4000987725238
4001171496279
1005002436083941
1005002268862576
1005001803585212
1005001824242337
1005002367700525
4000351234573
4001122603408
1005001716716449
1005002317596470
1005002419116754
1005001940217431
4000934193638
1005002432569982
1005002328348148
4001201740789
33031120946
1005002286808500
1005002456878305
4000984276094
1005002467595775
1005002426798712
1005001645150696
1005001820374651
1005002260509550
1005002443480841
1005001652977256
1005001927713348
4000980196996
1005001887850166
4000325632475
1005002305653500
1005002001455860
1005001834378955
1005001897191982
32880273753
1005002397703888
4001149270449
1005002180560190
1005002279230711
1005001340182534
33031600763
1005001723878625
4000414813128
4001271984745
1005002398801484
1005001579966789
4001155610340
1005002477026859
1005002470834704
1005001397110176
1005001963001497
32658752860
1005002133830047
4000231767355
1005002413385655
1005002293768916
32783324478
1005001738529272
1005002434749883
1005002413129511
4000696521149
1005002297571678
1005002430626200
1005001573816427
4000597781552
4000997923950
1005002387032054
1005001899597881
1005001465490214
4000615702939
32859375390
1005001325446798
4000071437904
1005001506333776
1005001495631100
32988764354
1005002329571694
1005002322997010
1005002329794142
1005002419795219
1005001584897329
33021358876
32749624148
1005001470457570
1005002259642149
1005002070059341
4000269883434
1005002488598653
4000558528498
33027483913
1005002280695104
4001025191632
4001328721846
32890175815
1005002065443226
1005001703392816
32961976135
1005001880698019
1005001834714217
4000087675320
32907263531
32739742254
4001365542717
1005002320201915
32720658428
1005002167483320
2051843083
1005002468538489
4000896631355
4000727362459
32789118474
4000497166545
4000260134100
1005002438419895
1005002290916739
1005002400872541
4000253459014
4001253621658
1005001703593646
1005001502490559
4000168879644
32790928920
1005002383212007
1005002273194198
32349366735
1005001682718232
1005001792736152
1005002427757874
1005002275705092
32894603304
4001315255069
1005002340888828
1005002315961812
32995877737
1005002461606607
32962084105
1005001345090296
1005002340798704
4001289069158
33009819458
1005001632662542
1005002397702949
1005001375993054
1005002298082464
1005001278530664
1005001843475111
1005002281116252
1005002377657170
4001326606514
4000088055072
4001215438074
32979560225
1005002301413083
4001272456480
1005002454353716
1005002466129502
1005001871369460
1005001757487082
1005002381187402
32950634834
33013841515
1005002361573471
4001104661764
1005002500254817
4000608292279
1005002271941583
1005001365853898
4000288196092
1005002378066794
32867217879
32640941585
32704834516
1005002068471104
32784555222
1005001339176310
4000743533485
1005002225308151
4000537933466
1005002433559418
1005001848554874
1005001299207881
1005002313609988
1005001570400652
4001359962136
32866757880
1005001566978644
1005002385338136
4000937379083
1005002352511672
32972836712
4001022881266
1005002261983941
33060587123
4000016023259
1005002205252995
1005002489641953
1005002315501641
1005002316183800
4000580270734
1005002330495503
1005001696100710
4000226840269
32981746234
1005002306134197
1005002347222837
32904438602
32981223368
4000431571175
4000039239850
1005001310903767
1005002412793777
1005001824250537
1005002106150006
32916158321
1005002467740147
4000740895609
1005001989284380
1005002252007285
32894946949
4001289852797
32825844650
1005001430274814
1005002024657028
1005002364256106
4000614497176
4000235039832
1005002499295536
4000215203649
1005001302234087
4000817164579
32922912141
1005002373129627
4000800165394
1005002276701094
4001190465217
1005001373234584
4001228598363
1005001699363056
1005002377044338
32972982358
32712770004
1005002258772569
4000083742822
1005001591189269
1005001682414641
4000107247670
1005002288370129
32840632034
1005002260591023
1005002004709764
4001017620139
1005001547604347
32775114402
1005002320242696
1005002055658340
32829402556
4000535186617
32803746439
4000701411216
1005001304802180
1005001682643840
33048988041
1005001303942964
1005002289716111
4001137396436
32772691603
4001052828146
1005002329217426
1005002253676387
4001062041054
1005002353317978
4000479722866
1005001716599722
4001094160222
1005001629523748
4001020975369
4000203391036
1005001561218296
32930973272
4000210076751
1005001429632472
1005002368185921
4001356050453
4000761134609
32985903964
1005002085951359
33012280645
33038109707
4000981997991
4000946019144
32848448521
1005002352813132
1005001977952877
1005002459544257
1005002369640275
1005001699543933
1005002231680618
1005002382473940
1005001883009300
1005001997097650
32888580487
32892674246
4001237556197
1005002303856895
1005002395487534
32905482699
1005002055284897
4000876875253
1005001901170002
1005002365188914
2050451164
1005002044821086
32860174231
4000001660604
32840703953
4000666080715
33041854922
32822507473
1005001687864471
1005001579361143
4000850462412
1005002248793173
1005001355082416
1005001521127256
1005002428651444
1005002351312422
1005002254065672
32977170655
1005002362658308
1005001908005848
1005001984744460
1005001570405603
1005002487333307
32851007424
1005002353851057
32996518172
32963699250
32709084297
32445184443
1005001914436625
1005002309238725
1005001338808606
1005001269732456
1005001737419466
1005002221559697
1005001698815205
32807802863
32926719735
1005002421501746
33058294086
1005001829908176
1005002321616335
32964606188
32959496139
1005001465121618
4001031011929
1005001953142169
4000771141438
1005002342187118
33014452121
1005002382711772
1005002260278645
1005002443135310
32833879473
1005001897256291
794561588
32934929346
1005001707846897
32983265052
1005001968581923
1005002089370690
1005002369558480
1005001484499323
1005002166528717
4000554784596
1005002335042086
4000166690835
1005002354466850
1005002357290216
1005002235212138
914790827
1005002333623905
1005002258595385
32991949433
4000228573017
1005002469286427
1005001642858186
1005002370428447
1005001406897034
1005001388211108
1005002281814617
1005001586724965
4000704407242
32326619390
1005002181310685
1005001501457198
4001340942063
4000366294348
32580740630
4001217800856
33005557059
4000743009585
32965574438
1005002336522705
32858833468
4001035495063
33012735097
4001233681029
32247316968
1005002467691701
4001220738256
1005001645854105
32983246100
1005002279030568
4001242475374
4001057686351
1005002460308488
32916135963
4001219621225
1005002475538730
1005002304379241
1005001529895326
4000356025163
33013819708
1005001763234984
1005002371643432
1005001762111351
10000165880707
4000863363889
32910279530
1005002010670720
4001172276639
32787987459
1005002317151505
1005001796972925
1005001526213861
1005002310363568
32899207374
1005002358008891
1005002027602923
1005001523689402
32969026652
1005002066255531
1005001942174090
1005002362273695
1005001394095357
1005002312066297
33034837796
10000312620826
32970223327
32976958759
32917150887
1005002316011947
1005002362856710
4000706680388
4001316527062
1005001869223406
1005001873735578
4000945247439
32790970673
1005002398907507
4000305398497
4001338064496
4001233404673
4000283839394
1005002301264196
1005002275866970
1005002274267027
1005002438861308
1005002269274572
32917474922
1005002240089605
33056691921
32959911550
32272418226
1005001850403883
4001199169059
1005002314324106
4001044892913
4001245339411
1005002146510590
32999987714
32848190057
1005001659740082
1005002232641901
1005002313877962
1005002205484126
1005002392596907
4000571261320
33041017657
1005002130908734
1005002461878102
4001278069094
4001291669706
1005001553281674
32865653907
1005001714973221
1005002398899013
1005002049122664
1005002260100076
32973317318
1005002399293598
1005002045725892
32893530766
1005002490786585
1005002218102571
4001317072230
33010651513
4000989640543
32721163686
32699976682
4000863146881
32889987732
1005001607488108
4001360956598
4001262429456
4000424394467
33059158536
32947083608
1005001890680604
1005001366287113
1005001460058839
4001228615158
33025760080
4001196861104
1005001736593697
4000679809712
4000811654517
32627741571
4001062562405
1005002242697310
1005002272369590
1005002417253633
1005002284319844
1005002328089480
32896801727
32973926076
4001358586586
1005002336579239
1005001580004081
1005002273485923
33006961763
1005002289036714
1005002494987013
32915667561
33002486242
1005001402406657
1005002316115093
10000328754283
4001031399570
1005002162576272
4000106441023
1005002467202278
1005002338107052
1005001531797466
1005001849598331
32825726799
1005002325076017
4001267543127
1005001429012304
1005002064079800
32861087447
4001241412967
1005002294806823
32613234240
32844964713
32804516762
4001232072896
4001212564982
32976297817
1005002319062684
1005002312120255
1005002219144061
1005002429703997
4000411427284
32912302407
1005002314370538
32949251095
1005001522155794
1005002288999396
1005002223780855
4001290897804
4001248426886
1005002206181210
32979707130
32615143914
32925741241
1005001727284068
1005001679169683
32910627647
1005001729196610
4000181395835
1005002115437717
1005001502454440
1005002051159684
1005002182317537
1005002475619081
4001288314554
33047148760
32933322871
32251629560
1005002376267408
32856026318
1005001333596141
4001178653195
33001409317
1005001477952347
32918817629
1005002396493141
32803770262
1005001352443002
32918068185
1005002089804501
4000018342264
4000410302353
1005001610329468
4000039372820
1005001516080358
4000602745681
1005002335076131
1005002224581280
1005002353414266
32947422225
4000036231664
4001251152568
1005001355934884
32976443729
1005002052183168
32973287661
1005002198812252
1005002310996364
4001039450014
32989358561
1005002438781990
1005002314303772
1005002069600841
1005002475558571
32912888373
1005001639607129
1005002050737192
4000947169865
1005001518442056
32853674659
1005002322072792
32818723875
1005002345156297
4000564652115
4001282586037
1005002398895259
4000777749750
4000291916926
1005001441325505
33024455179
4000412059833
32997352605
4000719381427
1005001369136400
1005002273068375
4000600408987
1005002360257246
1005002376462568
33048966671
1005002408226559
32939137003
32889432170
1005002315345875
1005002345155684
32858857925
1005002392969488
32610487193
4000657140577
32734819335
4001146879069
4001176090728
33058559700
1005002252975132
4001166083973
33058473563
33022617828
1005002171907337
32571153895
4000955000568
1005002310909779
4000101670580
4001060732337
32869124497
1005002219418095
4000782298439
1005002367734649
32973443933
1005001381273283
4001035353301
1005001510981162
1005002120204786
1005002109866882
4001062390417
1005001990097144
1005002470984667
1005002454663327
1005001656948885
1005002389836463
4001021615176
32782685729
1005001849017245
32902671626
1005002314501046
33025989429
4000496938433
4001210073672
1005002289382096
1005002305265874
1005001645464499
1005002241835023
1005001922957842
1005002327310027
1005002334979088
4000479964439
1358017091
4000239234728
1005001408113572
32766071445
1005001823301655
32823688831
1005002418807268
32832768643
33055318175
1005002356436950
1005001976651295
1005001568691786
33021884343
32999015722
33058021529
10000032773896
1005002021932512
1005002295102461
1005001914678720
32816975869
1005002265224952
32900423342
1005002429007256
32911399219
32854922060
4000543469739
1005001481851392
1005002254529434
32972130500
1005002395475344
1005002317594964
1005002277636394
1005002394184575
33024243140
1005002398915557
4000176146032
40004808495604001290698914
4001186145681
1005002289071520
1005002423387905
1005001345881725
32999086525
32983276375
1005001953636057
1005001519701938
32900337794
32966237736
1005002365549723
33052598522
32851509226
1005002315582771
1005002339958869
32872537303
1005001789445584
1005002315578344
4001350625119
2055068663
33030066749
1005002337320381
1005002259206348
1005001846587601
32971990617
32871407203
32874472108
1005002284227704
4000983479402
1005002369233344
4000221510151
1005002318867295
1005002341712560
4001220169475
1005002290972787
32984023508
32989774609
1005001562887469
32884496746
4000212546167
1005002244909700
1005002341613049
1005002080335702
1005001914355651
1005002299517876
1005002278683550
32961922765
1005002219315936
4000849736513
32919542729
4001027841928
32838457043
1005002318453490
1005001334900139
4000409866775
1005001789523484
1005002341404627
1005002364760106
32972599137
1005002428721401
1005002432510209
1005002314120198
1005001952361782
2051562993
32659918968
32951415080
1005002268161711
32766064458
4001291953963
32809374236
4000299658369
1005001475737324
32999103401
4000107843249
32777862581
32811682364
4000656994368
32797247771
1005002437899279
1005002399849948
4000263596762
4000641152665
4001268283624
1005002364148139
1005001419657917
32696086778
4000024219779
4001245533438
32920239599
1005001348218026
32842494300
1005001517711723
1005002362614927
4001307492943
1005002092196154
1005002192099820
1005001586139340
32895939973
32966759994
1005002265168371
1005002419414259
32890053145
4000181296655
32890931962
1005001665722870
4000659799930
32841800550
1005001920233676
4001360410770
1005001333271074
1691135494
32885913001
1005002316476090
4000416440654
32547182498
1005002398953026
1005001647846597
1005002239430011
32317279913
1005002389421735
32927498545
1005002310215118
1005002314404652
1005001990526335
4000296093083
1005002302479253
4001282548078
1005002435355767
1005002482919729
1005002340327260
32991619015
1005001437543594
4001234077945
1005002024640749
4000242577311
32998082764
1005002276472580
1005002074260104
1005001942804885
32924074507
1005002346258347
4001188870939
1005002293439533
32860146758
32861569423
4001260549328
1005002231571867
32986481768
1005002461504313
32807717903
1005001316603686
1005002329655223
4001225203207
1005001793059406
1005002482299412
1005002413244336
4000087931709
1005002353616473
4001139373907
1005002122454100
32889204501
1005001325990355
32982935715
1000005344930
1005002112431551
4001275983991
1005001625849643
1005001727446981
4000250643199
1005001319813822
1005002424487145
1005002210501371
1005002476316433
32812001753
1005001324421811
1005002394315776
1005002460322700
4001090111568
1005002312539962
32718756037
32992733763
1005002393203115
4000051267655
4000090208638
1005001652415842
1005002122038158
32974874639
32968155511
4001124909404
4000680265117
32980131403
32463516995
4000124095387
1005002465124475
1005002410898345
32950009297
1005002375623370
1005002401285596
1005002356687507
1005001642638044
33029416809
32898164553
1005002224542921
4001153031732
1005002448007303
1005002253504336
32864567125
10000281368199
32908039673
1005001946582525
1005002472938650
1005002320318169
32856320122
33028085656
4000982052033
1005001405769404
4000023194287
32880595001
1005002395995361
1005002452950425
4000134243529
1005001958470792
32356711273
32835920012
33041492902
33019194525
1005001818438127
4000348560304
1005001967444136
33002636615
1005002485026592
1005001939828614
1005002282954791
32859356868
1005001575352489
32358125812
1005002089286103
1005001485726570
1005001724939622
32950143487
1005002008061390
1005001456154774
1005001997877196
1005002069195787
1005002314269956
1005001525287749
4001240683105
4001028030536
4001281510967
4000318224066
32808134250
4000251404838
1005002487986902
1005001818655146
1005001682860413
1005001538356437
1005002491818706
1005002315734974
32539256608
1005002147972345
4001284449076
1005001547011122
1005002231579602
1005001914559173
1005001922689360
4000236287128
1005002339552085
32787754739
33041120643
4001135745687
33040571590
32791648570
33030550005
1005002418440871
1005002467734870
33003275393
1005002483044040
1005002310794277
33027800721
4000173074396
32964074396
4001349545520
32990923303
33028411585
4000115146415
4000660157653
1005001461149079
4000077169506
1005002263574094
4000983322539
1005002328283689
1005002297630197
32944917706
1005002260347967
32392424145
1005002177930890
32272248540
4001130417834
1005001623447434
10000360226268
1005002385716857
1005002371870661
33000392078
4001333722985
32853417228
1005002021860986
1005001508000768
32697985725
1005002240672307
1005001384351981
1005002322439508
1005002273952399
1005002170889882
32814513111
4000072357549
32763577064
1005002336723302
1005001625481782
32782818913
4000780933639
33038648240
1005002136286564
1005001695201064
32664210002
4000440763396
1005001728671074
4001253431027
4000516128135
1005002147131698
1005002244927858
33013902778
1005002227521280
4000309876908
1005001685722079
1005002483020000
4000259737410
1005002485513547
1005001484770543
1005002314934211
32810913038
33060068333
1005002224820315
4000097679227
1005001685012078
1005002469438839
32858708279
1005002118947122
1005002426055587
1005002377311954
33058490106
4001036003332
1005002317697230
1005001458756794
33013414506
1005002185075544
1005002340888332
4001047283765
1005001796820822
32895526582
1005002323727026
4000348927167
1005002417874102
4000895043634
1005002260723901
32677654168
1005001737037133
1005002079186910
33025870373
1005001864585734
4001333327913
32859311057
1005002210021480
1005002084492124
33006648770
33038520283
1005002320966157
1005002454234831
32826857389
1005002018686865
1005002268646874
4000279751694
4000317486754
1005001455677062
1005002416263996
32390998449
32954506204
1005002318708676
1005002283480808
4001284983341
32953846361
32941211609
1005002373272119
32877438714
1005001460098294
4000693852919
32263862548
1005001936996093
1005002284068602
1005001489804478
32980924166
4000755387377
1005002150630610
32797642434
1005002294523866
32723892676
1005001900959652
4000664846382
1005002433532868
4001021311853
4001242815113
33021927990
1005001593323041
1005001690315859
32960406948
32861243355
1005002290086629
1553728073
1005002278052121
4000197825882
4000614427849
4000204308861
4001231005745
1005002110244421
4001230325790
1005001639852071
890370173
32810136625
1005001736758126
1005001589161857
33030910244
1005002400395360
32969238006
33053673218
32377922669
4000683706809
4001149098336
1005002466279016
4001093797976
4000344123829
1005002090610405
4000768318249
4001294720540
4000272834525
4001207865339
32958175095
1005002357538993
4000318174906
1005001368482171
32607396049
32960131408
1005001525550073
1005002323733432
1005002290206311
32973077554
32951637059
32920998199
1005001505451039
1005001758158422
1005002465558236
1005002243020612
1005002037434960
32968779018
4000124280917
1005002376471126
32691052322
1291125670
4000552379029
1005002450390556
1005002314441064
1005002454389244
1005002279113398
1005001315912827
1005001709211327
1005002351825289
4001022622977
1005002233209616
32961665048
1005001406026763
4000960951025
4001093678028
4000086893944
1005002468078913
4000291426625
32406778192
1005002111500679
32571841767
10000099609675
1005001570860797
1005002483185803
1005002314372011
1005002001635234
1005002206188643
1005001520706748
32990035573
4001228615794
1005002306730494
1005002330312458
1005001524429705
4000280301749
1005002412018581
4000640616481
1005001418002525
32890996278
4000180653951
1005001989037835
4000038594467
32938982315
32918470780
33016505900
1005002404262300
4001280207176
4001232917272
4001000176528
4001346199697
1005001982932971
1005002345145378
1005002315664985
1005001944162949
32922454977
4000372775198
1005001609159689
1005001997943191
32884461246
4000610113405
1005002351113783
1005002336167813
1005002318164114
32706447615
32905802243
1005002336463057
1005001672712452
4001309232791
1005002383555601
1005001640334916
1005002298636649
1005002080043243
1005002394535664
1005001667499004
32845803612
1005001763292815
1005002246758449
4001272085804
4000551941069
4000926852747
1005002118845304
1005002375597232
1005002362689185
32945401607
1005001612726110
32863488306
32710951888
1005001863063738
32953099682
1005001506066573
1005002267801718
1005002123532542
33012705898
1005002208067919
4000114254216
4001239197317
32862824801
1005002210941525
32850344890
4000757313516
10000154867197
1005001711557723
4000320470482
4000873329589
4001139690516
32541712891
4001154619268
32957179365
4000944893663
4001238020997
4001183628724
1005002321121777
1005001882432242
33017770919
32852019775
33009759749
1005001686232122
1005002238624294
1005002407978389
4001267805348
1005002392760906
1005002395763080
4001047255623
1005001417735657
32947097372
1005002293305894
4000300464312
1005001929823916
4001225245536
1005002263340049
1005002424761913
4000057563242
1005002139976004
32563093981
1005001878959832
1005002314448544
32958388463
4000071702890
1005002357517888
32852709543
1005002376860045
32989555047
4000206678521
32698919920
1005002304833607
1005002330898630
1005002297841863
4001209375046
33029107993
1005002482668600
1005001779933416
1005001516984521
1005001329742552
4000168991223
1005001399136325
1005001686276063
1005001513099212
4001291839480
1005002419762315
1005001397925357
1005002262965986
1005002427857441
1005001657064457
1005002376450375
1005002004799970
4000736159924
1005001362159738
4000155028381
1005002072667653
1005001379723767
4000777288819
32948246600
32957239934
4001231016002
10000399998576
4001255846678
1005002446613140
4000314944995
10000395928710
1005002303833259
1005002398702064
1005002099738122
4001286877415
32739149339
1005002304711136
1005001561561704
1005001693296131
1005001612697302
32549547378
1005002240178532
1005002478141927
1005001954595451
32993019750
1005001883529511
1005002286184944
1005002442808165
2052256895
33034187795
1005002129643263
1005002443778487
1005002288780372
32873229428
4000923358911
4000172403429
1005002364787785
1005002265303423
1005001573067189
1005002446906767
1005002335341933
4000592409893
1005002206180576
1005002340903684
33031516632
32848950711
4000965338657
4000277270598
32857036996
32974385094
32828785800
32959511796
4001159594099
1005002107633808
1005002085323251
32959531934
4000099574908
1005002104725836
1005002219115191
4001239767088
1005001972502688
4000528471698
33030914215
4000479644378
1005002224654229
32971599223
1005002066691975
1005002023438918
1005002239508306
32993650135
1005002286654097
1005001962183913
1005002400157493
4000223988356
4000926018291
1005002322561457
1005001581144449
1005001935915296
1005002382782691
4001361381012
1005002080005738
1005002406288842
1005001603220495
1005002039086642
4000960231573
4000081485225
1005001685225850
32667457057
1005002298840230
32730524546
4000135826738
4001041352199
1005002333746379
4000849923028
1005002246304991
32969227030
32960572985
4000282392693
1005002272705354
32914813640
4001155420841
32510428298
1005001430435089
4001225046524
1005001369203909
4001138335907
32972495495
4001150845654
1005002046294886
4000680798593
1005002488949931
4000399304075
4001230400495
1005002314007956
4001147299122
1005001942887442
1005001632604257
10000284092202
32999250276
4001196850567
4001236843063
1005002322892805
1005001914715140
4001231428781
1005002205535281
1005002128496859
32891136982
1005001266758490
4000804650749
1005002436097127
32598650115
32958986889
32581055250
4000718003074
10000223869973
1005001725805121
1005002275651327
4000118522252
32871499085
32448671971
4001291732635
1005001625932596
1005002290219009
33042051827
4001241210912
1005002235706384
4000850234434
1005002379215602
4000012631001
1005002395416831
4001264999099
1005002462633571
1005001776464728
4001167950878
32815565920
1005002454141959
32839666463
32966529365
32829108975
32665793872
1005002337929688
4001218810990
33030241240
4000843198483
33002711475
1005002370088399
4001197044883
4001204585527
1005001923485985
4001298884078
32848077460
1005002259010247
1005001371591513
1005002281794857
1000009041238
1005002465172896
33032007975
32961997130
1005001853969118
1005002388766787
1005002090450085
32916924764
33044747889
1005002244284843
1005002023285549
4000732860578
1005002143194861
32909166043
1005001561622531
4000711979416
4001100286922
33003035894
1005001669676809
4000337038044
1005002256435476
32583240504
32571482723
32844407477
1005002389039550
4000512528548
1005002357708854
1005002292986436
32973822499
33050412317
32836828425
1005001617720567
32817704781
32859838750
10000282485176
1005002288722539
1005002312432815
4000277340304
32949277394
1005002250534914
1005001798529203
1000004524284
1005002463230685
10000400026489
1005001488387805
1005001501159854
1005001930933295
1005002327996158
4000184331315
4001155505331
1005001731670402
32927699369
1005002310894788
1005002079264040
33012755020
32979948644
33056586586
1005002402321512
1005002424225875
1005002423515106
32955326926
32991915803
1005001587407785
1005001871163382
1005002276652541
4000203641328
1005002413396623
1005002167938314
10000313338584
4000711589679
33010431250
32670221940
1005001734002665
1005002186601754
33050657508
32963941267
32868322928
1005001433419900
1005002392707334
1005002230279664
1005001828791053
4000740038169
32862984046
1005001868416970
32344394077
4001323641849
1005002339300376
1005001629675648
1005001907535008
1005001423259216
32848364315
1005002457312741
1005002395658255
1005002460132545
1005001404911778
33000871023
1005002288302481
1005002250282284
1005002060617331
32969561904
4001148120006
33033939116
1005001667053165
32842817324
1005001818042131
32982492564
32620673549
4000205396012
1005001696161206
1005001840375426
1005001607798187
32706667073
1005001968046346
4001244010123
1005002179556832
32880205364
32870784122
1005001699313726
32907468568
4000384714430
33057442902
1005001615400434
1005002253200541
32800466864
1005002449153926
32597984276
32900577874
32971486044
1005002328122978
4001031840756
1000008133487
32951573562
4001318302890
32883671618
1005001552714202
32988232287
4000898337394
1005001817659402
4001061727985
32973551773
1005002212315212
1005002272687308
32958658064
1005002309680628
1005001834842237
4000149024654
1005002166915775
32918556850
4001235418528
1005002063481505
1005002254349758
4001131241125
1005002359007966
1005002337771366
1005002359877171
1005002304634595
1005001715936837
1005001697714326
1005002254660162
1005001584926450
1005001885330572
4000694552690
1005001756120645
1005002282792588
4000326491406
4000138076799
1005002001558555
4001032895827
1005002466108551
4000381467937
32958289794
1005001582027753
4000990966068
4001143122048
1005002247489741
1005002314036071
1005002298090322
1005002350371881
1005002466747261
4001277795649
1005002168188913
33001157858
32778154779
1005001895883558
4000641972820
1005001493484009
1005002281430968
1005002418250350
1005001297402132
32842392498
32751874834
1005001268453127
100500231018848132259831219
32814627118
1005002301164937
1005001596522187
32819814843
4001305197738
4001362221135
1005002003722659
32894467730
4000144273904
1005002234006329
32819035991
1005002253557435
1005002265524688
1005002365571822
1005002396702651
4000917812418
1005002254305443
32418089893
4001019586667
1005001963808178
4000232297366
1005001387191324
752666012
1005002412212022
1005002347936043
32729328692
1005002351533941
1005002315495369
4000533592385
32357784734
32745467852
32323762444
32668527517
1005002425914345
1005002381024855
1005002330756841
1005002250275918
4000186814788
1005002315059165
32977422236
1005002190488977
32543315137
1005002322610505
1005002395542942
1005001344544347
32640834355
4001230322837
32920454651
32959934132
1005002412522169
1005001593357730
1005002397720366
32906606629
1005002324198148
4001138688209
32979807886
32988654362
32811582283
33027026056
1005001518692148
4000627917951
1005002309565154
1005001741498104
4000817865175
4001224287636
4000287143482
1005002400100230
1005001530031941
1005002400196550
32378262675
1005001338696384
4001171220798
4000011141212
1005001527717598
32820821708
1005001407325789
4000937320937
1005002272105739
4000454819715
4001149870837
1005001419365117
33062078273
1005001348263443
4001122238226
1005002339923100
4000150355233
4000532002066
32952704053
32892915409
1005001688995047
32754463390
1005001688951812
32763729550
32797329759
4001008138146
33050677335
32954639387
1005002260645019
33007893165
1005002043465519
32837379477
1005001734790044
32887174306
4000768818892
1005002396527214
1005001739492995
33018011314
33002392405
4000768834752
4001207693879
4001140550227
4000522295713
32963707742
1005002293591315
1005002323112838
1005002320871039
4001340388010
32881470628
1005001321862658
1005002312472549
33018279784
1005001997962146
1005002408217313
1005001638930796
4000040162080
4001017828030
1005002312634295
4000842272792
1005002314313611
32951753664
33043447941
32916977573
32945885341
1005001514205764
1005002286784228
1005001615720020
1005002368498456
32751663420
4000041510386
32970045166
4000188358013
4000954144125
32885533450
4000484092467
4001011036157
1005002322372394
4000665746924
4000901456631
1005001860442167
33058406158
1005002301206185
32858134239
1005002063320337
33001269156
1005002491436371
32848272575
33018447459
1005002235794485
4001023009016
1005001719098481
32677868565
4000019020517
1982015550
1005002337338326
32820622971
4000977571902
4000945179287
32928309928
1005001776173047
1005002442427597
32902690237
4001117887472
1005002350755668
1005002091556480
4001053498826
1005002388730356
1005001450879065
32908913121
1005001487563096
1005002319066689
4000842425122
1005002482427255
1005001936904440
4000123100903
4001187769830
32798814175
1005001423896513
32818265685
1005001614343530
1005002451085781
1005002312074346
4000895978308
1005001284620699
32682172174
1005002416864346
1005002223972552
1005001847770314
1005001387746152
1005001404645782
1005002259162877
1005001985033534
4000594609905
1005002228177960
1005002231487386
33034974388
4000047770121
1005002461022845
1005001423394483
4000922753941
1005002075393001
1005002423270365
32828366730
1005002426417273
1005002385644172
4001257828167
1005001604540315
1005002456607462
1005002401512130
4001280135038
1005002301063439
1005002351939872
4000780100100
33001933935
32858008952
1005002019054634
1005002211252244
32921145870
32222299607
32749727797
1005001687962259
1005001624632030
1005002283293342
33011546804
1005002362825564
32730592834
1005002089381569
4001111679085
4001107902397
1005002456894627
33020219437
1005002492417946
1005002213287935
32978827470
4001356694908
32814059163
4001045286801
10000341436989
1005001398634160
4000926327878
1005002305795180
1005001305356332
1005001616672708
1005002347652294
32901507204
1005001519013213
32789687449
33034832823
1005002192760600
4000332754624
1005002280928393
1005002480712118
32976947327
33016541010
33045678162
1005001780538928
4000414786277
1005001591781233
1005001845335397
1005002316480704
1005001714670821
1005002347398422
1005002419411019
32996963893
32961867213
1005002286530520
32965706117
32810722455
4000894228750
32839394768
1005001308446780
1005002364523815
32973096815
1005001406860974
32980077877
4000712909917
4001150457310
32962347443
1005002341241932
1005002034677079
1005002291727347
1005001393790698
32993222355
4000052856783
1005002055109755
1005002314214938
32901808348
32671888660
4001175394598
1005002460532407
33010261156
1005001657079254
1005002286591317
1005001596887310
4000172429124
1005001586735180
1005002352557081
32848904720
1005002388960783
4000337769772
1005001942602673
32695374818
1005001826088965
1005001901591268
1005001609121577
1005001650746211
1005001946722004
32711811978
10000395810857
1005001349875062
1005002276077874
4000192292313
4000409140095
1005001745546291
4001225054951
1005001518651601
32886056856
32897180880
1005002115288898
1005002431414614
4000381015843
1005001607711560
4000641370363
4001014303987
32914193639
4000287678742
1005001883072599
33029213838
1005001553069057
1005002357646382
1005001608494773
1005001419712510
32996354545
4000717496303
4000884276991
1005002052475511
4000400427746
1005002329391213
4001059816309
1005002222010660
1005002167528306
32917093303
4001090760543
1005001288256450
4000110956475
1005002438359121
1005001525494253
32947092994
1005002185135733
33011166138
32850755626
4001321154326
1005002033212964
1005002384568234
4001211445762
1005002327824106
1005002236150973
32821783678
33000445797
1005002132406825
1005001287401375
32993265103
1005001994881770
4001065020871
4000014507140
4000402377506
4000530518610
1005001961772217
4001297302441
4001089392866
32714375547
32843687098
1005001418287664
32746049867
4000180120047
1005002262482013
32982152385
32975725288
1005001495631838
4000664023123
32800939335
10000383891019
1005001730956650
32515175520
1005001671355695
1005001867743026
4000848234648
1005001390646240
4000888821670
1005001970080231
1005001388974973
1005001949368994
1005002313788125
1005002423600351
32963012744
32955389291
1005002405917947
4001041673901
32949986808
1005002359232732
1005001343580268
4001217967346
32997144206
1005002001544459
1005002260552151
4000747288051
32957012997
1005001355221974
32952442992
1005001620566799
1005001672672519
1005001868514450
4001165542564
1005002315732716
1005002483048513
4001218167112
1005002459511957
32793011899
1005002426358310
4000793388098
1005002238215270
1005002307232067
10000395899831
1005002128525353
4001071867474
32920268085
10000417752785
4001275040491
1005001445626445
4001227342395
32259195138
33049635835
4000325253633
4000835482731
4001294214113
4001280754372
32959338594
4000411129775
32727847546
32650548722
1005001507136541
32916909462
1005002233660793
1005002074665604
33003151837
1005002483036670
1005002246955146
4000734364327
1005002441735498
1005001399198243
32895030664
1005002046633751
32823289009
1005001279556425
4001050158776
32703683724
10000406399009
4000190453765
32974928638
4000133955712
1005002356894811
33048257524
1005001495256712
4001111986218
4000525319753
1005001495379710
32856116320
1005002076785075
4000986675716
1005001279767162
1005002300861924
1005002254757822
1005002339560013
4000977465118
1005002281747502
4001321679473
32985215073
32995158781
32977256609
4001109948120
33030222811
1005002443168111
1005001833532368
1005001472502558
1005001491379294
32869061006
4000682735136
4001163445014
1005002477251280
1005002358587344
32928332366
4000691515264
1005001280510407
1005001644973565
32989332857
4001263786048
4000879604186
1005002419150631
1005001413721995
1005001804000574
32846604346
4000756804983
1005001995059655
32884725035
1005002460313248
1005001489276372
1005002314478049
1005001610134390
1005002301964528
4000456178830
1005002387649257
32953166108
1005002363863382
4000074373965
32461725731
1005001782367929
1005001359533588
1005002304127299
32693106907
1005002490553064
1005002477471473
4000323131350
1005001626471418
32353881941
1005001835670967
32920304764
1005002426819896
32715184758
1005002263459835
1005001877723585
32907755311
1005002301509814
32973808540
1005002333430034
1005002400816439
1005002470558301
1005001971523766
1005001653045552
1005001450460263
1005002241349798
1005001928998691
1005002400800863
1005002258556734
33016484261
1005001885593820
32872408396
1005001928943067
1005002022613817
1005002410072308
32952921090
32983632357
1005002244052527
1005001505468884
33056972114
4000290754501
4000978954519
1005002441696903
32862971795
1005001939305744
4001222929320
1005001868490700
1005001629136764
4000985665443
1005002132887559
4000712855170
4001307479805
1005001555660000
1005002012381896
32986093832
1005002474029096
32956749853
1005002231772531
1005001993344477
1005002323468220
1005002243786558
1005002295371482
32974357323
4001226268704
1005001452853231
32988827294
1005002287470087
1005002247328349
32839314619
32963588117
4001228224192
1005002370017768
1005001418883121
1005001636558409
32710329713
32430833650
1005002252365045
1005002023894606
32838542422
4001003171303
32815975438
32959737734
32896454188
33036543019
4001146102815
4000278803792
4000537982935
4000384410849
1005002330477390
4001275725710
4001139668943
32853024357
32949814711
1005001514006588
1005001890654102
32853568948
1005002372032921
1005002208411747
1005001698604062
1005001847641753
1005002314199088
1005001467900521
4000576359705
1005002232809328
32962233507
1005002330818551
32976048989
1005001645398033
4000483988769
1005002289040358
1005002204504091
1005002475691095
4000051995132
1005001524132943
1005001630525918
1005002333381017
1005002383563125
32949134234
1005002241826051
1005001834024471
4000631534558
1005001835068349
1005001525318949
1005002311782066
1005002194504133
32888063051
32706339659
1005002325298638
10000304461333
4000194876939
4001085458995
1005002356850792
1005001687730663
4000660439201
10000395820310
33013501908
1005002387530890
32859163636
4000401925379
4000171004890
1005002328932125
4000850428935
32947311686
4000548877313
4001286513836
32900475973
4001286625658
4000783833197
1005002338957750
4000868810729
4001091226514
4001305758987
4000901136857
1005001564881445
1005001424577126
1005002329418794
32886140857
4000661572253
4001267533279
4000585455818
1005001555521614
1005001872372911
4001163832627
4000268075703
1005002094920122
4000405633341
1005002375065493
1005002262391564
4001001035972
1005001623459144
1005002408098387
4000667973284
1005002253687399
1005001680451664
1005002323962622
33034047552
1005002384053473
32769639188
1005001935371180
1005002333431632
1005001966847392
1005002029011344
32917832611
4000553908711
4001290374947
32969398096
1005002354532065
1005002382968021
1005001275499762
1005002393816099
1005002332324238
1005002157300391
1005001285098456
1005002315812994
1005002467164865
4000392752586
1005002365195482
1005001856572848
1005002340567357
1005001726915301
4001153271120
1005001753378962
1005001812772555
1005001823712246
1005002491922922
32807373681
1005002147173096
1005002316814023
4000927566208
32851012428
1005002006339272
1005001357651455
1005002263006349
32821359919
33046177772
1005001936104026
32972818512
1005002406739003
32602310020
1005002443456216
1005002388012166
4001289881376
1005001958508601
32911062165
4000397295641
4001081629611
1005002313664485
1005002286038073
1005002009348850
1005002245087510
4000505818578
1005001322133379
1005002074261328
1005002208512015
32881774610
4000332138269
1005001935912629
1005002259643779
1005001553728692
4001125040866
4000181570573
1005002084687869
4000264084223
33027533311
32927382242
4001187785798
1005002280766754
32848877509
4000607415020
1005002279024769
4000289798853
1005001309077163
1130801268
4000967023811
4000817973074
1005001382299691
4001280636593
1005001928070804
1005002365009212
1005001957514449
4000335466773
4001107238213
4001290257232
4000694560230
1005002077341350
32981309345
1005002123356501
1005001907752209
4001143504681
1005001893680615
4001211662906
1005002444303179
1005002327697700
1005002314421730
1005002425914846
32810688656
1005001792296064
1005002240119407
1005001799443256
32856001229
1005002344575501
32891404087
1005001894776478
1005002489493654
4000355332342
32588992806
1005002368539640
1858307714
32912364898
1005001877733923
1005001279163250
1005001423687300
4001226019326
1005001939286494
1005001606938633
4001311203397
1005002018117131
1005002355926014
4000527237868
1005001972604736
1005002281702330
32886490547
1005002271754043
32905542542
1005002337560800
1005001464619793
4000649235692
32847715120
32979598507
4001179706398
1005002075304717
1005002319038510
1005001314411367
4001153307155
4000820702059
32954179791
1005002176770790
4000147170391
32827191823
1005001603995458
4001009613189
32974990275
1005002413664269
1005001813651625
32955800364
1005002293282365
1005002295756679
1005002467996013
1005001334547252
1005002055666274
1005002283903055
4000083922772
32528597505
1005002315564485
1005002453473762
4001015791026
1005002381856923
32867682314
1005001515995132
4001332401096
4000313214433
4001163334249
32950192308
1005002499063062
1005001910396389
1005001822141580
32909995559
1005001919083325
1005002485259208
4000189583504
4000055481024
1005002259007118
1005002498768323
32626727039
1005001656818783
1005002433206534
32880834195
32883091041
1005001419389254
1005002365982614
4001211440461
4000281487683
1005001382373073
1005001768331592
32884357042
32789932666
32982371892
4001306645419
32841065563
1005002337930190
1005002314489196
1005001322899634
1005001834755338
1005002204743744
33058476283
1005002454301366
4000709180854
33041312640
4000273113121
4000105447440
32790603775
4001010734541
1005002134634722
4001334794038
32838496696
1005002406197790
32717136542
4001360768446
1005001715147043
1005001630946162
32747604433
32949681334
1005001907802969
1005001296211708
1005002346295035
4000218791338
1005002113499381
32508074686
32837442297
4000023568342
1005001472183589
32956425768
4000498079357
32972086845
1005001666128021
1005002290244054
4000441602334
1005002314595676
1005001539840675
32720129062
1005002460099738
32880558010
33027517586
1005001851949731
4000902171145
32867356892
1005001936457198
33000722310
32970331107
1005002468923340
1005002484330658
1005002425765191
4000488712184
1005002272256427
32790996785
1005002298199271
32967151292
1005002286555455
1778547955
4000511864014
1005001683817050
4000703650301
32318686732
32457569256
1005002035043768
1005002322869445
1005001962634809
1000008701520
32957501593
32752615916
1005001482686944
1005002246764120
1005002072404042
32574456399
4000174244572
4000422935512
1005002280855297
1005001725811377
902607657
32879697180
4000005974751
32885908151
1005002269290101
32825768843
32844892018
1005002280605378
32947080567
4000926160297
32919807770
1005001610136763
1005001373037398
1005002491041197
1005002093073481
1005002283437715
32479438702
1005001472008508
1005001939210888
32850331429
4000068260645
1005001484178543
4001130760898
1005001670505918
1005001334211792
32603805457
1005002485030960
326924768734000273961358
4001326399988
4000260503533
4001053934642
32793575698
1005002244393396
4000047354124
1005001525510034
32647895164
1005002358356512
1005002206535755
1005001830378987
32639458141
1005002409687556
33013225387
1005002434049993
4001192046031
1005001462717410
1005002326317360
32655501319
1005001867324498
32775727806
1005002368012308
4001178351469
1005002281752329
32950485839
1005002208227447
33021256541
4000048144778
1005002322968707
1005002162793567
1005002321520336
1005002136327743
1005002232110348
33064043085
4000137623487
32853135743
1005002441833755
1005002389307887
1005002358238242
1979362478
32824321429
1005001954138909
1005001393290409
32862137344
1005001314947502
1005001506690824
1005002235082447
32856634100
4001242691704
4001347362668
10000323335855
4001145188406
32719954660
1005002133971993
