4000350966788
1005002330428586
32910771969
4000747422170
32850843549
32815049040
1005002253603536
1005001782557655
1005002122267870
1005002227811679
1817750641
4000242559900
1005001883607184
1005002470430159
1005001764899173
4000173422502
1000007489011
4001048804740
1005001696050055
1005001592157946
4000924126228
32995676771
4001268820387
32826859882
1005002487031469
33051114027
4000623676151
1005002131277066
4001084624498
32801456225
32885429256
4000898333205
1005001767630978
32970641753
4000358332867
1005002288792934
1005001899578450
1005001580872067
33056402615
32625985725
4001287710071
32839844475
1005001852387217
4000549438788
1005002339902493
1005002386337880
1005002482191335
4000134660421
4001316649798
32823805285
1005001953504712
1005001402156955
32797186947
4000785490857
4001154588315
1005002291176499
1005001297011307
1005002011311089
1005002314392018
1005001849476089
1005001844489103
1005002288387730
32739989870
1005002316865374
1005002368769704
4001186589160
1005002268182572
1005002293578046
4000780399096
32904687172
33048427470
1005002350764519
1005002253962292
1005001429744484
1005002346394161
1005001418993358
1005002427909253
32886477450
4001018253562
4000330166398
32693665075
32768785872
4001095733081
1005001968365807
33044289167
1005002052577779
33013777242
4000859884464
33009435634
32916020941
1005001930262123
10000404580100
4000147036327
32913858385
1005001840284588
32997664825
1005001645769875
1005002311119785
1005002304343482
4001291371612
4000798171289
4000110264958
1005001474345079
1005002341195512
1005001339947828
1005002362850849
32948704282
32842651943
32346777607
1005002305179289
1005001504996800
4001323504293
4000679899248
33048056072
4000561822266
1005001921437914
1005001500645052
1005001498690894
32982129385
4000360717417
1005001520391922
4000849609504
1005002317464541
4000137970154
1005001846226077
4000931797921
1005001295954576
4000086463459
4000552886919
1005002005088211
32862903067
33043645024
1005002469209236
4001037634969
1005001682234983
4000388285893
1005002233879918
1005002406893112
1005001597816769
32832770392
1005001561567540
1005001423875147
4001134444320
1005001637496848
1005001854072740
32519825440
1005001590428709
32640569325
1005002065572751
1005002419981306
1005002253941138
1005002281162057
4000615113514
4000917357153
4000921140482
4000833214193
1005001888142160
4001247409977
32822482700
4000686638713
32313898884
32963364039
1005001458887472
1005001665821424
32908775856
33003537268
1005002401578485
1005001511945873
4000263876462
4001286559729
4001090659519
4001255147068
32867355621
1005001821689867
4000911227005
4001223541144
1005002398612697
1005002059228029
4001286691354
4001231396752
1005001580519440
1005001380417447
32899789727
32853715960
1005002283312290
4001365892256
10000402404697
32887550119
32894962212
4000844976368
1005002299019745
1005002159100239
1005002044533656
32889129037
4000817020604
1160000273
4000771174986
1005001562296228
4000953693485
1005002289068351
32847836994
4001266767807
4000733111586
1005001478480391
32848384779
4000804384776
4001213976725
4000041667987
33007550339
1005001386013749
1005002400591950
4000479047655
4001251141617
32824364503
4000859201753
1005002448073663
32296106156
1005001946253264
1005002500525294
4000379387642
4000381086009
1005002035533674
1005002362984573
4000014609621
2013688898
1005001570169898
4000364018691
1005002273329812
4000849716748
1005002384497012
1005002405136174
32792143588
1005001518238411
1005001415596208
4000175016084
4001204206147
1005002237939799
1005002461223730
32272052921
4000468325787
1005001997309837
1005001792415345
1005002387242052
1005002417116034
4000283598562
4000977285324
1005002384858535
864719762
1005002318126304
1005001954552664
4000905702375
32997544879
33005261043
1005001567294881
33010824782
1005001566138092
1005002381135645
4000517129487
32888971696
1005002368818725
4000842631718
32964538180
1005001264855262
1005002301699899
32888031636
4001108113732
1005002395043218
1005001830163378
4001009122795
4000394245050
32632927494
4000961821077
1005001430585295
32796234308
4001036618624
1005001528832781
1005002050728627
1005001288843081
32831551438
1005002465000859
1005002320990825
1005002399966725
1005001834683167
4001173699201
32569089044
4000903061886
32457541580
1005002404787499
2054013676
32890610207
33057036781
1005002340027011
1005002333554518
32369492023
1005002318518773
32982556090
4001238360275
1005001620856202
32901481530
1645534176
1005001977182424
32860321241
1005001451973819
1005001465389666
4001362562128
1005002474585473
1005002345168911
1005001525269872
1005002276608535
4000203181112
1005002420987414
1005002085194024
4001106851833
32988576513
32976776166
32953599690
32750459356
1005002344013508
33027732165
1005001484954489
33002393224
1005002332688416
1870158684
4001326543563
10000389351965
4000558740403
4001313409013
1005002320878988
32804031695
4001038323423
32912234176
1005002307077200
4000105797209
4000497872907
1005002396443079
33006196328
1005002411852116
1005002281320189
10000349962806
1005002452130922
33009020423
32969288292
4000433864589
32851739878
32811932918
1005002315923470
1005001572046382
32970168593
32907511831
4000081970681
4000434100037
4000061990206
1005001812595741
33018847431
1005002500442497
1005001912950586
4000853634154
4000277863106
32785090646
1005001343100611
32973743201
1005002311003270
33027501787
1005002258433350
1005002416914901
1005002266027370
33045737373
1005002272452503
4001204625412
1005002301230076
4000910247107
1005002265432289
32845521345
4000626101594
32932736074
4001181612647
33050661115
4001114564649
1005001281140410
4000734508965
1005001803800360
1005002432514436
1005001759091747
1005002052491651
1005002459302599
1005001878099006
1005002273217848
2035750288
1005002192346116
1005002362743749
1005002316754944
1005002281024246
4000859186251
1005002050716743
1005001935567925
1005002338011673
33017492664
1005001389063775
1005002406957390
1005001499259329
32996743277
33052924850
33044340089
1005002467199659
33035845616
33049459513
1005001844263624
1005001902538802
1005002325218068
1005001531435409
1005002072424622
33031610545
4000248097959
1005002052544828
1005002184699900
4000299895639
1005001430731918
1005001594747165
1005002314308375
4000994584535
1005001715151369
1005001286029956
32819737610
4001264682022
32760716939
1005002448962042
1005002233174618
1005002293629286
1005002347233837
1005002280652269
1005002457540023
4000067803963
4000036426701
33044123891
10050022951719301005002245047424
1005002317701056
32818105415
1005001833717756
32875775099
4000483730425
32955104098
4000365632703
32824504516
1005001785583762
33057945632
32810499089
1005002304709679
1005001815273884
1005001769438243
1005002442499670
1005001441410538
1005002071205028
1005002219109402
32853608845
1005002362660001
4000720711125
32838897114
1005002389804167
1005002427823978
33007044242
4000479940503
1005002394152031
1005001350583468
1005002142615676
32861321789
32954920202
1005002027765212
4001110913465
4000811733184
1005001586262037
1005001843977924
32961604841
32850760756
4000516219272
33020640739
4001234102041
1005002012170016
1005002317664069
4000591445600
1005001381241403
1005001343048401
4000547498724
4001039457476
4000024938977
1005002003457664
32887562156
1005002310956271
1005002280661526
33018443354
32870107814
1005001460758441
1005001287546803
1005001633418211
1005002369107197
32997219706
32899110264
1005002475866756
4001057110851
1005002324334808
4000685835029
4000260695693
32973824922
1005002333633044
32243716813
32692009077
4000296344925
1005001758131603
1005001592394446
33058516444
1005001619276620
1005002092372199
4000663587035
1005002032905211
32953020652
1005001989215621
1005002257523983
1005002319210563
4000547777251
32890856670
1005001302480890
1005001688839595
32927859267
1005002126363220
1005002421269708
1005002442387588
1005002380812541
1005001983193689
1005001689159815
4001214286574
4000816747727
1005001814705941
1005002052143054
32867120181
33058744628
4001255502587
33046302272
1005002348602066
1005002132458956
1000008304347
1005001920893686
4001037295440
4000392761499
1005002219857753
1005001316530195
1005002142768613
1005001431982173
1005002315667064
1005002435089685
32973203952
1005002315291986
1005001731329760
4000936090410
32680392322
1005001348448609
1005001946951335
1005002246027906
33062779546
4000021524252
1005001732380468
1005002101996108
1005001756211810
1005002244389026
4001075087417
33058498261
1005002465347435
1005001834687571
4001323046515
1005002296987054
4000132931074
32863605366
1005002483370816
1005001757149257
4001291445937
1005002389608341
4001189160698
1005001840075606
32993790544
1005001670690601
1005002307502613
1005001483806463
4001296068387
1005002412972973
32895881475
4000092349375
32906282406
1005001448128807
4000318473903
1005002312145429
1005001694088401
1005002393505920
1005001636743782
32926391205
1005002315373085
1005002430628417
1005001803322366
32249121224
4000190432998
1005001408008544
32244062150
1005002228545848
1005001500571144
10000395902920
1005002316699880
1005001459918474
4000334261299
1005002345949343
4000857251720
1005002447996050
1005001960213003
4001130870870
1005002464962323
4000982916799
1005002286419835
32840012551
1005002340974714
32915472215
32512495943
32819568215
4001218055499
1005001561718173
1005002063845730
1005002119017801
1005002415952223
1005002398719474
33007653930
1005001935893525
1005001380771607
1005001565385057
1005001426064704
32909675023
32945211967
1652601397
32916523949
32868121874
1005001853732546
4000901736509
4001134899461
1005002166604950
1005002458677509
1005002319256888
1005002393227125
4001285852709
1005001975360492
32901213353
4001302311979
1005001499181419
1005001563265917
32788847698
1005002265260610
1005002040294838
1005001633352585
4000385342997
4000682385985
1005001438945113
1005001594580721
1005001998589275
4000768810940
4000359723714
1005002383283278
1005002481655738
4000021046191
1005001487523979
1005002368090053
1005002258486064
1005002426886180
32857356261
1005002273026628
1005002482141680
32969260543
4000842948923
1005002354024971
1005002238494594
32898786469
32846493083
32796083495
4001260564064
32864819835
1005002069422246
1005001727607266
1005002393617290
32916666343
4000979695032
1005002201075442
1005002022923335
4000227208604
1005002354404550
1005002419880270
1005002348224447
4001276420163
4001135340099
33010230602
1005002254675681
4000383543664
1005002426208038
1005002407850441
1000007925826
33029359325
4000579039956
33039036764
4000254253802
32811597616
1005001320151893
32912458106
1005002317517653
33052719580
1005002336792178
1005002347297784
4000231816229
1005002340397020
32333240495
4001130997402
1005001929327236
1005002065626166
32957049889
1005001855060074
1005002499540331
1005002252688520
436242133
4000850661674
1005002213942359
4000937343120
1005002129247089
1005001349673057
1005002357702229
32913156736
32970184913
32963003848
4000595124108
1005001465829672
1005001546495947
1005002314234938
1005002420252866
1005002074263296
4001252027196
32790887788
1005002449051711
32996948507
32897019249
32881530477
1005002319157495
1005001391643280
4001075224714
4000982487423
33017143500
1005001599724823
1005002466116651
1005002422795038
4000793920103
1005002263700324
1005001403158856
1005002004024520
1005001895530479
32683618508
1005002217965581
1005001340395096
32522165984
1005002430560373
4000802079098
32890134397
1005002449167658
4001001933529
32992113585
4001155793424
1005002341576609
4000104140224
4001051086231
33002724735
1005001586444694
1005002262837187
1005002314295697
32757392210
32955661886
32839318205
4000245093232
1005002315580472
32670703046
1005002295224032
1005001807706620
32826262160
32955034893
4000930439825
1005002276945953
1005001953481841
4000035151204
32817210410
32839537598
1005002485517967
32627674844
4001216542325
1005001805893611
4001290772165
32820991943
4000842598000
1005001692513485
1005001711124346
1005002124524363
1005002304661242
32958196694
1005002364541376
4001273270237
33029477858
1005002104754496
4000072325603
4000956789348
32888953607
1005002108687211
1005002309413564
32956534357
33053770349
32830371732
32967070654
1005001444934220
4001217793829
1005002310026788
1005002363503455
33062263896
4000722095225
1005001393149680
4000655845754
1005001870195800
33001916321
4000059562630
1005002387931572
1005001659036982
1005002206212123
33016352110
1005002388010966
1005001684932571
32884061976
4000543864123
32987873898
1005001714896359
4000053993359
1005002317077116
1005002326589351
32996037102
1005002179183407
1005001586256049
10000349693946
32920874853
1005001657175021
32314353098
1005002167821351
1005002125086363
32739680521
32950276426
1005001743711852
32956963969
1005001998665280
1005001695191754
32946322435
4001140385673
1005002033222962
4000621686221
1005002470402839
1720479887
32976251968
32758007561
1005002438904398
32893251710
1005002264193212
4000345307194
32960641833
33061623698
1005002136393998
1005001314235907
1005002099172576
1005001953162856
32814617073
2043584242
4000374133035
1005002241709159
1005002392547061
32223780123
4000445842896
33053900268
32887708265
1005001985852493
1005002368933834
33060719227
1005002443190041
1005001998671010
1005002329014560
1005001791906611
4000177755591
32335616675
1005001278369162
33009772727
4000025110933
1005001748534229
4000076364744
1005001500721528
1005001344368408
1005002376532101
32958737728
1005001906163392
4001327661113
1005002218468590
1005002313694404
32836075354
1005002453021044
1005002320984703
1005002143519870
1005001786465599
4000472706178
1005002018652757
4001042405357
1005001389495941
4000725980356
4001186314589
1005002453290402
4000642576900
1005002477873449
1005001941403201
33014239364
2044742828
33059634599
32890167526
1005002326857823
33016670227
1005002332965586
32918892549
1005001763579184
32952700767
1005002416655136
1005001978080642
1005001675358725
4001278874635
4000236128516
4000945361403
1005001850749332
32975192487
32830833294
1005001524980474
32907095722
33030006454
4000774910363
1005001793044322
4000171877351
1005001960386250
4001034040722
4000428661092
32643505450
4001267901535
1005001551359277
4001137665057
4001183600924
4001212034172
4000850146977
1005002258535321
4000574634259
1005002250277157
1005002339808186
1005001635891217
32883381147
32690285477
1005002230309846
32951130117
1005001641471978
10000318252560
4000344136449
1005001439202151
32441989192
4000079194106
1005001726704689
4001347425836
32910259379
4001023165560
4000506160054
4000220364272
1005001709069735
4000223243442
32638148012
1005001389308102
4001028168285
1005002368459218
1005001726333055
32884888917
1005001419893394
4000065085663
32921105005
1005001926464782
1005002420156535
4000284317094
33000193833
1005002167720836
32790192528
1005002395386200
4000194073260
32951657440
33031609890
4000989317799
1005002037059673
32677626080
32951279544
32977190495
4001212599650
1005001869940437
4001054364761
32996683523
1005001392620803
1005002023332922
32970120645
4000412198781
4001014334833
32883541952
4001097694862
32954764936
32988234341
1005002314763721
4000849837533
33029867863
33040633072
4000919759895
32808845838
1005002357216017
4000918804601
33000342851
4000863267802
4000879479043
1005002500272014
4000938049510
1005001940524907
4000462965154
1005002334398094
1005001702918970
32953686944
32967666166
1005002425729832
4000937638179
32905963955
4000922330743
1005002254860567
4001118535487
4000241338656
1005002267417351
32919832814
1005002222434430
4001237855391
1005002196494725
1005002260624987
1005001526332597
1005002418543413
4000161139154
32826670921
32978643197
1005002016467830
1005001392946227
32909626032
4000268817104
4000394181851
32995495728
4001132211905
1005002271423847
1005002122240385
1005001564522581
1005002312233696
1005001727600567
4001057974674
1005001814507508
1005001942576192
1005001709925563
4000715266716
4001228652531
1005002500533652
1005001670794264
33013445575
1005002179154904
4000808152569
32971762874
4000712129527
1005001614573434
1005002393848475
1005001599010678
1005002416402179
1005001649331347
32875195455
1005002087080034
1005002395249254
4000804310023
4001094336666
32900186891
32989360636
1005002378761560
4000546594203
1005002035340520
4000617698640
1005002413300063
1005002301202236
1005001638230438
32858797909
4000463428627
33036978191
1005002299065985
1005001489802451
1005001773376108
1005002273400713
1430400665
1005002287625152
33011433114
1005002072492455
32888245051
1005001670798198
32442945645
4000765331993
4000401147286
32846594318
4000255902417
32790970062
33002067005
1005001692304398
1005002313713986
1005002293710547
1005002426135445
1005002288654442
4001080745736
1005002347883605
1005001833440554
33003187607
1005001314946292
4000507508403
4001003393457
1005001830292380
32552559217
1005002003896419
33059538620
1005001348532436
4000167336292
1005001937348013
32700768680
1005002392463034
1005001666811772
4001048345745
1005001482103474
1005002139064598
1005001658671928
32955601371
4001240789562
1005001793410377
1005001342802090
32913591702
32998458974
4001289339365
1005002180847481
4000959836500
1005002266343021
1005001783101768
1005001270604918
1005002275173198
1005002440325868
1005001835626348
32850184589
1005002334369836
4000933836731
32848640708
32865047979
1005002388774909
1005002152781062
32434300555
1005001572153306
4001268489087
1005001731284278
4000342842151
4000989949317
4001261280321
4000314433974
1005002454272413
1005002129603069
33001968092
1005002404292563
4001250984257
1005001332420019
1005001594421612
32799006675
1005002229826651
1005001385694234
4001214323004
4000523751751
1005002362265095
1005002355827779
1005001423610948
1005001908182173
1005002398786961
32918687110
1005002404117587
1005002318061821
4001360278997
4001179589417
1005002130121804
33012514205
1005002298137476
1005002359545855
1005002328368984
32828406401
1005002350489954
4000989568432
1005002242391304
4001101068735
1005002037262081
1005002348642467
1005002265403759
32861961148
1005002288316826
1005001500004203
32968866021
4000837728976
1005002281873583
1005001564927580
32567994112
32578991337
1005001313706744
32635565154
1005002382837728
1005002480224714
32677784897
4001259312277
33001589809
1005001559350700
1005002497326475
1005002490550021
1005001958640822
32605203126
32770549837
1005001360464675
1005002418970566
1005001792866869
1005001763392041
1005002445011841
32773564354
1005001314368873
1005002166211949
32449877170
33056181870
32992346899
10000347928883
33026987563
1005001588349151
4000015884665
4001349638311
32870314839
4000781067142
4000842630509
32854002157
4000618742327
1005001799640020
1005002323288002
4001208045814
1005002093962507
1005002307171524
1005002383356761
1005002289231446
4000197443094
32919629925
32832023685
32839677915
1005002176233384
32317411549
33015016188
32890482450
4000777631273
32651244541
4000306650888
32915860488
1005002039472361
4000399021151
32883396949
1005001616571555
32648505980
1005002316278937
32923852331
4000781793209
32876846005
1005002455416598
32941073580
4001155694482
32954898219
4000466071203
4000505930539
4000287921087
1005002003583412
1005002333106264
1005002019904757
1005002334745272
1005002317984447
1005002432751980
1005002294003992
1005002304263309
1005001338730104
1005002121780949
4000759614120
32882188933
1005002287268083
1005001638810129
33001462443
1005002340602853
1005002314465539
4000042260116
4000429559766
4000081454930
32881781846
1005002283564476
4000047100279
1005002333814723
1005002306950326
32963503127
32770593509
4001157012474
32954632151
32979997814
4001230428654
4001289301473
1005002238834871
1005002328646854
1005002213739284
1005001514730821
1005002020496409
33007665970
4000344551733
1005002321037305
1005002245607669
33014281015
1005002192704326
1005002353842545
4001272901805
32524821249
33055696393
32923871422
4000007231735
4001324151053
32997316638
4000956231752
32910980936
32879758008
32913831783
4000761453114
32847196717
32790167768
1005002299536259
4000645174599
4000319833550
1005002205290323
4001203939163
32892386397
33027792951
1005002011125478
1571069629
1005002314525772
1005002377019752
1005001817449092
32951156417
1005001601989278
1005001599168964
4000182144338
4001298188065
1005002353694603
32987729767
32757541466
4000272791006
33014119645
1005002314687404
1005002335089634
33026388185
1005002389718408
32690042851
1005002074590350
1005002438215143
32843260395
1005001683484714
32223498351
1005002086905789
1005001298270225
32993032611
1005002370054749
1005002428038610
1005002213567016
1005002363392173
1005002390527628
4000538159987
1005001690668599
1005002345840583
32447473593
32831715135
1005002054218690
4000811903423
4000582375309
32700473850
4000717944804
32908616299
4000677325366
1005002066233402
1005001275845746
33033852596
1005002475462811
32580824622
1005002465818953
1005001269981806
4000306324728
32880294148
1005001958821302
1005001872390040
32697145227
4001252474115
4001036678222
4001012248947
1005001680482742
10000009174044
1005001438852307
1005002265955216
1005001685074122
1005002473356655
32877160904
4001148144404
4000269898365
4000666073907
32611439749
32856794014
32949472851
4001126461888
1005002081029116
32968188364
4001118168640
4000689236311
1005001489722411
32706132888
1005002368543329
4000427854373
1005001580458142
1005001669817780
4001021461912
1005001782852904
32747790983
32973513570
1005001317326765
10050022481889024000903426180
1005002318972298
32837132597
1484684715
32911654068
33030006519
32779963562
4000938655686
1005002114087906
4001271638770
32533562734
1005002466181460
4001251621917
4000549204480
1005002377844754
1005001763215377
1005002377296762
4000974343348
1005001721906991
1005001883641201
4000251145703
4001014524910
4001211252723
1005001280069041
4001359510007
1005002167038767
1005002316209858
32919570526
4001079499858
32383095569
4001112200129
1005001948765461
32912325830
1005002146924775
1005001669775376
1005002049787984
4000955762168
4001302188835
32810980474
4001184092563
32814441562
1005001657196621
32975504272
4000752436467
32267356214
1005002371736493
32886649953
4000794710283
1005001597043099
1005002382606764
1005001475163179
4001326069325
4001031603138
32958922194
1005002427901174
1005001845030598
33048565431
1005001921727463
32857961708
32804403255
32916304733
32970673353
1005002061821529
4001038704452
10000000564161
1005002009402125
4001150444721
1005001313781203
1005001631747305
1005002264266075
4001183368751
32868609380
1005002400361843
32963438264
1005002328460050
4000977573766
1005001444384824
32981283275
32833279771
4000090511220
4000166336750
4000084151539
1005002306456919
4000148245113
1005002225881187
4000533031086
4001080575509
1005002296875856
1005002304326739
32602878649
4001150538571
1005001407624188
1005001644985146
1005001441416679
4000917463736
1005002408865169
331465967
1005002376233909
4000849977062
1005002365872120
1005001445901629
1005001516239362
4000589164533
1005002161782943
1005002352011085
32873365918
4001297949480
33047236268
1005001367164862
32855969367
4000756164360
1005002340565697
32893591164
1005002330085703
1005001638058975
1005001878161856
4000189039226
1005002247091847
33023345849
1005002319116531
1005001470898232
32806921944
1005001833713366
1005002426265694
33013704817
1005002421590527
4000823531467
4000918261242
1005002271791478
1005001726917341
32475802552
1005002375026628
1005002333825515
4000990941838
1005001670856916
32357647752
1005002105174065
1005002353190102
1005002428641568
1005002280943253
33045656225
1005002303004467
1005001877830861
1005001872197673
1005002075661317
4000029945300
32986319607
32975044804
1005001616056246
1005002441173588
1005002307432098
1005001688449814
1005002399837636
4001139112958
4000245805227
1005002364936533
1593654308
1005001499858140
1005002323073587
1005001943582251
4000314534046
1005002307528195
33052591618
4000836637501
32944108178
32386998658
32869463355
1005002262287968
1005001523927643
1005001924088725
1005002317963442
1005002330396535
1005001988642987
32891643119
32627818037
4001017756161
32926234610
4001007163459
4000804978648
4000107500621
1005001858408200
32865961489
1005002124216424
32919117623
4000462999801
32939493977
1005002093292573
1005002392162697
1005002317248965
4000853659949
4001199245845
1005002255821683
4001047212727
1005001287836948
4001115313823
32966380023
33056352736
4000083727430
1005002281951317
4001031038412
32884921241
1005002428140551
4001088854086
1005001863828788
1005002056841642
1005002314935006
4001291825469
1005002223423600
1005002238304588
32990018086
32636077505
1005002110240053
32852075784
4000947805128
4001296273668
1005001536921901
1005002490405214
4000784434484
32893073494
1005002361454020
4001207215880
33006038377
33057265928
32954020127
1005002432659523
1005002420602675
1005002385982927
1005001741676721
32885301544
1005002238243071
1005002282505954
32959014047
32302914341
1005001556537212
4000370461466
1005002248992202
586959478
1005001323234807
32967111137
1005001837626364
32979558316
1005001552057717
33027823702
32823974432
4000192644150
4001290076513
1005002453335058
32867037566
32679763153
1005001934636930
33059665920
32663440482
1005002330462794
1005002337757544
1005002461904677
1005002437497559
4001293186729
1005002292121263
1005001713513447
1005002474936018
1005001333015738
4001272929588
4000282301566
1005001848246386
32831897614
32704615869
1005002227730709
1005001402109146
1005001526399275
1005001709750051
1005002335020484
4001280370330
4000218980713
1005002224916193
32969843737
33015029771
1005002284635158
32930484511
1005002129401722
32961214256
1005001804768702
1005001693396158
1005002280856489
1005002038750180
1005001829754272
4001283026634
1005001316046787
32973964974
33000315473
32862663696
1005001333270338
4000409337744
1005002038362019
1005002023294980
32867560319
1005002362460365
1005001387250195
1005001871130734
32863133168
1005002361798651
33060711269
32996325726
1005002398264700
32805331493
32825593674
1005002423789969
32665788014
1005002319386165
1005002409542530
33047323839
1005002171755339
33047672391
1005002170412319
4001273705971
1005001567699702
4001047021550
1005001733509317
4000189769294
1005001968688779
1005001884296783
1000006855578
1005002468790642
4000030801752
1005002265804354
32703418057
4000844967254
1005002367455589
4000371901875
32841145659
1005002289754646
32716983066
33015784503
1005002223834956
32701178426
1005001616631692
1005001367850184
1005002337082610
1005001786498564
32898600252
32903036324
32453837587
1005001408478748
4000180881664
1005001705318483
1005002305965388
1005001598318063
1005002267411876
32997571219
32879638825
10000402407139
1005002132834589
32844711174
1005002475533791
1005002089762807
1005002260554840
1005001840023047
1005001669739715
1005002312089806
1005002334096090
33000013291
32854243735
32837484197
32802884025
4001257366936
32995679113
1005001615908794
1005002305229351
32626904012
1005002037760343
1005002393884680
1005002021503614
32773660619
1005002339534618
1005002330780414
1005002089433634
10000407926563
1005001609214879
32890533189
32916748561
1005001352816532
4000857359094
1005002328181898
32797405453
1005002314694134
1005002431557801
1005002155891848
4000065974865
4000844837763
1005002340046093
4000698268295
1005001706645252
4001291411610
1005002377515631
4000867683634
32839739192
1005002483221230
1005002357601322
1005002247150122
4001185881487
1005002309009328
4000437359038
4001053731716
4000850675514
1005002368812683
4000866334058
1773272546
32880892791
1005002261221318
4000708412728
32908661327
1005002452872698
1005002337211409
1005001965632769
1005002316699710
1005001998393066
32976666558
1005002443100799
1005001975257422
32976336153
1005001660125761
33002342818
32639367677
4000349272491
4000277663917
4001133122685
1005001502259740
4000867768865
32966351435
32378234389
1005001798551469
32825980423
1005002273790741
32879425069
4001241486794
1005002431189910
4000918079282
1005001659511783
32974852026
32858868083
10000160102174
1005001962650489
33041325041
32828669166
1005001432184556
4001348102678
32805502176
1005001940026375
4001226307413
4000828589298
4000896057742
4000282079993
32859101766
32993402953
1825066483
32788041103
33005356836
32789191062
1005002211172933
4001013765247
4000913624426
4000313228143
32765014903
4000443999292
1005001429510372
1005001736959531
1005002496091180
1005002421617272
4000423265238
1005001620867164
4000061427885
1005002260018205
32849973296
1005001954818685
1005002328236895
33059945006
4000425064117
4001094322256
1005002247507718
4000155292599
4000670353829
1005002319079562
10000300411966
32833686119
10000402344570
4000940779597
33041730756
1005001615939815
1005002069045800
1005002353670859
1005002054698512
1005002272122441
4000964220875
32768945639
1005002477808042
32737081327
1005002339635442
4000833170536
4000041444000
1005001514945687
1005001466292930
32381056708
1005001976144668
32848029993
1005002197133800
1005001893863315
1005001930228241
1005002111599345
32908675249
32812520514
4000189784812
32877722317
4000949173229
1005001309710535
1005001401535162
32978033009
4001208711212
1005002417377971
33007034339
1005002386609606
1005002404548589
32723449950
1005001309055396
1005002264621373
1005002122210366
4000955036499
1005002245052717
1005002371426938
1005002271373649
1005001850269685
1005002285608037
1005001604235585
4000278257188
1005002227720954
1005001997729504
4000786879963
1005002346820808
32915457523
32945709295
1005001675170630
1005001848285859
4000811105283
32957631873
1005002270293099
1005002233637142
1005002451015920
1005002400951962
32948088945
4001224618307
1005002312018033
10000145595431
4000788885916
32966048805
1005002056823675
4000614008798
1005001715856703
1005001987522073
32810787410
4000677182617
4000837056092
1005002008337620
1005001568667618
33052988053
1005002270390986
1005002477660036
1005001337627130
1930780151
4001058915107
1005002273635637
4000003559406
4001091425528
32992563212
1005002317454984
1005002125472418
32363828253
1005002290963248
4001085393600
1005002330306436
33048829320
32955355499
32693656990
1005001863563759
4000208301343
1005002185864820
32960647231
1005002094595730
1005001405577944
32929487840
4000155877929
1005001731036240
32964056363
1005002008726129
1005001798126298
32714076000
32972532683
1005001514346964
1005002299201511
32833045748
1005002237552645
1000008596172
4000990993534
33006220149
4001038227491
1005002314500707
4001230866843
32699973949
33031608364
4000544327882
1005001695364904
32869887738
1005002267127271
32946158411
1005002314765823
1005002342612066
33057467097
32880250732
4000130494255
4001214060831
33029416454
4000146577434
32835264618
32974470733
1005001972708500
4000156026671
1005001321253700
4000570727043
1005002305192975
4000498962181
1005001591979249
1005002402272918
1005001786109287
1005002394076576
1005002271855536
1005002359378125
1005001803958740
4000760731436
32727524085
33014850779
1005002356455073
32916737790
32957658066
33021454958
1005002481074065
32972508979
1005002484803330
1005002137894082
1005002211889760
1005002294301337
4000282436230
4000593002564
4001309381656
1005002283237369
1005002490482694
1005001565150738
1005002448077024
32896043582
4000287259656
4001065133549
32733581387
32977191197
4000927291604
1005002304338741
32947831113
1005002059212712
32873789153
33013744286
1005002388297988
32837994990
32886244294
1005002023385924
1005002344963784
33021748573
1005001838613487
4001257400285
33002771897
1005002332579462
1005002370014401
1005001732133355
1005002099335795
32806564336
33025087514
1005002071233563
1005001688492798
33046065765
1005001693379662
33039150874
1005002224614544
1005002400801625
1005002357436546
1005002304449395
1005002361950149
4000593611062
32947357615
1005001670788722
1005002035650858
4000657247084
4001267113705
4000642277366
1005001896669582
1005001784702117
1005001947704688
1005002466310389
1005002140199950
1005002344827080
1005002039377576
32610157216
32884482500
4000081139410
4000928084196
4001106858281
4000991212546
4000251488420
1005002480854952
32902618504
1005002178170574
1005002364583377
32570464010
4001230674613
1005002191825052
4000610029222
32981757693
1005001399344592
32644955381
1005001567157810
4001226526963
1005002342674315
4000040667030
32870252683
1005002461155679
1005002286630531
1005001483388400
32955081972
4001264318698
32834351309
1005002277718701
4000855083057
1005002347199788
4001193798258
1005002314269239
4000525143907
4001240928288
1005002096205616
33047614228
1005002164774467
1005002388667877
1005001495613449
32862685130
1005002316889630
1005001953401179
1005002341508096
4001110417810
1005002323571808
4000843285011
1005001615902866
1005002404935509
4001257513464
32958999264
1005002066402289
32963640381
1005002340899474
1005002167546170
4000072305331
32912944624
1005001580100873
4000641038270
32887570397
32966873416
32983762702
1005002236869142
1005002394467349
33035162037
32609107318
32602783721
32997725162
1005002368438619
1005001493639290
32777236205
1005002291118869
4000150507216
33009212245
32904272925
1005002290889744
32868449569
1005001951841081
32887397294
1005002040879514
1005002348105598
32748331635
4000686783705
32848462291
4000140407622
1005002408334958
1005002190062990
32844599128
4001065475302
1005002409859567
4000952534210
1005001621045350
32260179706
1005001968557846
1005002314344766
32858156962
1005002195996902
1005001290906745
4000560608415
1005001432876484
32888177439
1005001461960449
4000800024987
1005001640765554
1005001514523410
1005002280742694
4000959972945
1005002283441561
33039982066
32800099456
32997849532
4000821758081
1005002054969643
32792365621
1005002316360564
33023706446
4001197038844
1005002490183153
32867820480
1005001482887439
1005001412692635
1005002395863022
32709190652
4000103390758
4001107568161
1005002022970746
33030010452
1005002265635838
32790081254
4001208907111
32811545880
1005002323716906
4000032937595
32877770067
1005002275577667
1005001596349894
1005002363922162
4000186994646
32980986564
1005002252396983
4000800548109
1005001525321845
32826984892
4000349370084
1005002288635844
4001031950039
4000683177181
32957889513
1005002060244358
4001143130322
4000004797735
32282184211
32868364555
1005001441035777
1005002324668212
1005001747258361
4001014962501
1005002122438161
1005002350162663
4000997003028
32799941593
1005002234984183
32997913227
1005001859137816
32694786895
1005002352408569
33003512321
32881144594
4000806376580
1005001636565748
32919604656
1005002492580865
4001290423364
4000505265633
714803165
1005001859517648
33056863499
1005001930043379
4000801163546
4000107508632
32955302878
1005002133904011
4000166999559
33044530019
4001286435359
1005002307979080
32980940153
32786395330
32884480734
1005002344348071
1005002317967335
32679776884
33004339302
1005002324152557
1005001870006879
32728412194
33004198002
1005002350337412
32591738205
1005002311571383
1005002061376276
32872239225
32869261032
32893914398
32807544094
1005002192968207
32884708803
4001159550696
4001095422762
32346087004
4000269087425
32617578893
1005001770755230
1005002095430332
4001133204990
4001257341994
32904001302
1005002254467817
4000983426539
1005002060227253
1005001591608792
33003175352
32812255182
1005002233924857
1005001600550778
1005001924300640
32954661581
10000131380596
1005002347321442
32581306454
1005002026970576
1005002233232906
4000711922755
4000394433169
1005001886079816
32624831426
4001057420630
4001086236801
32824423674
1005002125435412
32653016751
1005002448666598
33037302656
1005001741683400
4000079030376
4000265140373
1005002345174249
1005001319642644
32788940245
1005002275250057
1005002412198719
32972895300
4001237652726
1005001706786266
1005001867247036
32759337814
1005002479152890
32848126249
1005002100737488
1005002381760741
4001154813454
1005002164702286
32719112846
1005002454431248
1005002038900752
1005002055383098
1005002246215237
32964028287
1005001948559912
1005001399292997
1005002021771778
33011976445
1005002290377832
4001126922880
4001343880966
4000468793034
32973413688
1005002328723574
1005001604361025
1005002219307685
1005002341499052
1005002363312469
4000957671355
1005001482173101
1005002356280270
4001282829460
1005002404858949
1005001656718914
1005002375305964
1005002311139628
1005001993326863
32910414707
4000324311509
32854194524
10050018060868221005001966529614
1005001296871786
32976020617
32877798771
1005002387935198
1005001817991532
4000727685623
1005001824650294
1005001773616301
4000032800838
1005002409681965
1005001894783726
1005001869897867
1005002280744742
1005002359304429
1005001958323287
4000201801864
32960792086
33045605317
33030030037
1005001922906767
4000569670274
1005002310502255
4000414436805
4000043845967
32695767382
1005001664919443
1005001656907263
4001215231612
1005001508106860
1005002314742299
1005002198454885
1005002259472811
4000833622361
32913674462
1005002400717414
1005002390791387
1005002454329838
4000943563247
1005001494485612
32682411009
1005002295550324
1005001989559888
1005001689562846
1697768420
4000955795404
32952380314
4000080305996
32870762563
1005002295267348
4001072137229
1005002315289212
32968969220
1005002398969512
4000282705526
1005002494687569
1005001652389833
32826909810
1005001931099021
4000246067230
32834467636
1005001877012550
4001216787684
1005002256559227
32796787918
1005002220581587
1005002327946368
1005002316950628
1005001437711226
1005001861295688
1005001709681245
1005002291456797
1005002310065485
1005002369744092
1005001718766669
32793451410
1005002469755725
1005002345439309
1005001801016361
1005002315990819
32966756402
32936494164
1005002468646903
1005001815744349
32895580602
1005002460114751
32845595582
1005002381360861
4001112188137
1005002305841549
1005001748283570
1005002288650353
1005001722311119
1005002153482898
1005001333383704
1005002301556938
4000643533499
4001115885447
32890580184
32923887360
1005001523355395
32916141646
1005002292338997
1005002233181434
4000505336555
1005001419318422
4000740804070
10000369298412
33039488433
1005002316711453
32933738708
32753758369
1005001481770387
4000205853325
1005002376039422
4000283074893
1005001978184254
1005002073432888
1005002234330382
32961783087
1005002453092618
4001111884775
1005002345999032
32904129740
32890227542
1005001902431125
1005002122392930
4000196129962
1005002476640042
4001185829335
32686162531
1005002068909298
33057005118
4001218538660
32983194094
32959637003
1005002055978144
4001268988563
32860235469
4001134471033
32695614542
1005001621139745
1005002261487296
32831342102
1005002001750677
1005001599870339
1005002379251547
1005002090401987
1005001769803736
1565033692
1005002277415812
1005002292925063
4000537546129
1005002023650423
32955489726
32921955013
4000700003107
4001040717988
4001221496433
1005001576325323
1005001484805319
2028555985
1005002356491513
4000310926568
1690671087
1005002378706289
1005002356993044
1991239019
32952704666
1005001998939039
1005001839141968
1005002235214588
1005001597629263
1005002404939056
1005002413621757
10000402394482
32810263094
1005001867319458
1005001697744586
32821383794
33010387326
32958668351
4001162575949
4001294459701
4000062855323
1005002187873238
4001111951975
1005002356489891
1005002334250829
1005002332489123
1005001612379134
4001095451427
1005002499864141
1005002294862327
32996176428
32705862492
4000693959839
1005002408640904
4000725815508
4000709421103
4000026925433
32822262405
4001349931702
4000662652206
4001230810026
32986167738
32823942933
10000264103622
1005002454374269
1005002381581078
1005001686214185
1005002324178381
1005001656529664
1005002326355353
1005002026640300
4000083174427
1005001636493256
1005002302474817
33052858849
1005002066377041
4001229607280
1005002293044534
1005002381595386
1005001439615123
1005002341468219
1005002323565280
10000352680458
32617813738
1005002232472646
1005001386831000
33006764894
1005002287878120
1005002353345779
1005002353038638
1005002341747002
32895481158
1005001298094309
33043584899
1005002237454458
1005002282272254
32949820493
1005002013954777
1005002264787696
32840744581
1005001914660648
1005002310723644
32908633148
1005002240769152
32972890237
32546219149
1005001543181241
1005001507983012
1005002325067545
33015862807
1005001329597660
4000794569319
32867608678
1005001394444179
1005002357465633
1005002116020793
1005001525412648
32859436189
1005002145117717
1005001571981716
1005002284587358
4000057516756
1005002139439514
1005002322131473
32817555927
32910578971
1005002462485941
32596054596
1005001424686115
1005002330608984
33021862429
32851853882
4001249618812
32977470995
4001233817970
1005001398439472
4001270995181
4000005512047
4001361171771
1005002352182123
1005001586308437
1005001917950906
32975654951
1005002348310987
33061387379
1005002490871363
1005002314226492
1005002467147452
4000067450977
32334734563
33019517390
33037584686
1005001699797178
4001161588007
1005001361482254
4000850474325
33036131709
32780217814
1005002219144762
32964101279
4000207249441
1005001877519932
32905537396
1005001334642818
32856718449
1005001977112537
1005002365035205
33049926643
1005002241823511
1005001869146137
32920169300
1005002072662361
32820034981
1005002282293707
1005001889321603
32568661254
32882242781
1005001520162883
32959076687
4001085050669
1005002290148099
4000329668821
32966264519
1005002362786035
4000117121491
1005002104624772
4000601591632
32882259118
1005002239119017
32849121108
1005001728462400
32846076922
32844226829
1005001645437332
1005001783133214
1005002362021792
1005001704232609
1005001723780666
1005001819180784
4001039444289
4000805790745
1005002066421154
32885210439
32904109865
1005002439235342
32830195747
32973512468
33063310361
4001272009250
32487269984
32884745037
32963606182
32841527053
1005001417544316
4001041979331
4000365529380
1005002339143298
4000921518263
1005002134092763
4000890475161
1005001368898634
10000334304672
1005002373070774
1005002035657765
1005002259921911
1005002296608273
1005001592863555
1005001949386809
32950454226
1005001733318063
4000515651477
33012767533
1005001948888052
4000722245205
32965034722
4001110883535
32785362200
4001007230956
1005002443836275
1005001307267448
4000221469565
1005002201561301
1005002341631404
4000922624273
4000842998169
1005002222344805
1005002044098007
1000001032562
4000865313742
1005002323244911
1005002447981089
1005001397675294
1005002374958808
4000599027980
1005002379045956
32969677857
33063683104
33019445894
32810944410
1005002346040639
4000487250614
1005002133141189
1005002410020278
4001248881677
4000070354919
4000223153235
1005001759494050
1005002378220710
1005001935760033
32855358340
1005002205769990
1005001441001093
1005001569885853
1005002357168172
32462198740
32951315226
1005001671241796
1005002166718658
1005002314514968
32365640307
4001112255666
1005002357650350
4000072821991
33051570903
1005001918103613
1005001736841037
1005002363277607
32897446933
1005001741916846
1005002128311741
32805447497
33042927221
1005002360286142
1005001652641859
32968018023
1005002174821237
1005002314064725
1005002320192923
4000842685097
32915668814
32853389012
32837010883
1005002232783768
1005001472810385
1005001937260326
1005002288291029
1005002352149161
4001331702211
1005002348276871
32660298496
32845404972
1005002414647761
1005002268248255
4000808615343
32901353437
4000762281447
32827008282
32853760703
1005001669546241
32661860918
32863138635
1005001387562561
32845809503
4001205333037
32837111719
4001055610026
32948193382
4000105338768
1005002267468912
1005001513001593
1005002198891506
33042903557
1005002344151916
4000756410949
1005001893626081
32893760570
4001315369071
1005001515808905
1005002362857880
32901822418
4001249101727
1005001787267265
32894284710
33003968249
1005002198723131
1005002408636879
32684335902
1005001614404659
4000278716482
1005002281750832
32797606018
4000373452842
32885609394
1005002484428327
1005002372918749
4000509737950
4001179471016
1005002367629985
4001230299644
32994942585
4001047674044
1005001422868642
1005002058145299
1005002313970490
1005002198791624
1005002340134685
1005001670845428
1005002322579481
4000777107224
4000772030725
4000811851860
32829936237
4000728250774
1005002409782262
4000810783520
1005002411372289
1005002314416931
4000554574080
1005001721642997
4000994708853
1005002466319928
32864624102
33001349074
33057807200
1005002281878544
1005002189938836
1005001417114241
32958850547
4001248307788
1005001268838651
1005002484923148
1005001512085179
1005001334121553
32862766559
1005002332617345
32742705960
1005002347137604
1005002016705942
32920451502
4000834964887
1005001810684293
1005001328539873
33016568107
32852947866
1005001858160964
1005001494051896
4000916759684
1000007634436
4001054885780
1005001957182865
1005001386335807
32911496532
32995710956
4001165268334
4000757109357
1005001561068013
1005002271249416
1005002242800461
970142315
4001134351546
1005001818944946
32830390418
33035081657
1005001484195410
1005001948282169
1005002411330839
1005002126843953
1005002383002336
4000783115484
1005002320086839
1005001582188025
1005001736288441
32819484043
1005002213228997
1005002272139407
1005002265832546
32973035903
1005002378368171
1005002345031699
1005001383330072
1005002286352677
32847879136
1005001929314936
1005001458248901
4000620309546
33035630171
1005002309310038
1005002240849389
1005001686010795
4000625269195
1005002399717855
1005002318991863
4001080507330
32844585534
32803883849
4000816949528
4000338895121
4001097362039
1005001507588137
32743088711
4001321944902
32869928306
32986997032
4000794075303
1005001742806932
32920284653
4001299440195
32616834351
33054737662
32966579428
1005002277432439
1005001935442702
32963575310
1005002003461393
32909224500
32970317790
32838918764
4000874146324
1005002351967137
32966920138
1005002337246473
33023774203
1005002235840321
1005001708138516
4000205901115
1005002467853635
32807003808
4000399387071
1005002460237620
33058645479
1005001554743691
32853410310
4001245439054
1005002228356742
1005002351166361
33051961110
4000454312983
4000470367341
33007650109
1005002094321132
33011950329
32796922363
1005001361733901
1005002313089074
1005001494293299
32951271925
1005002382215628
4001251007518
4000979698976
1005001914471294
4001193322057
1005002298476104
1005002336663786
32904896932
1005002413392268
1005001699431050
1005001918493399
1005002288752071
33000349121
4000843046036
4001217478625
1005002171399430
32792298252
32952708233
760827228
1005001591053145
1005002314235500
4000098115933
1005001552137761
32812659138
1005002314412402
33029143035
1005002340320709
32861201377
1005002254102155
32856275885
1005001884300691
1005002231568855
1005002281981457
1005001397547741
1005001935219546
1005001652160361
4000982538638
33038797682
32909607946
1005002413287436
4000976138337
1005001354672138
1005002428118752
1005002122268826
1005001468077130
4000181667555
33053908069
4000530932366
33013139668
1005002056870802
4000602727953
4001050907941
1005002352374169
1005001603617400
4000693980543
1005001692711753
1005001339500916
1005002317347491
1005002008482466
33038924174
1005002416408129
1005002363107647
1005002316560373
1005002279187052
32972023187
1005002339466294
1005002447675875
32888560566
33000482681
33054276278
1005002401813911
4000043294286
1005002331954870
1005002380772461
1005002238380231
1000007022407
33042536045
32956576637
32892839220
4000512669525
1005002460985221
1005001622658929
4001299125228
4000849829799
4001260585290
755518382
33031001428
1005001438899113
32866331611
4000204624278
1005002338191078
1005001299774935
1005002371925674
1005002054092832
4000688749234
1005002152582926
1005002219454414
4000041871082
1005002400843310
32763958342
32977593729
1005002490377833
1005002341168883
32898196129
32893768981
1005002395534561
4001360705909
1005002254728970
4000307188980
32970060798
1005001830160950
1005001709479640
1005001742487628
1005002150675876
1005002288383941
32814157831
4000615341822
33049804012
4001172131318
1005002214891047
1005002291319800
4000828155870
1005002339388953
1005002454276246
1005001678581748
32895600811
4000673098996
32919389344
4001205438812
1005001688513369
1005001776825857
10000000967983
32833831093
33026722059
4000414062445
4000195296654
4001305808666
4000902437096
1005002434594166
4000802225330
32770629060
1005002089241138
4000790375216
4001113157242
1005002395791088
33009188552
1005001521597923
1005002411133702
1005001325484189
4000017746568
4001077384433
1005002401054689
1005002301338565
1005001602654793
1005002490466814
1005001457459453
4000715437414
1005001346212940
1005001705727128
1005002258968837
4000564768295
1005001439171032
32625040407
32835244611
4000133964274
32988821593
1005001929053637
4000935007466
33004633448
32969618167
32903989026
10000411453657
4000764279467
1005001998970350
4001077808011
4001018027930
1005002259052371
1005001807887052
32968870733
4000944630865
4000585537204
32952357834
4001042043392
1005001511298302
4001201305140
1005001625386553
32920895689
32968481103
1005001321683594
1005002283460010
1005001275761007
1005002442084639
1005002276656145
32606510053
32682405994
1005002281004187
32287316855
32694094058
1005002240552293
1005001507259046
32888437379
32882775977
32940786501
4001110668355
1005002114709907
1005002432586699
4000214150288
32976349191
1005002298030489
1005002059740380
32829559656
1005001514475862
4001275518908
1005001983127025
32973447063
1005002493705959
1005001704945040
1005002410328077
32859362550
1005002469769663
4000640023257
32901022261
1005002424562427
1005002394781736
1005001826807078
33036180573
4000781263485
1005001982674515
32797875624
1005002401278997
1005001350848872
1005002167149648
32848169028
1005002362573254
32980380576
1005002253179878
32985884384
1005001860141889
1005002477330984
1005001525523191
32729749649
4000463176773
1005002406722962
1005002356759583
4000799407785
32978319757
32941831441
4001064217513
1539314123
32785272656
1005002003130099
4001216442662
1005002478829921
4000226138234
1005002312000368
33061922398
1005001453413529
1005002472141989
1005002073867663
1005002000105076
1005002302254318
1005002293485769
4001079282607
1005002377301234
32854002435
1005002351230413
1005001830296162
32810272449
32888875089
4000397438660
1005001866058322
1005001809617367
1005001483526084
1005002430346833
32979932496
4000966239560
32714206986
32759673239
4000397820713
32851050819
4000681190096
1005002425855860
32439012571
1005002210976766
4000935000554
4000205769015
4000637714505
1005001781954386
32891695768
4000832960176
1005001405852228
4000317117633
1000008408709
1005002358374822
4000129174221
1005002399024684
33026402233
1005002442805963
1005001329730984
4001278958103
32654138350
4001278881206
1005001742954397
1005002373159044
1005002283081843
1005002314368440
1005001617253576
1005001531996821
4000151907774
4001062866187
1005002294158640
4000321715822
32687123992
1005002378286985
1005002400079171
32671389897
32874406390
1005002238530988
32903920049
1005001572197392
1005001966194119
1005001907728226
1005001516942494
1005002042464831
1005001293443788
1005002299138516
1005001704098254
4001225167140
32709092656
1005002348422650
32982585604
1005001508346079
32919636781
32694583144
33007631715
4000549172343
1005002329288365
1005002058396624
4000751661936
1005002319130692
4001175806171
32763900090
33003578796
4000036691625
33039419193
32842570928
1005002239382604
1005002432827576
4000077199708
329515346761894468444
1005002302181880
4001133845289
1005002309889670
32818700994
1005002477718181
1005002341257840
33007606667
1005002317186277
32923539867
32362279895
32863662401
4001075213443
1005002281658036
33010330911
1005002327338098
1005002446450947
32977410714
4001227549772
4001337697626
1005002339573058
32964081173
4001078095709
1005002320307655
4000909841014
1005002314601321
4000546657279
1005001936167654
1005001789510006
1005002457944848
4001313209125
1005001810846262
4001145556372
4001295879479
32838526719
1005002060990676
4001296143841
32845101463
4000048233365
4000296727739
1005001780760183
4001277971019
1005002227924358
32933027791
1005002411114707
4000042908567
1005002282961856
1005002246542162
1005002224389857
33001834988
1005001897593075
1443409137
32662056073
4000943449659
1005002351574217
1005002411600293
1859771193
32798161970
1005002354541245
1005002355665142
33006192294
4001249303372
1005001431103389
1005002228723431
4000479561357
32486144026
1005002276503787
1005001877112707
1005002232843848
1005002020432989
32963414129
32843198275
32971611242
1005002246231540
1005002276824999
1005001405469667
1005001903247122
1005001948109148
4001119373597
32693734662
1005002476871241
1005002449775707
1005002357892803
32989460738
32981167574
1005001664639987
1005001783164693
32657012467
32888524171
1005002422705630
1005002326071436
4000353960727
1005001617680956
1005001809496550
32918503788
4000598401477
32724520581
32972968227
1005001639303656
32931613580
32904255346
1005002456702573
2022943991
1005002180200799
1005001863301311
32811550672
1005002051240706
1005002185729040
1005002475736139
32975257495
32863306077
4001128566518
32863461161
33000268084
32875851889
32515463301
1005002298126826
1005001859864385
1005001694514696
1005002235163482
1005002120851729
1005002133008187
1005001519800301
1005002069711423
1005002278092247
1005002302826642
1005002073030197
4000759598085
1005001915093684
4001094365821
1908075754
32434205932
1005001444557058
33024261173
1005002225048297
32982497120
32976954312
4000267707553
1005001374315905
1005001955007250
4000046392854
1005002467288400
32865890780
32365350105
1005002211456220
1005002308725619
1005002064200874
1005002375241020
1005002219694624
1005002278056885
32735900181
1005002408454861
32948010251
32908753256
4000543925666
4000564132943
1005001350147956
4000655839796
1005002328388854
32977086561
4000373317434
1005002453923563
4001062464129
1005002318933849
1005002280592083
1005001488603461
32858169685
1005001414870153
4000265594295
1005002389414987
32995052460
1005002476245069
4001189492647
4000529061052
33053640476
32933682027
4001228724087
1005002213872146
4000982601211
32588930850
1005001453707265
1005002352034685
32755205561
1005002245478486
4000211993435
1005002487056998
1005002357625755
1005002488851030
1005002310762385
1005002388676841
1005002306671420
32838094316
1005002314414464
4001229296477
4001271874861
32428256635
32794956940
1005002274483875
1005001795754301
1005001438829902
32925035641
4000954947804
1005001961460675
1005001303666506
32802405401
1005002000570207
33013859200
1005001834715376
1005002443139184
1005002334114775
32912324619
32887501606
1005002219809183
4000511168334
1005002371631668
32423516993
1005001286437475
1005002382713591
1005002347717622
4001226526527
32374735658
33034619230
1005002454715837
32890540818
32832284020
1005002240238702
32784703853
1005001799668072
1005002367838106
4001000444930
32837321898
4000480494348
32861357517
1005001699118246
10000283837035
1005001639209011
33019882265
32840953579
1005002427479110
4001297260738
1005002295329313
4000715484351
4000942049046
4000692802629
1005002235591581
1005002310148712
1005002272970920
1005001805578866
33027502243
4001078019016
4000793579555
1005001515783778
1005002313961482
32955863126
32910115653
1005001411924370
4001228509685
1005002165835868
1005002219367615
1005001955008463
32954874161
32957016918
1005001950218122
4001199886266
1005001722164015
33018661225
4000710474073
1005002212663367
4001316955843
1005002289594301
4001036553990
1005001933349212
4000297387446
1005002017155051
32608071733
4000689022925
1005001941541670
1005002293370274
4000703842052
1005002060206405
32854149476
1005001403336942
4001219416040
1005001798422169
4000970817231
4001259893622
4001218167207
1005002212704738
4000070930992
1005001649420824
4000415997358
1005002294130021
1005001900446614
1005002226001619
1005001389971194
32790320231
32977631701
1005002039741480
32831298286
1005002316614534
32949765577
492393325
32489623342
4000284649386
1005002320622932
1005002104922481
32652951265
1005002314335911
4000790690624
1005002305747277
1005002364444102
4001159413581
1005002279395719
32797486949
1005002233104346
4001134957956
1005001958395340
1005002377154291
1005002404207340
1005002030598756
1005002254846338
32973208843
1005002316888791
32868112696
4000960749732
1005001295732040
1005002281785887
1005002384788903
4001340839959
1005002316497965
1005001376157753
1005002326251950
1005002345126043
33004022697
32693750410
10000418140336
1005002370379935
1005002432919971
1005001524263133
4001102799708
1005002290857913
1005002137371729
1005001920661447
32688924784
1005002030371148
32988815049
32915997891
32954941153
32958031125
32914284831
1005002411632970
4001171409715
33058542194
1005001581291438
4001275708735
1005002265842867
1005002360783586
32942955014
1005001367428471
32916868055
32968846281
1005002383211985
1005001960994660
1005001768667873
4000046764054
33009984358
10000400028642
1005001438821359
32833473342
4001360129151
1005001737355946
32920071912
1005002207982116
1005001905702756
1005001354913094
4000333423019
1005001987951393
1749470005
1005001591519434
1005001588848911
1005002253996691
1005002467265149
1005001524004277
32958514399
4001279318673
1005001977720828
1005002272618881
1005002402142428
1005002413462631
1005002418328776
4000388414296
32607811820
1005001835808144
32851140931
1005002368412853
1005001727151576
33013715310
1005002441484526
4000267448263
1005001687763919
32776208693
1005001999320180
32995692248
1005002072752348
4001149869012
1005001693524093
4000583039548
1005001907763871
4000986790766
1005001860485195
1005002353044789
4000262138994
4001361040242
32908169946
4000044120728
1005002434641825
1005002278620606
1005002427097877
1005001376323956
1005001491523047
32736596321
1005002260505299
4001283824473
32962841607
32960820455
32993396538
1005001853891341
32309547547
1005001672405036
4000929867931
1005001313366175
32823120590
4000987322868
4001170882557
4000511973516
1005002167044258
1005002179293087
4000222024138
4000945766298
32946372939
1005001320715904
1005002495817571
1005002206184091
1005001926640035
1005002277517257
1005002302279319
1005002124464705
32816899068
1005002317746901
32917373399
33053538413
4000739246416
1005001515995114
1005001630466787
4001251817699
4000872759390
1005002249386978
1005002482868740
32536214231
1005002363248436
1005002396733737
1005002346007765
32806224172
1005001670620516
1005002203729322
1005001966568550
4000011258742
32919056010
1005002469928950
32512339082
10000351650423
4000729691033
32916640219
1005002454706119
1005001415824885
1005002280464921
32590233446
1913444078
33051613379
4000426254385
32707933806
32953370911
1005002006332080
1005002325393168
1005002449685111
32986131915
4001202698976
1005002311436164
33053892362
1005001543373835
1005002059726235
1005001451221203
1005002490972963
1005001688462926
32956230512
1005002362990520
1005002347444097
4001267781667
32808725529
1005002379025046
1005001499973570
1005001458338198
32891781578
32997433120
32954373493
1005002385190145
33051645277
32993075699
1005002281874587
1005001729075769
4001270371973
1005001798592662
32770960241
1005002304477329
1005001490348478
4000434301349
1742789715
4000850675612
4001145953629
1005001878893717
32839262628
32968527139
33028207643
1005002412625704
1005002179237308
1005002475509780
1005001688070628
4000177501683
1005001486965611
32974842687
1005002317188186
32958899451
4000953301411
1005002320952479
4001109173506
1005002211743720
4000883994210
1005001483731770
32805791878
4000378866026
1005002432261326
33013704116
4001200091874
1005002028774803
1005001576425540
4001030154239
4001225357152
1005001877410056
1580866964
33023301140
1005002058052642
4001356423278
1005002211969565
1005002075076149
32703632775
1005002182463638
33050476678
32968230914
1005002431522357
4000035207795
32959645847
32915344034
4001206119188
1005002466066783
1005002388055784
1005002420445175
32867715843
1005002191855138
1005002312444559
1005001351679495
1005002356396389
32923832475
4001228654393
1005001679672196
32882302140
4000160194309
32865283567
1005002316935488
33028689520
1005002432383473
1271697449
4000312112189
32347924288
32977467676
1005002317503398
32685596262
1005001687367955
4000850131522
1005002387519945
1005002277869175
32678768009
1005001803661150
1005001694939463
1000006075300
4001278954150
1005002282398471
1005002090319892
1005002046894357
32530076515
4000954020615
4000381712064
1005001402520585
1005002040487668
1005001897335045
1005002411279224
1005001280604267
32847527129
4001003801818
1005001867570718
1005002296879162
4000935793895
4001247557181
32867559971
1005002262458336
32562766172
1005001796955862
32885070541
1005002251918788
4000978776270
1005002346208938
1005002150799057
32898574982
4000897793766
1005001814721398
1005001939584231
32837475773
32916985977
1005002348325803
1005002383313381
4000708425389
4000849742701
1005001868496546
4001057637012
1005002499071440
1005002258617931
4000427832463
1005001354713132
32835127319
4001279196141
1005001471101146
32938844979
4000376662724
32980238671
32823218104
1005002350797500
1005002133050176
32911695440
1005002353617434
4000189137812
1005002319355985
33018587498
1005002154255765
4000885294290
1005002024014999
1005002282192352
1005002205961137
1005001284701270
1005001973097058
4000863687284
1005001525460174
4001166645570
32933598906
1005002467660260
4000987438072
1005002361668295
1005002337233658
1005001877667601
1005001607882558
32846622490
1005002128183649
1005002295895441
1005002399699939
1005002233845674
32430498756
4000980323121
1005002381965693
1005001489269044
4000464580410
4001304554835
1005002254050579
32789924378
32630914138
1005001614774526
4001027142576
33029232602
4000473021248
33007437927
1005001927547444
33041291200
32977693678
32957127084
4000696330002
10000407022160
1005002054592124
4000029822663
1005001441415485
1005002243614244
4001185777512
4000193542347
1005002095711677
1005001610273986
4000785928734
1005002316042910
32881243469
4000299654909
4001167645610
32873696355
32844349385
4001217885695
4001220658520
4000136293452
1005002240260620
1005002388840883
1005002004641860
4000533407995
1005001580647212
4001305974192
4000405749001
1005002419623683
1005001794577188
4000934788989
4000203627955
4000280316623
32996193612
32854255497
1005002277174517
32967442730
1005001511949492
32860636983
4000333833534
4000464228164
1005001505904786
4000963786098
1005002226005640
4000666093600
4000830530715
1005001621143223
32856813777
1005002259542189
1005001425348853
1005001523852434
1005001425817416
1005002263996613
4001330732628
4001219733978
1005002126402136
4001278655108
32880489461
1005002323019796
1005001290383977
1005001906229256
4001238683837
1005002355696745
32840119795
4000763879421
1005002204314836
32971265644
4000215810962
1005001423319830
1005002314395083
33037602075
1005001888247547
32913834654
1005002295620136
32975104946
4000230679627
4001081024149
4001313102069
1005002373522764
1005001596198541
1005002244838782
1005002141273316
4001035441115
1005002439712682
1005002253144644
4000945218680
32390187015
32756186034
4000864416847
4000160288624
4000830128554
1005002197939535
1005001520587008
1005002323711821
1005002260136658
1005002375428508
1005002314137899
1005002270761735
4001030025428
32622265280
4000047119102
33014777753
32673963109
4001211025825
33009060498
1005001504247942
32948474733
1005002246032558
4001038343242
4000039170262
4001230800809
4000174665879
1005002302096275
1005002470778179
32872331713
32946435728
1005002258318059
1005002372034946
1005002223810217
1005001963387974
1005002252554120
32922959954
1005001609678536
4000500358091
1005002320047226
1005001290412279
1005001710103642
1005002254222138
4001365651778
4001290510954
1005001715261823
32852961145
1005002263715278
33053476223
1005001872882243
33025459160
4001071477441
1005001378137687
1005002052126935
4000016050408
32851001641
4001320093916
1005002287528154
1005002469146838
1005002394660719
4000670011324
1005001930904654
32988420020
1005001967367480
32585307306
1005001338935429
1005002346781440
1005002341810470
1005001398583333
1005002453098081
33020021290
32961004069
1005001808044504
32992386470
1005001486789156
1005002483503882
1005002371700400
1005002027928964
1005002481893896
1005002432201776
1005001640517861
32648928552
1005002435426049
1005002307630441
1005001356557311
1005002320890904
1005002244098768
32995220913
32854026141
4000251875817
32787905285
4000458262227
1005001274824879
32965058707
1005002313947461
32878213231
4000241345425
1005002393992321
1005002080558295
1005001895666069
1005001799552776
4000372400631
4001076363732
32943341458
1005002449572429
1005002330912754
32794992892
32865887566
1005001546690150
33001729325
4000159920634
4000738247179
1005001386638625
1005001834684300
4000381459892
1005001693872029
32913708353
1005002324977819
1005001437537762
32805936327
1005002282385679
33001758771
32846234077
4000157115139
4000378989417
1005002254261907
32839358860
1005002230134933
1005002364732146
1005001325897057
4001263712170
1005002328531568
1005002318762879
32619453107
33051616323
1005002241190452
1005002240092218
32996957725
1005002281884430
32918479014
1005002485961973
4000266917503
1005001368075431
32891261128
4000850042849
4000244278831
4001312702698
4001153408375
1005002181853507
33004262277
1005001902364357
1005001296261825
1005001338176807
4000101633506
33027284027
32955014948
4000740748602
4000961683971
4001142242615
1005002467325016
4000382273693
32992326658
1005001711306567
32820926218
32876120560
1005002370595822
4000826074032
1005002355527808
1005001710411936
1005002432866966
32858678982
1005002292430454
4001025182313
32932352500
32818522082
4000465765297
4000209916512
4001156404407
4000040633284
4001175252181
4000204174472
4001223363763
1005002318272941
1005001596707531
1005002319040090
1005002359229428
1005001388774370
33010034095
33011837017
4000196568970
1005002473275115
4001244429887
4000087370563
10000368869286
1005002400330211
4001060416846
32292748320
1005001670790275
1005002326560819
4001235236524
1005002133908449
1005002311955279
1005001848792564
32832138149
1005002367103796
32806398216
32772955350
1005001731059926
4001224645846
4001043037500
32507615321
32798612511
1005002309312247
1005001278771390
33047454782
32657179116
1005001405728011
4001240154536
4000083830447
1005002357646385
4001293572921
1005002353333455
4000832799727
1005001364464083
400106927330432970623107
4000429553549
1005001759760295
4000816536998
4001108403157
1005002310517870
1005001948068574
1005001874272403
1005002014009710
1005002186944974
32828007856
32789051442
1005002311316819
32888797120
10000408410065
1005002333316053
4000281849426
32217287248
4000120671798
1005002287529953
10000334415707
4000850235005
1005002388784570
32882181254
32974549943
33005234146
1005002050800675
1005002344150312
4000695327434
1005001530848078
32885045826
32784332578
1005002221282285
1005001339792892
1005001899502745
1005001908284029
1005002333407474
1005002318286020
4000389273048
1005002411348098
4001011235223
32885715013
1005002492284965
1005001627766917
1005001823406951
1005001658676282
1005002406136393
1005002391441282
4000797314423
4001109044038
1005001359547548
1005001839641263
4000955843916
1005001814252125
4000835486744
1005002305309398
1005002318645739
1005002430420290
1005001370383606
1005001876298794
1005001765947912
1005002239983378
1005002461219126
1005002287401095
32889208091
1005001765152424
1005002405350614
32947284106
1005001457404251
32972182932
1005001761810886
1005001462191242
1005001565147810
4000085435012
32393499120
32992115323
32887446332
1005002318540545
4001206986572
1005002442883537
1005001677400216
4001110380244
4000203630955
1005002282113556
32302857211
1005001991980555
1005002369938685
1005001459430014
33046772450
1005002316564383
32955647816
4000715775830
1005002190878838
10000021793775
33057609322
1005001930191499
1005001562059553
1005001828609709
32917462026
1005001813054236
32728441842
32846504174
1005001639674752
1005002378800311
1005002401799055
1005002363892402
32900940125
1005001998505742
1005002347763807
1005001525484297
4001128004741
1005001453322010
32540191344
1005002330732682
1005002469131114
4000535152538
1005002238975718
1005002054481490
32975201905
10000415548007
1005002247102699
32381775291
4000793707088
1005002376025563
32980872245
32865283165
4000965569376
32647580650
32989763431
4001016149629
1005002205935849
1005002316222837
4001038941728
1005001736327699
32737778450
4001051043859
1005002401763578
4000502839772
1005002340953224
32848953735
4001258994105
4001182291604
1005001638837419
32863127820
1005002208526053
1005002314762193
4000505878176
1005001736251890
32895464264
1005001865721775
1005002299325128
33032803363
4000626035299
1005002329185471
4000036627657
4000614717003
4000342029748
1005002137722682
1005002288587603
1005002446634014
32636808692
1005002310569020
1005002367874039
1005002039448679
1005001646009651
32863239919
33027545071
32976144292
1005001990374914
1005002475654988
33002511312
1005001860756859
32830792192
32814067654
32920254675
33027808462
32856569198
4001302360149
1005001774766060
1005001921098177
4001227827779
1005002357518216
4000987669730
33021354520
1005002352739209
4000094600603
1005001293033896
1005002425093855
1005002225591783
4001060561937
4000249186590
4000073632680
32854368049
1005001571693170
1005002294244437
1005002390600344
1005002372203558
4000842824282
32950703743
1005002381125068
33032716868
32991084521
4001340490281
1005001995077151
33025755322
32817324248
1005001506935759
1005002246121256
1005002433016238
32856778776
4001361100358
4000492341585
32856385600
32828082958
1005001579682447
1005002284556154
4001057005689
1005002329784418
1005001468270777
4001192324404
1005001488609170
1005001699139692
4000075169665
1005001962657859
1005002006726009
32791272398
4000223339709
4000110719749
1005002324108312
4000548521534
4001275653749
1005002454768323
1005002358622368
33006364144
4000212294455
33038994825
1005001514986643
32920375012
32966862958
33053546014
1005001545377627
1005001515771998
32888192039
1005002322130585
1005002359522215
1005002409798223
1005002219719919
1005001950147350
1005002003653995
1005002420873482
4000116577235
1005002345624175
1005002470370065
1005001915134824
1005001469691237
32453761570
4001111124778
1005001571495060
10000109116437
32869775867
1005002055427244
4000975040891
1005002038142818
1005002283821676
1005002319240994
776042259
1005001505683817
32444062121
32899827618
1005001675181835
1005001515950493
1005002448026209
1005002395027040
32919934270
4001041063643
1005002067895885
1005002273375607
1005002293793217
4000717642045
1005002112859164
1005002314390685
4001339602015
4000738371778
1005001620279226
1005001769460824
1005001778811874
4000680461545
32871246547
1005002313468906
4001067036462
32431260732
32609595463
4000269219788
1005001864986026
1005001431204487
1005002215466896
1005002037745079
1005001839469782
1005002389138608
1005002253856055
1005001418419716
1005002376285962
4000429823717
4000892076748
32977675579
32617576816
1005002350046210
32994204598
1005001888730269
1005001735934136
4000310873276
1005001367560627
4001289276230
1005002287484004
1005002389307089
1005002276864941
4000393062737
1005002206681589
1005002472893617
1005002468404757
1005001705446334
1005002367439859
1005001402840183
1005002388795347
32987621352
4000250770367
32355566329
1005002232001105
1005002067825000
4001279400894
32808238821
32962704132
4000140571776
1005001488500659
33014208565
1005001993667767
1005002317964379
1890948285
1005002434588915
32235304490
1005002440653225
1005001904024465
1005001774984013
1005001883696365
4000626575365
4001165783465
32849854733
32948499984
4000977901724
33003352920
1005002252375610
1104772922
32949016590
1005001348919469
1005002481536367
1005001956639413
1005002288982062
1005002374958662
32858006419
4000093487499
1005002023145766
1005002211653691
1005002158536679
1005002345723262
1005001515080990
1005002443436622
32833673870
1005001856141898
4001242394970
1005001648337865
1005002357614043
1005002448287609
1005002159646221
4001263695770
1005002467281757
32895064151
1005002384450686
1005002207833352
10000342470888
32962709911
4000945245453
4001233062004
1005001889090929
1005002167831986
32960754448
1005001520198331
4001115772589
1005001705169239
1005001895500680
4000776520253
1005002234160175
4001081668298
1005002259023117
1005002244042038
1005002271461071
1005001922571883
32923458398
4000546046703
4000583315778
4001094723016
1005002384305393
1005001469528816
32904255143
4000960232257
1005002191889501
33031851680
1005002236103052
33006021893
1005002262477251
32972769258
1005001775402747
1005002314370697
32816260766
4001043112365
1005001489329935
32950847634
1005001961836976
32789122606
4001002602897
1005002372881961
1005002137355216
1005002280896094
1005002427827673
1005001830028693
32880244464
1005002243382321
1005002205848985
1005001558407565
1005002050635600
4001209450046
4001030526110
4000666576228
1005001695485194
4000626141551
1005001709914974
1005002406434675
4001337951828
1005002208488281
4001259679790
1005002275316024
4000806266114
1005002399727577
1005001795326749
33017245095
32975564436
1005001587787577
1005001966481504
32972342220
1005001936968494
1005002133365217
4000705514993
32608445428
32967744784
4000986746880
1005002364353234
4000805064363
1005002479123187
1005002122365654
1005002240644930
4001340076317
32851393376
32854335020
1005001678518976
32988884145
1005002476784228
4000018030037
4000287859831
1005001940716745
4001260912331
1005002352599735
1005002224728072
1005001457637583
4000547586146
1005002426465203
1005002122019319
1005002311290989
32704621985
32942440702
1005002284654535
32887948482
1005002457421921
1005001386567055
32353898706
1005001885092631
32976062823
4001080275122
1005002317746731
1005002273576832
1005002302663315
1005001373401302
32869084855
1005002318878817
1005002314118700
1005002220297220
32854047695
1005002279000813
1005001583014233
1005002065494523
4000746728383
1005002464851461
1005001398696093
33003605510
1005001619722702
33003673241
4001228673190
1005001445842930
1005002253701023
1005002306421694
1005001985418240
1005002332999470
1005001802543062
4000366695670
1005002010743529
1005002148547205
4001233863748
1005001770242265
1005002311743227
4001137778435
4001090747701
4001230832816
32862313064
4000893681918
1841952104
1005002253118362
1005002366185454
4001191715486
32888216754
1005001977459589
4000552567722
4001173068014
4001044162853
1005001450983734
33027704558
1005001834002478
1005002022200451
4000739109383
1005002291236015
1005001973809811
1005002386254487
1005001989371909
10000008924772
4000174119066
4000502078780
1005002247353148
1005001616572669
1005002333872630
1005002348441438
1005002336155952
4001194434388
1005002430801824
1005001281606654
4000863850957
4000823016843
4001239624518
1005001817097715
1005002431565418
1005002225781652
4000235456763
32912333730
1005001889589216
1005002312062892
32854325983
4000513342964
4000898358763
32535893463
1005002488609775
1005001525309917
10000022846047
1005002454232700
1005002061715677
