1005002375946994
33050292126
4001187578592
33029456747
32722791376
1005001803700912
1005001580456397
32657884958
1005002318600084
1005002219602266
1005002351737451
1005001723240723
4000465902504
33001978292
4000703297051
4000907748687
4001181270835
33003388709
4001260686930
32972945187
1005002010895271
4000469409031
1005001630902989
1005002207873642
4000756308584
32963428926
32995252818
4000290861759
4001261580109
4001029204457
1005002113238380
4000732422760
4000018870702
32948971329
4000175894397
33050381617
1005001992924885
32887536179
32676756793
33031684221
32857048915
1005002358880343
1005001437493825
4000934282046
32868544770
1005002225216488
32861204132
33024041415
1005001472846738
32826332955
4000279132315
1005001817691965
1005002329021542
1005002316072818
1005001516536384
1005001980609267
1005002165433274
1005001616075773
32792715265
1005002314263922
33018605593
1005002345764105
4000381631747
1005002381305701
4000218831068
32882213600
1005002388083495
32869993120
1005001424616432
1005001619804325
32880568521
4001093697433
32955870645
1005002121394112
32807462740
32619994130
4000332237509
1005001998877862
1005002273998444
4001037127816
32989486591
1005002127255236
1005002304856534
4000177959119
4001174263836
1005001456773382
32793789492
1005001506959709
1005002481349216
4000860390172
33004290551
33038986425
1005002482282234
4001364514428
1005002362373721
32720458876
1005002323683608
32982916386
33002162965
33027752546
4001049551857
4000668648007
32996501580
1005001571777355
1005001429974584
32981188743
1005002292503711
4000833386652
32859319533
32975592799
32618430304
33023720997
32832251035
4001085748637
1000007410489
32904373102
4000997293488
32894923704
1005002052573341
32985350042
10000371743604
1005002176835675
4000709295583
1005001787080757
1005002267850871
1005002235067037
32944705930
1005002433731741
1005001813401238
1005002176379594
1005001315935030
1005001492880820
32825145444
1005001500746220
4001167637074
1005002307627364
1005001890596292
4001064137442
32658878640
1005002423510225
1005001803182086
1005001731532856
1005002083962877
32889106247
1005002320235765
32885038149
1005002467277656
32969719022
4001029460790
32812640094
4000036231741
1005002277527439
1005001397111020
4000569813851
4000776020985
32827768176
1005002219547034
4001207713151
1005002275263922
4001111672888
4000256471478
32888341202
4001231447565
4001235736009
1005002401246957
1005002310371691
4000994957384
32956154990
33038318148
1005001613365533
1005001445710714
32917009855
32891929099
1005001973422229
4000812106723
32808362197
32910880822
1005002314334026
1005001764105331
1005002407740815
4000613929187
1005002316911133
1005001452343642
10000306334241
32789723006
1005001506415296
4000609538956
1005002313875984
32854518804
1005002261825612
1005001658293670
32883107847
1005002443737684
1005001714495331
32564830996
32867610668
1005002232868875
1005002323742029
1005002379407720
1005001302988943
33047711912
1005002106128960
32842169549
1005002121277753
1005002119190876
1005002356173739
1005002208271869
4000221897561
1005002449426826
4000503556920
1005001692453698
1005001322035696
4001183997351
32799317713
1005002314340271
32867165671
32969290478
32997758871
32894378156
32898596570
1005002401264379
1005001774422679
1005002012033915
4000095554036
33051566606
1005002027819090
33038917102
33061002239
32962674440
1005001775342526
4001201705843
1005002449832194
1005001704995844
32977875715
1005001807906849
32853498906
1005001780500322
1005002285622494
4000136735336
1005002433856589
32827481281
1005002298669205
4001037862425
4001269497158
1005001820135285
1005002315237492
1005002327279680
4000781161194
1005001966223380
1005002485654143
4001061985585
32989817212
1005001839559524
1005001405961116
32894236222
32999089533
1005002336885139
1005002337210465
1005002277687037
1005002219674043
1005002471363075
1005001456078565
33042147819
1005001796813853
1005001997449203
32907557819
1005001666397608
4000368663300
1005001621948713
32822406200
33045793010
4000528176313
1005001293232921
4001104227329
1005002239495570
33029334979
1005002287834285
10000406172746
1005002241403941
1005001949065439
1005001742514091
32809371008
1005001812951360
4000891363020
4001233628493
1005002244879756
1005001830040676
1005001446284560
33024296682
1005002122333636
32871219746
1005002380768308
32908940619
1005002418005449
32967745049
1005002227758084
1005001488603408
1005002077136078
4001018350787
4000171750092
4000546602563
1005001405925590
1005002012999853
1005002326689317
1005001890095785
32604172278
1005002047642293
1005002365667452
32903140568
1005001298829770
4000625950747
1005002312502390
1005001333118464
1005002208230055
4000762012673
1005001612897525
4000473529547
1005002469273171
33021879890
2030888815
1005002423372775
32684624807
4000027120276
1005002316050276
1005002379200529
1005001863313546
1005002467605053
1005001692500390
4000365282759
33007986372
4000105988369
1005001882792961
1005002450250797
32663166240
32763393980
1005002334209852
1005001894596043
1005002417899473
1005001914786774
1005002422082800
1005002393243998
1005002324844628
1005002341023144
1005001441415755
1005001894038359
1005001506834791
33017319574
4001084741790
32849394851
1005002244529679
32885290993
1005002259316967
1005001598006674
4000495337482
1005001726044153
1005001335027930
1005002322510730
1005001380196122
1005002440040032
32782350493
1005001749760968
1005002104762994
1005002377097531
4001340854547
4001351052740
4001200247867
1005002243318358
1005002218664629
1005001836225901
1005002253670681
32933035548
1005002383338269
1005002213562469
1005002352872842
4001274951622
1005002356001160
527668671
1005002281809776
1005001364744314
1005001617253945
1005001948880282
32510263145
32959899011
32758118039
32933638975
4000850192039
1005002333285349
32999902126
1005002229365184
1005002381260751
1005001956646803
1005002038618824
1005001976136845
4000152858525
1005002206196748
1005001447968738
4000285471405
32379703345
33009977053
1005002218680062
33026749448
33040890349
1005001467991286
32964041786
32947610935
1005001287930075
32968949627
1005002311623471
32726367339
1005001465136880
1005002406617331
1005002178109196
4000403133203
1005002496821087
1005002346861498
33020266948
1005001431893067
32961184319
1005002288884038
4001307647178
1005001805481034
1005001656715250
1005001424083476
33041930362
329510831041005002084336607
1000006931833
4000786031894
1005002382814286
1005001487582389
1005001778870860
4000193587385
32978667698
1641102409
1000006670120
1005001621309729
1005002234231083
33036821843
4000076694770
1005001611503262
1005001976674849
1005002301437482
32961605450
32704498086
1005001955291014
4000880851297
1005002046526927
1005002413580632
32901545441
1005001989954910
1005001516663628
1005001648394689
4000940541961
32608939746
33014201967
4000453762481
4000910734657
1005002385252212
1005002004404411
4000931179817
1005001975331390
32980950403
1005001732332812
1005002466346983
1005002428441753
32821949623
32915953874
4001359877464
33001815548
32853822867
32644834407
32882523900
32888126148
4001254307061
1005002410085034
1005002108574143
4000173515978
33031234931
4000983135981
1005001620034426
1005002449173731
1005002288856708
1005002339433453
1005002385121179
4000330052062
32967063395
1005002383449672
4001234187590
4000970842184
32932520038
1005001365116308
32377119861
33016625969
32983386245
1005001598708614
32859008032
32987521190
4000992398582
4000990244278
1005002403932250
1005002342703640
1005001845884833
1005001355296446
32902726460
1005002114226492
1005002185916398
1005002354312144
32947530324
1005002347141113
32887590942
32920117426
1005002386621119
1005002435898178
32581048787
4000449503777
1005002418239907
32953401776
33060407889
1005002360649185
32973101030
32855680260
33011925051
32378582013
1005002453641055
4000427674534
32827990723
4000281722221
1005001415831875
1005002138372260
32901137881
1005002087372881
1005002371726611
737185064
32703998508
1005002355646887
1005002368842070
32910762972
1005001748482285
32820869358
1005001398880115
32229666182
32533215658
4000818073082
1005002312073201
1005002117031223
32934651219
1005001736270627
32975281381
32962310898
32791241485
32977771596
32832239209
33040907664
1005001933296682
4000112742695
4000691056636
1005002346670073
1005002281313059
1000004615472
1005002007131428
4001108488872
32924122676
1005002307635215
1005002320914956
1005001722247264
32950986052
1005001758038563
1005001525537082
32861482191
4000679416165
1005002368548962
1005002315393106
1005002032555555
32974617651
1005002346126816
1005002459656439
1005001937457463
1005002460087396
4000449193683
33017795005
1005001444980584
1005002326379343
4000249010751
32356616477
1005002050012119
32683901004
32359378335
1005002166984475
1005002306338153
1005002462090719
33047459455
1005001898407186
32854077537
1005002334436698
1005001847248070
4001013205150
4001257498165
4000994588238
1005002419021702
4000538339740
1005001867891142
1005001430851486
1005001495316603
33044657743
1005002491408337
4001063351953
32563999517
4000633332229
33054129533
1005002000479087
1005002238238767
1005001659333270
32973501545
32849724964
1005002026778661
1005001679050378
4001231287216
1005002327561468
4000065004455
1005002329619232
1005002405994279
1005002363374995
1005002351703880
1005001317329620
4000893949437
1005001744179558
32975197169
32818821946
32884799427
4001034063100
1005001713331915
32809385252
1005001903075511
32828878468
1005001663284042
32857230281
1005001687799455
32949013778
1005002314211418
4000262174242
32984707222
1005001518550256
32898777339
1005002287573473
4001208518564
32886244325
4000069830634
1005002087521792
1005002280551821
1005001847169716
32971520609
32969932550
1005002256604391
1005002014751021
1005002321839811
32958114887
1005001670227766
32811441703
1005001873403434
1005001736471235
4000143924756
1005002017988264
1005002315162955
1005001463214331
1005001849707195
1005002377638017
1005001470355943
4001294499478
1005001726876475
33029477745
33000771293
4001054086316
4001169982652
33016862267
32999388352
32946580955
1005001280987009
4001128034487
32914266471
32909163078
1005002460288066
32811559333
1005002388785797
32853210352
1005001908144145
1005002333936886
1005002362411212
4000185378506
1005002245657542
4000804562124
32604534155
1005002474793481
32619623889
32851917514
4001175042524
1005002108423933
4001065128715
1005002246564726
1005001695475526
32346045964
1005001890092084
1005001327354416
1005001364208530
1005002258959617
4000443615516
1005002304068012
4001324338440
1005001675331223
32993068040
4000844826918
1005001567017464
1005001645696818
1005002329924388
1005001609584383
32905575585
32811639451
4000769022568
1005002288567678
1005002261180976
32974500792
4000682906012
32848694501
1005002466159081
10000320101500
1005001792206987
1005001473863192
32989843184
1005002191738627
1005002468041532
32845925089
1005002340065173
1005001709924922
1005001980268149
1005002224456813
1005002367809504
1005001337913130
32957662634
1005002055051891
32860772132
4000085460463
4000220027574
32855386244
1005001880691971
1005001442778307
4000356302201
1005002337725410
10000055696458
33024755510
4000976558212
4001294229199
1005002280502464
1005002399004335
1005002409142061
32713260698
1005002306524621
4001174172203
1005001329447810
32653566950
4001345181505
1005002281231158
1005001946052604
4000604277848
1005002255765772
32975532231
1005002412526666
4000252122554
4001270908567
1005001511278652
4001290162874
1005002304406195
1005002111345440
1005001967372699
4001166147034
1005001797683944
4000455944467
1005002289095374
1005001973076714
1005001775600764
1005002353565756
32714837861
1005001694111968
1005002333651011
1005002377133422
4000143242182
1005002281503710
4001150038276
1005002350856018
10000125546616
32982461455
4000892079706
32991163608
1005001546722775
4000349960707
32856376478
4000313953279
1005002332835544
1005001370103007
32889630674
32347928834
1005002402592509
1000006099621
1005002058070810
4000822040540
10000423333408
1005001292410114
32914437783
32967123465
1005001697277874
1005001756362521
32829999532
1005002130490412
1005002418736110
1005002372217812
4000074558406
1005002267935495
1005001699342824
33033066567
1005001703907799
1005002397683984
1005002381516885
4000234951758
1005002116154262
1005001408309698
1005001863027196
1005002442126730
1005001612887990
32807817751
1005002350866163
1005001355366146
32980429851
1005001635627713
4001112321876
32437500919
1005001640305777
4001279051357
33047756639
1005002319714381
32951867828
32888926759
32974546448
1005002069650921
4001076810761
4001155129965
1005001597330535
1005002447315338
32980008016
1005002466685847
32946049355
1005001288950033
1005002330208210
1000007946196
4001263245458
4001108717831
32812169700
32853579703
1005002333395349
32749549558
4000239148203
1005001501020594
32989373240
32988034068
32945115624
1005002328003998
32738193966
32988867215
1005002304344136
32891391802
4000097765582
1005001602248578
33036980427
32996706646
32894509435
1005001619231541
32952126768
33030321030
1005002384963899
4000829232483
32833211663
4000284839364
1005002444767973
1005001838998998
32731102512
1005001450954927
1005002380902446
1005001511618228
1005001599456233
1005002264783787
4000483217677
1005001908119976
1005002123574459
1005001770697826
1005002101336448
1005001965227094
1005001579276610
1005001693645226
4000207493103
4001249501028
1005002094838825
1005001470597888
1005001882387405
1005001840028715
1005002424749809
4000625717656
32963335796
1005002134348571
32701327135
1005001936839350
32966346187
1005002245470493
32855579444
32825567218
33036197979
1005002182189094
1005002469309047
1005001781086015
1005002486165070
4000010059600
32840473869
4000339981135
4000118490229
1005002275916321
4001313587211
1005002330407147
1005002422771706
1005002299854187
1005001529526497
1005002292919793
1005002382665980
4000606644619
32843993379
1005001828762476
1005002106119801
32869551044
4000042220364
1005002337238710
32976325389
1005002304547042
1005001412534408
1005001884172585
1005002313881986
33048438278
1005001770900482
4001219445696
32824546077
32961445269
4000821622426
32853116122
1005001463318867
1005002357563589
4001083640229
4001014752512
1005002357099967
32966542318
32908312040
32910457332
1005002392665738
1005001670292280
1005002177051043
32988554777
1005002319330181
10000344857549
1005001278322688
32467648835
1005001793016296
4000842602899
1005001275457387
4000765648192
1005002490142802
1005001923136168
4000761839420
1005001652279116
32966095146
1005001538418230
1870022415
1000005446886
4001321817836
1005001659362990
1005002325081166
1005001361963154
1005002469743282
1005001790125746
33031724906
32660451902
1000007838193
1005002295688714
1005002378278497
1005001704305525
1005002428189175
4000218889653
4000071300872
4001160345848
1005001670745976
32523940078
4000791254250
1005002175728964
32646549621
1005001466752146
32836349125
33019153192
1005002388231795
1005001561292746
32670414462
1005001534136665
1005002413310940
1005001859652914
1005002426810265
1005002233477067
1005001830906458
1005001781813278
4000203101347
33059235582
1005002068575196
32965993560
33048090076
10000086488303
4000049566801
1005001820863863
1005001829717884
1005002371546144
1005001482563810
1005002305235008
1005001836937696
1005002330544957
1005001837102247
1005001316465572
32634471000
32620308146
1005002015145756
1005002411582405
1005002231448823
1005002000027099
32881189614
1005002258120788
1005002297387989
1005001695523148
33036479913
1005001355815214
1005002402179530
32721328032
4001284811670
4000675728990
32890323257
32830266119
1005002383311035
1005001564708195
1005001531863960
1005002496163290
902608162
32860382359
1005002262047787
10000189877051
1005001998698965
1005001697916116
1005002492212899
1005002341420756
1005001474985072
1005002019958099
32678487563
1005002413450010
1005001292163592
1005001626072348
1005001704268594
4001271664182
1005002349878870
1005002237747490
4000777112567
1005001890225592
1005002332538987
1005002435622764
32799793423
4000048200300
1005002239751495
1005001506607541
4000958723404
1005002431555198
1005002409761255
1005001557302821
1005002201034352
1005002345004526
1005002206496509
1005002133364359
1005002277459881
4000569338881
33056545634
32896148910
32846838623
4001245024844
1005001764418260
33026011012
32855729880
32880657067
1005002190897780
1005002284601314
1005002386594030
1005001480110618
1005001474583933
32970323674
1000006089811
4001317464275
1005002124966406
1005001458514171
4000666138151
1005001822790925
1005002315224353
1005002459617902
32864546036
33024105544
33055303411
1005001883706095
32959792015
1005002256767720
1005002408410842
4001200968807
1005001333607484
1005002426478474
1005002327436846
1005001971000226
32962649318
1005001453241964
32869205843
1005002110457705
32706415270
32891995488
1005001522052984
10000061976629
1005001914440961
1005001301587580
1005001468751682
1005002443105536
32801163752
4000918710084
32947084765
4000029610085
4000267796478
33010797219
32574428372
1005001570390835
33008686151
4000178002001
1005002362500914
32815245524
1935860615
1005002282026193
1005001344877669
1005001860251921
1005002479319298
1005002314702814
1005001768101679
1005002314020095
1005002180528130
1005002009279745
4000052198706
33010176019
1005001588521091
1005001808576395
1005001470221352
4000974205628
32913339616
33009812158
1005002375704363
1005002123355356
1005002439898772
1005002320902142
4001272128709
1005001344648086
4000537195821
1005002410934314
32954947801
1005002037833942
4001249953007
1005001883636607
566663868
1005002219842491
1005001493389502
1005001864172478
32995965645
32835125745
1005002482912479
33026799035
33022760192
1005002268426138
1005001612782060
1005002311276705
1005001517673831
1005002381474819
4000955001590
1005002358537821
4000501242526
32990078188
32864494818
32960972386
4000295138500
32562393392
1005001773873270
32558163235
1005002391429726
1005002357889448
1005001976811458
1005002399706393
1005001606284452
32903921855
1005002119831567
1005001763761803
1005002000729210
1005002459611841
1005001687949164
32652681403
1005002092624118
4000987479976
4000298417534
32962995584
1005001644805899
4001221408475
32955413886
1005002339478048
4000783993851
32974226766
32921359553
1005002113522248
4001116013790
33004711578
1005001451297452
1005001870337569
1005001592850786
32746644858
4001019762067
1804401971
1005002313775180
1005001560185598
1005001325716264
32834139670
1005002467008629
1005002037178993
4001294217852
1005002490187616
4000965649382
4000353307624
1005001326556749
32789514362
4001101091643
4000344508933
4001292697136
4001330697821
1005002496862063
32884121513
4000078361919
1005001942853176
4000589720603
1005002340075094
4000030652628
1005001616281430
32291909230
1005002314323249
4001270125352
1005002500511824
32997148032
1005001926205552
1005001630316593
1005002433013992
1005002241901815
1005001632100051
4001294066500
32796178887
1005001947756702
1005002498629166
4001296565846
4000411900220
1005002375932047
4000895608076
1005002211799798
1005001652316964
1005002331999899
1005002338194567
1005001915037749
4000597450452
1005002282746759
1959204529
32884721132
32972632756
4001204850360
1005002252729599
1005002337114021
4001280246587
4000291810066
4000725286048
1005001445839432
1005002327509255
1005001873732596
32387789452
1005002413356890
1005002333642426
1005002383140699
4000269227882
32959617870
1005001833935682
4000626009383
1005001780642402
4001260032549
1005002192236071
32972022937
32911365718
1005001962121945
33020624695
1005002288492532
4000074496753
33003664542
1005002450847354
1005002161694506
4001148834652
1005001839246492
4000842282074
32979032711
32952468878
1005002288833969
32760482787
32974066443
32909710625
4000680202526
4000239051329
32921105431
1005002380940096
1005001572137558
1005002318011571
32954862726
1005002289218405
32620227628
1005002381744993
1005002400959028
4001042359822
4001045216167
1005001880180895
4001014875833
4000479744532
4001000643888
10000062820557
4000218856865
1005002078955611
32997495897
4001271582032
1005001692997243
1005001971539094
1005001824710434
32978679483
1005001680420725
4000286800233
4001036454662
1005002089422665
1005002387668909
1005002371864329
32959197425
1005002167246679
1005001511308935
1005002339577607
1005001767749560
1005002418612246
1005002023001057
4000545676119
1005002122483102
1005002363463238
32998344403
33047576581
4001268484967
1005001290509786
4001229798525
1005002085216939
32322389686
1005001274544002
32913725968
4000769022369
1005002425747707
1005001863790840
4000927731460
4000793325371
1005002024210974
1005002401689415
1005001551189648
32895503641
1005001721595240
768078417
1005001591783408
1005001799382397
32850215917
32613724874
1005001408403020
32904555186
4000805558222
1005001350973614
4001293945815
1005002378419536
4000935310243
32982371569
32995502749
1005001961890439
4000203720428
33059933230
4001120492873
4000079482877
4001220548068
32964944274
1005001327176237
1005002412157498
1005002491314879
4000184002273
4000156171049
32823033125
1005002361970937
1005002441414291
1005002022464565
1005002282308666
4001015869418
4000666483809
32762650392
1005001949660135
32996595143
1055361727
1005001495902884
4000645004889
32883807778
1005002466516490
1005002265670999
1005002395688343
1005001695899545
4001191530659
32933586156
40007897920671005002356918873
1005002453312164
33011397788
1005002277749437
1005001869568420
1005002499793513
1005002247313571
1005001966640197
1005001398839284
1005002277968400
4000654155166
1005002443967967
32964918189
1005001559302219
33032171368
1005001853307879
32904967528
1005002462232101
33037732923
1005001580082715
1005002181035468
1005001269859895
1005002307157974
1005002400092367
1005001873402490
32812271074
1005001862596973
1005002315313977
1005001769830274
1005002073839553
1005001920309428
1005001644985221
4000334083636
4001276042334
1005001295727994
1005002264919923
32840564660
1005002291381962
32971730267
32981108151
1005001939340947
1005001436713283
10000089302776
1005002144206117
33016790763
1005002237605933
1005002378775095
1005001447229582
32591189874
1005002405637882
4001200095743
1005002244677380
4000244756211
1005002069597921
1005001825084891
32950537212
4000979478610
4001237546959
1005001326823174
1005002417945068
1005002443169531
1005001571891825
1005002313004237
1005002432262599
1005001607957083
4001320700378
1005001981592826
1005002259151129
1005001739244361
4001290056688
32829421556
1005002297491621
33015551048
32982304409
1005001439041799
1005001367985446
32857756473
1005002297514602
1005002206329723
1005001483871947
33009761899
1005002308052596
32879912897
1005002246736825
1005001697516725
32704014005
1005002060917222
1005001656733965
4000171093612
32765359870
4000025082772
1005001626898689
1005001996746899
1005002058205914
4000242257717
32267255426
4000546614181
32968533774
1005002409667892
1005002459283021
32824793438
32847395581
1005002314996073
1005002045918523
4000875160024
1005002335960203
32657354586
1005002388253669
32861622220
4000720265393
32863392693
32981958491
4001331469633
1005001303054920
1005001515392752
1005002447329674
4001354566494
33007819002
1005002315301966
10000422275582
1005001653505833
4000130172850
4000718722463
32961018447
1005002275336913
32966546493
1005002237572885
1005001849010485
1000007107201
32630706479
4000177694092
33061206575
1005002288177802
32719350612
32982267037
4001035946960
32802891845
1005002261210084
4001201421100
1005002310082722
32951232368
1005001360015056
4000269476236
1005002291080048
1005002400293656
32694708566
1005002433776432
32844853038
1005002344338937
33014513093
1005002290002610
1005002298111385
4000489441706
1005002348887474
1497063962
1005002369761449
4000067639110
32856747591
1005001731651078
2054864583
1005001381688581
1005001807830362
1005002286167996
1005001317071262
1005001289666727
1005002354445613
32852499846
32972061898
4000789402599
4000354240525
32450959971
32899877457
1005001349486924
1005001273764244
4000929470404
4001114658626
1005001304831177
1005002462054329
1005002219109841
1005002398911737
1005001584123497
1005002273500610
1005001404993113
1005001426380186
1005001362683159
4001064480308
4000386498058
1005001879720342
1005002091495846
1005002422121730
1005001343943349
1005001582914445
1005002489967380
32919238738
32919468015
1005002224587264
1005002367292446
4001260672169
32888551895
32906366298
4000037930514
4001099604196
1005001851758888
4001349504342
1005001840365084
32999752292
1005001308516211
1005002460125013
1005002459876660
902607706
32533229997
1005002439859890
1728472254
1005001568731350
1005002073723312
1005001357947133
32903087867
4001067821413
1005001626268972
1005001341339131
1005002350411419
1005001639356584
1005002276037120
1005001708209263
1005001812682593
1005002246468530
1005002205169165
4001235847156
1005001288244291
32890391710
4000372986232
32571746478
1005001922960290
1005001555166952
1005001839428900
1005001406483153
4000371326916
33015073394
32588510045
32983591633
32836197065
4001136251539
32316606894
1005001304371561
1005001929868395
1005002241924126
32988623389
1005002490430775
4000298817137
1005002240342094
32993345871
4001289357495
1005002344571432
1005002382740983
1005002475610223
1005001863733289
1005002293496367
1005002246394128
33053908060
1005002086176605
4000999123167
1005002213780521
1005001788944027
32842850012
1005001842877689
1005001422930058
1005002206393330
32828503981
1005001971817665
1005001591148366
33028648024
32910079676
1005001834717577
32995853867
1005001714844031
1005001332429311
1005001990474733
1005002233274579
32824460126
4000205455239
1005001316896670
1005001519404291
1005001875993852
1005002262558088
1753889146
1005002341351761
1005002328183321
4001334077675
4000474688009
4001011391818
4001235646868
32892610879
4000182539896
33050735167
32976534622
1005002312545660
1005002329642304
32896691072
1005002340857689
32808556364
32841190888
32635453293
32868294077
1005002433033995
4001139070849
4000223138684
1005002312484982
1005001829668541
1005001485379955
4001158485260
1005002276301409
4001360202059
33027812560
1005002489932883
1005001419019291
32947715578
4000677781001
20000002531420
1005002500260546
33025390549
32978245060
32900843161
32832688584
1005001493618342
33028209247
1005002316907832
4000373404938
32954464773
32991993540
4001217279618
1005002302249730
1005001962119984
33041318645
1005002386983445
4000848444276
32837312468
1005001890358426
4000033309450
32994155188
33022998588
4000684964159
4000360334560
1005001659500458
4000671277497
1005001497660682
1005001450115001
1005002022293830
4000207325975
32263985977
391566695
32987426993
1005002489165519
1005002211742815
4001212944152
1005001930593634
1005002306160699
1005002359709255
4000626096849
1005001429123686
33027698832
1005001274621209
4001068441048
32410413289
4000823374433
32964073374
32954477547
33048915635
1005001955219463
32948598072
4000960546739
1005002333918944
4000468057177
1005002315866501
1005002453656402
32985923813
1005002305856585
1005002386502041
1005002324126955
32981462407
4000203294501
4000188277173
1005002110495044
4000345244851
1005002330901430
4001042425774
1005001627910461
10000089323857
1005001284283702
33017623309
32873598455
4001227806974
4000850539899
1005001445507911
1005002351173287
1005002239945729
32919490340
4000558040596
1005002419145507
1005001817084222
1005002453050162
4000054000316
1005001688870855
4001041317664
32792409042
4001297051199
4000800761181
1005002287394671
32827784055
1005002394819671
1005002131308628
1005002388101055
1005002276987924
1005001869788195
32823578663
32963710381
32622854296
1005001824496592
4001054482867
32856523165
32948200300
32995240310
1005002268039413
1005002401166361
4000544302847
32919127663
32831892964
1005001658615211
32964925505
1005001469969254
32969345277
32854725567
1005002231864300
1005002236374940
32831060394
4001037860144
32996574138
4000939491048
32964321147
33013676982
1005001836094046
4001358449927
1005002295413629
32948516321
1005001869799144
1005002415963962
1005001758620133
1005002081807457
1005002280465988
4000842657528
1005002364179985
32883850032
1005002247639730
33020044333
1005002447672350
1005002324422126
1005002340306800
1005002055367134
1005002034562652
1005001596630184
1005002334047539
1005002425586422
1005002315233329
4000880099328
4000773477249
1005001287022519
33030002878
4000186061291
1005002235187658
1005002197759567
4000696519255
1005002287092777
33002839358
1005002327048793
32691457895
1005001571483860
1005001709329816
1005001456269665
1005001798548763
4001174900288
4000859971238
4000925980848
1005001779988159
1005002299344597
1005002330410060
1005001288383100
32911984203
32737145199
4000246754766
32848887208
1005002336349483
1005001379575289
1005002397689990
4000048649057
32889929191
1005002489698986
1005001844209867
33038066400
32914784929
1005002326676671
32331457355
1005002059865412
4000103546059
32825566938
1005002405921964
1005002336676056
4001254441781
1005002314265810
1005002327987260
1005002347028732
32881911585
32920962987
1005001398437744
1005002464822471
4000771143767
1005002447723053
32838656449
1005002314411137
1005002402492682
1005001479469843
32602331118
1005001451457364
1005001962950500
1005002317436478
1005002170529351
1005002178169469
32948003302
32996691940
4000894685196
4001210764459
1005001452189847
1005002395303493
1005001673186582
1005002270824284
1005002472744927
4001355276524
4000396291484
33009198338
1005001470763107
4001140671634
1005002413972790
1005002268952769
1005002346169596
32975589986
1005001337969057
689081037
1005002282191022
1005002269770978
32561906336
1005002259454790
32812382022
32760399816
1005002167883071
1005001675256097
32675069773
1005002489115565
32817691849
1005001423812480
1005002305362157
32867251772
1005002475024678
4001251852701
1005001632676293
33034649288
1005002345361596
1005001434794641
1005001959924975
4000754448455
1005001309096401
1005001761722805
1005001972840811
4000186857420
4000006864216
32572077137
1005001929223037
4000826023886
4000066756384
1005002393169862
4001271836451
32862906694
1005002476813917
4000329267404
33007845030
4001213772310
32937358323
4001039032974
32906883477
33001150294
32793359552
33003150598
4001127479968
1005002049956799
1005002429466452
1005002303773010
1005001546659348
1005002307324918
1005001452392793
1005002245552269
4001282322958
4000173807086
1005001451797808
32607536938
32978115431
4000974528982
1005002289573767
32754723387
33002882250
4000406001958
1005001473339812
1005001554544592
1005001589024975
32949750158
1005002132507137
1005002462511567
1005001792844924
1005001495509215
1005002289367456
33017038915
33000637843
1005002389986652
32553249408
1005001369716595
32823227914
1005001998382096
1005001334923278
1005001914398909
1005001529850979
1005002387096427
1005002276060580
1005002325560201
1005002389644306
1005002473360716
4001316348509
32999195911
1005001620880843
1005001730866248
1005002348184472
32810061449
4001285415806
4000987006126
1005002326755114
4001279005261
4000823048806
33042697549
1005001994176419
1005001651525595
4000155439188
32839394982
1005001343218800
1005002312134618
4000930385117
32839257774
33036079376
1005001997873170
4000176722756
1005001445696936
1005001381889052
32698938836
4000861044262
1005002425708594
1005002233793693
1005002055026707
32847520574
1005002107251769
32857405802
32824319444
4000697127232
1005001352170949
1005002277942984
1005002466968553
1005001357037707
1005002350051309
1005002321072608
4000195265700
32919961335
4000231415763
32815837700
1519061682
1005001874054210
1005002240633903
33039583914
1005002377199706
1005001962240931
4000001787711
32893703474
1005002283814369
1005002362652328
32666717930
1005001826251452
4000249686601
1005001412347076
4001360329149
4000837631048
1005002350054011
1005002244670432
32910251829
1005001534025507
1005002363976090
32960988002
32978461850
1005001878521082
4000433137701
1005001763298168
1005002381038408
4001364194405
1005001893632794
1005002456905857
4000029209857
32671461326
32444263019
4001296016443
4001245749159
1005002462749469
1005001874475967
1005001666331707
32345453951
32814902753
4001117456731
1005002478795224
1005001816796672
33056898369
4000955789286
1005002475212513
1005002382001514
1005002089836229
4000063140075
1005002160319944
4000238377350
1005001826891796
1005001870467692
1005001854074367
1005002236414600
1005001987601310
4000259531173
32961779024
1005002291163506
32903242206
32799083647
1005002282537656
1005002280700344
4000810264062
4001270968025
4001123507373
32959582035
32947088640
4001099135923
1005001975835097
1005002007669476
32845221503
1005001935224597
4001232643745
1005001872642193
32854471334
1005002318670259
4000900308308
1005002322734877
33026358036
1005001339197657
1005002442697549
33027541157
4000310665001
1005002277026798
32975199488
1005002388851258
1005002452796821
1005002082115018
1005002359252756
1005002454312998
32950700623
32879661092
33032035692
1005002353335671
32882025961
33036177873
4001095639003
4000971846038
4000317139853
1005002281109807
32919850304
1005001446995510
1005002399478317
32610163368
32906593659
4001269334710
32557936951
4000100599083
1005002369852295
4000916743027
1005002413333157
32816710095
32979910421
1005002243476119
4000093152244
4001156141790
32848271983
32996485901
1005001338051918
1005002338832810
1005002480780487
1005001491264618
32975946311
1005002433016957
4000589790265
1005002129228679
32983536828
4000180682071
1005002342534948
32856805208
1000006111219
1005002339016740
4000216113573
1005001688542415
4000540655573
1005002321261473
32793341730
1005002326641803
1005002252121582
4001269202778
32792095764
4001034895990
4000898667822
4000151995265
33049391361
32973814101
1005001906653508
32350573960
1005002175066413
32848844562
4001085601225
1005002004774552
1005002199312500
4001257702907
4001068385404
1005002231562688
4000459149962
1005001598431508
1005002085912361
32897389946
32848994426
1005002259387259
4001241187333
1005002028934310
32588314058
1005002449135550
32628860491
4001216849673
1005001584422096
4000245598601
33025308896
1005001866031021
1005001608514170
1005002358315138
1005002264364645
2053906862
4000499273253
4001043852941
1005002304095837
1005002459229464
1005002436040177
32822109783
4000117880508
1005001776596773
33020699156
4000239589844
32900790264
32807690918
32864422257
1005002324490612
33056033370
1005001967239564
32921646002
33031197341
1005001423122357
32970974332
1005002323259635
4000588378046
4000668783292
1005002122397257
1005001627067513
1005002313808820
4000945273826
4000253644864
32806841233
4000990857809
1005001405403744
4000439644925
1005001438874192
1005002240827251
32969849537
1005002375436036
4001022232424
1005001708006781
1005001340899837
1005002316250855
4000554866943
1776434192
1005001515950394
1005001285996762
32855216644
1005001985410956
4000317662311
1005002244391294
4001325967917
32988866207
1005002052176437
4000368564462
1005002213707173
1005002375116468
1005001506746536
32987135232
1005002119395298
1005001631528471
1005001747106400
1005002315622081
1005001584875594
32907770692
32897813325
4000293632971
32902709765
4001091260207
4000739225371
1005001558350821
1005002460002232
1005002063268565
33053284271
1005002218012762
1005001617695868
1005002372308804
4001238322508
4000057603204
1005002303989775
1005002454244868
32984562675
32818856864
1005002460368068
33004163699
32952766841
1005001877656402
1005001571763257
1005002357597453
32963898205
1005002334801645
33008061824
1005002431797156
4000552050027
4001041358170
1005001867656490
1005002399005846
1005002388517308
32888159045
1005001920752655
32255155947
1005002305758821
1005001996653792
1005001736331809
1005001809247082
1005002040364054
1005001405276229
4000400499184
32951488540
1005001755000660
32947159757
1005002359657620
32923073647
1005001790352672
1005001275098614
1005001605162443
1005001878381968
4001272427718
1149336141
4000203339459
1005001525282711
1005002168266181
1005002314648086
4001337907719
1005002330748589
4001300350339
1005002336910416
1005002199079872
1005002448226565
32831005536
4000977818584
4000153718237
1005002301462591
1005002316555134
4000150611268
32791774777
1005002008882497
1005001871995403
1005002220797421
1005002395660310
1005002312556470
4001013720470
10000395834985
1005001303774975
33041224478
1005001976142560
1005002371570994
1005002220102190
1005002108584121
329047172581005001500114862
1005001866054661
4000771332425
1005001310020120
1005002139059919
4001169724108
1005002130424107
4000230855592
1005001351667226
32919131116
1005002326106504
1005002438805592
1005001903878898
4000090495077
1005001463752461
4001103303892
1005002491031186
1005001685270397
1005001414382231
1005001697839582
32829468153
1005001331229033
1005001375158023
4000046397728
1005002069401563
1005002428966082
4001287980423
1005002368445619
1005002391818042
1005002312038889
1005002182344883
32918124025
1005002398846525
32995385945
1005001376146474
1005002005062419
4001139378214
32751814105
1005002314461711
4000449694974
32928604746
32872987604
4000597117878
4000532861531
1005002348723252
1005001889531366
1005002297118089
1005002429318490
1005001264871297
1005002281758455
1005002305998487
4000309493013
1005002289155679
1005001606978123
32800533444
1005001439153550
4000105760872
1005001950616433
1005001488748489
32842086630
1005001264851370
32856503269
10000395864713
1005001619728863
32694170795
1005001562560610
4000504977347
32837337528
4001195605063
32664865037
1005001703455044
1005002373418905
1005002375531423
1005001996442924
4001240646693
32963528016
1005001989872369
1005002287009727
1005002378460618
1005001625546730
1005001982908628
1005002061600829
4001155070302
32950972282
1005001340833979
32671573749
4001184503468
1005002362986133
4000771481286
1005002241199521
32869102776
1005002328361500
1005001382329645
1005001790320127
10000314741610
1005002494819099
32810377042
1005002321345221
33023821271
1005002263771271
4000270310294
1005001698422681
1005001687705888
1005002302909996
1005002196699950
4000388160510
1005002133015015
1005002470885656
1005002377466438
1005002358009092
1005002426022505
1005001640328289
1005002368593327
1005002000045269
4000287149816
4001000690316
1005002473122004
4000689700759
4001034442644
1005001619718372
4001162291048
1005002315484511
4001024833832
1005001898838584
10000381351081
1005002298209433
10000106672284
4001189115416
32368536367
4000499071479
33002728153
1005002326261961
1005001970473058
32945557469
1005001504763918
1005002236456217
33014075332
4000984230424
1005002058241676
32976068347
1005001281273358
1005002345372559
1005002323973991
33031431670
32984598061
1005002383390302
4001200667960
4000015828353
33019956360
32748470776
32835904236
1005001287175660
32898114916
32934983113
4001003098558
4000902777733
1005002326796152
1005001462501028
32758699257
1005001854101590
4001042383320
4001236463921
32992521841
32946308394
1005001880329321
32680358561
32884432420
4000375834433
1005002489771830
1005002309194379
32463860431
32814502960
1005001454902093
1005002133752802
1005001736678691
4000483829363
1005002322620695
4001293504771
4000390078210
32800419566
1005002313081311
4000738886268
4000854395573
1005001525338679
1005001310332878
32840543239
4000842161486
4001096125874
4000484239709
1005002467521005
4000910498291
1005001657006902
4000509772605
4000219052205
4000584985200
1247259160
1005002317682326
32806789187
4001271715038
32696459698
4000725858747
1005001802648609
32978580079
1005001785800501
1005002232457630
32940600500
1005001355360940
32855277091
32989033543
1005001749208434
1005001780097120
1005001305334875
1005002306918016
32966593094
32808814427
32958862252
1005001689834847
1005001399178108
32951729110
4001335620918
4001041633708
4001041134186
1005002327751585
32347090706
32952337407
32919844621
1005001771755659
4000804160643
1005002452716829
1005001909878491
4000670545142
1005002003583597
1005001627317744
1005002337138100
1005002114379740
32870975917
33015819423
4000801288385
4001221125151
1005002279224035
33052254312
1005001562879525
4000922946372
1005002197903609
4000897711282
4001082703502
1005001952590937
32879269832
4001228768131
32693239830
1005001356261346
4000214609359
1005001975715237
1005002312713111
1005002376518828
32905287670
32996580427
1005002443180865
1005002389516212
1005002490049935
4000406089041
1005001393512193
10000401371862
1005002340813525
1005002035795115
32885073197
1005002224482256
4001219037115
33049058125
1005001458334515
4001333483328
4000312421926
1005002283131676
1005002314433649
1005002324002361
1005002120850929
1005002303625978
33050866652
1005002261405311
1005002275464532
4000474423546
1005001775801088
10000142584792
33038321329
1005001438562777
33021765971
1005001966274769
1005001967220610
32896607601
1005001844180873
32972219640
4001305299697
4001299088627
32999532956
1005002427796117
32952743819
33003546896
1005001392333574
1005002198778281
1005002266730962
32899940383
33034607114
1005002491323747
4000473146877
32951797648
1005002372348484
32897349862
33003802797
4001093836692
1005002240515252
1005001949303320
4000078295109
1005002488972607
1005002425496242
4000116703812
32879679285
32969768573
1005002333565803
4000608154416
1005002394268686
4001247285655
4000990857080
1005002341586299
1005002196578586
32848528192
1005002315871679
1005001429115441
4000972595568
32782338661
32980969344
32857407372
32951540615
32929340820
1005001464750138
1005001950429039
32988421247
1005002298608456
1005001322089391
4000073949870
1005001494781411
1005001749032620
1005001587225576
1005002348680806
1005002389291175
4000593596189
33005869433
1005002454303786
4000958668960
1005002305887676
4001243616109
1005002339829814
1005001831083520
1005001275904742
1005001850349999
1005002328737143
4000264629518
32980141037
1005001360679361
1005001739068152
32834292626
1005001882671005
1005002314312332
1005001484429935
1005002346173826
4000192599424
33042685264
4001039390651
1005002428549644
32849441573
1005001551904920
1005002351226786
1005001659028755
32917129130
32996404829
1005002496313028
1005001399176629
32893983822
4000551340232
1005002267856595
4001100735998
1005002223626125
1005001516039210
1005002263776261
33055072661
4000081497080
32720233493
1005002282703474
33059707962
32227672113
32454395533
1005002493854737
32853143728
32798841603
1005002340748542
32963838613
4000432817345
1005002340284378
1005001483911890
1005002136621756
1005002028057328
1005001704546969
32793934666
1005002080281805
4000219775356
1005002286624751
1005002229239680
1005002487472188
1005002291008920
1005002371442809
32909222539
4000849199100
33021874364
1005002393923982
32972285783
4000618999258
1005002166706129
1005002426201146
1005002418621164
1005002480815431
1005002418630467
4001324288002
1005002293917064
4000068523855
1005002327272221
4000674908259
32962924825
1005002283242234
32799655028
1005002357273028
1005001598740542
1005002064525545
32349136160
1005001305290764
4000062323889
32522385639
4000351327608
4001100796353
1005001944024789
1005002359636779
32966373123
4000197130737
1005002364458761
4000038308866
1005002314504370
32872939988
1005002006500946
32895144527
4001221436044
1005002301140693
4000546540750
4001238551388
1005001499028099
1005002399651786
32869097080
32855459274
1005002277549110
1005002246829881
4001046271648
1005002492014125
4001268335620
1807538608
1773074008
4000986293175
1005002318176691
4000394140667
4001200123035
33050859776
32545624842
32966504544
4000786585181
1005002245301305
1005002347420037
1005001468157816
4000330021662
4000119067725
1199182690
4000107352202
4001034652323
1005002387423653
10000000264642
1005001670740845
4001057908095
1005002112090852
4001199260662
1005001994174285
32997084086
32699362955
32862974777
33031367097
32857935624
32824776801
1005002343923683
1005002457330303
32847867176
32848046943
4001114419273
1005001849004851
1005001437528632
4000212393753
32991603320
1005001513165279
4000472700921
1005002371460640
1005002492547255
32968767590
1005001781086945
1005001990519667
1005002381966352
4001178877566
1005002301277630
1005002243983224
1005001928546080
4000021890332
4000099214810
4001147502364
1005001343389095
10000124048611
4000176928021
32828958896
1005002377108629
1005002476524876
1005002393644220
1005001476445085
32808567086
1005001459253064
1005002372087383
4001267450814
33018431667
4000098902842
4000012344246
1005001556064156
1005001613919002
1005002413235450
32863778890
1005001949659491
32827480090
32606385699
1005002419808505
4000837219737
32975688342
2049038701
1000001751509
4001189537782
32976538688
4000891707886
1005002418543869
4000206125855
32720881615
4001195925240
4000198932690
4001362364595
32823137817
1005002376552232
1005002290645300
1005001956659524
4001120008229
1005001982465630
1352790044
4001169908183
4000022337378
32814439280
32986117625
1005002363523671
1005001357006458
1005001469130703
1005002341978254
32801308754
4000849857688
1005002298908578
4001283203333
33004369033
1005002046336931
1005002259796642
4001295008226
1005001965141530
4000796489903
33040213629
1005002338735307
1005002072178791
32995240646
4000488715207
1005002268034940
32830420656
32316987351
1005001639316852
1005002314364620
4000084693340
32967556815
1005002446654635
4000740014572
1005001731267079
1005002322616922
1005002068002241
4000255486424
1005002193212728
1005001468014418
1005001573781580
4001037856356
4001039375242
4001275788325
4000413667055
1005001543235615
1005002074535841
1005002466085838
1005002069690992
1005002499141264
1005001921785375
1005001798468982
1005002413462532
4000904379649
4000238747397
4001179238662
32976170275
4000401774589
1005002186976589
32888847882
1005001592152904
1005002378586175
1005002374537106
4001361237603
1005001721640936
1005002436820563
1005002442949219
1005002401728713
1005001416027476
32966427417
1005002293915671
4001062644363
1005002426248268
1005002303972722
32848648583
1005002125172902
4000842640472
4001334355246
1005002078289740
4000073415963
4001214221656
1005002313462896
1005002492496422
1005001269910557
1005002275190779
4000818328092
4000630242357
1005002332452369
1005001664375441
1005002454297235
32986432804
4000049937832
32973416942
32996206343
1005002346042711
4001334189061
4001296387693
1005001580355606
10000395951065
32884924766
1005001606320938
4000308159590
1005001626629518
32953009410
1005002339479389
1005002054351125
4000887905618
1005001505530821
32842051972
1005002314142808
33021767114
1005002404571453
1005002281892495
1005002065608806
1005002454761373
4000626080059
1005002214859411
1005002314393818
1005001792239793
32802197115
33057236147
4000863962552
1005001391885641
4000124194190
4000955175289
4001230724141
32566132615
4000812457777
4001135743800
1005001419684762
1005002095179960
1005002337568652
1005001917648806
1005001578835444
1005002122461377
1005001717974747
1005002410830840
4000902848055
33053628718
1005002316286321
1005001940221122
1005001487800543
1005001757505787
1005001381208382
1005002198155475
4000468955335
32828442425
1005001699672120
1005002467072665
1005002205595655
32662919423
32688595970
1005002358086852
4000371295007
4000711624417
1005002286282353
1005001966372737
1005001866905158
1005002376622810
1005001494969852
33007883716
1005001457272629
1005002279093601
1959243421
1005002472457531
1005002231433373
1005001500396419
1005002091635875
1005002264686426
33000187421
32913811393
1005002467411831
4001345373291
32971239190
1005001394071155
4001167688223
4000039120421
1843598520
32953278885
32723672291
1005002382459420
4001238598562
4001040565006
1005002389128345
32900016831
1005002439579140
1005001280449358
1005002272807286
4000826995705
1005001867923450
1005002326554736
32965760311
33008193142
4001241415778
1005002336456401
32844493145
1005001484342298
1005002397896324
1005001797184558
1005001375110185
1005002441712352
1005002412288157
4000631126791
1005002390773392
1005002489396992
1005001613240390
4000811189456
1005002272888359
32963091986
4001282633102
32948564591
1005002314304804
4000916737879
1005002176181478
1005001828369977
1005001584333901
4001209054183
4001076969603
4000173090353
1005002103002965
4001280696861
1005001494905428
1005001325808711
4001167761008
1005002324004583
32814799854
1005001966956786
32974159879
4000790113068
1005002414711202
4001041630876
1005001498533855
32795512415
1005002239201407
4000780653356
4000009557051
4000786432125
4000784529776
4001036674346
1005001865468608
1005002314975041
1005002476044753
32919661776
4001038928791
1005002387015100
1005002375998687
1005002306033505
4000151630931
1005001488318652
4000788963256
10000411905739
4000694565322
32904255718
33011877259
32799292559
1005001570026889
1005002460135213
33012287964
32981152967
4000979073043
4000485007655
1005001452829975
1005002425615589
32959566739
32692627404
1005001869932647
32870939965
4000815950270
1005002234254118
1005001445780638
32867873881
1005002294896891
1005002432947315
1005002453053852
1005001503050096
4001361151194
4001285862785
1005002246725355
1005001612595649
4000922183009
32895104725
33027549156
4001022726424
32512174360
4001174782565
33064455618
32534215076
32416123121
32806640462
32884295915
4000937416766
33058259000
1005002314388218
4000346309507
1005001860410725
1005002482947836
1005002485745642
1005002322003827
1005001435873562
1005002342588221
32800808186
4000712047912
32803032910
32957393326
4000794018160
1005002497158238
1005001759014124
1005002297576254
1005002423176215
4000898684195
1005002363781836
32869249795
4000905695380
1005002357313354
1005002246462459
4000236581472
32853334978
4001270448388
32913199293
4001202999121
1005002177763851
1005002459123957
1005002380436413
1005002296996177
1923505910
1005002231391010
1005002468542124
1005001935736763
32907335782
1005001757965091
10000025580272
4000887290151
1005002255569027
1005001795416693
32710289839
4000283428517
32981343990
32855041663
32820487328
4000245992154
1005002281011173
4000135375903
32767233428
4001089194052
1005001580027195
1005002389131090
33034393888
32868180602
4001347340972
4000929476102
4001124528925
33006455026
1005001511516400
1005002211443229
1005001309578016
32905370339
1005002182245085
32915533547
32868234773
32865597478
1005001496449623
1005002485751535
4000683817784
1005001265331900
1005001736740563
1005002462384892
4000548390313
4000241076169
33010202579
1005001665858136
4000629037192
4001222767001
1005002497047574
4001249198868
1005002264331969
1005002394950634
1005002418589139
1005002041888995
32919917854
4000539436957
4000735920370
32975611351
1005002094549404
32810011711
32965589793
4000794165510
1005002305144221
1005002288948505
1005002377377967
4000464777170
1005002393476969
1005001609792108
1092463081
32355166363
32542855007
1005002258100369
4000777497841
1005001872940479
32870534873
4001220073205
1005002264497775
4001202776215
1005001397875325
1005002243996255
4000836639140
4001129492115
1005002368517834
32980465593
4001282516149
4001050803452
4000216043919
1005002277643645
1005002364069201
1005002411512289
1005001438822326
4000385163097
1005001599449892
4001040855777
1005001314792789
4000768431617
1000003602433
1005002083553944
1005002243910658
1005002282595353
1005002194291590
1005001409257542
33060280934
4000459475989
4000791500448
1005001445110297
1005002490104081
1005002217595452
1005001984323764
1005002084176942
4001128211952
1005002292970747
32921710890
4000156317474
1005001888819913
32965087829
4000411193883
4000061705345
1005002139327367
400131823241632920632402
4001241272270
1005002449086559
32803792681
1005002341400207
32598961902
4000695114910
1005002305935576
1005001813398441
4000699898473
1005001710591312
1005001670721873
4000360401214
1005001884090503
32978555019
1005002485449493
1005001626394152
1005002174764044
1005002364654007
1005002247706878
1005002276515095
32318880933
1005002398512253
1005001314364619
32835754527
32979859459
1005002219153796
1005002074717423
1005002317752972
1005002346052668
4001286543018
32908413643
4001232159926
1005002143422551
32979703713
1005002317086308
32861558441
32847112929
32920985423
1845837061
4000039926665
4000035644419
1005001580999164
4001195094681
1005002328627727
32842813619
1005002489628872
1005001763666652
1005001350667718
32968081600
1005001727698335
1005002344135750
1005002370601971
1005002456788438
1005002474248615
1005002156679342
4000095305726
1005001730821317
4000197009823
1005002171681763
1005001641003018
1005001782869944
1005002175386405
751628911
1005002011989375
32950181347
1005001304569820
1005001896898487
1005002250521159
1005002315023864
4001006901354
1005001512889359
1005001561217874
32729174376
32863511509
1005002328992590
32971789376
1005002357136804
32866877452
32844031416
32599732189
32852887545
4000379010151
1005002301280063
4001294240366
4000336855038
4001095360564
4000823379262
4000917923287
4000842982422
4001097572638
32969444183
1005001339844569
32967244021
1005002046489011
1005002317593292
1005002035601956
32889558546
1005002303947998
4001266578371
33040103735
4000166485265
33058897735
1005001479836959
1005001588636237
10000052719518
1005002342706768
1005002405475812
32363575704
32967628482
33045421266
4000186290103
1005002410024650
1005001610108012
33037500372
1005001593451137
32968087630
32664384310
1005001292577950
32820310108
1005002383301614
4000148430541
1005001488590333
32989276420
1005001507359678
1005002124664430
1005001940359792
1005002283129723
1005002290083769
4000030601697
1005002302571787
1005002436098175
1005002485256860
1005002416480838
32821660136
33001138799
4001227401730
4000496644668
32966829235
1248807779
4000479753356
4000811154640
32795466678
1005001326099290
32864906280
4000589900370
1005001284676889
4000902583755
32959117656
4001136889154
1005002438887589
32822225854
1005001853203948
4000522395053
4001230864765
1005001859962139
1005002199056937
4000714925495
32682158917
1005002240629656
1005002381356669
32858390688
4001215211159
1005001561346525
1005002443321802
32265431684
1005001658039142
1005002469660608
4000955819660
1005001348112073
33018689364
32961640704
4001015198371
32915721102
1005001983003216
1005002381095890
32820821856
1005002006517188
1005002321128091
33025723042
32958977796
1005002394583927
32842885662
32792365125
32827585358
4000002968535
1005002276131621
33061143406
32993487817
1005001950309373
4000089951047
1005001379157198
1005001765055300
1005002283532042
32822270510
1005002314260368
33041930124
1005002482356066
4001118583928
1005002314549636
4001278139355
1005002314457165
32511234387
32997750397
32434304955
32851836203
1005002312503975
1005001329366899
33044414586
1005002382125640
4001273178539
4000698374145
1005001709358267
1005001597569994
1005002156659467
1005001737207464
32766652875
1005001989809488
1005002316780953
1005001738096153
32866241798
32820669707
1005001971605326
1005001669381616
4001303207517
32869381680
4000196148468
4001359807118
4000600283707
4001189500697
1005001563088297
32895128379
1005002206402257
1005002368660990
1005001469158563
1005002345977797
4000006187215
32699432912
32995923508
1005001515260722
1005002052514543
4000238766145
1005001633138085
1005001447182962
4000884053994
1005002347499694
1005001369624530
1762201349
32971607071
4001310786737
32880756444
1005001731580478
1005002358061930
1005002017165998
1005001746562385
1005002177634157
1005002252104244
1480375714
1005002312058709
4000791144649
1005002117435895
1005002059526617
1005002077544159
4000402353461
32995050662
4001093668412
1005002399012546
32859323469
1005002334269681
32786205580
32903816974
4001131995020
32913192487
1005002457577780
4000677518586
1005002350480239
32913975569
1005001720822862
4000554900752
32854867411
4001196643229
32870410198
1005001771055236
33006894092
1005002049327376
10000300127402
32885779812
4001134755490
4000399761708
1005002413300261
33009696998
1005002357280712
1005002340580964
1005002321182838
4001313491405
1005002243198692
1005002383855440
1005002234959809
1005002238004053
1005002388401016
1005001483228918
4001078977018
1005001304083810
4001075127308
1005002460183997
4000348436633
32827021503
4000200528153
4000886804757
4000024644523
32918398595
1005002310494278
4001295786704
33058561816
32919341609
4001097626099
32948759402
1005001576943342
1005002394843626
1005001966679910
4000544407318
32877323184
4000700855204
1005002021868084
1005001493547838
4000114914781
4001183782933
1005002375705986
33003016777
32917038282
1005002240167108
4001111581923
32981860048
33027903358
4001324021818
1005001491435984
32956016851
1005001579237903
1005001334246191
4000039267428
1005002295349957
32806425549
1005002359783690
1005002239876313
32583848779
32985397977
1005002012301554
4000311655642
1005002291629210
4000767999289
32819382403
4000794213263
1005002387373869
4001332586124
4000803580405
32886011852
1005002424062555
1005002425634256
1005002291347264
1005002264991697
32435253284
1005001970937261
4000256260572
32806287167
1005002225822234
32916307086
1005002490203580
4001263488418
1005001477785151
33030578002
1005002322671837
1005001841862163
32975484611
4000546648468
32918712264
1005002443869857
1005001656820965
32986864416
1005001835624913
4000987404629
1005002314606077
32672654504
32952899327
1005002319665481
1005001397123009
1005002428835541
1005001445048777
1005001483134163
1005002317253203
1005001734201208
1005002405345002
32887442716
1005001899350005
33003876413
1005002465476897
1005001354722383
1005001665794318
4001144137377
1005002340329740
33003421116
1005001402889424
1005002313821734
1005002466495032
1005001902824398
1005002306476034
32961705272
32945685054
1005001381281609
4000387333424
4000767727042
33001751468
1005002029524313
32953693281
1005001626691267
1005002238130371
1005002217239226
1005002351471340
32959394332
4001112152098
1005002321903983
33021114869
4000427142138
33021205309
4000319120831
4000176985348
1005001834797400
33057946953
32856373671
1005002055596170
4000904420968
1005002380776733
1005002211241483
1005002363630092
1005002191075457
1005001601068544
32953400533
32838623786
1005001355707426
1005001579952311
1005002417134686
4001149110466
4001106040955
1005002357252436
1005001711210381
1005002459056147
33001331601
1005001874640548
4001161687222
33027148769
4001165647788
33037609691
32543598377
33035044401
4001343935934
1005001506535461
33010887526
1005002253122299
1005001922178086
1005002320253370
4001238541403
4000897617004
1005001358988995
32901102654
33052345566
32951225837
4000327282973
32889910897
4001260515308
1005001451861301
1005002052235570
4000840304546
1005002047672164
32975738934
33056301611
1316116399
33006180795
32466860509
32888091692
4000338135628
32873301893
1005002231684379
4000478254956
32839617028
4000047688921
32962400429
32867592059
32844222543
1005002370173265
1005002107716590
32861521288
4000367128488
1005002328391125
32970609706
1005001285242720
32661333198
4000789975877
4001171627222
1005002395804738
4001010968181
32950977202
32816315947
32882340562
33012058438
33040937922
4001137877179
1005001543375257
1005001482055522
1005002359175730
32566240271
1005002229137484
4001351291062
1005001626023685
33014815121
4000454797719
32923677193
1005002390943186
1005002367541885
1005002349712088
1005002103517474
4000411539271
1005001681815708
1005002481676135
1005002357592358
32787487952
32803328264
1005001765198234
1005001994570980
32884940306
1005002314794752
4000842642579
1005002079648165
2036610781
1005002140723886
1005002274083042
1005001844326909
32377881476
1005002356785567
1005001597344261
1005001922528230
32800143343
4000169427360
1005002203791212
1005002351266849
1005002470997225
4001062516354
1005002350978781
1005002280653111
1005002252314514
32345515073
32822090671
4000843329464
32879640799
1005001864593762
1005001742567529
1005001814121686
32635517466
1005001816849880
32926068628
1005002394966632
32906637703
1005002260379918
1005002319290781
1005002324857230
32836428537
1005002372064355
1005002398147932
32964787426
1005002376695910
1005002330632345
4000101947830
1005002196132352
32896880709
32952892856
32978636613
32217722264
4000784151401
1005002028531188
32860178398
1005002372743481
1005002396600222
4001152509530
4000925620187
1005002125781318
1005001623355738
1005001571153398
33037180248
1005002448725817
1005002079691661
4001260703162
32827009081
10000355141343
1005002425780818
32904692073
1005002412066745
1005001686082381
1005002298886679
4000046183888
32918754616
1005002307980966
4000872343118
1005002421493431
1005002275694512
1005002079116539
1005002461348057
32989603712
1005002288606545
1005002219383167
1005002239196867
1005001298509537
4001313669536
1005002276352344
32818790591
1005002362926719
1005002334427213
1005002213050483
1005001339152791
4001326599231
1005001356489809
4000197552569
4001115544556
32844697489
32848343625
1005002362738361
4000349314363
32730410150
4001108292033
32840385350
1005002455287034
4000232381076
1005002324343667
1005002454839703
1005002315832018
1005002310593238
1005001867363258
1005001496273829
4000703396249
32862593705
1005001579150684
1005002150038767
4000264019759
4001360741279
1005002299749090
4001299459808
33020854720
1005002411166814
1005001996604467
32904109634
4000059512392
1005001910302740
1005002218657713
1005002322716953
32904398489
4000488771038
4001244674492
1005001265493073
1005001924589739
1005002211905713
32944275238
1005001693895106
4001204590160
4001221088236
1005002318326806
1005002008082498
32830291472
32856718577
32684804717
1005002351732172
1005001329736910
1005002490404892
4001308295056
1005002017023980
32895842186
1005002239070928
1005002310311555
4000120380673
1005002449536679
1005001950129735
32675346749
1005001429534244
1005002339412989
1005001878734519
1005002372270105
1005001419355720
32910981588
1005002253168219
32964706092
32399370690
4001289020629
1005002370015851
1005001349934752
4000204325575
33042439269
1005002264569450
4001224026303
1005002483948564
1005001326743495
32682075481
1005001821027493
1005002409427138
1923099905
4000820853433
1005001679856138
1005002443362267
32957501754
4001155596378
1005001328857719
1005002420316106
1005002409216833
32701502433
33046004537
33018274818
1005002247404156
4000132708807
1005001509839792
1005002265342244
4000545848392
1005002404205415
1005002320704747
1005002467713271
1005001288925170
1005002254865562
4001068334880
1005001468687375
32855069661
4000289777552
32726008354
1005002355545743
1005001894371173
1005002328436913
1005002103308851
32932616504
1005001883432034
32863567273
1005001609680863
32840481624
32976946154
1005002224536874
1005001628155098
32834092247
32892906907
32846576625
4001225320064
32946568569
1005002393232751
1005002386894876
1005001658519183
1005002424973878
1005001295489018
4000033029221
1005002394851565
1005002228000329
1005001298953959
1005002122519426
1005001890729123
1005001694022308
32630691621
1005002026602589
1005001567284459
4001260395283
1005002377360793
4000663870920
32429869257
4000937870260
1005001439114782
1005001413790343
33013911626
1005002476600717
32958840203
1005002276172378
32756787608
4000549384996
1005002176575876
4001230408762
1005002420729441
32805169806
1005001623531679
1005001988500188
4000494161755
1005002011552438
1005002390447309
1005001703266793
1005001497166046
1005001525545161
32368554982
1005001612174139
32869396281
4000576215313
4000199822699
4000726956141
1005001301989403
1005002329694618
4000898708481
1005002315754450
1005002457117050
1005002357703161
1005001855344617
1005002219725876
1005001973834308
1005002339870539
4001187002920
1005001856515688
32872400394
1005001567578433
1005001728064683
1005001589015580
4000987032073
1005002321541056
32815864647
4000303753422
1005002314304379
1005002073286142
1005001997130635
4000339680477
32863843991
4001266018070
4000953750794
4000382939424
4001196583636
1005001913802644
4000626177737
32803526305
32701425123
1005002122392315
1005002290057310
1005001803514967
4000625600468
4001229270559
32983750679
32807786692
1005002392820743
4001157701957
1005002306086568
32818441705
32840549052
1005002386473325
4000812281144
1005002337245219
32981657218
4001134298773
4000973597199
32794322514
32858509492
1005001652082869
1005002269223742
1005002357443376
32864092597
4000614833089
1005002124912479
1005001333779460
1005001478273549
32923359892
1005002271452587
32887775243
1005002256497512
32826955050
32911753525
4000910620988
1005001464219666
32840728342
33062714773
32967296568
1005002390036877
4000909590257
32964045305
4000938611249
4000001831961
4000555523526
1005001786701858
32901994566
1005002254778473
1005001884420134
4000133106533
4000464770847
1005001830408006
32814123598
33053532543
1005001444595815
32789637888
32394328774
10000262584945
1005002319528525
1005002317174308
1005001605106710
4001297085663
4000003879018
1005001525507246
1005002305348503
33019406437
32967133545
1005001956753769
32698216201
4001031102288
1005002367832775
32803255353
32842555112
1005002086395291
33014838258
32795004656
1005002404089558
1005001926411905
32961986347
4000823035115
1005002345263861
1005001536758941
4000887231308
10000330002195
1000004620505
32562684301
4000833586671
33008545237
4001207433436
33008178933
4001027827127
1005002314211414
32898276496
1005002326584765
4000279906630
1005001412759390
4000423795716
32906418630
32963274421
1005002310577259
1005001890239322
4000305144231
1005001386142555
1005002297687859
4000854852529
4000726349666
1005002075157200
1005001434273341
1005001267083470
4001223684163
1005002425580405
4000466512631
4000979715364
4000609569580
1005002074780088
1005001946611456
32856502686
1005002317631726
32864816419
33057947537
1005002307980967
4000758125255
32970016335
4000850387987
1005002183786100
1005001798823266
1005002028063370
1005002364040976
1005001978206103
32951295478
1005002120373856
1005002316542058
1005002432386655
4001039222071
1005002016721555
32894990251
1005002259072956
32869328044
1005001992414689
32978434275
4000955214676
1005002268392123
32952696754
32960781342
32876608097
32794257273
1005002327270946
4000542911886
1005001591878675
1005001502764239
4000641861957
1005001537272731
32985019413
32966675998
1005001334181771
1005001822198257
1005001830319220
1005002497467402
32901031497
1005002040189222
4000540122877
1005002495201686
1005002122239992
1005002055254151
1005002065647518
4000989972628
1005002277316381
4000498598031
4000068500376
32918840402
1005002313946632
1005002032174500
32285211436
4000906191399
4000868011010
1005001536781199
4000191581836
10050016957995304000324354885
32791321032
1005002324063465
4000735734601
1005001854588764
1005002267692126
4000236480954
1005002033274206
1005001728320589
1005002146570217
1005002002491662
33060052121
1005002012905091
33005234008
364924640
1005001600054206
32945412613
4000063613794
32951131662
32999848304
1005002427101513
1005002347280881
1005002313939911
1005001436772885
1005002023951326
4001203422160
32840180202
1005001822008167
1005001440817460
1005002233637249
1005002353208488
4000858469937
4001275037656
1005002278746784
1005002399581927
1005001381196719
1005002264534616
1005002228378362
33028306391
32863069431
4001098227648
1005002406589880
32845757660
4000341389743
1005002372131369
33000813779
1005002433091442
1005002085404771
1005002323287556
32980832789
1005002177468281
1005001466324743
4001042675488
1005002364427188
4000741625784
32842863103
4001247591368
1005002363476527
33004816030
1005002323369482
33034922905
1005002409325228
1005002175478754
1005002273946471
1005001941671425
4000423933602
1005002059799988
33047929014
1005001793094411
1005002464936064
1005002434156437
33014613426
1005001611375948
32940736759
4001214356200
1005001961995911
32800776645
4001199300393
1005002328423898
1005002314258743
4001090373042
32815753287
4000696058035
33038638434
4000122398787
1005002008423097
1005002425704456
1005002275166718
1005002194172045
32796089013
33001672750
32829998442
4000826424329
4001216445527
32825420125
32818673053
4000410604554
1005002262200803
4000038292616
1005002357487287
33057803192
32913075105
1005002301456654
32368492945
33040509130
1005001857179411
33011513875
1005002340567977
4000113475033
33013676482
1005001302113003
1005002275901462
1005002285072059
32917433783
32804394447
1005002400016228
1005002053395754
1005002420864288
4000264421774
32948414194
33014839904
1005002319461106
32775005758
4000961342627
1005001670816457
1005002175642422
1005002319657013
1005001367691509
1005002352110107
1005001500300270
32900867690
1005002091169364
4000715178248
4001218246135
1005002365137347
1005002488699515
4000186433856
1005002286283599
32916667107
4001315565214
1005002413401808
4001114401543
4000894733109
32866685237
32544051184
32694297483
4000095641434
32864567314
1005001448717834
32890777629
33011552374
1005002347840014
1005002333768201
1005001619599418
1005001896245890
33061746104
1005001978005722
4001265497851
4000570875912
4000975201420
1005001604186504
1005002311197616
32844660141
32892488295
32608361707
33000945855
1005002328420176
4001117937511
1005002146587530
32808709997
4000883946593
32997686494
32911056012
1005001881292398
1005002395125214
32814736461
4001361001894
1005001287991980
32982339431
1005001617167512
10000007733994
32998788858
32834446661
4000053708221
32948381572
1005002464671188
32967146405
32708883158
4000371291951
1005001345647808
1005001741062822
1005001493167711
1005001374819995
32792390311
32526201511
4000682375629
1005002425210870
32951908412
32970823400
1005002348540065
32919613648
4000414356119
1005002427063154
32708093246
1005002346944310
32989627499
4000310718053
4000997105109
1005002004696670
4001039834367
1005002435575223
1005001586130701
4001275452796
1005001763955962
1005002388882164
32965135382
1005002097303235
1005001834152439
1005001394000962
1005002398738601
33001859778
1005002171532483
32948189813
4001203042533
1005001772036084
1005001907177436
4000348604951
1005002433242686
1005002345230040
32832153289
32777105216
33051963070
1005002275647021
4001030595796
1005002323732633
1005002476308073
4000807399920
1005002008197553
4001050304647
1005001754084329
4000083144399
1005002344369194
1005002275469830
1005001564668170
32859252775
4000261078181
32982463303
4000584743136
1005002233133414
1005002363823829
1005002388356568
1005001805449212
32986599249
1005002019320500
1005001780739076
1005001635374324
32869875329
1005001499438014
4001228496309
1005001592548299
4001360049871
33055303196
4000219159215
33052470295
4000241013229
32829792868
1005001494693583
1005001499121208
1005002252227485
4001274964394
1005002388273837
4001297359259
1005001587836103
1005001762898642
33011487555
1005001873254484
1005001315118121
1005002360067617
1005001953525678
1005002489966516
32828397002
1005002324617883
32829845660
1005002333138978
1005001731917474
32922236526
32819453535
4000249525248
1005002315035690
4001039361562
1005001763059685
1005001493344279
1005002487154787
1005002249034028
4000033977667
1005002179280557
4001176434682
1005001917582392
32878182686
4000425214266
4000094108680
33017395850
32996256443
32968371299
33054957622
1005001349998214
32819274653
4000799355846
32889724408
4000267256534
32382336205
1005001468020539
1005001625134550
1005002427841622
4000438277163
32987482044
33008797886
1005002315190824
1005002425229978
32907004083
1005001968280632
32652711853
1005002314470063
32893184234
4001244908822
1005001511336022
1005002350614979
4001294915058
1005001948512550
32899775407
1005002471698167
1005002329099696
32973352681
4001230351584
1005002070059796
4000336985710
4000090236545
32819783755
32811152330
32581857360
1005002203559913
32884524113
4001066103494
4001225255366
4000554810368
1005001320124270
1005002099517195
4001316331686
1005001679186607
1005002333167290
4001007312890
1005002413868810
4000964581780
1005001397445773
1005002346305591
33056634817
1005002221685453
4000844963526
32688196928
1005002490939066
32855323940
32700015622
1005001927144100
4001010977954
4000472452511
4001038309714
1319006094
32806028666
1005002328718365
1005002412705340
4000468476741
1005002426158342
32930949665
1005002322370908
4001068180500
1005001273816810
1005002383519928
32826452017
32915265092
10000012931972
1005001606473149
4001227014244
4000042486134
4000910260674
32999837761
1005001843597321
32967348326
33048279108
32974955687
1005002394455070
1005001616709847
32770908819
33012829180
1005001382378266
1005002167851694
32962088222
1005002358752033
1005001957440430
1005002393757544
4000107574247
1005002352487360
1005002231630454
1005001607642770
1005002416479690
1005002454252655
1005001757440925
1005002313113312
4000618046221
1005002085787543
4000850667764
4001276246848
32322696544
4001013001641
1005002314128830
32973040959
1005001617135601
32904526469
32809679654
1005002377313293
1005002328618128
4000301219803
1005001785349302
1005001546726740
1005002485098450
4000758569172
1005002319361952
32887897384
32977000788
1005001893149749
32845674654
1005002440208595
1005001956725250
4000800972771
1005001834863130
32896118382
32994799668
4000602573883
4000300928398
4000054396975
1005001515832699
32952534422
1005001444847799
32844707935
32819465721
32301385325
4000162437810
1005002430364794
1005002460218882
4000432810728
32629267199
32998135693
4000965358788
32991401874
1005002395979678
4000606338246
4000114619105
32859227557
1005001880445271
1005002489124565
32965638287
1005002330531928
4001283911407
4000385337149
1005001695475873
1005002305918836
32819510769
1005002394985700
1005002275580593
1005002316852648
1005001870106629
32918702424
4000672431768
4000467607350
4000005611179
32700007927
1967529535
32967904424
4000080540672
1005002050560644
33005196410
1005002300229965
4000546656172
4001143500650
4000112161011
32820361641
1005002323472711
32947123547
4001083007322
1005002065501146
4000333074776
32958120820
32831969496
33014159369
32887442025
32737166530
4000162741561
1005002383080930
4001144943486
1005001585737864
4000945331421
1005001559896859
1005002367278489
4000178127355
4000615108605
4000259233715
1005002391432323
10000195125968
1005001952997961
1005002482312893
4001163072945
1005002185668899
4000081684814
32830669073
1005002288652638
1881050850
32839044022
4000437460294
1005002052484628
1005002305702787
1005002467756666
4000588649519
32534100803
1005002204501835
1005002344045096
1005001647352403
1005002252601942
32992435628
1005001739426952
4000773652048
1005002397850096
1005001693471836
1005002366063460
4001343841031
4000627964685
4001084446241
4000456796256
4000094027660
32696162334
1005002270365559
1005001531235280
1005002314396936
4000933868181
4000718158449
4001345751138
4001024759954
32995332941
1005002474111412
32531955658
1005001894280548
4000960844928
4001183900055
1005001935792706
1005002454275991
4001056964478
4000039100966
4000381815935
32818728960
4000268715993
33011409395
1005001450653564
1005002324898683
32892475984
1005002063770134
4000396849293
4001204835107
4001037679099
4001042011638
1005002242783863
33054518266
1005001406058001
1005002128223208
1005001360507103
32793465109
32893554287
1005002383180960
1005002315430828
32838282012
1005002300221537
10000091656810
32993509801
