33015922018
1005001625005113
4001217923113
32856025559
1005001483860285
1005002055115159
33058461412
32233412979
32841893096
1005002273985321
4000052882233
4000534308370
1005001815663604
4001152800373
1005001861108712
1005001644945720
32895909651
1005001511513853
1005001377501939
32886623479
1005001556118866
32994976753
32974009815
1005002482323012
32392162458
32920294930
32723115177
1005002431372515
33060367874
32892278496
1005001603644257
1005002312907948
1005001731265799
1005002238487430
1005001658423356
4000539690173
1005001314711390
4000096687351
1005002374639096
4000011136128
32912314834
1005001941194311
1005002282144329
1005002396151594
1005001511555724
4000077155066
33025844375
32840599695
1005002269602471
33026335580
33011587680
1005001557625786
32412934560
33056160434
4000226671124
1005002263982591
32954318083
4000641371988
1005002365733629
4001107178778
1005001868195005
32982606613
4001038428698
1005002317238226
1005002095171591
1005002224845525
1005001576703640
4000800225305
1005002224335340
1005002292702861
1005001470388839
32819288570
4001333406288
4000768493493
1005002315904419
4000511962953
32961522766
1005002340985456
1005001378198128
1005002306623753
1005001431494336
32858332359
1005002026741844
33039734754
1005002314399912
33015670084
1005001864615264
1005001560775253
1005002318363267
1005002302214953
1005001752768946
1005001518686932
1005002148036516
1005002322559705
32968085455
1005002419384888
33041115162
4000782360323
1005002050206133
10000003630029
1005002438488418
4001160145817
1005001467949330
1005002323147106
4000059234361
32962833700
1000001226638
4000886279395
32964845342
1005002394787873
1005002289534501
1005001702081555
32685991280
4001351535571
1005002276611462
4001204284560
1005001280298525
4000399648085
4000459598338
32934626770
33047712910
4000373470367
1005002010978766
33025165096
1005002296642842
1005002330707695
32818762340
4000879198928
1005002270495620
1005002268132640
1005001546759385
1005002187017941
1005001629392243
1005001648534781
1005001916002186
4000853880420
1005002316864370
1005002244924242
1005002393344672
33003924953
1005002015685014
32698440536
32981066002
4000548066223
32673333835
4001050376040
4001131991521
32733662703
1005002417005565
4000061204719
1005001515774882
1005001658711562
1005002089718500
1005001355356988
32584053081
32922442795
1005001675340592
1005001996959671
32918290826
4000943114516
1005001308216064
33047900611
32965128403
1005001581405014
1005002373056388
1005001395438107
33004770145
1005001587225202
4000838327533
4000057201172
1005001345176395
33014571387
4000774926322
32984254354
32348565097
32974956549
32962088966
4000839496923
1005001836164281
1005001997480135
32951808781
1005002258678910
4001230406223
4000475337390
32321637082
4000389516098
4000935431260
32815468735
4000201138623
1005002298425808
1005002219544247
1005001406523989
4001278048045
32846598096
1005002315646006
1005001966516979
32885809063
4000516687048
1005002485101935
4000792563276
1005001977866162
1005001659185572
1005002158971404
4000641024135
1005002498629063
1005001502877610
4001109111745
1005002357456316
32864848973
32962571985
1005002257726538
1005002252311300
1005001441437609
1005002475451313
32880578230
1005002356475422
33036373842
1005002476565887
4001094948222
33056583733
1005002298889550
32993848510
32858055539
4000155269112
32968715276
4000405308706
4001268532602
32424862387
4000017327593
1005001572430933
32861200342
1005002198645990
1005002042994526
1005001714324261
1005002142740134
32804568358
4001205159118
32378151809
33016993838
4001091459092
4001320534878
33057778598
1005002284036066
32975982570
1005002390920363
1005002398429653
4000796199233
4000201165944
1005002236448562
1005001453064576
1005002406908898
4000853682948
4001043585826
1005002271009330
1005002374782849
1005002281583340
33002397203
32882135861
4000884242151
32683500700
1005002281344092
32668903631
1005001555502835
1005002459074770
33034315026
33045949698
4001344224223
1005001878383658
1005002332906509
32699238223
1005001496560326
4001340222667
32999892012
1005002122312878
1005001889355098
1005001525396526
4000035180404
4000221880211
1005002393941309
4000370925453
1005002456779511
1005002485666674
1005002302603516
1005002323277796
32913967477
1005002314402005
1005001413361208
1005002369946855
1005001399244976
4000890998773
1005002043782380
32957392052
4000680877270
1005001437742447
1005001698434316
1005002260008049
32354368732
1005001929808029
1005001845668222
33009817189
4001194342492
1005002333114534
1005002377114954
32884772619
33010238026
4000164164102
32865653066
1005002027720393
33056500206
1005001730645554
1005002396411773
32878997219
1005002446842400
1005001824087386
32655376308
1005001971180496
1005002377729979
1005002239257274
1005001836393830
1005002085559411
32673117130
2052007389
1005002212491703
1005001367676088
1005002176731924
1005001361044885
1005001889640167
4001347667628
1005001966530220
1005002315179909
1005001836407943
1005002378639121
1005002364120510
10000315932336
32781813474
32972501899
1005002292920664
4001290295053
33055695846
1005002035611148
4000673579522
4000106619095
4001227359323
1005002429069602
32807548563
1005002031222568
1005002443164885
1005001876820151
1005001627053262
32884323994
1005002236260144
32807593045
33016396788
4001297568027
1005002388438411
1005002453519668
32902538669
1005002305984080
1005002334639127
32856282623
1005002211310275
32872347763
4000808355452
32857479886
1005002304402143
1005001692898367
32847549990
4001079896317
1005001565583936
4001071934544
33020569013
1005002272616188
4000580005674
33046035355
2013319538
1005002187668968
1005001790373106
1005002345634983
1005002302067310
1005002247373676
32963407538
1005002167731608
1005002124703967
32981017556
4000032387046
4001203893917
4000715188364
4000426993664
4001015664775
1005002381175406
1005001847302214
32855152176
1005002281381574
1005002318616780
1005001854112349
1005001948081150
1005001763436527
1005002350381549
32791204088
33013089081
1005002293155648
32810144511
1005002482044726
1005002439437124
100500134151708032957666501
1005001997171667
1005001778379923
1005001374155180
32738411403
32917206384
1005001825145995
32961684165
1005002362920211
1005001417523947
1005001993555418
4001164914305
1005001800891004
4001155770109
1005001795142195
1005002418659324
4001289966033
32962281008
4000786885059
1005002480141056
32809405272
1005001593714118
1005002289750187
32731659416
1005001550641074
33029610804
32877790826
1005002191127618
1005002383530742
1005001470439449
1005002193705832
1005002272552875
1005002319230927
1005001657038121
1005002080633845
1005001627452405
4001155775126
32868946133
1005001848861420
10000169760332
32851090426
1005001602245072
32968856499
1005002256739569
1005002393494449
4000301289054
1005002350749396
1005002059117240
32461721789
33053281521
1756349183
1005002486376007
4001281510810
4000850327802
1005002039085933
1005002396756994
32815740784
4001064902790
32844107164
1005002363486002
32897537766
1005002113401106
1005002222092745
32985615473
1005001368681889
4000223998054
4000419710009
1005001551134900
32696092217
1005001971918643
1005002087102569
4000686977287
1005002333569990
4001365262585
32952960167
1005001628304338
4001278863740
1005001287634734
32885879436
1005001924339486
32870740679
4000415073944
32850136926
1005002318752525
1005002354377767
32707068912
1005001458166506
1005002424453620
4000693552350
1005002254326244
4000166104204
1005001469976144
1005002371814858
4001322021760
1005001830637430
4001292728362
1005002234059563
32875972935
2023553192
4000171556461
1005002368997020
1005002447777936
1005001345671803
4000947620194
4000035828793
1005002435177806
4000103993709
4000630984467
1005001646729665
32857902848
1005002046430627
4001250792223
32922924781
1005002483063575
4001110904070
1005002447626994
1005002265052391
4000557660253
1005002388302990
4001037660278
32831245569
4000543479723
1005002381899031
32955931342
1005002312176288
32899609862
4000332704561
32818094680
1005002233690771
1005002392945316
4000436608458
4001066218282
4000893625934
1005001854485406
1005002042380896
1005001896901589
32863483150
1005002002976621
4000740529306
1005002324656460
32970578362
1005002264614321
1005002373842063
32950843909
32937088789
1005002460792535
1005002490568348
1005002386656527
4000067180888
1005002035783586
32886346789
1005001705896567
1005001566288040
33014396471
4001135537304
4001314967908
32974359337
1005001387081129
32835939028
4000265289640
1005002309122877
1005001381126804
1005001616403943
1005001652779308
1005002416950867
4000533120013
4000691440123
32608731052
1005001425233931
4000132934285
4001218043558
4000781857222
4000863226035
1005002314536211
33002864555
4000690528403
1005002180607067
10000302300695
1005001582560461
1005002468918932
1005001494191243
1005001885066802
1005001570966151
1005002348220678
1005001868072503
1005002377411907
32838739927
1005002211859228
4000688649701
1005002351507180
32908802387
4001272210961
1005001314746709
1005002253212090
32852063801
32964846559
1005001659458675
1005001992319581
1005001580067655
32863952247
1005001598355234
32858298325
33029326073
1005002310029766
1005001441286831
1005002367840978
4001230451861
1005002129648079
1005002379186264
1005002315230794
1005002490422314
1005002431032646
32913638115
32236242106
1005002265851340
32813217513
1005001580315964
1005002272066678
4001264126149
32968468041
1005002323387984
1005002361420904
4000895661996
1005001445997291
1005002434207372
1005002332504469
1005001501285931
1005002397889255
1005001526196394
32805015914
1005001536693678
1005001290395446
33042620524
1005001602438729
1005002312234298
1005001600793681
1005001731933294
1005001381138952
32885345845
1005001948951854
32712625953
4000151705676
4001241831797
4000959212851
4000925515419
1005002475824572
4000349747824
1005002412800546
32919657974
1005002305296040
1005002293745726
4000330523604
1005002388394313
33048980222
4001155323512
1005002293855577
1005001671183945
1005002391057858
1005002497038161
32465557336
33004297652
1005001586825054
32969966512
1005002351805628
4000058384860
32956625264
1005002234474387
1005001430311402
10000423251136
1005002417193370
1005002282800949
1005001639291818
4001227199285
1005002382449721
4000430101120
32957497710
32442750237
4001220982441
1005002275422490
32892215186
1005001265396829
4000925698644
32947148662
1005001469926257
1005002314606314
4001259765791
1005001999986440
33063406421
32859396227
1005002333712748
32950742512
1005002271461791
4001278114654
33049698640
1005001664823257
1005001929292831
1005001645217925
33050694414
32537578443
1005001980251473
1005002029984923
4000582688101
1005002487888812
32904301058
4000509698259
4001264023890
32861669857
1005002366046382
1005001671893289
1005001908192726
4000519684748
32970949672
1005002287588614
4000849274697
1005001448517871
32846730279
4000308414181
32982017225
4000640986081
32973539190
1005001960171325
1005002443529267
32918531918
32992504618
4000764953628
1005002364985549
4000379542792
1005002374425809
4000584992496
1005002212147501
1005001310806372
32962702063
1005001928026090
4001220976228
32981606736
4001263567857
32794246991
4000178038147
1005001784660239
33056369175
1005001844262470
4000916726086
32886603519
4000153786900
1005002467716891
1005001593021031
1005002072339984
32869030018
4000499105822
4000681007088
1005001788737645
1005002339303158
33014355272
32619883093
1005001429442127
4001015163082
32978735644
32882274790
4001356170699
32326615168
1005002116403006
4000019028819
1005002481002883
4001269179081
1005002271207004
1005002271400595
32922817242
4000515069706
1005001774808495
1005002395207418
4000874235736
33024087613
4000999417445
32974609714
33048600958
1005002276541201
4001229456970
1005002193324591
32858648692
4000251713446
1005001431004700
4000701363826
1005002467607306
1005001335222080
4000036758876
4000926153366
32914423788
4000927155894
1005001894878328
33005901085
32952720181
1005002081349502
1005001279988754
32962184436
4001200687420
4001176515264
32946587492
4001201348191
4000789507693
1005001781334816
1005002289167055
32810968153
33049073881
32897010348
1005002061925617
33028860075
1005001286815458
1005002077112657
4001075831067
1005002415905765
10000037747474
1005001452646055
1005002357197567
4000317294831
32963151624
1005002012660895
1005001955157336
1005001438898143
1005002233235590
4000917688731
4000220456197
1005002358160336
1005002339744194
1005001677478541
4000783129253
32820096738
32652959167
33038895873
1005002359614955
1005002167516205
4000120109824
4000152194712
1005002339972792
1005001813556166
1005002039506796
1005002056934576
1005001585253384
4000978962933
1005002408086114
1005001490662472
1005002314614784
1005002400115530
1005002413832852
32995214143
4000301359025
1005001437622049
1005001853109947
1005002310399773
4001139523233
32810366218
1005001742183118
1005002351981705
1005002341914594
1005002170925071
32862318928
32952082317
1005001909879368
1005001430453783
32986208777
32701167099
1005002353241205
33041176442
33052189808
1005001326496079
1005001870419061
1005002377690240
1005002344552199
1005002288715047
1005001731411519
1005001582145872
4000310675619
32676705973
1005002300951318
32701708626
1005001980407392
1005001915431474
1005002390250889
1005002318749675
1005002339271997
4001107289216
4001021602264
1005001766117831
4000160359724
1005002043712383
33049268297
4001317819236
1005001979788475
4000207153107
32946654332
33031847886
1005002279133400
1005002371668294
4000838257161
1005001989775811
4001060440784
4001346416845
1005002409915289
32941991704
1005001582400506
32958944519
1005002333390886
32871186782
1005002091034625
1005002443192257
33034577547
1005002327085100
1005001576430213
1005002322032708
4000600525258
1005001943013174
1005001792025376
1005002307671370
1005001828601693
1005002289523569
1005002304560019
1005002303661532
33035444883
32668126639
1005002260693522
1005001954119403
32723680497
1005002281990023
1005002335744459
1005002315817118
1005002341547259
32992700320
4000280595992
32934291113
4000975516422
1005002369387191
32749745370
1005001780779570
32959631505
1005002332254033
1005002314331220
4000220350620
4001050671933
1005001461819257
1005001999829300
1005002301171950
32995631901
33050409098
4001185760239
32802931481
4000781214280
1005002052660142
1005002370799136
32824726707
32819052058
1005002235877203
1005002233245669
10000003156240
1005002332615292
1005002466216083
1005002417533099
1005002167892549
33001034604
1005002110050167
32918504707
1005001458690957
1005001513939720
1005002475748266
1005001580648758
1005002378107518
1005001412616829
4001163186568
32885904954
1005002370534113
1005002434586069
4001236160711
1005001807134520
1005002375147902
4000466011225
1005002219558603
32965077602
1005002212341805
1005001604926316
32919117990
1005002436023933
1005002323825725
4001143851400
33047965900
1005001442033745
33005236367
1005001859243555
4000617985658
1005002490334343
1005002304243424
1005002453619827
1005001840427689
1448758233
1005001766246844
1005002434499540
1005001405678117
1005002313016389
1005001274150546
1005001855009791
32959909586
1005002315104175
4001275603974
1005001414433231
32831427901
1005002297634011
4000367123394
1005002160044728
32760498844
1871282712
1005002370085636
32840648311
4001264908174
1005001609440447
1005002332747244
1005002468977991
1005002279011650
33049621444
4000268145992
2031370992
32813260046
1005002260438331
1005001877715306
1005002199204957
1005002244712591
4000358803634
4001080765450
1005001883760307
1005001698613302
32793070724
4001041040498
32963584271
1005001942983123
1005002323201117
32971897713
4001240406831
1005002253733393
1005002389988534
1005002453721190
10000323768449
4000583730323
4000475346059
1005002309248184
1005002483705999
1005002324156167
1005002456657126
1005002494601472
32387664041
4000310031843
32833246881
1005002250404867
32868688075
1005002309466277
32921026975
1005001280920625
1005001596592008
32842497372
32724977031
33027227140
4001225215196
32299301072
1005001620961569
1005002250636342
32674675764
1005001606739951
32919262570
32903631293
32999069317
32950610003
32850422875
4000329742107
1005001962356519
1005002099770793
32848601739
32983402099
1005002087244279
1005002352846289
1005002330373148
4001211505249
1005001284850362
1005002425569661
32782665543
1005002431022434
1005002316447302
32971045044
1005002365501972
4000026033842
4000334651212
1005001619937293
32966368943
32852154006
1005002383046377
32629928596
1005001802605519
33012474200
4000357553267
32988101911
1005001834434073
32425542631
1005001882531994
1005001706944504
1005002039474650
1005002297643383
1005001286063099
33003509699
1005002272459869
1005001481477881
4000206491670
32871043142
1005002426344340
1005002050430138
33024798899
32998171818
32947622682
32359053550
4000777963606
1005001440548971
4000389099718
32919285497
4000469710667
32905699779
1005002302732445
1005002454053529
1005001990116689
1005001495689413
4001344382729
1005002314252063
4000903824199
1005002301578911
32848066964
32830785928
1005002240247436
1005001708548073
1005001412366557
1005001813844910
1005001634172431
4000826148170
1005001596458045
4001064332797
4000778676657
1005001841101557
1005002368433328
4000623891609
1005002396630784
32993154088
32894260641
1005001559268899
32979047867
32808386021
1005002302733432
10000003068927
1005002265545394
1005002389438613
1005001533937076
4000512639888
32435038747
32900589370
1005002260439421
1005001419182675
1005002323282024
33050018092
1005001971692924
4000788820811
4000857315232
32846706734
1935269718
1005002382945715
4000388340759
32769684769
1005002317408010
1005001955022064
1005001846128806
1005002313890269
1005002392849804
4000064407739
33044432629
4001013005534
4000400037279
4000356993547
4000670370835
32917728302
32843659623
33037047970
1005002244689004
4000166216981
32655165248
4000569626175
1005002306522824
4000237853389
1005002283276747
4000434232934
4000184111336
32886681732
33007523731
32971365696
1005001771062202
4001225975786
4000111461087
32925859041
1005002333667837
32965169731
1005001726404428
1005001870298976
4000058784364
32963292292
4001143980192
32837792130
4000199985676
1005002261314872
4000848540352
1005002314462039
1005002198554479
1005002277032919
1005002171899120
32810893230
1005002495533368
1005002408965635
33048395366
4001079804745
4000720465609
33049057514
4001201515490
1005002264591013
4001187095185
1005001530080727
4000040173021
1005001402010857
32762931646
1005002191496211
4000926110434
4000032149500
1005002114573011
33015495914
32849364645
32963172751
1005002271606734
33004179345
1005001281078459
2011641962
33033917973
4000777562245
1005002447410898
1005002247089997
4001094547365
1005001813243085
1005002220204625
33044441284
1005002048666679
1005002317440019
1005002446790087
4000796569600
4000317701582
33032638880
1005002154316040
1005002312063292
1005001688060466
32655241108
32652196718
1005002277870934
1005001897110494
1005002192623494
1005002390665139
1005001490865318
4001108407876
1005001586337028
1005002432420857
4001257695555
1005002314340530
4000850442655
4000272428049
32986716396
1005001998495049
33002872529
4001043060510
4000800256595
1819753875
1005002489246904
1005002309861920
4001268311629
1005001675018702
32789039458
1725075496
1005001671066387
4001322353208
4001293995678
4000309421901
4000966446998
4000785078268
4000862850319
4001145439489
4001105821938
10000047489943
1005002350455894
1005001547923723
1005001571399128
33030034064
4000174467048
1005002479317123
1005002345549383
1005002443081784
32685670101
4001035062112
1005001592243674
4000642257514
1005002261549822
1005002006985499
1005002428900346
4000801540089
1005002227791198
32451668756
1005002341688274
32973127107
32947493904
4000957657899
1005002043934818
32895565595
4001305168475
4000219352260
33026417186
32670234923
1005002167052430
1005002371667573
1005002447280286
4000894628762
10000199001251
32836761734
4001042038449
1005001969965943
1005002378055478
1005001678222290
32613617560
4001343340905
4000906714325
1005002376336546
1005002298831835
1005002114748582
4000466027743
1005001829141668
1005001960218571
1005002253762908
32842244933
32565005076
32991531282
1005001720366581
1005002406384043
1005002361171660
32840146537
4000768331492
1005001493552391
4001338058497
4001093421973
1005002270189204
1005002488227839
1005001949004999
1005002084339149
4001241373409
4000693917967
32928774927
1005002234051602
1005002313763284
1005002033039828
1005002208591045
1005002305772975
1005002259428062
1005002235605305
32703980761
32981993110
1005002357593958
4000905698330
1005002435565382
4001037993991
1005002273603806
4001252656261
1005001848593389
1005002269013182
4000003758096
4000411275293
4001270038544
1005002319559501
33011379603
1005001976999441
1005002308607000
1005002254854085
32856601506
32966009984
1005002433397397
1005001464215142
1005001604541938
10000314302120
32955288836
32710466914
32820137597
1005001741769115
1005002245019679
10000336010072
4000211133687
32996272981
4000890729141
1005001587064829
32869572665
1005001577474690
4001197173849
327966250201005002473498258
33038380124
33032271204
1005002290794008
1005002119404402
1005002398862131
4001039390663
4000175678287
4000022809747
506707044
4000064752566
32982561575
32939545430
32857072931
1005002254906962
1005001571723256
32885644151
4000965760200
1005001910384159
32945213869
1005002371581474
4001360821194
32915924302
1005002243962541
32982319386
32872215420
1005002001380779
4001360128691
1005001736798190
33021369470
4001226658294
1005002242420195
1005001992358792
1005002419460041
4000764833569
1005001835471457
1005001782749659
1869958703
32960943491
1005001882309650
1005001848644647
4000318111123
4000046261874
1005002277752538
1005002336078131
32937162856
1005002425194529
1005002232241520
33023072253
33043881538
32543021992
32660381241
33023139651
32737907296
1005002275704937
1005002395763644
32862750159
1005002258875375
1005001560999845
1005001992882673
1005001435643757
32708629990
1005001616400153
1005002316589812
1005001965609704
32882249197
33002509552
1005001495634110
32667440123
32988082851
32989513575
4001157610834
1005002276247621
4000156873169
1005002408949614
1005002120569653
32855984120
1005002389655134
1005001893969718
1005001415038572
4000365195614
1005001506767275
10000270429093
4001356941156
1005002241454678
1005002261990755
4000845751290
1005001731636505
32801334010
1005002399397688
4000985572588
32988117324
1005002387784999
4000575742398
4001015276828
32617625906
1005002327348435
32925896743
4001143284941
1005002111912827
1005002340999437
1005002383177072
4000238772803
1005001860478798
4000555586617
4001213984776
1005002258159045
4001230454303
4001038444235
4001139144941
1005001482435145
1005002286824975
1005001521117701
1005001597800865
4000042299518
1005002394834452
4000547793072
1005001791664396
1005001813106352
1005001471846677
4000577480962
1005002492079566
32854117799
1005001315478092
4000477399338
32838125705
32913286458
1005002459369054
4000320420902
32874641731
33033687045
32821977033
33012566592
1005002428217024
32996009114
1005002357957841
1005001570448906
1005002340807062
1005002321848958
4000884564972
1005001973739061
4000148234572
4000555101170
1005002257778491
1005002365219137
4000923377928
33004122405
4001025783198
32857494532
1005002258656117
4000960393906
1005002165951420
32437242597
32982991599
1005001982296285
1005001543868760
1005001408400706
4001225107603
4001222932381
4000114548453
1005001859855386
32909473516
32922092609
1005001451179520
1005002314353319
1822164126
1005002468688086
1005002383886895
32841104678
32915619262
4000033159174
4000472862419
1005002491826838
1005002352438769
32311360145
33043924764
4000246363456
32821682342
1005002301188157
32858051077
4001162935092
1005002387844566
1005001616793312
32729430866
4000993934003
32873614348
1005001274014706
1005001716699702
1005002117201395
1005002350601179
1005002367509232
32964448589
1005002264346619
1005002077297598
1005002308705058
4001251525383
1005002443614942
33000477388
1005002038705648
32865075890
1005002399399520
4000449677751
1005002359783566
1005001864592580
4000785885538
4000872843551
1005001537741618
4001178039419
1005001430540156
4000126944422
1005001841937298
1005002408907345
1005001893670861
4000433251569
1005001639641249
1005002080310034
4000318810916
1005001450816702
1005002282337086
4000866457000
1005001660115071
4001009398660
1005002276803462
1005002426484299
1005001640521015
1005002229623521
4000959497802
1005002386999870
32422754422
1005002449870233
1005001553072836
4000903086667
10000064158452
4000548645425
4001161913021
32890564954
1005002259261953
1005002392285911
4000734310471
1005002256380925
1005002394827580
1005002244557691
4000030271918
32998444044
4000816465685
4000245814015
32965718637
4001013035171
1005002474124704
1005001340199620
32584717977
4001091179103
4000945169751
1005002322686201
33042052571
1005001934180042
4000905815986
1005002058784591
1005002182515470
4000956120828
4000069103694
4000114455838
1005002352676427
32360470374
1005002244165134
33027714593
1005001822738866
32826231745
1005001971569126
1005002363508238
32832990700
4000724032720
32972499539
4001228561670
4000543993664
1005002303738200
32578929278
32810992567
1005002235179756
1005002272736008
4000732989353
1005002347748921
1005001779205417
4001015084522
1005002028880281
4001344332810
32742704177
2020904198
32694146386
32593593815
4001289318063
32959464856
1005002387745238
4001120159101
1005002432587262
4000594269069
1005002384400655
1005002275866613
1005001930904644
32985771781
1005002357313936
4001256383124
1005002328358307
4000097043540
4000100346935
4000986485183
4000239602805
4001233746893
32809236346
4000242703297
1005002289749768
32936601616
32537302683
1005002429747492
33047229811
1005002324218594
1005002136990441
1005002316883608
1005001759064757
1005001397328880
1005001411199051
4001186715966
1005001982800031
4000012112763
4001283533307
32567949629
32886663799
1005001401989334
4001027688413
32975914963
1005001966346375
4000842665810
32801243435
1005002280837086
1005001868679002
1005001840548360
4001072949763
4001119011241
1005002277717385
4001248626255
1005001398474165
4001264793613
1005002307774101
1005001835273083
1005001591853538
32825754793
1005002133964973
1005002373023568
1005002336034172
32845751530
1005002331959094
1005001946576700
4000854916394
1005002327663349
1005001999024147
1005001728474704
1005002347635499
1005002299003183
4000465996306
1005001785548445
1005002404381271
1005001602255721
1005001503998047
4001142264667
1005001333175052
1005001685641888
4000442831917
1005001683685543
4001071466429
1005002390824764
4000179444758
10000395926244
1005001526390092
1005001646946601
4000176024746
1005002438543113
4000532429098
4000269120027
1005002431405930
4001230439004
1005001922021924
32909133185
4001119118082
1005001616474714
4001201132831
1005002213394479
4001013717956
4000072318383
32853506982
1005001441383653
1005002094443315
33037131429
32987964452
1005002089693986
557754352
33020811168
4000244926947
1005002140725821
1005001645663882
32953233622
1005001578976188
1005002314061174
10000000957933
1005002171091144
1005002317034978
4000955854541
1005001953454866
1005001859377196
4000241960778
1005002123691935
32636769870
1005002487398515
4000986125782
1005001942829936
1005002315941322
1005001467857594
1005002435174278
32817144485
4001195572734
1005002398311323
1005002313971580
32894653345
33002069323
4000976186569
1005002196795177
32879324506
1005001454732057
4001276948515
33041921577
32969159563
1005002296441324
32970604351
1005001638960397
1005002003490581
32942807675
1005001576374184
32757388775
1005001959994237
32887167769
4001155045995
32804911284
32845868003
4000982601833
32857456659
1005001717834003
4000058571925
1005002430587121
32861189114
4001313854278
32917763571
1005002340548442
1005002211562745
1005001290409898
32956962423
32661574376
4000447249246
32957661979
1005002288615756
1005002384271040
4000570256103
4000377733836
1005002238783129
1005002434940582
1005001321861166
32894487422
4000635243678
1005002311085401
32792107881
4000834327113
32317962242
32923054951
1005002382667882
32777103915
33008712425
1005001562107904
32985720639
4000166324394
33017508971
1005002462896940
4000296191081
1005002434107361
4001027638703
32983439327
4000270212011
10000358337465
1005001967110202
1005002052699053
32290479434
4001124810079
1005001660114924
1005001967157596
4000479429435
33055500824
32869546304
1005002208267961
4001229321002
32796922796
1005001820776638
4001075294357
1005002264829474
4001333820967
1005002267974762
32959060957
4000674932710
32967088021
32899791872
33025444931
1005001706777108
1005001484486701
32340912404
32883154640
32999636928
32860510893
1005002358880715
1005001874499820
4000717858012
32922657959
4001066371629
32390434515
1005002330457154
1005002027209207
1005002372957180
1005002239189224
4000392011919
4000170751891
33048558012
33023122295
1005001948626298
1005001637552042
4001100603364
33001072904
1005002488446376
32519842854
32918247540
4000764606025
1005001413226464
32845460293
1005001633359056
32847969197
1005002457842256
32666238430
32983851479
4000850672509
1005002304125249
4000600246118
1005001519141897
4001089809746
32784675925
32317407742
1005002420803680
1005002278806770
4001115683468
1005002354680933
32885685112
1005002044040818
4000576816103
1005002388309339
1005001941158226
1005002286960845
4001131000337
1005002496578068
1005002398552713
1005001791954680
1005002392760989
4000593641843
4001261303268
1005002381169894
1005001485991042
32444571683
33014988062
1005002250908880
32832920741
1005002296890241
4001127246551
1005001487343023
1005001966900241
1005002205889508
1005001890150878
1005001682414743
1005002310912803
1005002136193381
1005001758314228
4000223213933
33056362668
32809844044
1005002030346156
1005001879908031
1005002433850760
1005002392021645
1005001670691777
4001256503100
32986255976
1005001533495528
32573117432
1005001470302345
32888258094
1005002227950130
32855871587
1005001385133032
1005001335632426
1005001931391701
1005001914954896
4000300418336
32856056723
1005002068502271
32817800944
32265296672
1005002292951796
32267281794
1005001709392410
4001264862414
32873826238
1005002324189138
4001154585745
1973540323
4001178017238
1005002381161148
32979485511
1005002223599073
1005002043924821
1005001422930663
1005002003992956
1005001306066145
1005002211132564
4000409915408
32946886001
1005002232628663
4001334263411
1005002386050253
1005002294693855
1005002497040935
4001010001423
32754778716
32905943601
32878856000
4000016655407
1005002286195970
1005002460780914
4000884679423
32848513317
4000867925059
1005002314338086
4000865376813
1005001936492182
1005001424770696
1005001546806291
1005001896843088
4001191560536
1005001413526162
1005001331632858
1005002249785366
32868901791
4001039503061
1005002419268953
10000371541296
4000819013412
1005001568483931
1005001446964877
10000344961764
1005002084414646
1005002201987209
32755950828
1005002245889360
1005002393984903
32950375727
1005002314426361
32881007558
1005002281804907
10000321554967
1005002315976501
32961767103
1005002275287208
33007667499
1005001987581737
1005002239246457
1005002350392248
4000115075626
4001274942759
4000734663548
1005002394041610
4000315282936
4000269179602
10000153254515
1005002459829950
1005001620860944
1005001828912092
1005002219551630
4001062450110
32968234272
4000196087280
4001070779349
32823385013
1005002318983689
1005002205947301
1005001370239237
1005001506530321
1005001278959937
1005002140122047
1005001734896880
4000322639555
1005002350687515
1005002348472922
4000222019474
4000793354752
1005001486962835
1005002014975048
4001103559724
1005002177025169
32947029889
1005001689617389
4001295941840
1005002357594932
33006380314
4000430952823
4001094324910
1005002332151487
1005002210392152
32934207017
32876002722
1005002426028989
32537851141
1005002262061570
1005002296803188
33009601618
1005002246957918
4000268118563
4000940747310
1005001998635372
1005001607002891
32587072198
4000800942850
1005001446130871
1005002208598268
4001158661941
1005002104737420
1843907922
1005002398797900
33053585126
1005002384724807
32831715710
33040037902
1005002398881308
4000175133306
33023865181
1005002200118060
32955668270
1005001708647120
32957454648
1005002309381156
1005001576078012
4000701200184
32983911156
1005001340396189
1005001793144471
4001237349435
4001341746558
32261929542
1005002412877274
4001316742464
4000764836810
1005001614892500
1005002394767477
1005001506684017
1005001954736970
1005002144016811
1005001963790489
32891793718
1005002358700248
1005001453049229
32851004136
1005002417125933
32921308942
1005002247402827
1005001648130192
1005001880919067
32791070367
33013839680
4001282316884
4000585272065
4000460341669
1005001561534401
4000926184127
1005002208133129
1005001437566425
4001148127271
1005002443608952
4000058564162
32881846961
1005001328939390
1005002357746052
4001179951013
1005002165698219
32964239029
1005002221871212
1005001762600934
1005002496108508
32976903129
4000691242645
32921686396
4000388128193
32679867104
32995585291
1005002362827591
1005002357328032
32716198735
1005002271183440
1005002225168216
4000400541294
1005002314352740
4001130385138
2051417818
1005002362367865
1005002452956576
32827890410
32968976625
1005002353681057
32988578721
33015668483
1005002166342987
1005002244178616
4000964296829
1005002372567289
1005001717200771
1005001803872627
4000777467979
4001335273944
4000967509442
32830083584
32928526156
1005002298476915
1005001270106363
1005002339398821
1005002337667923
1005002453914979
4000547873321
1005001448406899
4000785188051
1005001757284233
32814318877
32945688298
1005002491826343
4000527185456
1005002395116190
4000022495614
1005002291051164
32982109703
1005001561025435
32862666477
1005001713501941
32786791048
1005002318923322
32973670223
32847743809
1005001399110905
1005001808580720
1005002334316153
1005002353211002
4001170797314
32975858014
4000233448314
32838993415
32972038018
4000281637927
4000991039941
1005002341924724
1005002377491358
32866178851
1005002444327514
33008101080
32978250419
1005001603549993
1005001288691201
32396643381
1005002440850829
1005002467411988
4001156383948
1005002011908678
4000084559061
1005001495433198
4001127441338
1005002238576781
32813603777
4000233676784
4000250476107
4000155632383
32885004909
4001275817119
1005002268743847
4001275273329
33045029682
1005002375284729
1005002035509432
4001138861684
32878237474
1005002448904996
1005001812299567
32834344826
32913343435
1005001873020221
1005001515853754
4001041225919
4000214379402
32904550887
1005002146621344
1005002046496590
1005002234040854
33035494002
1005002167326323
1005002289921474
1005002095739127
4000383365092
1005002452708123
1005002469031781
1005002287648852
32969472273
4001127618926
32953927219
1005002424388559
32873343956
1005001581093346
1005002324757946
506928075
1005001350504515
1005001575796055
10000411419460
1005002281909251
4000432949836
32820030275
4001009434634
1005001815385058
1005002383935281
32968004162
4000210403636
1005002345157361
1005002382271903
1005001780708955
1005001963814435
1005002416820223
1005001554606914
1005001812487120
32822129578
4000270147600
4000129498832
32819249734
1005001688692022
1005001965521237
1005002332780958
1005002403577030
4000699733572
32884124406
4001177372854
4001156643977
1005001515965955
4000648932274
1005001530746542
1005002318660322
1005002272954720
1005002427232110
1005002411031390
32755868984
1005001762901318
1005002324483761
1005001694441244
4000107759691
1005002438944821
1005001571640921
32582316147
32677304840
33011967359
1005001647885801
1005001282563190
4000189637945
32872359908
4001349947700
32905121005
1005002254793694
1005001566656153
1005002253628676
4001084813300
1832692756
1005001835210061
32860442646
33007821231
1005001405609591
1005002315951364
33006082126
1005001908004585
32919645764
4000284608913
33047966853
32861366959
1005002410869608
1005001638053914
1005001970053131
1005001772593904
914800092
1005002300703394
1005002328161543
32855761176
40011598438541005002176569366
1005001273823018
4001221176984
1005002287099730
10000001431254
1005002287215383
32988037108
1005002424005698
33001854641
4000019642626
1005002318955034
1005002345808779
1005002470088567
32623147129
4000842818176
4001330893614
4001149465476
4001053946946
1005001835418537
4000312778369
1005002072268557
2029558199
4000295663042
1005001758368641
1005001556628852
1005002277538253
4000869734144
4000827998511
1005001407617645
1005002304834314
1005002036863837
33020619874
1005002411312439
33031843922
1005001694694714
4000809642902
897791485
33025364765
1005001901194589
1005001539846614
4000469763777
32991132071
10000285486902
4000958937343
32619613724
1005002347395291
1005001363988383
1005002235212812
1005002394808919
32734204461
32254104810
4000819757757
32985373682
1005001666436504
1005002345647511
1005002253961373
32687064974
33014844057
1005002434161843
1005001679230295
1005002350675107
1005001731748868
4000040895146
32855681526
32780303323
32919924152
32765346286
32953327619
4001206230775
1005001449591508
4000184071910
1005002117770446
4000546630170
1005001697130971
32879689543
1005002126765207
1005002432484258
1005001688789414
32966836662
1005002080647399
1005002395635574
32975153770
33003680135
4001224947616
1005001421062930
1005002281886442
4001251624850
33024599329
1005002261057461
4000921715417
609869847
1005002166139240
4000115942703
33043598984
1005002453394538
32899749083
4000040383710
1005002069892808
1005002187355378
4000562175894
1005002137071448
1005002070282935
32863787447
32805190916
1005001525713198
1005001831810921
1005002365081195
1005002425292899
1005002139663638
33041670286
32809735469
32886630388
4000926909812
1005001651465969
1005001984295817
1005002128335519
1005001642507938
1005002125628309
1005001608981115
1005002488216368
1005001599431202
1005001365035110
1005002393770997
1005001731655906
33009152187
1005002302256343
33021010353
4001019851816
1005001411564966
1005002284560438
1005001361646199
1005001840440548
1005002255961447
4000571073070
32961001469
1005001424582464
1005001365205151
1005002335315535
32772458875
1005002080626437
4000625998328
1005001779854425
1005001862549126
1005002280742540
1005002383863640
1005001834754132
1005002377881913
32921295317
1005002021982583
1005001664545512
1005002096290834
33046045656
1005001797218944
4000828740554
4000061861479
4000370307548
1005001341285159
1005001860235972
1005002073327352
33015025952
1005002351340687
1005002298173493
1005001889824358
1005002434340054
1005002384775631
1005002311545930
1005001405601702
1005002488608228
1005001402430895
32960583992
4000675078116
1005001422921926
1005001370561098
1005002005026761
1005002005986629
33031582647
4000063750289
32892634487
1005002440212880
4000865707254
10000012727943
32851410833
1005001896846743
1005001695545060
32940691818
32805671433
4001291059401
1005001511005135
32938301092
4000173062582
4000593558644
1005001646324541
4000190137500
1005001838830267
33010544140
4000987414368
32523536729
1005002363034685
1005002447065676
4000677225959
1005002072653399
4001271444101
4001247761912
32978672668
1005002432278890
1005001594019384
1005002191698380
4001218839881
32843416169
32919010660
32945765524
1005001369150891
4000036449861
4000961965307
4000049584104
32893336710
10000342488041
1005001796953338
1005002234418474
4000793380268
32967029869
1005001644919470
32422533335
32622835556
33001445240
1005002334066573
1005002344869045
1005001798764801
32528278226
4000817540970
1005002469011410
1005002241534373
32908432670
32990601384
1005002302690531
4000548151908
1005001874594241
1005002374549780
32856353151
1005002235684958
32974268413
4001217660249
32987833968
1005002313108869
4000082904383
4000832111862
4000960593573
1005001759751946
4000842633191
4000418391655
32919134793
1005001470249853
32888624021
4001142796526
1005002337186424
1005002272319112
1005002196984179
4001204236033
1005001864105019
1005001757295637
1005002218546086
1005002087557969
1005002232941053
1005001999914361
1005001416825467
1742883633
1005002375129313
4000158625058
4000728072713
4001003677766
33020003674
1005001329715854
1005002462234016
1005002226285922
1005001909926560
1005002345252243
1005001466717154
1005001665836018
1005001525587265
1005002315712457
1005001943497448
1005002369177375
32746237469
32803538684
32817722880
1005001999023602
4000055520785
32997164513
1005002316130205
1005001485597813
1005002292552333
1005002095357557
4001259759513
1005001447183959
1005002365730847
32698194593
1005002396117431
1005002233150469
1005002377602051
32902704622
4001265734577
1005002322567538
1005002168969065
4000998745773
32649715043
1005002418459903
1005002383524677
1005001671465236
4000701539146
1005002315099470
1005001442493398
4000738746174
33000773903
1005001286292839
1005002412130420
1005002330562827
1005002286600913
4000474000349
4001079075901
1005001953556685
4000047759886
4000290760490
32933825204
4000810986938
4000247965297
33042972505
4001050836063
1005001768823924
1005002416718155
1005002395177067
4001036284110
4000171160366
4000396595739
32998146037
32847972207
1005002275944766
4000990896579
4000132486153
1005002494674851
1005002423136250
4000466010702
32935092604
32952050846
33038346187
4000661021757
4000053704773
32963862085
33018977274
1005001456783683
32938417762
32874577324
4000768544601
32911891867
1005002438999490
4000859675593
1005002371593947
32799303128
1005002116270740
1005001525495036
1005002219982716
1005002420507598
1005002306129655
1005002324071889
4001153907679
32978911160
32354953780
1005002466337551
1005001884078784
32947192412
1005001292105747
32808777544
1005002483153977
1005002500142488
32972324609
1005002426260384
1005002239654447
32799665540
4000538651971
32856465680
1005002311923484
1005002254349887
32956034798
1005001632711522
33038122110
1005002282885462
4000801286890
32964513719
32532450180
32887905848
32946446775
4000756416472
4001034625401
4000840452916
4001297035171
1005001487722994
32958350453
32814149963
4000027783164
1005001475832560
1005002336581346
1005002181058153
32616090679
1005001642547199
1005002299537380
32881206666
1005002304074145
4001142947537
1005001429023719
1005002279449210
4000348516075
4000741870819
1005001677904700
4000905510564
1005002434202929
4000902593255
4000061934823
1005002400769656
1005002224380364
4000463633850
1005002398816329
1005002418068656
4000547693924
1005001829786213
1005002293471043
4000278859513
32824958076
1005002440911156
1005002292545761
32976136855
1005001499067054
1005002291195854
1005002490435790
1005001802764789
32845921559
32835016991
1005001879017480
4001310861039
32902758411
4000498473512
1005002304391251
32861155294
1005002457115357
1005002238488266
33019364617
33037064965
32839220000
1005001890433017
1005002322308896
1005002483228297
4000804066789
4000300072358
1005002364068968
4001068501170
32812888992
4000144926314
33062606237
32579277340
1005001552486310
32838862589
32954289659
4001065631860
1005002176884365
32801286843
32964923746
33031871155
4001078670671
1005002424541451
4001145941932
32701442963
1005002369999688
32854792859
4000935546681
1005002288893104
32672511069
1005002466189671
4000793705027
1005001958746486
32963380348
1005002337217887
4000381079144
32845184174
33008440175
1005002398917976
32879252072
4000231429385
1005002432487485
4001065916065
1005002344546527
4000983400104
4000272675919
1005002346265621
32885863286
32881711858
1005002382202790
1005002082441561
4001349067340
32702523459
1005002357054489
32963385467
1005002383794322
1005002070711649
1005002314298363
33056830529
4001131785182
32772411022
32969047937
4000116738734
4001109951911
1005002196775669
32794411813
32773312504
32885401724
32892339187
32852366510
4000788312225
32619290084
4000161953594
32808550232
1005001633291565
1005001423055066
4000516434126
32980864587
1005002315657429
33063114792
4000214150615
1005001846571108
1005001910482201
1005001971574943
32604807917
4000210401438
4001059695910
32970342336
1005002116392154
1005002167929316
1005001708123732
1005001970517320
1005002313980078
32812110814
1005001889914736
32838184725
1005001616547938
1005002256672791
1005001754325016
1941892786
4000473739318
33056718291
1005002304339543
1005002288859138
1005002412705571
4000104075068
4000465744548
4001257742247
10000395840777
1005002381047674
10000395869172
4001156461157
1005002297176427
32915571885
1005001975160999
1005002400638488
1005002076724977
32947514945
32600891957
1005001657908759
4001012343637
1005002305698176
1005002231997560
32541759712
1005001568942872
32918800385
1005002480477524
1005002319303494
32989013684
4000773069330
32630379315
1005002323902325
1005002246170864
1005002482912708
1005002447062747
4001274144445
1005001471000616
32958418686
4001333737749
1005002498802268
32711956855
1005002346964680
1000004808030
32971860962
4001042082090
32612677677
32972287666
1005002224126653
1005002431939296
1005002174530657
1005001285127220
1005002372158774
32656427870
1005002203830411
10000031853157
1005002419106284
32970317745
32754853771
32708193428
1005002469092918
1005002377987964
1005002281893320
4001028220606
32968014602
1005001833688719
1005002260852614
32962288390
1005001441381940
1005001364908675
33002603991
32623753150
4000115591301
32908027636
1005001804087261
4000516394090
1005001602381437
1005002468744071
4001207401911
4000133166702
32879412293
32989150454
1005002287148811
1005002454237923
1005001333925329
32838198674
1327815780
33002351354
1005001463148791
1005001533816418
32974707764
1005002198736466
1005001866796720
1005002365657124
1005002443060822
1005002369700065
1005002230171277
1005002268398465
10000358935526
32838743915
1005002473957357
1005001721811787
1005002210103175
1005001737714674
1005002165746954
1005001934117836
33000983742
32832194639
4001156744083
1005001903019390
32672134476
32912567187
1005002461916833
32820095958
4000436709473
4000419475602
1005002421958786
1005002410873694
4001219074904
32852102486
4000865470249
1005002271130548
1005001685956108
10000254937571
1005001802899115
32802931126
2010307705
1005001560497931
1005001809655558
10000032740358
32649882025
32889115833
1005001960238974
1005001369241763
1005002341913821
4001321392410
32822505624
1005001501420258
1005001613257043
1005001901296094
1005002369124483
4000725247551
32933596963
10000406366749
32831414853
1005001567203439
1005002458049084
4000101596363
1005001884451454
1005002193862994
1005001636452534
4000202270488
32978525113
32921540897
32998933893
1005002461802179
1005001727019666
1005002466168203
32850392071
4000870006755
1005002324393419
1005001604326159
32864222368
4000129295511
4000756172718
32834234034
4000062895920
4000625721570
1005002450679872
32884943821
1005002442735727
32818637819
4001132292122
33002180987
4000086498719
1005002371894414
1005002011932006
1005002425753956
1005002412924925
1005002253537601
1005002074138123
32786264731
4000009645326
32961090647
1005002338598163
1005001570154774
1005002388254774
32969868046
32428110604
1005002317322845
1005001375303206
4000822858129
4000239132390
4001228721237
1005002398948073
32375417083
1005002432062891
1005001440924237
33023874704
33037691373
4000793488987
33019588000
1005001565552020
32978258821
4001131702078
33004122902
32842283457
32697400014
1005001786760030
1005002337740601
1005002444815466
1005002279381167
32882301849
1005001873989257
1005002298009588
1005002011440725
1005002322503908
4000800970023
1005002252234362
1005001525341612
4001139066635
4000807969003
1005001619845021
1005002312063945
33053298987
1005001626450720
1005001792946890
1005001383683158
4001280517532
32792268030
32807529317
4000553394857
1005001851665275
4000759686541
32973626238
1005001587947319
4000955783650
1005002314424386
1005001565073478
4000770244893
33034143483
32858147199
1005001476519335
32835514682
4001156308254
1005002344295776
32907374752
1005002044620461
4001192098823
1005002250291715
1005001878392807
1005002363912171
1005001690796929
32759738886
1005002333043840
32996180137
1005002347626487
1005002221970362
1005002378298503
1005002488338004
4000466030720
32980086109
1005002387529519
32551896497
32903066279
1005002208280138
32683076721
1005001616089957
1005001722502580
1005001967500547
1005002381286006
1005002420066381
4000751769458
32820746706
1005002350728737
4000809120389
4000415855804
4000263270969
1005001697874450
1005001621860900
4000194669003
32886697658
1005001619873154
1005002342609196
4000588137378
32996785878
1005001406617638
1005001423103501
1005001459884578
32854199423
32930985964
32727682352
4001336873959
4000989085389
4000760932880
32534516098
1005001303326238
32969964676
33046310029
4000775781507
4000879979229
1005002408271796
4000056128171
33034231702
32953800694
1005002312066905
1005002317229966
4001095408494
4000869687368
32869891892
32886853976
32984826396
1005002207229959
4000177149052
1005001808651572
1005001581268573
4001165230539
1005002453660311
10000395345990
4000479996388
4001351993251
4000731481353
1005001621408097
1005001484344370
32710034421
1005001961294211
32937475206
32842944516
1005001958825230
1005002313823426
1005002119711203
4001225377049
1005002448884388
1005002320882945
4000781293246
1005002310113833
20000001126044
4001052051535
1005001446084906
1005002238279645
1005001354580291
1005001450473471
1005001990926948
4000826528889
1005001690575055
1005001679112457
32960189780
32974965490
32970327556
1005002350988264
4001235127729
4001251393653
1005002469823891
32876117385
1005002418602255
1005002416205778
33042878039
1005002459417515
1005002248848129
1005001291474431
33059967807
4001204106182
1005001381735322
4000510689596
32815242798
33027509954
32789551246
1005002335687043
4000879808443
32846295218
33033222733
1005002167916212
1005002495066245
1005001793348241
32826030379
1005002280839412
1005002378132886
4001225096844
4000105181697
4000288167574
1005002010061444
4001294155103
32913643351
4001299172330
1005001650364427
1000008159253
1005002220767291
1005001908622968
33005764119
32897605736
32230287922
32979961551
1005002417059959
1005002324333919
1005001274945205
1005001619564435
1005002265376261
1005002262663701
32852281465
32966828243
1005002395431468
1005002311754692
1005001773504930
4001313907531
1005002441951129
1005001812569894
32878969333
32857556552
4000891693552
4000231239621
1005001729423197
4001205946737
32984774035
32742115847
4001039465019
1005002300859601
1005002405423430
4000626930902
4000121435093
1005002369200404
1005002325131352
1005002309620936
1005002409972482
32908039564
1005002465365548
1005002332946279
10000397739685
32669365495
4000123659638
4000236538441
1005002291976887
1005002398911266
1005002425446570
4000277357057
32970186390
1005002332602496
4000920940161
4000025580285
1005001356696782
4000960586310
32905112569
1005001988317450
33004342937
4000216914033
1005002052179890
4000622881400
1005001874235192
1005002431426132
784446975
33004529918
4000282714019
1005002317702091
32859188463
1005001456349969
4001025118896
32696068645
100500236428034332990704863
1005001862945066
1005002306658015
1005002388378110
32674993473
1005001739984496
1005002409552440
32897894926
4001299954627
32952784662
1005002119304496
1005002021613949
32851091189
4000965729871
33056710094
33001926631
4001361133945
4000180006866
4000234876835
1005001610154986
32824952472
4000167116102
32942832846
1005002304788785
1005002395727617
1005002234967761
1005002166930880
4000218992538
1005002282869431
1005002333254712
32846893025
32740418609
1005002283101893
1005001778901616
32948078159
1005002313425548
1005002413273509
1005001438072766
1005002319542079
4000114514999
32602874399
1005002246155464
1005001803083686
33014025294
1005002204041825
4000326509987
33038878688
10000003236828
1005002397902883
1005001609389584
1005002494185970
1005001869919149
32814742727
1005002332071376
4001100188914
1005002322264670
4000068966686
4000960189063
1005002280653203
32801739990
1005001355881285
1005002317682284
1005001412709517
4001287803107
4001317042307
1005001828716339
32789371622
1005001380671739
1005001732023471
10000205458745
1005001285159060
32906957514
32865710422
32964859861
32917957516
1005002281528483
1005002293185236
1005001379565219
1005001727195344
32839520686
1005002329247618
32785884775
1005002224216634
1005002116410690
32773858140
1005002050989786
1005002334257411
4000661391803
4001184049017
1005002080892053
1005002409888749
4001099367120
4000275211051
4000005591276
1005002272582988
33019912000
1005001487640683
1005001466409888
33053312874
32808148502
1005002008624543
33004348850
4001213945595
32847463051
1005001953744436
4000865447765
4001239169764
32975084619
4000283346869
1005002393201171
32872933481
1005002319312639
1005002487286150
32813559245
1005002467657697
1005002352155048
1005001604493429
4001064475870
4000969179811
32993225031
32407419343
1005001413023035
32297548768
32577201407
1005001387211845
32992899351
1005002488630990
33057479400
4000036074552
4000237990997
4001103346582
1005002438648841
1005002159337937
1005002453224681
1005002466060958
4000523502397
4000510660094
32951156633
32966363075
1005002384621153
1005001499058199
1005001670960999
32913653991
32862022745
1005002467151969
32852390554
2037907954
4000628873193
1005002326588428
4000842690082
33035400305
1005001962999547
4000972973710
1005001478001498
1005002076790138
1005002332891701
1005002376621332
1005001430994461
32996689687
4000023249574
32921906928
1005001287020819
33003321665
1005002315592301
1005002276990346
1005001334003253
4000759719283
1005002259008333
4000902589093
4001175018101
32829900052
1005001370635226
32853990669
4001335894289
4001324222473
4000369614943
1005001266585930
4000161390539
1005002369859723
1005001388114765
1005002419972376
32659168649
4001015128792
4000090089884
32286541240
32628729201
32965916411
32864606830
33056600140
1005002276676850
1005002266062896
1005002356263927
1005001425343118
32950718778
1005002410898499
1005002049245817
1005001648739821
32971217658
32907875749
32569134958
1005001425664652
4001251377678
32362087480
32994358062
1005002063678131
1005001726222125
1005002089255034
32453932081
1005002496081273
1005001872541732
32710542627
32953961499
1005001576105942
1005002270973852
1005001786341151
32580711844
1005002376229767
4000574098802
1005002047079291
4001062743500
4000967292778
1005001580703344
1005002119012349
1005002203639812
4001189481420
1005002033598306
4001160325004
1005001864336495
4000039477543
1005002489440347
10000168467171
1005001558044887
32701497466
4000614868426
1005001493551316
32846039118
1005002439159679
4001293191206
1005002427138235
4000256081232
1005002403818545
32846000049
1005002420437489
1005002319165770
1005001967733173
4001039403164
1005002426058856
1005001727362112
32965657607
32957983536
1005002413051509
1005001494593327
4000087550303
1005002131291783
32959394981
1005002377024423
33024306386
4001234137153
1005001295764283
4000547677752
1005002261609075
33026113222
33010408927
1005002263342812
1005002373092514
4000593623016
1005002414432181
1005001731786989
1005002475980804
1005001727509730
1005002271362032
1005002069999516
4000640825151
1005001692618784
1005002345205011
32608757682
1005002315171195
1005001940630451
1005002179593232
1005001525461287
1912575646
32896438248
4000589377207
32489255053
32837756871
32774540900
1005001665097793
4000074293244
1005002309816831
32349093801
4000618965548
32958288619
1005002309413017
1005002313436132
32857914073
1005002452429832
32628432384
32864090838
1005002217334257
4000338802151
4000153297294
32682314484
1005002397694971
4001293890217
32866077424
4000483064377
1005002336944481
1005001720965942
32926081707
1005002056345901
1005002386935563
4001178566046
4001045593750
1005002465331621
1005001468446987
33035031633
4001264414643
1005002275243645
1005001274195634
32297833717
4001159656923
32978478323
4001332561929
1005001955031129
1005002310988076
33040988577
32840779075
1005001621836073
32805830415
4000379159487
4001141434802
1005002292417172
1005001446452977
4000557400885
33035351306
1005002454620493
1005001631348340
1005002167877583
4001295287066
32948868378
1005001960239196
32861421225
32808363372
4001252204977
1005002063216819
1005002217300386
4000151743719
4001228633076
32763545334
1005002358931419
33012271230
4000365458851
1005002394810833
32823347526
32914540006
4000230373788
4000545489671
33022246787
32850255460
1005001833804054
1005001724587172
4000666075077
1005002326382104
4001131476243
1856254317
1005001732431343
33004207116
32393946812
32891778467
4001365855124
1005001833953557
1005002322427155
32767286823
4000101958042
4000187319359
1005001631623136
4001211974705
32796977585
1005002281329104
32671854521
32966781719
4001340424666
1005002390710517
4000781094117
1005002328540545
1005001822829933
4001044952885
32646432405
1005002196511183
4001125114954
32969562874
1005002055714253
1005002312488387
32876455655
1000008289349
1005002271044146
32999796496
4000746313155
1005002337177827
4001286792719
1005002235079959
1005002467596733
1005001415208597
4001339644470
33030275745
1005002244267385
4001076246253
32863896458
1005002387420471
32319764468
1005002217721206
1005002399441716
1005002129243982
1005002431071847
32980597075
1005002245512672
1005002147980071
1005001511255999
1005002364644856
32705239085
1005001647773570
1005001958710517
1005002282156036
1005001287046026
1005002167928680
1005002333928431
4000688414535
1005002388373120
4000039672275
33036193566
33042694349
4000999089527
1005001561413213
1005002108592631
32970039884
1005002394439828
4001282123318
4001100342559
1483248812
1005001550723652
1005002006807601
1005002314665207
33010957433
1005002404666919
32663872333
4000990900258
4001241024243
4000809102316
4001111133280
4001023657111
4000554735272
32863524628
1000000800026
1000008122823
32917583619
1005001803246258
4001127334269
32758756706
1005001721615045
4000725246917
1005002356142576
1005001670797671
32947072209
1005002002282940
33025786579
1005002130120258
1005002433772253
4000044350787
1005001815499859
32869049132
4000549783682
1005002123082498
1005002398238568
1005001349221995
1005002465542868
32995173090
1005002345075482
1005002251870748
32794391705
1005002245972523
1005002333500459
32816017878
4000844547628
1005002246111859
32874959950
33031859376
4001234273856
32983939528
33041291182
1005001649158602
1005001658594440
32998998055
32701553650
1005001656837672
1005002334067629
4001278901784
4001175613115
1005001997909217
1005002313918880
32791128982
4001221268306
32629084290
32807436867
32828200509
1005001482676369
32947235865
1005002064210257
32951684815
4000069709770
1005002452724147
4000828367575
1005002313941779
32998950174
32975440556
1005002408459315
1005002284817648
1000007936997
1005002130537029
1005002496555357
4000924696850
1005001699077058
32955725193
1005002314399443
4000556623903
1005002345829837
1005001581044898
1005002008214249
1005002322320849
32827241987
4000704358147
1005002387738001
32839352186
1005001592965637
4001149575367
4001270765528
4000209465041
1005001718547601
1005002363008708
32972205572
32921356093
4000537407193
4000044140045
1005002310913681
32923110488
32814153968
1005001688607105
4000342917418
4001005160956
4001320745825
1005001863798654
4000061443993
1005001731145449
32847337188
1005002377078769
4001347573330
32996056330
1005002433688019
1005002126567745
32984522100
1005001895707918
1005002317116213
1005002382132485
33004276876
4001163225124
32730063138
32720437760
4001333063190
4000533822407
1005001670407211
32884940612
1005001515872835
1005002290930642
4001278977407
33015139193
1005002343980239
32948015779
1005001771290582
32967762547
33055984624
1005001334265049
1005001367788632
32840579603
1005002384121151
1005002342490566
4000720006236
1005001787455087
1005001908012371
1005001700774722
1005002077029881
1005002390066801
32270831278
32787488973
1005001499698454
1005002317573634
1005001808333461
1005002329924226
4001111985497
32949001127
1005002357946563
1005002374291991
1005002326801221
1005002286904055
4000828200549
1005002290509630
4000399743626
33049089950
1005001734362879
33059360731
4000574940786
32250509392
32563417068
1005002326279936
4001117305951
1005001668174802
32705160327
4000378278852
1005002382550537
4001029198251
1005002453904135
1005002379558535
1005001785447250
4000734399228
1005001770484809
32805664493
1005001867661792
1005002278495339
1005001640362236
32849029062
1005002246046348
1005002357752235
1005002336527964
32676780268
32851718351
32963082046
32936167045
32693750187
1005002327727111
4000749058412
32932120498
33009812638
32896911071
32823717136
32867128587
4000180715013
1005001988125357
33021300474
1005001792886117
1005001591442763
1005001897616637
1005002450002238
1005002246302123
32424910873
32252821448
1005001478137474
1005002417484369
33000198808
4001183597132
4000318801584
1005002413407176
1005002328199750
1005002273047580
1005002275604643
1005002160455026
1005002260865003
4001338713677
32991422961
1005002406719113
4000448917857
32803605548
1005001621268610
32655681183
1005002258702735
32963999431
4001061241264
1005002459015790
33016462824
33004906381
32608238408
32546522081
1005002232683239
1005001888120103
32976827600
1005002108452931
4001040766115
1005002310866283
4000271952633
4001211004198
1005001518520915
1005002322173214
1005002307557038
32815266956
1005001616711060
1005001598964246
1005002170869989
1005002206180161
1005001364489861
1005002260579989
4001268257468
32913866328
32848661390
1005001993451610
4000057468644
1005002495840512
4001076507138
1005002300772867
4001253536791
1005002085034305
1005002342857673
4000048175722
32807317180
1005001370126210
32817942810
1005001326211739
32951116448
1005001809375272
1005002176207914
1005002277435293
1005002351078984
32992939364
32957509675
1005002340639141
4000682479216
4001130462859
32711156903
4000264461598
32698075484
1005001596606466
1005002298595653
1005002293752142
33031774556
1005001723123080
4000386306933
1005002075182048
32897312425
32999137309
1005001928781432
1005001327348820
32814590440
1005002301091807
1005002312163316
1005002356802074
1005001998685872
1005001728796042
32980505142
32859367280
32829549416
1005002440177313
32791399601
1005002356060346
33002812476
1005001375614253
1005002481868211
4000111610051
32505106593
4001287479177
1005002282585459
1005002307475436
1005002328678775
1005002279116463
4000155943530
1005002217910094
4001090205864
1005002271396796
33027425861
1005001693371552
1005002287063154
4001090260890
1005002459317692
32854122940
1005002342639029
4000141664940
1005001500922807
4000246451928
1005001315894865
32379083267
1005001838515979
1005002495894820
1005002341398008
32557881369
1005002327374732
32906511423
4000401072552
4000751965065
1005002305670800
33057726904
32864158639
32994883585
1005002073967153
32899795188
1005002467750585
1005001620373527
1005002173005565
1005001935498734
4000976557296
1005001636637606
33005204959
1005002348155740
4000630885533
32885783539
1005001694871745
1005001682336663
1005002268654044
4000810188560
1005001797192692
1005001369957197
1005002319907080
1005002298968790
4000274200848
4000309465179
4001202872242
4001039910152
4001200515152
1005002064293536
32903998144
4000833063080
1005001588269528
32645313323
1005002277873022
1005002316123863
32908182403
1005002180145060
32846647542
4001032153843
1005002047547040
4000533473682
1005001983065497
32456441833
1005002319172686
32791230656
1005002278413711
1005001453769154
33023824534
4000528751634
4000588195043
32966330549
32809528615
1005002286367463
1005002340646855
1005002326121085
1005002448729964
1005002215974049
4001310525029
1005002430251765
4001093394934
4001162852469
32951089645
1005002342027564
33005131245
32917137114
1005001393555868
32833957570
1005002210572908
1005002309966127
32793009665
1005002130055580
32896741498
4001298825554
1005001470799307
4000669235989
32913627297
32826128078
4000764156583
4001242105663
1005002371243556
1005001884398058
33004727209
4001365931966
1005001417289658
1005001747365958
32975750053
1005002144084714
4000378819007
1005001862912797
32993868682
4000816690948
4001287816109
4000317013705
1005002313806060
1005002270367918
4000086496615
32919443575
32989472770
32890983792
32867226493
33015770265
1005001844590190
32977203192
1005002206460715
4000063245720
1005002314292561
33031860961
1005002122354641
32823310616
33021433510
1005002332963157
1005001308699675
4000188182602
1005002139398544
32918977363
1005002348872012
4000837536217
32945327894
1005001458432035
1005001570366693
32859036781
32681713928
1005002247909335
1005001651235585
1005002450529721
1005001930414080
1005002315604968
32850257795
1005001821106060
32808485137
1005002273427634
4001168724042
4001242094181
4000179244033
1005002306543750
1005001375936985
4001037732217
32315544368
4000516216048
32889980393
33025127032
32832616930
1005002477750043
1005001571565203
1005002028599844
1005001797243195
1005002311527114
32854708975
33058554080
1005002420745112
1005002488606932
33016624021
4001224663831
1005002189795636
32764099842
1005001436544508
1005002317399653
32886846763
1005001321876586
4000197814679
32960629434
4001208999691
1005002313050902
1005002329274114
1005001830653484
1005001919083704
1005001309316968
10000029437312
1005002107589380
32860193174
32884775557
1005002206413799
1005002324141761
1005002043044936
1005001858426041
1005002377556420
1005002083477813
1005002351398442
1005002224403810
1005001457958872
4001287364582
1005001965386877
32807171220
1005002363597116
32840876881
4000207438050
32786631338
4000920724825
32734242988
1005002357549500
1005002346164380
1005002258230348
4000697927939
4000742529676
4001160814145
1005002261185315
32753580960
33035583370
1005001615095836
4000768955680
1005001708673444
32891274699
32860458891
32747258795
32971754868
32955636471
32820490496
1005001506510072
1005002374692664
4001078005864
33052115263
1005002319152582
1005001301589536
33008780378
4000357172245
10050024666583371005001843770985
1005002233262867
1005001392834521
1005002378485468
4001215147434
1005002460020273
32850798607
4000082539444
4001275969374
33055309485
32959915358
4000259587950
1005001290418779
1005002380741187
1005001483713492
4000865411367
4000861453386
1005001992988434
4001114839159
32994016943
1005002110615899
4000320794498
32859579376
1005002061937906
4001111472908
32697297277
33025377714
1005001514117243
33008809399
33036515347
1005002388424032
1005001831345467
4000879770453
1005002218590947
1005001717832229
1005002308687959
4000628077411
1005001596561843
1005002338442627
1005001457140798
32532893987
32580542677
4001209155805
4001297156862
4000063879279
32887771169
1005002259973690
1005002377350851
497057834
32883293670
1005002337128867
1005002306703234
1005002419651361
1005002008492433
1005001546863790
1005002264455988
1005001338416227
1005001873435647
32946926417
1005001997148174
1005002288046576
33047757052
1005001662940675
1005002314303879
4001132949530
33040078561
1005001817813956
32993516682
32980390240
32833635275
4001223406298
1005001703209404
4001225258579
1005002137989158
1005002250694693
1005002333497406
4001178845558
1005002399688435
1005002364486625
4001175721117
1005001743897985
4000835627794
32951618841
32947331301
1005002213980168
32859369681
4000035450110
33047741661
32838030277
4000575534125
4001286160304
1005001550673614
32881116094
1005001424961921
1005001310148184
1005002488903008
1005002312132820
32599199142
32958711228
4001276726676
1005001469550552
4001156272595
1005001796976257
32885490447
1005001587226196
4001207303751
4000397496851
1005002128416690
1005001520705455
1005001500808924
1005001762557682
1005002286902711
1005002224046367
4001118503494
1005002239435035
1005002386485282
4000201180763
1005001500959922
4001364835773
32902670369
33026817698
4001345322635
4000310362838
4000067281735
4000735961855
1005002492908277
1005002303981806
1005002484587975
1005002267973855
4000180241238
1005002105018640
1005002351442998
33034635127
1005002167759580
1005002279868652
1005002493894522
4000044573539
4000261958764
33044886057
32796219073
4000828225602
1005002447511048
33034583905
32828957915
1005002383032009
1005002376879146
1005001634162298
1005002117536179
1005002466863579
1005002078695969
32888903903
527779023
1005002357134385
1005002377326770
1005002211796824
4000122889490
1005002114652911
1005002274213426
1005001838512707
1005002443103096
32682233654
1005001659129650
1005002426899003
1005001737938661
1005002281821784
1005002217140261
4000690892987
1005001382950111
32863479306
32966961262
32959713300
1005002023785743
4000032702479
4000761164517
32916129811
1005002046049742
1005001808529295
1000007946320
4000066468306
33036293706
4001041919967
32862029433
1005002355732563
4000590610059
32955508144
4000089842954
1005002399675589
32908190414
4001138908228
4000852809766
1005002319121566
4000918442958
1005002382031727
32831339759
1005002316450372
32984575527
32722006385
32884131199
4000865460403
32966759087
1005002374460191
1005002407941521
32854198022
1005002462557575
1005002362699162
4000850500089
1005001525451496
32903377386
4000286924690
1005001288263989
33033262395
4001059438715
4001310388248
1005002223904354
32702127259
4001215502478
32948441690
4000242539373
32969232829
1005002450792657
4000130542474
4000040445750
1005001581670028
1005001859003135
32744067209
4000666173841
1005002292593538
32960383429
1005002156581916
1005002267922919
1005002243082020
1005002437770069
1005002390740555
1005001905285888
32393436285
4000962260657
4000602107726
4001261304101
1005002311343969
32971652431
1005002277398436
1005002499927069
32986031615
1005002335434065
32697386225
4001214213581
4001089782024
32692517690
4000686723172
1005002193877634
1005002070207348
1005002423444061
4000261559059
1005002265331592
1005002481205715
33027513789
32920875923
1005002161746751
4001050860090
1005002362525818
1005001438815740
33044275053
32897141847
1005001452835034
32897705398
1005002124529909
32977489999
1005001733583278
1005002390249816
1005001701613462
4000221229066
32915834906
32951609964
1005001865543805
4000955809631
1005001556615732
1005002277614582
32842112445
33032098076
1005002426848611
32899176607
1005001452267727
1005001887532559
32908154207
32957429375
1005002187122442
1005001822368063
32974616253
4001150149846
4001022411378
1005001885772373
1005001596508508
32519738086
1005002353512845
32848339696
1005001463626086
1005001634526048
32847182386
1005001695520046
1005002324523657
1005002405308738
4001334961393
1005001694930912
4000891365593
32904930606
1005002292014704
1005001424090322
32849009765
1005002487348048
4000093559844
4001148508020
4001227652896
1005001525259965
1005002217563380
1005002363307479
1005002291040223
1005001357533778
1005001768347605
4000959708621
33054786441
1005001747736723
32832513923
32982453244
1005001580838799
1005002228619259
32301251263
1005002074665156
1005001348097230
4000283029665
4000662714589
1005002283526781
4000557949562
32918294297
1005002432412562
32824193027
32889536679
2049566234
1005002284091706
1005001793075382
1005002329828447
4001070262397
1005001538464642
1005002300748194
32885204935
1005002311356781
1005002047115508
32728822861
4000907221751
4001268125499
32962690923
32826159666
1005002317683188
4001365895757
4000050127609
1005002423919928
1005001579327039
1005001640023025
4000996675135
1005002322316263
4000717438209
4000209807149
32947020286
4001273229213
1005002052265077
1005001708078551
1005001571602734
1005001578758805
32503378146
1005001835504029
1005001659412673
32959079371
1005001875500234
1005002296410291
1005002262779309
1005001590783394
1005002494611838
1005002401791667
1005001667115784
1005001797841468
33017500017
32952124828
1005002198517669
32922852475
843938423
1005002255607552
1005002393466064
4000255637255
1005002405584764
32928596152
1005001971592752
1005002350481963
32847460759
4001225319164
1005002326365616
1005002360003089
4001078013047
32922093294
32981511209
4000473402032
1005002381024979
1005001430506202
1005002430816265
1005002418985556
1005001808277523
4000824709636
32989496528
1005002365636957
32812063503
1005002384831841
32862361600
32850973187
1005002319099886
1005002263895105
4000397102485
1005002323048320
32974473254
32851778385
1005001295542645
32857295957
1005001343547773
4001107721402
4000972631507
33022857725
32559623455
4001006901718
32249765246
1005002489198265
1005002425568709
1005002376002093
4000718464018
1005001738142593
32814413479
4000053770935
1005001717978889
32984735011
1005001728260651
1005002244001222
1005002330736270
1005002034061595
1005002415895826
32735831524
1005002074681484
1005002449418017
4000797935670
1005002315028290
32963688627
1005002252317757
4000834395904
1005002217878947
33014876619
1005002121815867
1005002006402029
32678949599
1005001665753576
4000136366050
32650619831
32691122730
32915856053
32607493043
1005002318095415
1005001402205579
4000424435032
1005002356783410
1005002485896551
1005002362867826
4000324457218
1005001640143386
4001300340370
4000022183780
33006427756
1005001532448066
1005002314257594
1005002432095337
1005001497021032
1005002372504703
1005002442842241
32810709111
1005001852367000
1005002289543500
1005002459515071
4001272930429
1005002328892241
1005002468499022
1005002267607424
1005001626133462
32954998883
32793101139
32663114863
1005002398378097
4001223371599
32833601852
32939957843
4001078830985
32837781482
4001108826183
1005001968282567
1005002359238055
1005002409239911
1005001429492778
1005002085234575
32997619690
1005001858227934
1005001926990352
32839891931
4001162999829
1852975607
1005001329693785
4000784679837
33000386816
4000119234117
1005001799392558
32657278730
1005002287751026
33042755413
32887369094
4000409998674
32705295605
1005002182520382
1005001935443898
32924811132
1005002379362000
1005001412515771
32988982000
4000076035560
1005002481697166
1005001973601711
1005002219225206
4000456924467
1005002329736948
1005002292490267
1005002243943455
4001147926670
1005001343869017
1005001695135781
33027093788
32985267838
1005001898929058
32738358465
4000437537357
1005002265045568
1005002228421549
4000189593146
1005002277703211
1005001900519668
4000644722983
1005002122261751
1005001392000618
4000834235113
1005002186598100
1005002313448254
1005002333891407
32605321971
33061399138
1005002328063441
33040067510
32980947909
1005001465521317
1005001687846278
1005002250461298
4000334002859
32896062141
4001290342558
4000985139773
4001134809840
1005001656735869
4000558533451
4001338751617
1005002028789233
1005002364531330
4000903196342
1005001526768339
1005001748325678
32700110340
1005002160358675
32951594224
4000961140701
4001340959164
1005001992340311
32959300314
1005001604933130
1005002394138994
1005001551061242
4001216723739
1005002341477035
1005001602142088
4000661220415
1005002211965464
32966902537
1005001429528626
1005002032348412
1005001471263923
1005001918226913
1005002307659719
1005002418214846
1005002318005740
1005001779802185
1005002493739673
32817044541
1005001270543553
1005001658717008
