1005001839692644
4001096108567
4000378063176
33003668951
1005001593209407
1005002336722246
33006204226
1979760570
32827658939
32846709823
32616627847
1005001402677430
4001255616425
1005002344400665
4000907658732
4000328622100
1005002416873050
1005001552075086
1005002096330017
10000417707147
1005002393645949
32969225168
4000763572499
1005001525369002
1005002431652288
1005001469233080
1005002484581623
4001211463316
1005002362868857
1005002314331077
4000860546960
32947056723
32749924826
32847103462
32250371669
1005002239770093
4000103430947
1005001858471577
4000959248444
2009533693
4001297867797
1005002316883621
1005002259710887
4001110342316
1005001809426621
1005002310695751
1005002003403629
4000012652444
32850863912
4001236562802
32974635599
1005002480460917
1005002050220741
1005001839097541
1005001894573262
1005001825329865
32687450843
1736203660
1005001893160907
4000721206274
4001298776413
1005001850326333
4001032677271
4001358352806
1005002423677874
32332286425
4000353249718
32839324722
1005002381869417
1005001521576535
32973774586
32785157911
1005002366882660
1005001914038746
1005002367558090
32912371544
1005002327351290
32949480683
32828651761
1005001798332679
32873039513
4001079587759
1005002103151372
1005001321887922
32812957854
4000244752244
1005002432834811
1005002147991046
32974092415
32890340460
1005001353605437
4001136738101
1005002339017606
1005002428583018
1005002378062966
33039960878
4001320477745
1005001704044482
1005001592489119
4000328627226
32817468763
32846511618
32987632837
4001037079406
1005002364208139
32830404056
4000405245639
1005001681414771
1005001939740142
32275735659
32885776452
4000986038101
1005002050416926
1005002300557705
1005002332234433
32899304593
32802127124
1005002473989741
1005002413230159
1005002341284659
4000926593517
32870194460
4001263820398
33025878343
1005001994565532
4001245307713
1005001680524808
1005002432207355
32891987521
1005002346578028
33012640088
4000720913246
4000269826177
4000244666335
1005001878805064
1005002271283393
33044818220
1005002290981427
1005002345854318
1005002064499148
1005001977047306
1005002421381573
1005002454733537
1005002381982799
1005001997534340
1005001851759707
32550899223
32896387122
1005002480035269
4000934076122
4001167442524
4001259794515
32819014279
32602822829
1005002023438556
1005001446687365
4000955785370
4001228268355
32869653276
1005002259931697
32862645804
4000323175736
33013701035
32888880602
4001299193887
32837253057
1005002332235527
32805530018
1005002235342551
32982768950
33008379201
4001184431635
1005002264349260
1005002307516836
1005002459104599
1005001296362556
33034020634
1005001990462402
1005001300470449
32905385743
4000945279970
1005001406455391
10000144447232
4000140350655
33005708076
1005002223903171
1005001804499412
1005001727768727
1005002346543273
32969164051
4000099666032
4000682411490
1005002378647359
33020670691
1000001544489
32876128760
1005002371733136
1005002454253575
1005001997846967
1005002257855059
32947277153
1005002355601026
1005001811930577
33002340534
4000695509752
4000973045178
32845837428
1005002233953079
1005002260706278
32858534198
32919227751
1005002449710306
4001238337399
1005002248731923
32769997189
4000463051054
4001290812516
32914493278
4001138104301
4001005924695
32988194865
10000026689464
4001330976376
1005002358545644
4000391513735
32682914047
32757186551
1005001575103140
33037956352
1005002247806400
33003708247
32402120467
1005001868677972
32787858737
32781608557
32793610184
1005001774362815
1005002297979780
1005001483640944
32898913725
4000162641026
1005002412844267
32975195831
4000094322671
1005002496789446
1005002427392477
32854878529
4000683969379
1005002179550719
4000097502562
32952226847
32952323540
1005002345802656
1005002446706136
1005002229603722
33055843714
10000010686807
4000737248723
4001264955232
1005002325329487
32952292995
33054908617
4001242677030
33010570394
32728305778
4000295950046
4001228888072
4001127981371
32823361767
4001041522508
4001047593623
1005002381615137
1005002316122571
1005002372988398
1005002205677892
4000773055469
1005002459753266
32704688973
1005001998102840
1000008307553
1005002230067966
32884969184
1005001626712617
1005002205614072
1005002281541783
1005002068795329
1005002246415852
4000927695668
1005002158443619
4000747503363
32357428977
32454694920
1005002344813855
32579091124
1005001464744533
4000918070590
4000324574074
32990249527
1005002174747922
4000306605167
1005002288110325
1005001781043773
32898523286
32948392235
1005002027227169
1005001626047658
1005002012489865
1005002482348682
1005002165579962
1005001631949269
4000862812060
1005002095222160
1005002465423418
4001117723470
1005002358717437
32903366953
4000506841484
4001235753582
1005002212093358
4000091897942
33012447188
32923086129
1005002004757736
32818108201
1005002487400148
32950939280
32958814450
4001149177484
1005002386915730
32824438654
4000832241011
4000538198626
1005002388680876
32960735595
1005001587837147
1005002485257444
32917793168
10000294662488
4001359727378
32955532300
1005002023543653
1005001292523779
1005001574990892
32310919849
4000287315008
33015927708
32950282976
1005002247938024
32908063627
1005002424850298
4001127512160
1005002272856224
4001218900204
1005001998353131
4000068846787
4001110690875
32651731206
33011773124
1005002363055117
1005002337639653
1005001831008005
1005001466508397
1005001452158465
1005002111534668
1005002313775257
4000761585593
4000154650519
1005002454301986
1005001450972748
4000334931355
4001125790830
1005002288653721
4000510504683
1005001525312856
4001199275977
4001313349654
4000707595804
33004311247
32975290491
1005001310404596
32877555628
33004816127
32956405696
1005001571383316
33028862807
1005002253210352
32701830046
1005001488750436
1005002330668225
4000310796022
4000959968876
1005002460476900
4001340385314
4001297416108
4000090218377
1005002362587354
1005001495725897
32994731991
33063635129
10050019870502391005001337701938
4000569319260
1005002124440822
1005002399052446
1005002388880811
1005001325610546
32912160227
4000087960191
4001186062138
1005002115385374
1005001430648196
32893082168
1005002485413460
1005002420522420
1005001621084276
4001265910966
1005002434305240
4000708986821
1005001914862182
1005002387564697
4000078607000
1005002072222592
1005001376026594
32828175463
1005002494647792
32921320323
32453925819
4000321783988
33038868080
32959351480
4000398050155
32902176772
32350122211
33021656271
4000334807413
32917808547
4000186609394
4000783923334
1005002294402568
1005001995392220
32553972005
32813155696
1005002236030580
1005002112737679
4001089302290
1005002320982559
32376101426
1005002496310238
1005002318409662
32304309523
1005002476362716
1005002448096115
1005002372479788
1005002315670012
32817113595
1005002334387052
32858384298
1005001736669625
1005001458772780
4000575966235
32964126895
1005001581546719
1005002398984038
4000124532069
1005002412246866
4000056036757
10000183185527
32891303856
1005002048446221
1005002196545900
1005001918879041
4000135532555
1005001452102443
1005002263097564
33010930699
4001224763129
4000012127310
4001289226001
1005002243998775
1005002397921117
1005002394791383
1005002016882248
4001299437709
4000437520834
32700934568
1005001515626783
1005001441374771
4001189253635
4000929724749
1005002364156102
1005001325725026
4000313656198
1005002220963019
1005002433636298
4001113719990
4000473706111
4001347535921
1005002255327138
1005002311285764
1005002029925364
1005002056221136
1005002292079983
4001127730609
1005002314832020
32821529553
1005001935840877
1005001793001981
32759835008
4001196885456
1005002132752654
32915681588
32296407905
1005002270233919
1005002264120830
32959258142
1005002346061853
32884739407
33019458347
1005002244918786
1005001483165014
32907837326
4000156579094
4000660518259
32957994106
32711091192
1005002187611896
1005002198932067
4000904049105
1506276985
4001266120069
1005002260035612
32855426338
4001200907292
1005002275387518
1005002468059273
32995332480
32823596031
1005001691301966
1005001682806117
1005002347551390
1005001588874461
1005002018288208
4000891317073
32828824425
32820295402
1005002431814940
32618647733
1005002307607300
4000928108258
4001150144589
10000418280331
1005002042915237
4000939601782
1005001594573857
1005002281256413
1005002180135383
4000057345261
32830549518
1005002447225474
32867117770
4000127227831
527925786
1005001530343526
1005001504217916
1005001711620392
4000698204659
1005002054307992
1005001882575991
4001130798485
4001272289619
1005001630262668
32852986067
643597958
32857920997
1005001870367342
32957910925
4000309398786
32847102969
1005002167754735
1005001468855959
1005002447406002
1005002123894756
4001302672741
1005002332182089
4001330816804
33020187551
1005001622529333
1005001309203575
1005002040605654
4001136450396
1005002300240982
1005002318209795
32795460999
1005002267410760
4000192175726
32869028952
4000216130023
1005002413661227
4000640902409
1005001929598828
32322862903
4000808992573
1005002315126680
32910688281
33028522659
32792202989
4000519247730
32688337747
4001223463154
32867528236
1005001833891583
32973238690
1005001895089533
4000709127615
32809510412
1005001380520214
1005002284915257
1005002237927882
1005002475752017
32607684360
1005001727763397
4000302321912
4000721013056
4000296155778
1005002404798238
4000787133559
4000850565320
33060890296
1005002394510713
1005001682842711
1005002186179316
32985489443
1005002224001193
1005001878386928
4001078718427
1005002436352080
4001156279059
1005002288725471
32900971389
1005002499993509
4001005697819
33020912500
1005001290249274
1005001786631119
1559035164
4000287453947
1005002328116009
1005002294309736
1005001621443778
1005002207521844
1005002314364071
1005001679001864
1005002094080570
4001133009139
33033667439
1005002376263372
1005002353784764
4000538914717
32834372806
4000986955939
4000238011198
32861198585
4000256644255
33007056378
1005002193453168
32868836009
32960000254
1005002242056768
1005001470139492
4000078811526
1005002129707948
1005002039724433
1005002378807388
1005002328064149
1005002482411288
1005002339048085
32907457100
32899357133
32422750253
33056738668
1005002119886228
1005002332745142
1005001841296837
1005002353349237
1005002281031888
1005001848769746
1005002374944697
1005002237515654
1005001412012476
4000849561412
1005002251956577
1005001405405672
1005001398183343
1005002424089176
4000628014372
1005001775562518
4000405038705
32916707511
4001327420250
1005001447722495
4001041191292
4000744231874
1005002465244382
1005002337184315
1005002220125006
32905155059
4000828675432
1005002235504146
4001291629584
1005002317497472
32813809409
4000381076765
1005002142973133
1005002286677916
1005002183031577
32700251084
1005001296241406
1005002160467946
4000348826558
1005002358353896
33036026020
4000955022237
1005001762809789
33042791460
4000114161485
4000162025836
32973990616
1005002459060755
32971671874
1005002413549920
32864033353
32811594203
1005002201620685
1005002281749528
4001103417702
4001067051659
1005002253922281
1005002288463644
4000843005503
32800790337
32920718113
1005002129371328
4000990751376
1005002297918497
1005002351881161
4000021547422
1005002260024268
4000960329211
1005001429684210
1005002324396516
1005002461846451
32836132921
32319781636
1005001707797431
32832616168
1005002423628771
1005001572360639
33059258404
1005001387466041
32812449206
1005002260382771
1005001953548450
1005001489290193
1005002275698119
4000113782224
1005002413324937
1005002080919335
4001017741861
4000627967089
1005001367739130
4000347011602
32968216198
1005001845934313
32435986402
32969344503
32963606594
1005002297367770
33002111393
4000478348118
32797211367
1005002322419269
1005002288966248
4000916769519
1005001632176847
4001250798373
33003200832
32781441271
1005001302412142
1005002492470908
1996641147
1005001906178183
32854467809
4000622072973
1005002153187935
1005001493533916
32970126477
1005001584902184
1005002313450340
10000226284705
1005001968381080
1005002350636975
1005001572236729
1005002385103493
4001285799509
1005001530501171
32847434035
4000164135675
4001323464356
4000114237859
32995853816
33041033964
32855645148
1005001305301850
32952697580
4000531930892
1005001780388473
33049741072
32729079103
1005002259632915
1005001984664300
4000808627375
1005002195663085
1005002110580724
1005002403956748
4000291282348
4000110496833
32832948385
32510335468
4001132211340
1005002427932135
1005002040380569
1005002382973832
1005001692553884
32747776769
1005001436522198
1005001298643256
4000150438329
1005002093769951
1005001411838396
1005002279590776
1005001989468650
32747343275
1005001322954249
4000909159586
1005002313461205
1005002442057967
1005001382148639
32954174355
4000833182847
1005001935158467
1005002462493940
1005001828929539
1005002341743594
1005002445240528
1005002338835515
32833553983
32790642085
1005002265466297
1005001989206487
1005002272282065
4000780970824
1005001850599294
1005002361912536
1005002279208137
1005001652240214
1005002404727933
32994520906
1005001612802566
1005001562493653
32856004776
32906368380
1005001814198749
32866141658
1005001431858471
1005002311364559
1005002314331616
1005001611984933
4000253207298
1005001842897308
1005002329112752
1005002419812833
32666458510
1005002334410159
1005001383722556
1005001689451630
1005001364135705
4000553057197
32301446730
33044386982
4000350417193
1005001313934058
33033768148
33004769808
1005002278424358
32826124706
4000802216390
4000702128327
4001271536949
10000127360309
1005002314471120
1005002428350797
32862088806
4001229437401
33028190156
1005002263399764
4001276788667
4001208176435
4000188594493
1005002167150262
1396229480
1005002225293285
1005001668177406
10000371691383
1005001859502184
10000000680877
33027545056
1005001829702948
4000853006249
4000643041205
1005001819088401
1005001606863060
4000297138214
1005001355023523
32968790335
32874556440
1005002362315745
4001153053926
1005002287907082
1005002447256823
32913597187
33011467258
1005001520081446
1005002398660979
4001214625469
4001002144319
33018473570
1005002265512602
1005001445559815
1005001605886819
1005002351951734
32965193094
1005002496408759
32987997180
1005002213082250
32921784373
1005002318051667
1005002352353183
1005001438653656
32913088201
32856112499
4001325956993
1005002462857115
1005002431063088
33003735687
1005001488262130
32976332988
1005002318907407
4000226074858
1005002008666065
1000007231004
1005001740847937
1005001437921272
1005002288957604
4000505856907
4000979621063
32854805328
1005002251002518
32794136658
1005002314716448
4000038776572
1005002312105018
4000764096804
1005001954028067
1005001664189528
32886810978
4001062140185
10000343270492
1005001993699478
4000771327829
32845784411
1005001425054621
4000943639746
4000468729035
1005002311071273
1005001908045062
1005002320660005
1005001588057511
32943206702
32978378999
1005001458554211
1005001524198498
32972794658
32963119748
1005002477646827
1005001695598073
4001232777821
4001106647824
1005001603294703
1005002051260423
4001002337719
32962542698
32984190790
1005001728929469
1005002238366860
1005002317508107
4001113975339
32839229869
1005002321773235
1005002242146877
32577241193
33022501631
32957732937
1005002467597666
1005002136648743
1005002293761357
1005001815762279
32842599378
1005002412214631
1005002272575734
4001222925601
33029686804
1005002332462973
4000665047318
1005002127105411
4001349931315
32860163626
1005002381077950
1005002305951241
1005002342495037
32739700298
1005002293249091
4001040664749
1005002392675499
33017359033
1005002475228014
1005001511220494
1005002466995717
1005002339856896
1005001949523077
1005002069622429
1005001596133013
1000007759911
4000393300816
1005002192368375
4000959171856
32839010696
4000604317155
1005001976447951
1005002443413294
1005002254657996
1005002376077624
1005001620444644
1005002115247831
4001015206049
32867718557
1005001576102667
1005001921072697
1005001718980860
1005002228615684
33003070327
4000990361537
1005002219413329
1005002315625058
1005001942359705
1005001607927627
4000084651172
32865307515
1005001702362766
1005001880333427
4000756200762
1005002218742365
1005002428340986
1005001714876805
1005001978441762
32912633670
1005001392914406
1005002387059295
1005001889101509
1005002287470095
1005002484461565
1005002011345530
4000045619386
33005187387
1005002121211704
4000041881767
4000347096149
32577711122
33027545168
1005001567544382
32900735589
1005002319086464
32962433109
1005002064074282
1005002314355463
32340434239
4001089105887
1005002132887063
32931514315
32769684968
1005002084553003
1005002339762713
1005002033830972
32824446068
4001195968817
1005002315744766
1005002354821944
1005002167427020
4000545919394
1005002301679914
1005002488478284
1005002487247199
4000758721029
4000287055521
4001362024669
1005001620426328
1005001545330080
33033190410
1005001954033197
32966957368
32855352927
33031863470
1005002305928890
1005002056423478
1005002218944017
4000068881583
32863381515
33056902039
33055456423
1005001355521902
1005002352249269
4001195764016
1005002378873157
1005002026713857
32783494502
1005001556472340
4000439056219
4000780469776
4001227016848
32953977041
4001270475985
4000231718214
32920356108
33055144054
4000458258469
4000298769320
1005001998634554
1005002309335789
32975181540
32963561898
4000126964084
4000058757970
4001169786156
32826650327
1005002404024424
32944620882
1005001894701815
32865011860
4001153438244
4001096192199
4001026642163
32989797531
4000250041789
4000442537719
4001354637199
1005002228431487
1005002214738384
1005001902089414
32857898168
1005002488985776
32994636462
4001249206677
4000857730137
1005001482521175
4000019450061
32999411514
33000678922
32895572962
32899385338
1005002239653880
1005001645121223
1005002453871384
1005001940789412
1005001689873812
4000247738751
1005002310513837
33043244794
1005002310787271
4000270439355
32882134844
33024747337
32907737448
32862951977
1005001670887274
33012544754
1005002351736034
32971767689
4001030882089
33005428615
4001307367155
1005001768411610
1005002302265269
4000335548694
1005001602554895
4000513061675
32914825078
32899417796
4000038491097
1005002191436300
1005002292153372
1005001653270339
33026829473
1005002414350344
1005002426161522
32815982622
4001190167041
32956993095
33009259169
1005002389888128
1005002340440931
1005001856393873
1293265012
4001346169215
1005002115047117
32966628984
1005002219265980
1000006758328
33008008478
1005002023703703
32824757112
4001212303099
4000750874529
1005001728575088
1005002454735249
1005001559503775
32835531455
1005001495131753
32857587222
1005001533438749
4001038352152
1005002115682091
1005002353170340
4000034522701
33060463301
1005001670938258
1005002344569218
1005002259827025
4000260739091
4001141878880
1005002337274010
1005001648981832
32944314782
4001015907904
32982929035
4000971075128
32848397722
1005002275327407
1005002312525302
32747665824
4000734908394
1005002350682634
32960627140
33027125134
1005001457412644
4001232032877
1005002404325300
32814656475
32901057415
1005002487459805
1005002100784116
1005001509793942
32815685792
1005002363212456
1005002064483634
4000287502402
4000103741757
4000573105918
1005002287460296
4000104996854
1005002310501384
1005001333977154
4000183589033
1005002377503504
4001159269055
4000791381369
1005001930289642
1005002213263943
4000548234633
32967203128
1005002060190114
1005001889585138
1005001773182761
4001313589640
1005002398896011
1005001789090421
1005001643118200
1005002214768878
1005001468126480
32975197914
32627178270
32887383222
1005002206089415
4000268121369
1005001392885704
1005001570845384
1005001350645028
1005002333569286
4000670204246
1005002404339900
32997059090
1005001572199201
32991825452
1005002293910053
1005001616822657
4000085668197
1005001350117029
1005001656406618
4000091762725
32949929983
1005002018983235
4000545892948
1005001429023313
1005001933665471
32985934002
1005002344982754
1005002282205285
1005002460289543
1005002276288318
1005002045677877
760904781
1005002263414363
33047840286
1005001994301021
1005002294296003
1005001976276406
4000263440587
32996987737
1005002387331225
1005001957174017
1005001862628819
4000686840067
1005001983047878
4001107889113
33005950755
32887418028
4000842695041
4000399935139
32803157909
4001267732443
1005002426073853
4001263688427
1005001791917352
4001287112144
1005002252927427
32926198949
1005002436300922
4000122898080
1005001943591204
4000052215400
4001350780976
4000263633868
2033464588
4001207158911
33027537360
1005001977419560
32966042483
4001157751640
1005001617204607
32810176117
4000771646055
1005001614635146
1005001848914407
1005002287964410
4001171645185
4000442463783
4001154557488
4000955900306
1005002314412020
4000453554504
1005002317943147
4000309975784
32984250932
4000688584973
1005002304426034
32789985892
1005002351269809
4000626916869
1005002318949040
33025760358
4000127396511
1005002137618929
4001236464542
32855755118
4000627174313
4001137762510
4000909285866
4001087999697
1005002467021662
32960158567
1005002333173872
40012189740671005002328702049
1005002146821119
1005002420957398
1005002475462281
1005001954113406
1005001615199823
4000911162806
33045033863
33040166514
1005002029450029
1005002318991277
1005002374787638
32790919722
1005001644189430
1005002392335152
4000990867363
4001175240777
33040149800
32968639229
32951351383
32752695158
32966488016
4001068830672
1005002288528883
1005002199318157
1005001303725608
4000215441089
4000735870561
1005001846194455
1005002305627970
32859236329
32852909888
1005002314838587
32858107334
4000682431818
4001343436257
4001043217807
1005002341752025
32892354597
32974548240
4001090388881
1005002022440360
1005002292149730
32818932222
32811630170
4000945754326
4000458414770
4000661043545
4001192298552
32352696741
1005001518456904
32703360263
4000922602625
1005002357623509
1005002211744192
4000857326033
1005001847315163
4000674111099
32962329343
1005002247078153
1923829328
32825208042
1005002052428900
1005002488940754
1005001314772104
32670601962
1005002131097801
1005002332789522
4000484004039
1005002279617753
1005001270062698
32937186078
32810140051
1005002332330724
1005002277906532
32961589722
1005001692954479
4001266957935
1005002402235178
1005001705589844
32796764984
1005001510628812
32941620964
4001268074152
1005001285747742
4000846433094
1005002347531532
33061842621
32954216712
1005002205517753
1005001993866644
4001339303042
1005001704286947
32238199434
1005002058464996
4000209970289
4000270008458
4000777588007
1005001942660922
1005001381257845
1005002029920239
1005002429275837
2022117791
32419224324
1005002300725730
32840961884
1005001737429651
1005002382778044
1005002400303801
4000242482251
32375409709
33054061836
1005002279071524
1005001898769374
1005002427006815
32828039701
1005001702835029
32829250388
4000648526716
4000667091800
1005001407133655
1005001834934126
4001221349410
1005002433305820
1005002279800303
32951416689
1005002224596366
32980225934
32948563995
32828586377
32969197992
4001160363526
4001122860249
1005001737765491
4001192144761
4000685838680
1005002252231750
4000764371121
4001118473588
1005001591593741
1005001329428192
4000693237358
32857295033
1005002267335865
1005002167847986
32534178526
4000203974287
1005002339851970
4000718013630
4001294568464
4001275375316
1005001635138419
4000225848535
32895848395
1005001812873139
32638968744
4001195066488
4001263751225
32971127120
32785952432
1005002323973071
1005002279191118
4001231364120
32918632528
4000283634214
4000256287651
1005002434707687
33022841669
4000960664171
33027938420
1005002244817480
32789385538
32872967419
1005001878044804
32972573645
1005001438605501
4000767125215
1005002266578683
1005001305301709
32624671700
1005002324011962
33015618612
4001344632894
1005001292154740
1005002466210406
4000900382404
1005001769475406
1005001387510328
1005001624371199
33008272996
1005002461229374
4000170472454
1005001709134066
32672648066
1005001871837829
4000003941683
1005002386489656
1005001957081964
4000714542833
33055655766
1005002400854502
1005002081225661
1005002093779753
1005002313119447
1005001437410333
1930535393
1005001689574972
1005002438905582
32326242528
1005002474523382
1005001954972125
4000511418739
1005002494986920
4001064433664
1005001774671874
32882152964
4001219299760
4001058888422
4001193774932
1749080600
1005002490524087
1005001481596610
4000388855863
1005002423863961
4000135648223
4000991871291
32899359469
1005002340182224
1005001351348124
1005002330709643
1005002414613430
1005002232737678
1005001775774461
32642936148
1005001381648530
4001135481079
1005002307800055
1005002316872539
4001134200204
1005001967329702
1005001664980131
1005001867548757
4000125905032
1005002132483218
1005001989359318
1005002492530558
32984575069
33008746684
32917753221
1005001833915640
4001259855676
1005001507478612
1005001998914443
32999116872
1005001388809274
32864115453
32793497382
1005001885928368
32749720567
32994157800
1005002295453312
4000990798861
33047581912
1005001350524031
1005002320910734
1005001379602952
4001111478315
4000169798223
1005002244325236
1005002297843195
32952422663
1005002292050517
1005002116396060
4001097868963
32995514720
33048798256
32654250135
1005002321684077
1005002003515395
1005002419140640
1005002135996564
4000005339783
32322389543
1005001883369903
1005002304773956
1005001515975213
1005002287272757
1005002344782922
33024169138
4001331021332
1005001914370579
1005001577274631
4000235173975
4000054213157
32947743162
1005001298649623
1005001863607305
1005001736264821
32857405319
1005002475348717
1005002018384423
1005002277032903
1005002392511849
1005001975084833
32888981826
1005002301989824
1005002060792583
1005002289020792
32824542134
4000933300021
32854241890
32866727243
1005002483726044
32998288966
32846818879
1005001520589464
1005002276259694
4000804301771
1005002273427575
1005002459242283
33028468651
1005001873126289
32995563134
4001156560695
32710681860
1005002412890771
32879782834
1005002112255741
1005001651358961
1005002311132429
4001189833810
32847828510
4001213920222
1005002371841185
32829896089
4001040174343
4001163735751
32907013436
32735076439
1005001454185880
1005002234984555
1005002254179282
32725418634
1005001393177642
4001112996530
4001172923160
4000449855438
4000763992375
4000036112001
1005002455094042
4001246757784
1005001723919729
1005001593265301
4000037936052
4000990707930
1005002032992626
1005001828847256
32934239758
32703249570
4000023567844
1005002424801189
1005001357052112
32953525487
4000263068611
32978173935
1005002180607111
32866984701
4001197531751
1005002376821213
33011255971
32998709005
1005002254902931
32221441183
1005002368891440
4000160933209
4000964378477
32889115185
4000842669181
33033806582
1005002233702593
4000554780402
1005002291112642
4000159973966
4000844915031
4000693998812
32876164610
1000006046107
1005002368657091
1005002377159568
32893582886
1005002283182664
1005001741173203
1005002272688807
4000321699486
32852302858
1005002466940464
32750372195
4000805945267
1005002277216116
1005002386605996
33019685845
32830486316
1005002410157847
1005002248940333
1005002408757261
33013421194
32993204854
1005001445775443
32914801073
1005001920849355
1005002351463089
33049838033
1005001489249862
1005001795038769
1005002393852480
4001122928598
32991882981
1005001286734084
4001219294340
4001219636364
32845437276
1005002286036143
4000178236227
4001132756798
4000415986493
4000907518902
4001160362392
1005002014861690
4000207029531
1005001512592424
4000046057751
32947237482
1005001578828932
4001037209173
4000641440374
32951560769
4000528520990
1005001670822395
1005002340935937
32982856551
32950100109
1005002410088044
10000176429616
4000283873024
33018262029
1005001646153311
4000801403947
4000823513494
4000589834659
32645762562
4000389563135
4000114440974
714353316
32922390892
32959276888
4000038513814
4000199550488
32947578771
32825227668
1005002248157906
10000029248259
32993581983
1005002333616313
4001158529868
4001025353923
1005002206288780
4001041764466
1005001732006077
1005002393220199
4001266463104
4001263625542
1005001929419742
4000786970353
1005002382834764
4001228519980
1005002352886298
1005002294119369
1005002359911109
1005002224392139
1005002316655503
32987501232
1005002352069704
1005001780678799
1005001884719350
4001218094639
33025340961
543040535
33001046003
1005001530138274
32696380613
1005002094473632
1005002237898108
33003046429
32459740276
1005002196582136
1005001924269399
1429344446
1005002282297182
32965079382
32960302653
4000101655572
32857883280
4000305809690
4001124232524
1005002248792430
4001305630830
32990134012
32954339528
4001205078267
32863002260
1005001374985606
1005002187285587
4000309702296
32469774508
1005002434830498
4000070763898
1005002001649709
1005001587073727
4000460834246
1005001780487153
1005001614273017
32378618878
4000984160020
1005001896283826
32319287793
32224655260
1005001407955311
1005002399649605
1005001547426330
32719450910
32990315285
33056049481
1005002272677129
1005001434524970
4000222027299
32969831576
4001031922969
4001125186633
32867351392
4000115959554
4000111189125
1005002338703939
4001296042164
4000910496133
1005001902779177
1005002388243976
32982208725
1005002065797080
4000228053677
1005002052301512
1005002240198683
1005002071114662
1005002325686740
1005002278128613
4001287951621
4000035776918
1005001878011702
4000499923789
1005002363285445
4001150300686
4000793587670
1005001303045189
32866977346
1005001990492321
1005002258379326
33008323542
1005002167811809
1005001927904685
1005002397842227
1005002408371369
4000470915144
32777846790
1005001582135835
1005002382584407
4000832301173
1005002314375095
33053475688
1005002378063619
1005002362495853
4001275145126
32835460059
4000466036402
1005001424864028
1005002355231717
32960357188
1005001761764423
33008071928
1005002312553848
1005002467108454
1005002333374990
4000207202674
32697113206
1005001680364955
1005001363970104
1005001726764048
32855236570
32849003452
4001037183284
1005001404844684
33031523735
1005002329750530
1005002253935627
1005001406458372
1005002037814062
1005001570636367
4001290750216
1005001664110976
4001019331257
1005002394188737
32726247658
1005002497356284
1005002170797614
32982332032
1000005982336
4000955798968
32776322433
32951264264
4000959673554
1000005629554
20000004016610
32969418100
1005002053291597
1005002426585706
32981089890
1005002016613156
33049538852
32982991032
32861341305
1005001780627128
32829330622
32988241513
1005002304374766
1005001694049696
4001219985607
1877280395
1005001927260563
1005001417485293
1005001793015033
4001018383062
4001037774696
1005002167211413
1005002454279432
4000945181160
32897876446
1005001849199150
32962493564
33020331782
4001317522018
1005002058170838
1408495719
1005002224618587
4000407674277
33011689333
32986580800
4001262191066
32856495306
1005001877345579
1005001697927318
1005002263672043
1005001880313703
32292025948
1005001626675068
1005002025435937
4001141778999
1438304999
1005001883818541
4001220024492
4001130153030
1005001525319194
1005002089528136
4000089638078
4000558014247
1005002314456926
4000916375141
4001032683190
1005002362504545
32625482979
33030907834
1005002115917092
1005002473494060
4001100471799
4001189194768
1005002332923393
32919811175
4000109093597
32912363757
32896109559
4000370470216
33003566220
4000318172841
1005002284354436
1005002095648062
1005002281873893
4000262626101
1005002307008544
1005001627918944
1005001836356328
4000996580284
32974130245
1000008733075
32905530139
32977076841
4000185089994
32355570922
1005001994619222
4000193518246
32951669222
1005001962314799
4000898352280
1005002306620843
4001360366144
4001229459794
1005002359214003
4000113896332
32833002291
1005001325531927
4001007025838
1005001332450319
33004690789
4000505228291
4000479993614
1005002385086017
1005002199424639
4001243663526
1005002237840900
32967763438
1005001779432610
4000545685997
33008877225
1005001695428679
1005001788926270
32911916300
1005002485935710
4000315855836
32670861723
4001360862290
4001062016534
32861348660
1005001948837993
1005002342871846
1005002462463060
1005001495726962
4001175011538
1005001769920032
32882295748
32887242006
1005002499149855
32811507460
1005002228652036
32809796297
4000074194029
1005002259918271
1005001505846732
32570344296
32962857367
1005001930308451
1005002253766966
1005002244966220
32980477995
4000295596194
1005001731253202
1005002319973847
1005001747915504
32968099537
4000130881472
1005002191651645
1005002314617053
32818224982
33055036921
32895693140
32901310108
1005002319499090
1005002014590069
4000570529405
1005001764855769
1005002412739614
1005001854633448
1005002289606938
4000696543717
1005001265325027
1005002314437343
1005002308903734
32952314784
1005001419901302
1005002318050103
1005002317166935
1005002268224063
33057204001
1005002384871645
1005002002703118
1005002315099380
32790393817
1005001720795118
1005001966502034
33001449386
1005001787713008
1005002322616092
4000626154046
1005002316065879
1005002465875847
4000545693774
1005002419498732
4000826421140
1005001869205072
32976502543
1005002406115926
32293451089
4000390584176
32921877077
32561952035
1005001809859452
1005002352025649
1005001596522413
32909962863
1005002322035472
1005001962946625
32930536572
1005002242484936
32974670927
32856755132
1753024775
1005002408445372
1005002394213735
1005002382553331
1005002314249991
1005001589273010
1005002357424226
1005001591864660
1005002420781207
4000905506413
32894161923
1005002369009570
1005001628200464
1005002471405207
32880258223
1005002382308972
1005001414708114
33006642120
4000569772860
1005001627184715
1005002318865291
33062747770
1005001884017774
1005002259642652
32726702835
4000672034945
4000102759639
33058974129
4000714757682
1005002269122248
1005002407989558
32863191577
1005001842878485
32952232671
4000350743946
1005001868028186
32901569644
32968831396
33048329981
1005001745453056
1005002316470778
1005002337870045
1005001525455554
32955635502
1005001918477546
4000158809410
32826446778
1005002407352219
4000489353759
33009023062
32363895499
1005002359033429
1005002265359153
32891605360
32870224200
4001285435033
32897338112
4000106935492
33058490947
4000288404019
1005002305392778
32776220202
4001038717967
1005001901832455
1005001782952344
1005001731668925
32919697315
32756620648
1005001863975060
32740491495
1005002053613684
32707920855
1005002072135975
4001268086549
33043763305
1005001670791588
1005001499003803
1005002210139785
32651240763
32969834711
32909496698
32942367246
32727317807
32890214556
1005001928477630
4000991576875
32842238672
1005002381055572
1005001472154516
1005001508228227
1005002372469470
32803402201
1005002108494890
1005002219480288
1005001769712210
4000192309896
1005002336826850
32672798637
1005001592469167
4001274519434
1005002234093155
4001193159586
1005002315189683
32883214296
4000233104664
4000172784922
1005002034235609
1005001686215230
1005002377652873
1005002086315904
4000545794042
1005001679631250
32815488415
1005002465446621
1005002293115190
1005002201074590
1005002467069647
32793962316
4001141819315
1005001575957053
32867341940
1005001868465970
1005002399171232
1005002426918404
1005002372712473
1005002304756125
1005001380054327
1005002171851669
32749633832
1005002236246697
1005002100268451
32955227379
32978784553
32914034773
4001023282007
32894693177
1005001499303071
1005001679556980
32862967397
33051643788
4001198000164
4001251611434
4000222811491
32869790820
1005001677585013
1005002314400143
1005002219927167
4000640956735
32801801527
4001058099031
32907292826
4000240401737
32954639472
4000967468653
1005001922853041
4001223756655
1005001786461990
1005002334002996
32814751652
1005002342373774
1005002295341080
32884351365
1005001677854197
1005002366354198
4000591349556
1005002363207916
32764250372
32868372886
1005002370429835
1005002203455542
1005002315410204
32665150561
32889507254
1750214214
4000955794172
1005002453931172
1005001458914026
4001081258823
32517631873
40001699421601139071798
4001019374338
1005001909252529
1005001520961100
32883879632
32815964831
4000729598863
10000397751081
1005002431252621
32443030441
1005002500487689
4000100448001
1005001671073467
1005002168227348
32484883978
4000960024752
4000442641245
1005002399623587
1005002305849499
1005002314947734
32533936627
1005001568860240
1005002469106986
1005002122442667
1005001919188239
1005002340175344
1005002168322459
1005002388746384
1005002338762712
4000661087536
4000826216956
1005002279146541
32492970514
4001249376553
1005001273498707
4000324956194
1005002258076110
1005002359161826
4001107660271
1005001432313827
4000209875847
1005002278573958
32802897261
1005001310606113
33051718961
32812150539
32831709269
32359258720
32971127630
4000893751551
32971451673
1005002412433457
4001142187703
32869150471
1005001412149954
4001033830766
1005002306585832
1005001942330885
1005002394719347
32845780304
32800021892
32680746920
32911711008
32957089743
1005001710983888
1005002096917204
1005001392360501
1005002420795812
1005002429478304
32799882331
1005002168405037
1005001883302306
1005002244463987
32959988959
1005001962452385
32854622037
4000460083370
4000693486853
1005001393470814
4001361244851
32767995050
1005002330524792
4000304466855
1005001745134737
1005001598748515
1005002291494990
1005001529767181
1005001825566039
1005002007147795
1005001515973201
32886527284
1005002317690624
1005001579896513
4001122443533
32892522254
1005001304259183
32997734259
1005002365687415
1005001567912454
4001044771721
4001305917055
1005002240707247
1005001893312369
1005002376362064
32808330618
1005002319033820
32952620134
33054691336
32903054890
4000829986979
1005002401938856
4000169825352
32694814282
4000526056052
1005002323246734
1005002283138930
1005001978075362
4000755479464
4000367353877
4001031232497
32635618788
4001253801150
32296783882
4001098044406
32754377685
32998700288
1005001835794509
1005001359689959
1005001843938999
4000102116633
1005002467814698
32882894976
1005001351615571
33012035167
4000420338109
33037721725
32905494345
1005001844167215
1005002231356544
1005002181498634
1005002450425338
32824352689
4000458059248
33038160246
33004013943
4000041628409
1005002272996036
1005001993268854
33004310900
32918073331
32745418185
4000862817953
32984727079
1005001737509931
32885222336
1005001602765553
1005001929707451
1005002119930634
4001230629922
1005002033268905
32574549144
1005002461606903
4001286918391
4000764210728
32972182908
32998808459
4001124223627
1005002345793015
1005001634625755
4000982898009
33054530685
4000908251705
1005002494801785
1005002018320065
1005002357338915
32948361242
4001172222802
1005002383137166
4000703842284
1005002220429920
1005002267670337
33046962249
32367793442
1005001933184564
33001614523
1005001802740150
32914638314
1005002314407400
32869498200
1005002406056021
33019381819
4000696207876
1005001996457830
4000843049040
4000814455789
32898154604
1005002212417392
1005002376126939
1005002218258930
1005002363603656
4001333984005
32962269953
4001222550441
1005001381938512
1005002310918610
32972084516
4000717238558
33001087924
1005001753488849
32956576525
1005001302394840
32981153638
32908604239
1005001498602939
1005002271588761
4000371041828
1005002133078572
4000083602074
4001211188642
1005002453925320
1005002110234664
32972613496
1005002318065017
1005002311674617
32777782181
10000153346702
33035568803
32895992303
32996658293
32864090104
1005002380929400
1005001351295902
4000842952983
4000715709023
4000114821150
1005002419453785
1005002258264555
32958383677
1005002304312099
1005001639644881
32792915007
1005001621415758
4001277875380
10000053083191
32838042158
1005002485135952
1005001988239335
1005001796732922
4001110880032
1005002329832705
32881527811
1005001865663231
32644627189
1005001617373642
32544518546
1005002393764443
32819298026
4001330873503
1005002398862583
33003502542
1005002459429816
32986244588
1005002311721644
32991216795
32875457810
1005001527200299
33005452627
1005002232769720
32398139193
1005001670174767
1005002454360643
4000111300659
1005001981486922
4001253645313
1005002345846428
4000318421620
1005002448866450
4000712508483
32603806972
4000844767183
1005002082586332
32972150417
1005002268721424
32786861462
32656826493
33054336136
1005002213763279
1005001571484811
1005001835249481
1005002285729493
1005002315879460
1005002125051190
32728325347
4001055755597
1005002389651238
32706069250
1005001941081804
32847371573
4001029144770
1005001817144482
1005002275887239
1005002310802430
32855372574
1005001279716006
1005002060086806
1000002022481
1005002347661419
1005002330638076
1005001900446218
1005001966869460
1005002418006322
32346578530
33049784167
32674708667
33008113191
1005001882667106
1005002320882522
4000860649987
1005001990287322
1005001859684279
4000598222367
32802911725
1005002283158008
1005002387630799
1005001594623941
1005001705491977
4000009825404
4000850592156
32796406697
4000755183692
4001278754878
1005002060548919
1005001762257233
1005002298193424
1005002008861248
1005002345285727
32697090624
1005002448126305
4001244435634
4000079820566
1005002305537000
1005002339726656
32480771262
1005001965476229
1005002400863076
32982017158
1005002393835999
1005002246569857
33031851520
32788149936
32983518192
1005002313452225
1005001408501003
1005001835430480
32917937989
1005002224438470
1005001490127416
1005002061955536
1005002269247066
1005002354307373
32843018822
1005002381529138
1005002035321360
32870920245
4001279906436
32989729097
32878928261
1005001996679083
1005001725507674
1005002314707571
1005002377459522
32965760534
1005001288109027
1005002135998991
1005001867389178
32838829452
1005002383295521
4000144515325
32244333167
1005001537273119
1005002327493632
1005002299677731
4001279307076
4001365143089
32821201374
1005001374536468
1005002060478318
1005002372113337
1005001933281831
1005002465837498
1005001798569470
1005001971705947
1005001986051824
32624020808
1005002264815249
4000234631684
1005002363112844
32819693427
1005001649265706
1005002406148615
32666021808
32417272086
32767600653
32777963145
1005001860334320
1005002314460690
4000028756339
4001112345025
1005002453638986
1005002206100201
1005001351345071
32789115917
1005002388786651
4000838104192
1005002276300676
1005002229143352
1005001927953500
4000529012432
32957540844
32850400111
4000598611219
1005001971512578
4000892175674
4001159909193
32843777230
1005002314328076
1005002354276655
1005002322419620
32812194847
1005002232144870
1005002481477417
1005001927076339
1005002321823065
32985290255
1005002384232002
1005001863698264
1005001381881194
4000909499466
1005002400970528
1005001637607847
1005002214615464
32808405893
4001139406170
4000641453048
4000236359743
1005001933680668
1005001423464988
32904467017
1005001896591845
4000889816963
1005002447248952
1005001605822792
1005002367695394
1005001991823472
1005001884994887
32960413139
4000858981783
1005001782106983
1005001701362666
4001146054428
4001214026894
32824940997
4001225081417
32985290382
1005002364445065
32827031081
4001358774022
4000712630431
4001228586609
1005002003620894
1000008631193
1005002292618038
1005002229917653
33053002800
1005001939667117
1005001900150968
4001124673525
4001196506065
32982738566
1005001769734152
4001085354843
1005001265381510
1005001681730795
4000272228731
1005002414197668
1005001976079801
4000381010782
1005001851044558
4001059586829
4001207684359
4000117675740
32903815643
32965028999
1005001518655045
1005001795240664
1005002317672551
32791154045
4001201573127
1005001789109380
1005002307700443
4001130030025
1005001631746770
1005002428595338
1005002448200957
1005002265564609
32811663802
4001132894305
1005002210167981
1005002412279180
1005001586369015
4000194269972
4001095283705
1005002286274843
1005002430752839
1005002307224220
32886410938
1005002384216453
1005002283219920
4000661603179
32862867803
4000763864030
4001225259389
1005001873284619
1005001980197326
1005001398145630
1005002474597740
1005002287278251
4000341080136
1005001780608514
1005002262348847
1005002323361082
1005002359057863
4000902662486
4000212663339
1005001315232579
1005001915926146
1005002488949882
1005001946445981
1005002369850908
32900641397
1005001413547965
4001148432670
4001161742248
1005002259157899
506167471
1005001677829531
4000778781265
32875230070
4000799681535
32900026962
1005001427233944
1005001853270102
32911287345
1005002298169971
1005001683655144
1005001298132433
33018404355
1005002248642550
33031797165
1005002362347532
4001040970648
4001220011568
32894450085
32881675480
32289970322
32812869843
1005002314922257
33033644113
32909381477
1005001753999296
4001294118997
32972121046
1005001478251196
1005002246603623
32798177052
1005001375682555
1005001430633355
1005002026677096
32861899513
1005002370172137
4000003029794
32962465207
1005001529463548
1005002314760342
1005001265485583
1005001934788510
32888102031
4000299668953
4000078723998
1005001950194622
1005002206062854
1005002170794586
32823591335
32938139400
4000590917530
1005002256909082
1005002139086818
4001010636797
32843159277
4001338031643
1005002333699842
4000744490083
4000183333351
4000621615799
1005002264603112
4000161228009
4000966772538
1005001346973235
1005002170729924
33049248043
32971793798
1005002285929903
1005002227775928
4000614432180
499756814
1005002395933736
1005001608257067
1005001793860587
4001268645639
4000253172710
32904426678
1005002264291730
1005001582732429
32810465222
1005001468099365
1005001548550651
32991944334
32959518881
1005001941212190
1005001698249726
4000902927860
4000480424694
1005001762348425
1005001314520432
1005002265282522
4000327538893
32845469078
33029086298
1005001957306127
4001233809805
32856648156
1005002139618289
4000755760102
33011629651
4001280684348
10000051716551
4000256828811
1005002128750334
1005001287698050
1005002330102137
1005002371483904
4001013085244
4001031061624
4000021623519
1005002347336427
1005002347839265
33038792294
33022062015
32706556308
1005002328118439
4000259524472
4000698830301
10000386602062
1005002313706008
32945497966
32962616188
1005001474507543
4000040489853
32831066075
1005002443706354
1005002168189561
4000308428440
32486844870
32980893640
33021524659
1005002432832479
32689318181
4001297412546
1005001820267735
32882608117
32776227164
4000955119181
33044455386
1005002241865634
1005001802530880
1005001816325866
1005001889192819
4000101559365
1005001493331290
32956173044
1005002400553494
32946248406
549750655
32758076870
1005001287342705
4001128118159
1005002500475668
4000196203555
4000070127244
1005002323157962
1005002388862203
1005002348473901
1005001585491137
1005001980076950
1005002378334028
33028796810
1005002450357669
1005002326899591
1005002253688992
4001227369734
1005001359481098
1005001811015245
1005002314181569
32835493166
1005002475487752
1005002381731459
1005002393906067
4001215219085
4000311058102
32995515801
32348430901
4001119327359
1005002298111230
1005001727616346
1005002292235469
4000158254424
1005002310982118
4000598026891
32265877371
1005002473396348
1005002461095617
32993995347
32954048268
1005002314306475
1005002224575530
32983398119
4000917418923
1005002365588206
32864095813
1005001355052054
33050631080
4000706149756
1005002208098906
32792249101
1005002334321064
32690524271
32858608915
1005001640534239
32946917769
1005002364305492
10000013552971
32985783535
4001320854052
1005001613157925
1005001305388827
1005002159143534
1005001617720513
1005002248779884
33036378065
4001064228880
32909631149
4000707364631
32975580081
1005001670877381
1005002247354152
32677654153
32970368295
32984963187
4000122084349
32817502264
32860688791
1005001970930629
1005002247612536
4000581880073
1005002000045195
4001039007846
32968887627
32820886270
33036803330
32698566187
32957974028
1005002387698625
4001274102975
1005001634216723
1005002300308373
32578392324
4000945021891
1005002311574159
1005001686158655
4000812171295
32466516642
1005002361642543
32791061741
32758921915
32866557447
1005002319895145
4001039442582
1005002301803074
4000793936880
32898152476
33048382515
1005001914578992
1005002074887307
32869781481
1005002241714324
1005001274410050
4001160181492
4000699465940
4001228144629
1005002329726820
1005002410855019
1005001499103590
1005002324181419
1005002239198886
33007590741
1005001664767250
1005002252345306
1005002439323286
1005001793056735
4001195579748
4000419689912
32691450535
4000666516881
4000314115394
33034078247
1005001906727385
1005002443510410
32882245571
1005001522160888
1005002283317025
1005002410014300
32891132774
1005001686126441
1005001930178737
1005001844432400
4001294223256
1005002233948708
4000290876604
32857596303
33013507215
1005002292920121
1005001482892789
4001027665094
32881036414
1005001442719765
1005002277063491
4000769699955
32869498913
32968942855
1005002378499784
4000058404092
32959193739
4001149234381
4000191645477
33057727386
4000960929429
1005001468279465
1005001677770346
4000857889028
1005001792249716
32887567006
1005002318015760
32969548495
32978785455
1005001511088104
1005001869695030
1005001626928698
33004408138
1005001869752823
1005002017681571
1005002314264636
1005001986154680
32882348504
4000015919961
4000799680215
32946532395
1005001817925264
4001159715263
1005001915194734
32922685321
4000755404286
1005001362842503
10000146012479
32763216005
1005002050465056
32902328246
1005001859604248
32834485758
4001241602806
1005002322588455
32913649289
33010131799
1005001749118640
32860694659
1005002397720430
1005002357243117
1005001992505105
1005002301380517
32894305942
1005002435937627
33033365379
1005002327778046
1005001889650203
32881412346
33059954718
1005002301126457
1005002281844881
1005002333044948
1005001762206678
1005002190505058
32831800824
4000261326993
4000088740775
1005001742130854
4000290702569
4001272805109
4000680867914
4001228703149
1005001597579437
1005002468453344
1005002307480659
4000807500665
1005001332223702
1005001929518113
4000282407998
4000235092656
4000282991956
32951367887
4001306006859
1005002328940812
4000233109516
32629756277
1005001621430852
1005001607472328
1005001961788683
32950468994
4001147509100
1005002292654890
1005001886094421
4000937516483
4001257153519
32838267013
1005002345384537
1005002286410583
33003962141
1005002425945577
33041920071
1005002325061141
4001060012338
1005001555056351
1005002351408196
1005002248671376
32755808550
1005002236312471
4000249114547
32807932284
4001274990897
32951681035
1005001840022511
1005002348262434
1005001405215060
32890333256
4001049485610
4001228502211
4001288177908
4000159272775
32997079556
1005002449139751
1005001973495699
1005002358680631
1005002261973844
1005002476085023
32707522591
33030072509
1005002481859333
1005002496329453
1005002266226881
1005001899191043
4000786325637
4000196687681
32881166785
1005001797069127
1005002450740320
1005002282063469
1005001693112658
1005001422614428
1005002333314013
32872208569
1005002315073501
1005002298136118
1005002326831885
1005002434898262
1005001329828440
32856029187
1005002323798293
4001088600977
4001150004370
4000027007244
1005002310978263
10050024903907211005002269210453
1005002368280301
1005002313720338
4001272197897
1005001321004296
33013254404
10000254482443
1005001339299150
33001849641
1005002231669138
1005001809292304
1005001683665182
4001280732656
1005001714046375
32797208906
1005002254018331
4001351444436
32769264644
33032598416
32843330349
1005001500288663
32815790670
1005001881025054
4001307237570
32718369649
1005002228582019
1005002347330632
1005001494798288
4000782857435
1005001767868301
1005002260468120
32867292270
1005002465981532
1005002035455796
4001179950096
1005002244586864
1005001507866801
1005002317838793
1005002369674906
1005002286511492
1005002331915113
32841312140
4001296078807
33062843711
4001356850339
1005002318240219
4000177410953
4001053932774
1005001813948144
1005002367496286
1005001446514366
1005002306680842
1005002466131948
1005002293076027
1005002489115785
32698079761
1005002272590861
32671802370
32870158827
33007779662
32998417105
1005002286596881
1005001545331134
32795723787
32954005344
4000159606491
4001014654450
1005001493842305
32952474482
1005002317854246
32918754162
1005002317361021
1005002245958155
1005002291518725
1005001656938297
1005002318537239
1005002259141055
32888464929
1005001287932894
1005001651336886
4001192386087
1005002333499247
1005002232602996
4000853669980
4000956190000
4000560526058
1005002218885535
1005002122430252
1005002038867333
1005002351807246
1005002305993301
1005001612812972
10000343722835
1005001907130224
32965943093
4001006775410
4000368444822
4000696000253
4000898816729
4001270783755
4000418824361
32954205548
1005002023569289
32968713426
32425582332
1005002485276095
4001216537140
1005002500463533
4001162811174
1005001631333513
1005002032173176
1005001482241587
1005002342572842
1005002287121110
32977685276
1005001481729785
1005002301591593
4000933735085
32910733967
1005002315253083
32954613345
4001034253683
32829517402
1005002170858220
4001110057916
4000523638251
4001280130730
1005001280278233
1005002187377108
33027800647
1005002339487406
1005001978696735
1005002359467343
32974953878
1005002002389867
32835493814
1005002197524097
1424164929
1005001514367906
1005002094729853
32814403909
1005001313647247
4001077202287
33057543541
32993994045
1005002281469640
1005002256013446
4001065192393
1005001706863875
4000004614503
1005001482119131
4000188672246
4000210340231
1005002313175015
32961544041
1005001500663144
1005002312131362
1005002342602298
32921157971
32970708863
4001302387095
1005002187000590
1005002307818076
1005001464557424
1005001305457868
1005002213619527
1904464620
4000024908867
4000192120220
1005002053821303
32965768632
4001188542809
32667522864
1005001381197200
32991939256
1005002329391614
4000036359270
1005001334901783
4000473370824
1005002129950686
32790233376
4000926449209
1005002008743542
1005002447088402
32951469839
1005002232931463
1005002302388337
32866278483
1005001438887570
32901395908
1005001882459074
4000288979728
4000786984197
4000528421777
1005001607603237
1005002360068266
1005002256639818
32991347371
32777808810
32911936957
1005002016587513
1005002301015917
33030324316
4000052391674
1005001966498873
1005001569124224
1005001489004276
1005001898117976
1005002073563679
4001270397868
1005001395311494
4001208433042
4001261670389
32968884772
32855314969
4000910088373
32837548543
1005001782654434
32851449031
1005001678002929
1005002166056246
1005001987654970
32853825472
1005002359434522
1005002325219358
32724995222
4001136764496
4001266828222
1005002342723290
32918706861
32879317200
1005002513250058
1005002300946461
32983542052
1005001314653121
4000931243921
1005002325645750
1005002405293797
32671793150
1005001686133415
1005001303543654
32954000813
1005001748898572
1005002090670941
1005001817381858
1005002207710409
32889621791
4001094818061
1005001736552890
1005001869342154
1005002355329251
32684203776
4000793798135
32722467662
32997106508
32745959586
1005002176562000
1005002382992709
1005002101817314
1005002416949919
4000111875023
33059398272
1005002449665781
1005001581675912
1790232327
32980104605
1005002419758806
33053489673
32875385473
1005002022823960
1005001765452878
4000294847471
1732850924
32962792426
32850286406
1005001511359466
32970972006
4001054094013
1005002477095053
32955689916
1005002199522120
1005002419662920
1005001598866679
4000117154758
32989607340
1005001860074796
4001152024958
4000683698129
1005002418010394
1005002363189149
32948681775
33029704522
4001330587622
4000735703058
4000802338781
32996377451
4001213544828
4000514866468
1005002389695027
1005002300987974
1005001966438035
4001225907580
1005002293606887
1005001441413532
1005002490225996
4000315794161
4000849935732
1005002247233066
1005001452428288
1005002228493438
4000373719324
32797360789
1005001298237524
1005001273070251
4001239124544
1005001621956095
32985655482
32822447088
1005002416903484
4001228453752
32844368156
2051845490
32947185944
1005001920943819
1005002435262813
1005001935150807
1005002240164535
32661398420
4000121190924
1005001366037331
4001278824916
1005001859792594
1005001381826056
1005002286754661
32741327170
1005001985343519
32826861612
1005002443153243
33056065170
4001233686923
33026919099
1005001988401854
4000253668030
1005001367177722
1005001946599487
1005001647864380
4000852396258
1005002238092619
32846968340
4001069884994
1005001703667919
32728105454
1005002329438009
1005001770761585
1005002294651204
1005002298858997
1445051540
4000511080091
4001033660297
2045896948
1005002264802540
4000815011988
1005002338157976
1005001653837590
1005001349025388
1005002245039013
1005001933683011
1005002454296847
32634157366
1005001576300509
4000947715307
33028180904
1005002314312878
1005002276949914
1005002016159710
32786256851
4000059136194
32920671082
1005002279632556
1005002276014468
1005002381114764
731050750
32892259341
32921299203
33057435066
1005002108553742
32965524265
1005002412862481
4001228612719
4000202693300
32546042031
1005001958632930
1005002313304402
4000216253846
33055807127
4000625467347
1005002377344607
33010194962
32968393459
1005002460921271
4000890817868
4000768437951
1005002346217128
1005002351458577
1005001851389884
4000484950686
4000443458489
4000833255876
1005002291647701
4001065484462
4000942731982
32897897802
1005002371552229
4000979728991
1005001868837339
4001084653854
1005001321839466
1005002138478538
1005001621227348
1005002079189657
32977000581
1005002317029188
4001272449331
4000311872581
1005002293891003
1005002312018881
4001260793547
1005002287717144
1005002334780509
4001360360620
1005002055762098
1005002306050586
1005002400866392
4000451315017
4000722062480
4001196470435
1005001373411366
32898214958
1005001544258188
1005002401288902
1005002491042891
1005001515862562
1005002318948964
4001328255469
1005002271703567
1005002298947431
32845759800
4000896127339
1005002389850337
4000168574530
1005001359482888
1005002128343928
1005001901569899
1005002333573586
32988228286
32972289333
4001270435695
4000098984903
32744187552
4000514738698
4001220292458
1005002246797344
33018687170
1005001913910964
1005002306516002
1005002448538908
1005002457948840
1005002349964092
4001063888517
1005002345156356
1005002475589181
1005002307040606
1005001621164371
1956734876
4000135727169
4001010584264
32487909735
4001188706744
1005002367725958
32855942148
1005001511954036
1005001670896473
1005002485176309
1005002198907585
1005002314225899
1005001332706119
33014952569
4001212962332
32656534469
1005001577373332
1005002418398136
1005002345878184
1005002330161707
4001365417331
32383829173
1000005859681
32714220014
1005002167825634
1005001670963199
4000987965953
1005001516714782
1005002076536108
1005002322818999
1005002238816483
4001165437904
1005002373240879
33046863208
4001066665077
1005002163084130
4000771205233
4000018610862
1005002376832765
32881965179
32602263867
32651807665
1005002314382456
32957199651
1005002319276307
1005002427782966
1005002375088504
1005002295964359
1005002352971450
1005001962500233
32917317257
1005001363782255
1005001578920145
32988001789
1005002391263680
4001321389135
32784202011
1005002282422429
32463856641
1005002206001810
4001162623057
1005002288716805
33041723641
33001312700
1005001987829485
4001287577745
32880278237
32620681361
1005002252160624
1005002283616403
4000970539838
1005002301273025
4000738262718
1005002360251132
32847608282
32877094767
1005002100472771
33014978667
1005001910095472
1005001529120627
1005001927740988
32766675031
4000249080818
1005001901511032
1005002316312812
4001340461085
1005001971716094
32817045788
32838373165
1005001516963068
32949831474
1005002300067459
4001252619837
4001038816829
1005001879388266
1005001670048747
4000466117422
1005001381214176
1005001966295601
1005001526147012
1936124622
1005001703418662
914867131
4001020326481
4000319683938
32924215594
1005002390088547
1005002176858814
1005001349031295
1005002270559718
1005002322115633
1005002074589106
32970499559
4000171621141
1005002345984524
1005001694095180
1005002287661337
1005002320631086
1005002447818240
1005002281454557
4000829041226
4000905936547
32920098913
1005002266374196
10000406265390
1005002333876903
1005002314967370
32858865391
4000093392614
32920260667
1005002450632354
33000212364
1005001407414947
1005002254338422
4000666575200
1005001605993082
1005001491209081
32940303366
32841219436
1005001798416039
4001174864616
1005002459390551
1005002255151641
33016411012
32752764276
1005001720706024
4000994416201
4001062418813
4000990936797
1005001887930259
1005002122474641
1005001994078466
32969086102
4001219340092
4001153583533
1005001587354887
1005001899146821
4000549178324
1005002485980402
32993682754
4000433750046
1005002399788489
1005001436708850
1005001468024635
1005002321227515
1005002076788506
1005001310102330
32705979290
4001210232138
1005002259628341
1005001285280249
1005001929378593
1005001469963870
1118253119
1005002474411268
1005002319030078
1005002262945598
1005002405105270
1005001970661719
32907407487
1005002405075423
4000794899970
1005002254191738
1005001677125674
1005002052143066
4001196068784
1005002431783877
1005002347272591
1005002321855992
4000930189758
1005001315552904
32827773892
4000825482896
1005001272893587
32879731651
4000120951308
1005002238188582
32976618438
1005002281260381
33037324328
1005002496262306
32994601401
32837866144
4001350792754
32842867309
1005002339465645
1005002191392425
32988208894
4001174996456
1005002242408435
1005001839426487
1005001551246881
1005002121411001
1005002254201638
1005001671061472
33001836513
32861508977
1005001368726377
1005002446373146
1005002350280788
32867560664
32717306598
4000545763093
4000930281432
1005002276120540
1005002347382262
1005002328373367
1005001332416338
32735445719
1005001883717423
1005001315276796
32856226977
1005002424793440
4001143826225
33061998947
1005002273726422
32985843933
4001108164405
1005002022127123
4000098848678
4000911482494
1005002337327548
1005001354567721
4001042312202
32998943360
32635538250
32952387424
1005002124894061
32923588661
1000005861916
1005002322322222
1005002431410166
32998189472
4001008846466
1005002389302214
1005002328258911
1005001446661987
1005001501658757
1005001782766893
1005002428114690
1005001639823464
1005002133182855
32845550866
4000865477232
32825636377
1005001552152850
1005002304282723
4000301948340
32853095333
1005001920909800
1005002369869770
32775708046
1005002295541050
33051627815
1005002277186020
32907075345
1005002321072077
1005001392054465
32790846360
4000216955750
1005001981274369
33049231770
33053468215
1005002461145821
1005001860395552
32998365569
32896916725
1005002402421108
1005002329734509
32860090180
32948455910
1005002244921464
4001264714270
1005002318048273
4000124104673
1005002265359729
33003070337
33062207702
4001103629779
4001036641013
1005002341619839
1005002221965123
32952295961
33011696608
4000079838705
1005002016719352
4001054470724
1005002327920345
32854909731
1005002191857550
32948298119
1005002272929740
4001000758607
1005002302610532
1005001732129878
4000251984372
4000560640928
1005002383252174
1005002033807007
4001045624252
1005002191589865
4001080671402
1005002009072149
4000578307268
4001228660426
33017024243
32972775056
4001321811898
1005001763727501
1005001980503605
4000290360232
32954049279
1005002413712646
32801428393
1005002421525249
1005001348961261
1005001900761142
32891922790
4000134877318
1005002210903596
32859083325
4001043384863
1005001436032915
4001092207758
1005002092216516
32923013960
1005001429847521
1005002348890394
1005002290950637
32978425832
32903260931
1005002318222841
32891603868
1005001872513429
4000545757329
32869784745
33010960131
1005002282723248
1005001420252548
32964931187
32682600564
1005002287233308
1005001888017861
1005002442707654
4000428664009
4001177707365
1005002366288454
1005002072470612
4001242753023
32222816379
1005001632200430
4000011200870
1995810499
32857145270
1005002284339571
1005002484091511
4000194880582
4000580118228
1005002339751472
1005002274053107
1005002316742528
1005002051303245
32975424187
32901676360
4001111322879
1925035066
33054268641
1005002465695981
32847652251
4000994397922
1005002035949969
1005001780003077
4000322181448
1005001914306499
32920871075
32841888365
1005002245028484
1005002282807980
1005002310616831
1005002247073478
1005001970888613
1005002459740552
1005002314224920
4000804013085
32816211728
1005002336849018
4001269375798
4001132432581
32968919449
4001315107395
1005001718046811
4000467971408
32861875576
1005001591457505
1005002492631944
4001066034582
32708232610
1005002382175695
4000029009473
1005002490551871
33055448967
4000750528092
4001176494080
1005002286765038
1005001813084626
4000292818703
1005001826742754
32870048478
32641332978
32881125596
32938929561
32757665351
1005002149140926
32819649236
1005002355842528
32760482733
1005001664838578
1005002459375871
4000364891579
1005002265793992
1005001373897571
33031487716
1005002282517379
32979560402
4001139905188
1005001657936873
1005002392332830
32978631654
1005002319159889
1005001286107367
33002544114
32848179906
1005002089283385
1005002471168241
1005002316250338
428024277
1005001900348408
4000112065105
1005001446706235
1005002487420155
1005001759460093
1000007438909
32843269762
1005002438763796
1005001763981596
32894249561
1005002429531980
1005002293192074
32981074721
1005002476108470
32777778919
1005001442217271
4000193185500
4001211201384
1005002392959630
4001071066019
1005002315631837
4000630789483
1005002168222422
32706385409
1005002487258381
4000199565952
1005002314195663
1005002287636117
1005001810778378
1005002233427229
1005002061430064
4000040456640
4000167749589
1005002071661322
32854133240
1005001914395168
1005002341610251
32605199377
1005001655022423
32966843790
1005002050154673
4000030023785
1005002368777896
32886526077
1005001830272466
1005002126736651
33063543462
4001275420805
4000449400913
1005001848587465
32870942816
33013885379
32993956352
1005001650882641
4000893306540
1005001302866041
1005001476932965
32850273194
1005001753141880
33026332454
32863500199
4001338047389
4000451067806
1005002368665806
33048528433
1005002429778134
1005002432981141
1005002316946933
4001225271002
1005001269647283
400021004294133034382397
4000132718043
32821916093
1005001688298620
32978181746
4001191310412
4001309591281
4001071688696
1005001876732387
1005001338627079
1005001903206060
32800798503
4001270221563
32982402652
1005001451670717
1005002276074644
32958246529
4001035291161
1005001380249163
1005001570785479
4000617633487
1005001748445420
32899936238
32885346408
4000161802634
1005001614533680
1005002233886361
32850327293
1005002359526426
4001120715142
1005002065848943
1005001926218232
32840052981
32982128929
4000677395543
32975704554
1005002176528869
32999827817
1005001978704046
1005002347123221
32813351876
4000999868099
32662813780
1005002214673743
32817900137
10000397703655
1005002317106718
32791740039
2027494864
32976160373
32727344681
32824382540
4000401900854
32696399142
1005001499662404
1005002398979384
1005002474025311
1005002256501828
32795466430
1005002317447085
1005001307666117
32972329475
32806001373
1005001715091274
1005002475169915
1005002433507663
1005002345681224
1005001923056569
4000276826091
1005002344211697
1005002228577390
1005001489618193
4001275222063
1005001317244504
4001019325051
32917726532
1005002254011646
1005002100817850
4000622608565
1005002416508969
4000525139662
32986779191
1005001658276117
1005002315909428
1005002287504134
1005001725708108
1005002287893200
1005002428184984
1005002241411423
1005002341696134
1005001590327214
4000655770902
1005001693020721
1005001928360613
1005002415150868
1005002229926673
1005002192416128
4001218327013
33002163896
1005002348216962
1005001948914278
32918658708
4001150245611
1005002073874817
1005002319329634
4000479784606
32975114631
1005002313731274
1005002245822606
1005001779373792
1005001962016721
32660630210
32846029977
1005002467854419
4000617799547
1005001692490977
33008180866
4001124709932
4001175350909
32800481411
1005002177305642
4000453213272
32872991949
1005001902032323
4001230087015
1005001954310594
1005002408555769
4001211320271
32971376917
1005002284904030
1005002318300469
1005002478985356
1005001520561048
32850054141
1005002278586913
1005002282379551
1005002431671122
32659466781
1005002319123809
10000127438102
32545646126
1005001448472244
4000104192766
1005002329191989
1005001340820512
1005002484347946
4001168996387
33037072165
1005002187575973
1005002068983149
32937870129
4001188994589
1005002241576488
32418620346
1005002277133932
1005002000395853
4000396173959
1005002468292685
32961915660
1005002365759562
33017770233
1005002366042205
1005002332221741
1005001552540547
33060171692
32818120593
1005001780745311
4000763711962
32923839145
1005002416023095
4000322970957
1005002352439187
1005001584080081
1005001332970157
32885724750
32934983884
1005002320438247
1005002337265906
1005002322169183
1005002315272094
32670534288
32868796545
1005001680520381
1005002072562187
1005002054513758
4000823734297
1005002265214351
1005002314235989
33002466696
1005002275728382
4001003677942
4000934364737
1005002357929410
1005001989018850
33030049260
33042420170
32884765387
1005001371197136
32955363740
4000905677533
1005002281877549
1005002314301521
4000709423603
32786859027
1005002271180586
32868905801
1005001923415044
1005002460245433
4000429986565
33015305656
4001164102369
32855034728
1005001315756645
1005002268370478
1005002348175314
1005001922966786
1005001761767120
1005001282420828
4001025399458
1005002311703476
32986335871
32660989651
4000194061329
1005002454283889
1005002238305774
1005002316151156
1005002389527512
1005001808673369
32967745505
1005002428167984
1005002346495850
4001247612758
4000798021254
10000400026935
1005002347724602
1005001540382674
32904496783
1005001615176980
32250438792
1005001475618208
1005002467296363
1005002292424404
1005002493601027
4000187179845
4000629431272
32863616575
32846456739
4000227957992
32980068894
1005002409245745
1005002377465393
1005001607980199
4000523612594
1005002230138604
4000923387101
1005001769143603
1005001865035573
1005002401111425
4000842616513
32982141418
1005002125039494
1005002245712074
33056109384
1005002233889241
1005001488555796
1005002304676624
4001290665974
32634582958
32949100948
1005002289125200
4001041147793
1005001835426701
1005001339025427
1005002284729345
1005001688404615
4001001029723
1005001850260582
1005002337250048
1005002293583803
1005001482660989
1005002490467249
1005002294634122
1005002439893589
4001051453858
4000283873954
4000705686949
32791297136
1005002283400861
1005002318890053
4000885338725
1005002282651933
32979703719
1005001669936297
1005002139747858
1005001792677444
1005002388329405
4000396191222
32958901933
1005001997703736
1005002467902930
4001121955704
1005002273273131
1005002245971106
1005001398012260
4000219032439
1005002419498241
1005001464141651
1005002443594837
4000566621982
4001176451350
2054454852
1005001797399912
1005002281548158
447514881
4001081903540
32903043388
32981834930
1005002381375712
1005001333745792
1005002289923188
1005002100424827
1005002313697761
1005001585928980
1005002314299488
33023038744
1005001771685845
1005002339851177
1005001408109491
1005002247134295
32964388379
1005001452267481
1005002215660613
1005001265736702
4000315185130
1005002467151707
32815449492
1005002438541598
1005001599029746
4000036331595
1005002395447468
4000833459115
33033465953
1005001523871834
1005002354604546
1005002278138119
1005002332194617
1005002029231741
32857636451
33009868281
4000509209107
4000864249964
1005002092692997
1005002358634071
4000821848544
1005001598034872
1005001905809738
1005002199297611
1005001762088213
1005001273817368
4000111814334
1005002443012472
1005002323809891
32989334520
1005001492147451
1005001707973178
4000502987221
1005002111330104
32848117961
1005002337648216
4001273912288
1005001929116256
1005002318218407
1005002383245362
1005001481554057
4000344658112
32957756919
619431618
4000758693779
1005002196981610
32860689072
1005001687495224
4001097564095
1005002063476506
4000589337539
32859230922
4001211670583
1005002395641305
32880367883
32963466873
4001130920840
32599359890
1005002388957899
1005002290892748
4000505487403
4000100412572
32919586707
1005002313205485
1005002318987724
1005001773136778
1005001645192437
32785640508
32906427497
32904018430
4000239843330
4001039463106
4000836522066
32866476434
4000410690501
4000057557689
32572599150
4000794251690
1005001319813511
1005001717924663
4001089786875
1005002310795927
33063146894
1005002436273536
1005001829555977
32995667409
1005002181277832
1005001478964217
33055331711
32853858539
4000675235503
32839634930
1005002460335418
1005001367453668
1005002089360597
1005001483313810
4000927334358
1005002340270046
1005002393733680
4000774699047
1005002017555534
1005002397779618
1005002317215174
1005001815163274
4001294017598
4000317547198
1005001359876931
32992095697
1005002352449410
1005002428602034
32813751188
1005002046324692
1005001598889816
1005001552050293
1005001888427235
1005002011768297
4001216955220
4001265450864
1005002377017441
1005001784398742
1005002002096657
1005002490505377
1005001510766759
1005001615672128
1005002226127993
32721466481
4000132166550
1005001844874772
32823929769
1005002269162864
1005001542195738
1005002252837033
32811408077
4000199848268
32851249025
32807637343
4000904026547
4001058289293
32980497620
1005002358249182
1005002072328932
1005001913963182
32881068406
1005001847235642
32956177402
4000532190534
32859300956
1005002267127585
1005001882885621
1005001483384213
1005002074759187
1005002286721192
2047631458
4001150458556
4001154121519
32840113457
1005002304080573
1005001464701145
1005001717637587
1005002043612534
1005002450475389
4000008956405
1005001854401320
33039519743
1005002115754843
32851628340
4000381673535
1005001458314258
1005001997230966
1005002108621059
1005002467561600
1005002268892359
1005002026560369
1005002298617567
4001224252030
1005002350763347
4000262152862
1005002270891865
1005002280723411
4001030451418
1005001619669375
1005002210103250
33063122437
1005001889020218
4001212451383
4000806216003
1005002307581294
32905164985
4000566733069
1005001489828779
4001042251129
1005002134962319
33024939564
1005001934757786
1005002030556095
32556602159
4000740416591
1005001630713628
1005002007783889
33035681775
32826245101
4000045509227
1005002167906107
1005002201871694
4000143965149
32915779139
4000931927260
33052388242
4000182981347
32968504437
1005001670805607
1005002370142968
1005002357268655
1005001407415615
1005001926488643
1005002447234081
1005002254458313
33021990140
1005001476558762
1005002387687590
4000959774005
1005001594095279
1005001419512865
1005001787865182
1005001695493427
1850299714
1005001658276975
33013603718
1005001335796330
1005001895744095
1005002406161113
1005001928070123
1005002358969741
32920575676
1005002245897724
4000970441090
32759171632
1005002413428043
33018751194
1005002280869354
4001139272622
33013249510
1005002322169973
4001309197543
4000315197842
1005001449953522
1005002404243022
1005001874181196
1005001506390974
1005002377525603
1005001445858757
1005002293844005
1005002341032088
33015954696
4000290395135
1005001652015512
32988983145
1005002406340283
1005002345020834
1005001900314576
32824269678
1005001424114360
1005002289477338
32836825555
1005001767811487
1005001312022482
1005002330232882
1005002204011410
1005002363992702
32820560343
33010285029
1005001954959050
