4001036634008
1005002484416765
4000909814173
1005002257856594
1005001515286379
1005001311237672
1005002330270438
1005001629638323
1005001873847442
1005002263115655
1005002260889419
1005002264818994
32890938529
1005001597922456
32817105775
4000416880242
4001294515839
4000276733240
32850831665
1005002360294557
32618005266
33051631577
4000637813636
1005002324906535
1005002467578853
1005002287247914
1005002402131872
1005001919129260
1005002369177399
4000497896739
32287817824
4000197737870
4000271502738
1005001625012914
1005001868580030
1005001625180170
1005002176348167
32962126121
1005002342057120
32951325808
4000986335833
1005002381119773
1005002101244277
1005002270264192
4000830192897
32936433133
10000056943728
4000674682913
1005002469333335
1005001323416041
32611879118
1005002263880782
1005002196876917
1005002100638729
4001047995782
1005001541679966
32701513470
32915122246
1005002425041540
4001344484149
1005002365471662
1005002046491417
1005002109074356
1005002089586453
4000071076844
4001237300246
1005002207370470
4000631006241
1005001808762593
1005002419333775
32934588258
1005001489126287
1005002133529531
1005002438390955
1005001761933068
10000352882609
1005002180280677
1005001413221147
1005001890472750
32867520579
32412950415
32912321950
4000437959568
33059732010
32658529184
33000456385
1005002199037878
1005002305039677
1005002302423554
32802576688
1005001292426157
1005002477702619
1005001417510898
32869266536
1005002301520930
32972030659
4000497823938
1005002049022065
32969146336
1005002304708223
924248533
1005001538007250
1005002264391404
1005001939843043
1005001329727926
1005002333041432
1005002469452162
32882180441
32922254549
4000205719802
1005002235254218
1005002116980137
1005002347611706
4001021192860
1005001847888322
4000954949612
32650074373
1005001369719167
4000998642570
1005002278061669
4001248652240
4001277986637
4000823448649
4000456079942
4001005101484
32882283662
4000438270508
4000231221609
1005002446771378
4000470601276
1005001700648154
33026096591
1005002300776914
1005002468663102
33039954409
1005002255586631
1005002074532509
1005002476536035
1005002460497827
33027179480
33039430512
1005001975204057
33004196041
1005002234233098
1005002203959821
4001026582023
1005001266441768
1005002354328279
32902615655
32965288032
4000512059291
1005002058363071
32606490193
1005001563569888
1005002437975698
4000903057252
1005002130936114
1005002273116875
10000291652966
32849926329
1005002350023318
1005001525287408
32617065485
1005001770121179
1005001411524535
1005002496829632
1005002420845099
32666661363
1005002387829126
32965938843
1005001998789160
32838651180
1005002023738639
1005001268863344
1005002487873057
4000039233974
4000608629563
1005001873854388
1005001908377211
10000002544559
1005002345602084
1005002314513167
4000829784755
1005002246980125
33036998361
4000807637318
1005002389278517
1005002034149655
1005002339366826
32855247243
32761391900
1005002002862177
1005001340837390
1005002451138911
4001200029665
1005002471798697
1005001763066283
10000330706757
32985427177
32973624777
1005001284405124
1005002261145262
4000854628360
1005002248636642
4000404623461
1005002443743025
1005002166914638
1005001451015092
4001293795962
1005002220232322
4000245261698
32879620599
4001163198485
32931285228
1005002321748881
33018989877
1005001667562323
4000329092806
1005002345950847
1005001516161816
1005002315256487
32369022228
1005001640852192
32955384316
33054392509
1005001444911193
33054184343
1005001902839884
1005002239314528
1005001277971753
1005002292419891
10000049589341
32960304052
1005002161636878
1005002319082337
1005002476668682
32757122088
4000028248241
1005002467043247
1005001430201114
1005001618916637
4000483476373
4001037774239
1005001438820927
1005001987310526
1005002295286971
1005001571800039
4000516983275
1005002021891543
1005002337167874
32522514643
4001127285656
1005001465276577
4000959645907
1005002265787616
4001293763233
4000834227897
4001049194051
32378180499
4000215616691
1005002219295788
1005002206339622
1005002387668373
1005001899644436
32855729028
1005002457091498
4000303121311
33052920241
4001019269536
1005001597852234
4000700910188
32805022880
1005002377842240
1005002350887034
32967425892
32916858644
32832227716
1005002307553071
4001157594027
1005002241707461
4001107722423
1005002368008124
32779156844
1005002477339603
1005002292508157
33004086244
1005002235844871
1005002275314401
4000023356358
4000413984450
1005001905743616
1005002278850671
1005001902725713
4001089465507
32893164860
1005001851698853
32868454111
1005001883320486
1005001444601576
32995610671
4001038554291
1005002438367248
1005002357576714
1005002052189461
32684496828
1005001355709561
4000011073813
32830632899
1005002277124940
4000559783330
32922907342
4001297429581
32888405523
4000577057412
33058952551
1005001805700580
1005002481929808
4000182992874
1005001644613006
1005002413391837
4001225162429
1005001571750146
4001271304684
32982975019
32706863020
1005002228704187
32631124580
1005002087302741
1005002403869961
1005002288961392
10000018239704
32976041267
1005001308563879
1005002430832847
4000378044445
1005001820708961
1005002322296839
1005001519524966
1005002378797409
4001010520439
32962856523
1005001769982095
32861926577
1005002219382899
1005001985744967
32857011381
4000064990630
4001289207334
32847627901
32230996183
1005001705163184
1005001943085079
1005002023389814
1005001797698833
32585788955
1005002421450477
4001020296287
4001271948736
4001098557553
32724295359
1005001395112991
1005001525464246
1005002235777676
33030733536
32990196559
1005001475326270
4000095323902
1005001732795403
1005002314822128
32949658267
1005001781326557
1005001792805244
1005002320021254
4000710313348
4001248658664
1005001631155366
1005002293953303
32956749119
1005001451944775
32898825132
32809177454
32858461400
4000956163962
1005002007796251
4001337915933
4001289934426
4000471341061
4000961182023
1005002224074048
1005002292876635
1005001839869735
4001223345690
4000745308115
4000597237207
3285990947732992256413
1005001941656333
4000109342608
4000498180512
4001025758258
1005002355809956
1005002442925202
1005001731517425
1005002280654250
1005002144182381
32805041124
1005002424656394
32829009672
1005001446355239
1005002357430912
32834963219
1421853895
32830096555
1005001505527971
4000114404626
1005001280050897
1005001504932460
32962511871
1005002298043746
1005002372246481
1005001790357509
32831198603
32863704844
1005001537441082
1005002141102140
32917309608
4000080699668
1005002358917149
32826494351
1005002302347802
1005002417661944
1005001506770555
32857117395
1005001408309561
1005002348336753
4000141127195
1005001553209777
1005002225106050
4000190503180
1005002263801760
1005001425259910
1005002467161882
32978659134
4000017756669
32967392478
1005002420219259
4001126837534
4000037581874
1005001717487446
4000109435060
1005002444434228
1005001585852625
1005001952811878
1005002412020734
1005002097019272
1005002357973647
4000816319824
1005002239923229
4001169110102
4000341905565
1005002477025477
32851549690
1005002324654606
1005002224626263
1005002233331631
1005002350675623
32858435539
33032411884
1005001706078397
1005002031528248
32855824064
32801974275
32349171796
1005002449797178
1005002055371404
1005001591011728
32988190745
1005002224495149
1005001705755356
1005001405875604
1005001656587384
4000778625007
1005001942535098
1005001915173808
4001027144443
33021837818
32837738609
4001042510505
32950351846
4000014892200
33060830260
1005002481522707
4000602010898
32887486756
32786686447
1005002203339920
32964479250
32855842786
1005002270378048
33042333809
4000115689801
1005001658547115
4001220774657
32901995546
4000174507766
1005002400745308
33011324686
4000198368302
32975904531
4001057710794
1005001816910850
32846682923
33023660651
1005002363001143
1005001867315582
32668321803
1005002065379057
4001196587157
32949042834
1005002185766179
1005002331083008
1005001592196827
1005002362807592
4001016328700
4000969761691
32843526092
1005002456985432
1005002081942128
1005001780510684
32942844017
1005001411220698
32798882011
4001279060275
1005002314969368
32862663129
1005001393433812
4000766822136
4001291127547
1005001355400397
32950716219
1005002263377946
1005002330651065
32742557097
1005001632583832
1005002394621963
1005002450550630
1005001555212040
32908634836
1005002347858149
32633165446
4000813030665
33008714216
4001085822109
1005002493597399
4000725782538
1005002346000518
33003474192
1005002346337419
32664495595
1005002212297004
33029938041
1005001731349691
1005002339003563
33018333688
1005002376083710
32960285301
1005001780736361
32749060349
1005002323327769
1005001780761399
1005002228309687
33045308654
1005002382541412
1005002205710871
4000804138490
1005001737152467
32961262846
4000934596305
1005001479538805
1005002136626062
1005002353682452
1005002343315499
32992273445
32969890146
1005002219290977
33049700035
4000083982601
4001274953982
1005001463711420
32493796996
33062519593
4000996559219
1005002263559654
1005002298161825
1005002372453746
1005001349737485
4000004784711
1005001865155288
4000960571464
4000547788124
4000223816732
32975137337
32861295153
1005002168736589
4001282250874
32960420815
1005001423227821
4001334144687
1005001758914342
1005001873959816
1005002425340279
33027525796
33035043649
1005002314875187
4000703529182
4000817749079
1005001757742847
1005002124510231
4001231835695
1005001882328810
4001249775209
32836464269
1005002130016999
1005002388832019
1005002103691945
32977530305
1005001833955687
32949549636
1005002314813407
1005001350910592
4000909212076
1005002359268192
1005002319731588
33010734368
1005001954781981
4000196394838
1005001602427151
1005002166309524
1005002331622639
1005001782033141
1005002413555832
1005001970746201
1005002307265278
32494124668
32861413962
4001213840419
4000329374909
4001231317344
1005002128266731
4000780416621
1005001972209796
32779891249
1005002287486102
32956034519
1005002219793109
4001008050959
1005002496354002
1005001773198693
32889941045
1005001670828512
32370909265
32899218818
1005002383737257
4001233825550
4001314157747
1005001645098721
1005002278267462
1005002108532667
1005001516020087
1005002415411147
1005001386795552
4001147475919
32902087140
1005001562624426
32795747207
4000986981902
4001158793027
1005002457623813
1005001406765277
33007778253
32881639102
4000263079703
4001264141822
1005001976289027
32965917152
33039098871
32971543366
1005002422854065
1005002470471471
4000864985336
1005002124206964
32893847440
1005002334396440
1005002448281686
4001221161706
1005002395329561
4000055739515
1005002278146768
1005002313497520
4000029435580
1005001325936207
32879770040
33017968466
1005002448243522
33060511136
4000019152802
32564654097
1005002180878190
1005002304946251
1005001431181098
32903690690
1005002368523042
1005001278329483
1005002372278471
1005001278309054
4001031324759
32885232898
1005001279943835
1005002321832261
32960018062
1005002370401761
33004243756
1005002313220989
1005002314008480
4001301846351
33028552580
1005001787576264
32917118531
4001103878706
1005001644908947
32814969640
10000197431398
1895887461
32926105498
1005001594228395
4001091044227
1005002287728892
32995997311
1005002440878671
33011317726
4000184430047
32398416599
33009571478
4000340576817
1005002381723750
32932808864
32707128301
4000742535265
32980532862
1005002306277485
32882987885
32855220635
33003389137
32848027634
1005001603077591
32843533523
33039344458
1005002468408068
1005001962023832
1005002311139316
32948901576
4000268957846
4000125807385
1005002271503439
1005002316873335
32949738588
4001268841816
1005002428164365
4001228703227
1005001862519702
1005001586304996
4000777674755
1005002090884393
1005001850449749
1005002293142025
1005001628956753
1005002315277146
1005002363121045
1005002447280978
4000286851290
1005002441618013
32998765253
4001275513538
4001145253974
1005002467469355
1005002467955400
1005001994272012
33005057500
1005002314321724
33049738452
4000458436995
1005002275664634
32978289131
1005001389162539
1005002435428292
1005002063170705
1005002407821826
1005002284069031
32929942682
1005001758005454
4001089899664
1005002159401468
1005002320890121
1005002363163442
1005001813441531
33049316417
1005002352330035
1005002308843532
1005002151290601
4000314448151
1005001611792670
1005001458133274
4000123615557
1005002375627853
4000207552591
1005001605623635
1005001840352795
1005002323311538
32854843978
4000235741552
1005001429226481
32947648131
1005002440851421
1005002281434848
1005002277959679
32886995683
4000465796801
33036430491
1005002171891376
1005002330534549
32885212759
4000929647780
1005001823561871
4000971417803
4000997087094
33011209075
32801792705
10000251213079
1005001906030216
32473212845
32958652015
1005002167707902
32967386220
1005001338618887
1005002256070244
32604837830
1005002072849952
1005001962873300
1005002256454360
32811051054
1005002316530975
1005001935064009
4000844055206
32911687743
4000299383243
32667465837
4000116550078
1005002223641105
32961270299
33013768913
4000498674001
1005001515117778
32843691524
4000112385074
4001321309433
1005002074946507
32901205054
1005002229058545
1005002284269638
1005002358938285
4001241822174
32920118719
4001271653725
1005002276342837
1005002268125974
1005002466125526
1005001515992271
32880132430
1005002434143470
1005002331744343
32358524351
1005001935034099
4000020734975
1005002273410456
32863465744
1005002418273974
32968781015
1005001649538095
1005001280111501
1005001597229970
1005002307773904
1005002378840562
1005002319103476
32861465395
1005001463803762
32946225277
4001062717198
1005001298978806
1005001718625975
4001094699070
32866401402
4000640976116
4000096895742
1005002367361210
10000217265027
32898603705
1005002333552185
4000270379162
1005002394313824
1005002416681245
4000091941429
32847639465
1005001997126648
1005001450106973
1005001551252899
33039477419
4000987152421
32884181229
1005002271549610
10000032103024
1005001984876059
32846081273
4000866855506
1005002447054714
1005002481430515
1005001869827556
32896962541
1005002122346775
4001153717955
1821740978
1005002468364426
4000482671585
4000918288255
32324873289
1005002214445795
4000838132491
1005001514575690
33014367193
1005002235195414
4001090002280
1005001953696676
32973856830
32967599480
1005002350125634
1005002277794475
32817946542
4001233996090
33037905392
4000096424889
1005002035199923
32867706949
1005002434823804
33001068117
1005001855106430
1005002288743192
4000283421777
1005001457957147
4000395135180
1005002289749173
1005001665121177
10000022095982
1005001823414124
4000344677206
4000484223847
1005002476140796
4000411784245
33010287864
1005002010798796
1005002226091910
1005001792996380
1005001611464799
4000371252619
4001101124110
32682058922
1005001391458699
1005001835224660
1005002327270064
32971998002
4001014000105
1005002341447459
1005002335905481
4001158728337
1005001864844018
1005002419335829
4001237363494
32863615783
1005002306467912
1918902436
1005002286821181
4000054401616
1005002241647751
32722887470
32573541391
4001247873406
32410426726
32876402269
1005002440670674
32975186337
1005001639460199
32979337587
32991124852
4001091159659
32856137283
1005002192166177
32824131805
1005002395556503
1005002224897147
4001270994505
1005002315843983
1005002392341192
1005002384610037
1005002353564696
32852024224
1005002382656630
33047034289
1005002247099539
4001252524384
4001131333761
1005002311429568
32988112217
1005001466603539
32648932216
33051163982
1005002092540041
32955511070
1005001954719793
1005002291163627
32826053635
1005002368518122
4001241992367
1005002238357897
1005002244237383
32930424319
33047707988
1005002467717421
4001240036894
33027496520
2024479649
1005002500404645
1005001978064409
1005001728846356
1005002334030786
4000088736420
1005002304059191
1005002092231516
1005002124394683
1005002266228780
1005001937447415
4000532258720
32648808007
1005002434564511
1005001798103240
1005002483181397
4000161086748
33058041296
1005002259461038
4001194241666
1005002286873387
1005002122407261
1005002490526117
4000690664164
1005002247511874
1005002358685286
1005001419852500
1005002276620453
4000388747526
33014271810
4001231586614
1005001834635151
1005001886357163
1005001709783164
4000047283524
33038978668
1005002431665297
1005002304992419
4000863184208
1005002314401580
33006832610
1005002310422542
1005002311361785
1005002354269594
1005002409655805
4001053755024
4001037528868
1005002277792792
1005002433279811
1005002301351309
1005001900425488
4000666079756
32854091193
1005002406575824
1005002003199271
1005001723577037
4001257260583
1005001741443802
4001156966801
32913395728
1005001975356341
1005002221673630
1005001699075628
4000049982913
1005001564955982
4001328432169
32965109945
1005002351140868
4000174060202
1005002500564093
1005001987461155
33007448007
1005002475652128
1005001652157511
4001284960552
32748888387
32629792350
1005001633692786
1005002172183818
1005001926642989
32849169430
1005002475010572
33025034676
1005001810773440
32648821859
32847405633
1005001965685712
32739885897
1005001621970323
32951142423
1005001459034975
4001267720337
33042619843
1005002167938538
4000142092267
1005001902131690
1005001695497407
1005001771056175
1005002255788682
1005002284023937
4000849818957
1005001706216006
1005002281242482
4001240967757
4000174331683
32855998206
1005001393649927
1005002329747929
1005001803624721
1005002477647510
32882729588
4001000537923
33018538863
1005002492339970
4000693342267
1005001515203078
1005001942278952
1005002301741942
1005001599768582
33048418410
1705268733
4000035774884
32611016596
4000881212230
1005002294793428
4000685819503
1005001382014093
32975911320
1005002317814548
1005001655679354
1005001607314206
1005001457215808
32747046908
4000823170862
33023903117
33011557294
4000377818809
4000701735058
1005002107122956
4000702297772
32845925478
1005002316067569
33037724007
1005002337450650
1005002284629512
1005002433718523
1005002313678644
33058663609
32792137430
4001365928123
32886400404
4000178670118
33053585180
4000850472964
4000050411141
1005002344492090
32967127301
1005001395375974
4001157387061
1005002278750798
1005002347715473
4001232298181
32999022157
32853413332
32819139887
1005002431343229
4000554793372
32616429426
1000001563636
1005002021822757
1005002447691288
4000473449468
1005002093846492
1005002379319631
33001684748
1005001284524086
4000430422359
33054403970
32605055223
32486321176
1005002283425222
1005001398330249
4000337243009
1005001571008209
1005002313967386
32994912455
32963875745
32997188898
4001364642407
4000593585345
1005002303877499
1005002240385722
1005002465441905
1005001326686492
33045742372
1005002288589689
1005001408717543
32483763156
1005002349836643
1005002389102663
1005002421150921
4001364596905
1005001572285293
33033203071
32924327284
4000509665359
1005001519741317
32867377194
1005001823120351
32857447090
1005002312662963
1005001930852648
1005001936115897
1005002476322724
1005002248821718
32834704312
33014334270
1005001946430264
1005002275856031
32842150711
4000227562427
1005002481586872
1005002281490018
32791958496
1005002245573711
1005002417576278
4000182491248
1005001982789060
1005002383243919
1005001913823126
32990437619
1005001392167657
2030823274
32649217884
4000631193394
32908605937
1005002443164306
1005001738381233
1005002454254567
4001360525371
1005002277658445
1005002345383922
10000395821171
32867707842
1005001295432287
1005001705557830
1005002310551111
4000163472977
1005001305315740
1005002340230284
33041406244
1005001353973392
1005002318783852
4001012551794
1005001553389892
1005002293811068
32744276975
4000990793788
1005002474206118
1005001923994322
4001129348095
4001308137093
32964602533
1005002338247102
1005002002442561
1005002346539726
1005001736750563
1005002432686145
32953504325
4000803373811
1005002422909158
1005002466055000
1005002340625270
1005002143721037
1005001862654679
1005002466997373
32962476069
4000661343988
4000223785842
1005002408325797
32981285446
32809286045
4001270883624
1005002231814655
32958150789
1005002167735743
32960065700
4001278964323
4001034143187
1005001612786544
4000532950353
32797736617
1005001774265822
32911698917
1005001596420660
1005001769469141
1005002054274409
33012894877
33004118423
4000511674815
1005001656517568
1005002321943452
1005002358453636
1005002314535124
1005002314341081
1005001941219945
4001025140079
32975489296
32933151418
1005001334233509
4001233206918
1005001326337627
4001156259470
1005001411724313
1005001423491688
4000773465696
1005002347307985
1005001723293545
1005001884219665
4000207694389
32829414870
1005002078698410
32979108110
1005001484508468
32971135328
4000184211402
33031899169
1005002389568285
1005002368585549
32376579669
32658070248
4000989435314
1005002344976428
1005002362546591
1005002215477425
32856483486
1005002433183361
1005001708590782
4000370315627
4000103472928
33022148239
1005001775939180
32985479616
1005001803992358
1005001859126314
4000961564429
32902757740
1005002337775698
4001125584525
1005001993287433
1005002094786226
1005002313353838
33021083201
32907607744
4000999110196
1005002310279745
32822311899
40007065252434000177549145
4000943461384
1005002315332429
1005002354521602
1005001903120223
4000112376584
1005002294555505
32921482470
1005002307097664
4000631635584
33024097141
1005002019223152
1005001626243978
32666024867
1005002297701116
1005002074950961
32975257641
1005002297477896
1005001645443238
10000332493140
4000440236053
32863608394
4000717149247
1881486704
1005002440189192
1005002143127341
32579860741
1005001478622883
4000417457858
1005001802134735
1005001430274964
32926780812
4000687003237
1005001868358719
1005002481040173
1005002317549861
4000896991702
32767600948
32925086689
32549731564
1005001314579450
1005001689004881
32790897688
1005001822322324
1005001350961932
32850474552
1005001741603099
1005002499486104
4000764083658
1005002333908499
4001061094303
1005002475813563
1005002122547230
1005002220405076
1005002310536703
1005002304303919
4000342810675
1005001481129850
32879906588
1005001387496923
32801011606
32960831825
32982258797
4000432933840
32964417704
4001044316422
32810284055
1005002302913771
4001265146779
4001113521506
1005002322550907
1005002400278870
4000494326504
32922659234
1005001355267173
1005001456153184
4001295449437
4000152992366
1005002460305193
1005002319715051
1005002206343442
32947024156
4000243479368
32855964810
1005002033387144
1005002219953265
1005002410933329
33010069596
4000012125217
1005002319154022
32877494714
4000832295431
1005001820762084
32976847147
1005001705010060
4000899557005
32917629785
4000048464629
1005001731155610
32908668510
1005001542973322
4000153616551
32949748919
1005001623052248
33020427653
1005002273039932
4000385630294
4000030774966
1005002195231749
1005001792032692
1005001693299176
1005001966361220
1005001353619446
1005002244645264
4000831077785
1005002103207084
4000019568484
1005002085417452
1005002327194057
1005002044697389
1005002122249978
1005002330651723
4001282758244
1005002044555083
32248755403
4001125688265
32956225498
4000563174795
1005001716820182
32400773225
33047800081
1005002166709475
1005002329103636
1005001884969111
4000832885031
1005002388350250
32779370408
4001009716110
32864911035
1005001616988814
32314442664
33025604065
32823859534
10000085557464
4001150225437
32991561207
1005002417327703
1005001868622090
32500627549
1005001831010351
1005002330678728
4000868335870
1005002363315343
4000089086253
1005002292207625
32845866532
1005002166677191
4001248400663
1005002262535189
32973456614
33015054016
1005002395199327
1005002311458206
4001260737093
1005001854569277
1005002394829052
1005002440679296
1005002448377426
33003687139
33001618015
10000356559616
32878659850
4000067368855
1005002363271569
1005001425201080
32950055154
32979605802
10000055528464
1005002275930638
32880470554
1005002312070575
32983032951
1005002388786923
32959522198
1005001356060687
1005002365683085
4001148100655
1005001387389971
4001297451010
4000322132963
32840351146
1005001369599495
33057480721
32932468856
1005002465441189
32396489579
32693864431
1005002345720041
4000793289046
1005002293988066
1005002369393658
32780013375
1005001266808106
1005001455805087
1005001559665269
33007026711
32867172607
32839813356
1005001896350355
1005002249331668
1005002060683659
1005002089999423
1005002320148695
33035745633
1005001813086574
32723309382
4001125504680
32890573132
4001090418562
1005002483098875
1005002489024264
33019232434
32857749479
1005002439577118
1005001451400724
33025110949
1005001344439422
32970892226
1005001580369638
1005001989614902
1005001609754293
1005001879706751
1005001975012246
1005002033731336
32851930831
1005002233678370
1005002063137266
33057320756
32892400048
1005001334544829
1005002485299556
1005002349864476
1214576207
4001249713823
4000929565713
1005002041939997
4000385858816
4000711885279
1005002442278465
4001118496587
32268384475
32848910727
1005001833940632
32495783519
1005002490029231
4001284210930
32843513530
1005002340929465
4001247240291
1005001445299683
4001128228798
1005002357539457
1005001813935793
32823167114
1005002169189347
1005001816685692
1005001763230573
4001282924557
32947967256
1005002234989287
1005001433979916
1005002260030132
1005001320269230
4001022322277
10000055569761
32698918766
32823055184
1005002237966246
4000923109131
1005001514813037
4001135855337
32870181903
4001058107963
32830554920
1005002110223682
1005001599143004
1005002318663248
32866268346
4001269226553
1005001297412379
1005002429214403
32910968535
4001230971720
1005002343562207
32997424679
1005001483780682
32807904058
1005001776834149
32960344253
32770646308
1005002297825106
1005002468320243
1005002027740602
32784825686
33053569618
1005002280832611
1005002367851039
4000169060445
1005001334866428
1005001774830897
1005002462717135
32971378209
555189314
4000238808217
1005001438819598
1005002056601563
32655686738
1005002305818203
4000566258777
32947185868
1005002395544925
32975651010
1005002192333561
1005001734710832
1005001724468239
32976056663
1005002288394931
4001144964134
32811045104
32809036562
1005002436073682
1005002443519505
1005001310759186
1005001980297005
32989284953
4000321931684
1005002457211115
4000041198472
4000183322129
1005001664279935
1005002275641039
1005002339674629
4000267828032
32836150312
4000056507539
32917595546
32947073075
32731523517
1005002298205879
1005002459843535
1005001813268461
32952160633
4000708084188
1005001350850261
4001339913177
1005002297980407
2026961262
1005001829717631
4001316755284
4000538725072
4000450086798
4000097349053
4001081351329
1005001826900376
1005001375395606
1005002314219630
2012456367
32964154893
32884443332
1005001303839274
1005002494640670
1005002286897483
32751820040
1005002382266494
32848207577
32707292213
1005001493563723
33003219188
10000388532314
4000020639574
32886331993
32966819677
1005001836932157
1005002455489359
32609093667
4001226184848
1005001614056867
1005002260354384
1005001401998938
1005002475283170
4000891193483
1005002293671152
1005002314238930
1005002433617249
1005002311908980
1005001430299046
1005001788810576
4001135977001
1005002469416234
1005002266273561
1005002466339115
1005002138989552
32503822757
32842859868
1005002254935839
1005002189798431
1005001887728167
1005002072127984
4000437933835
32827555938
33050602503
1005001285194356
1005002122019450
1368308619
4001269382294
32858384971
4000812338452
1005001511185506
1005002112261211
32904661229
4001093652602
1005001442659310
4001293157837
1005002355872653
1005002264604485
1005002310056444
4000453723436
1005002433891575
1005001576717768
1005002271814768
32580264416
4000055933770
4000717191249
1005001266160113
1005001659593310
1005001736665708
1005002377558549
32690623493
1005001697631383
4000220643591
33038548276
1005001921025011
4000188882682
1005001388835140
32956859977
1005002047451199
1005002051344492
4000661104106
32856057150
4000683018455
33055288062
4000296093289
33014346210
1005002250653249
32928337946
32863747803
1005002265356867
4001209057561
1005001797293401
1005002224040177
1005002355667542
1005001468216172
20000004668493
1005001755958746
32969165954
4001340029530
1005002310973939
1005002321871049
33044477101
4000123632667
1005002339442657
32463167507
4000852848952
1005002389622030
1005001273664875
1005001742415346
1005001504138063
1005002478731796
1005001587118568
1005002358587063
32895545099
1005002466653858
1005002122242835
1005002361649214
4000548375564
1005002212906519
1005001572016983
1005002327487559
4001015938189
1005001704401129
1005001349955632
1005001667633176
1005001447585456
4000192937304
4000846689949
32968282150
4001126398842
1005001499951186
32961810294
1005001594284226
4000220071111
4001239897835
1005002440559741
4000241152964
1005001326507782
32972495729
1005002237962675
32730367827
4001093573689
4000122507117
1005002395989274
1005001641014152
33051418600
1005001326604436
1005001658249287
32998414409
4000225717617
4001038003109
1005001670835341
1750508116
32610368400
1005001773750646
1005002496630139
4001244573532
33056289916
1005002149393225
32819577061
1005002420521619
32423557430
32953620949
1005002267515647
32810460192
1005001413123337
1005001565003197
1005001926657288
1005002327233298
32378531158
32863535688
1005001813785155
1005001641193603
1005001825498252
4001130269816
32981317851
4001294233940
1005002481470583
1005002417244134
4001123014564
32957409458
1005002319569830
32466178348
1005002364636485
4001344778334
1005002435607641
32960657513
1005002266434844
1005002344992268
1005001616636681
4001358354790
4000333798419
4000627322571
1005002466977095
10000031956687
32854872757
1005001699672253
4000015384061
32809303443
4001076610992
10000364642375
4000785475732
33020036645
1005002293944234
1005001697587076
4000806100033
32856427700
32977967862
32911700434
1005002426079155
1005002265432197
32973544278
32898084937
33015653268
32820712155
1005002320804651
32703269992
32620112354
1005002312369974
1005001645112259
4001024507587
4000012786555
32792077343
1005002293722926
1005001633991777
4001157458702
1005002311860318
1005002440394388
4001122690793
1005002476710564
1005002383231269
1005001843725063
1005002270981896
1005001912354983
32807157763
4000317366511
32335475555
4000177969542
1005002298892821
1005002365985387
32869070127
1005002011877300
32913401836
1005002247075659
4000024999518
32949402921
1005002446828592
4000032251212
4001228487812
4001219199283
1005001763097615
4000314891523
33059047769
1005001290722983
32924370229
32770420250
1005002258214168
32948645776
1005002453539117
33006999572
4001241967528
4001058256194
4000332269054
1005002371864670
1005002117666336
32971561388
1005001369923738
1005002320043357
1005002411103038
1005001718228954
10000097816705
33050630057
32468255355
32988889745
33035037443
4001077894734
1005002259553959
4001275310995
1005002333765312
1005001437479197
33057907975
4001267742813
4000351326667
1005001962205709
4001152349023
1005002004539145
4001061151399
1000001619584
1005002284245171
33015188268
4000785189893
4000236125483
1005002482932316
4001219595016
4000666994261
1005001888742642
4001351834912
32955368944
4001356097430
32793575616
32845091518
1005002160156295
32958382683
1005001656558609
32859726330
32848233639
4001296019884
4000533905817
1005002484714425
1005001556124439
4000169569015
4000534822242
4000737138068
32811424944
4000138092350
1005001580465275
1005002300254868
32996296206
1005002339605501
1005001905792101
32919216316
32894200605
33032744935
4000067776014
1005002413513206
1005002405152018
32918969497
10000332537558
32897772976
1005002448705177
1005002398148760
32982680977
1005002240927783
1005001472152626
4000030537958
32965308907
1005002246667865
4001352806974
1005002014724466
1005001485260812
1005002205191529
32852017509
1005002436085289
1005002333790104
4000504832744
1005002443324479
33001334092
1005001516989678
1005002306332865
4000114434078
4000660166939
1005002167821401
1005001573536975
32790201476
32881383373
32981541261
1005001282498384
1005001619940437
4000103955513
32896668506
1005001854581308
32663221822
4000206785142
4001289567390
32299592479
4000035928676
1005002327614143
1005002388366355
4001201023982
1005002468597127
4001316672478
1005002280876738
32252213168
33000110884
1005002449043211
32999782017
4001240072808
1005001838818945
4001139375916
4001214212640
4000111631399
1934931407
1005002086273464
4001338492158
1005002311925538
4001347307950
1005002113238671
32961884811
1005002345420540
1005001420067316
1005002064964201
1005002279024906
1005002376054754
1005001839916954
32890230966
33026431166
1005002072313376
32927714695
1005002074369495
33054222602
4001244632438
1005001781360823
1005001786430249
4000497026894
4000036977150
1005002460594805
1005002312474100
1005001469433921
4001284520213
4000077730482
1005002327644230
33046921439
1005001984761513
32850881939
32858752652
33026948497
4000529568729
1005002265458789
32927116484
1005002396692238
1005002413544753
4000990717633
4000790369503
1005002180246023
1005002348216846
32959770951
32887443264
32946985694
1005001821386561
32931521432
1005002346822021
1005002268732682
4001288797908
1005001349473924
32676371895
4000901718061
1005002134915330
32887171649
1005002359006490
32789274557
1005002147715840
1005002378694017
32734310431
4000866478385
1005001338927986
1005002204720279
1005002402199724
32873433388
32983208074
1005001374198536
1005001659828899
4001010719585
1005002401475041
32529753511
1005002256179224
33001037903
1005001604091783
33009593703
1005001270425271
4000093097291
1005002198651894
1005001928762542
1000001550673
4000838860845
1005002191417800
32845733014
1005002388960333
1005002133355899
1005002074951413
1005001557203652
32976052527
1005002239600544
4000423480494
4000817359618
1005001441406774
32827994930
1005001499086345
4001233782660
1005001962919397
1005002389747752
4000629025750
1005002301516265
1005002395444410
4001154260311
1005002027923308
2013032889
1005001761702786
4001308969598
4000963454802
4001204829084
1005002354505043
32849502533
1005002311263120
1005001397103446
4001180335893
33025889230
32893745625
1005001746894418
1005001446446451
33024101239
1005002070467901
32801286352
1005001807997773
4001271647192
1005001804386055
1005002302286573
4001025553819
1005002337137186
1005001835476396
32789498374
32915184345
4001240681605
1005002482975920
33059931992
32519414995
32621644845
1005001883145839
4000764588311
33013417640
32834574624
32831346434
4000012036619
32623248584
1005002340325007
33000549338
4000545392081
4000498597762
1005002477723322
1005002402593768
1005001934416040
1005001410861777
1005002225275124
1005002144723286
32949217287
32996587955
1005002482896187
1005002298716520
4000660795494
1005001982122676
32884208122
1005002304331837
32975508096
1005002388256694
4001221269807
1005002419400541
32683390835
4000989604386
1005002395137701
32741344747
1005002468203092
32993850047
33003566617
32827569641
4000093344758
1005001494450513
4001363720305
1005002132943923
4001297366871
32718760028
4000282831681
1005002336813669
32898641696
4001237332760
1005001830883948
1005001586786263
1005002422183426
1005001955017095
1005002089946367
4000843306754
32861132107
1005002288436502
4000466030517
1005002291502294
4000419342982
1005001798563058
4001015100410
1005002379049006
1005002373211995
1005001483118963
4000822818208
33053282540
1005002428558602
1005001502601564
1005001815214917
4001167977604
33048790131
1005002264010748
1005002186727870
1005002039965862
1005001320737864
4000118761350
1005001338282306
1005002273592692
4000742321519
1005002333397139
1005002362856114
4000873463993
33030888384
32957376167
32393244520
1005001552838880
33008670929
1005001942253902
32945464729
4001250151792
4000035613538
1005002465122358
32808580017
33049854462
4000210538515
1005002385132529
1005002294425002
4000971074086
1005002325336818
4001327587796
1005001953459018
1005002382438561
1005002430626044
1005002250532547
1005002393988351
1005001491241822
32973587325
4001131920707
32957452957
1005001582853782
1005001514954765
4000599532202
32804172032
4001297338310
32863928412
1005001581260858
1005001967624535
10050014752370491005002470526293
1005002443035416
32789502921
4001351428093
1005002337330495
32913484796
32573167339
4001094063349
4000500383160
33012671810
4000268974650
32962619920
4000994014531
4001061083350
32953316340
32598066385
1005001694988371
1005001511693037
32976020847
1005001515772687
1005002351294655
4001125074853
1005002256567036
4001334449665
4001355733289
32798356854
33049112815
4000928619696
1005002373317047
1005001603413652
32797672714
32968848831
1005001689870008
32993978566
1005001414850089
4001257144877
10000356686548
4001156188391
1005002242272692
4000443080969
1005002252924290
32806136464
32822912293
1005002289350904
32808158059
1005001835672619
32464745050
4000410100779
1005002285862641
1005002347593472
4001217692652
1005001997086722
32948243622
1005002388186432
4000112078519
4001065868438
32958415674
1005001853303405
4001011127965
1005002317201241
4000545730223
4000997418609
1005002399287948
4000525343053
4000183032788
1005002284893647
32962505598
1005001511424678
1005001998808543
1005002281033806
4001248527235
1005002357743683
1005002345782259
1005002320783538
4001170660626
1005002322527078
33014212196
1005002044564973
4000907237894
4000179493814
1005002119608614
32792210981
1005001678591075
4001039386741
4001157117195
1005002457751749
1005002277875432
1000001393139
1005002107520552
1005002475005661
32654638813
4000192566386
1005002211336355
1005002400810329
1005001412024112
1005002028486523
1005002435301168
32825093723
4000307135843
32969124271
1005002212828622
1005002489806716
4000873279771
1005001667899831
4001234430132
4001360894527
4000246034468
1005001880933629
1005002439282360
32966304405
1005002238729664
1005002313533569
32959699220
1005002212228150
32717687682
1005001323186930
32813647585
32852265952
1005002315289273
32973404573
4000218634027
4001326705046
32989765527
4000713160454
4001207853695
1005001270777385
1005001832050069
1005001727535659
1005002048795577
32320006491
1005002259275357
4000381641500
32950605505
4000796501662
4000392947618
4001195678994
1005001720238309
4001248393771
1005002059255284
32720161005
33048752260
1005002304658445
32389889451
4000002432263
32739367344
1005002350329334
1005001414732697
1005001975050678
1005002433468305
4000082406179
4000429844342
1005002483930138
4000423161432
32822009442
1005001913443020
1005001703887105
32850039412
1005002116549237
32842238673
1005001308087044
1005002365888988
4001280553141
1005001815108866
1005001802211816
32964753309
32631066410
1005001680010154
1005002325057047
4000872907084
32946758524
4000826085807
4000748776238
4001041048568
33015354801
4000925949843
1005002491519926
32749249308
32972929181
2040882077
32887465039
1005002440176888
32914296166
4001205303038
1005001658647458
1005001273302383
32971205052
32998521246
1005002314534402
1005001387881434
1005002322670817
32981544523
1776346767
1005002025479110
4000056829963
33017176418
32870048174
32942061403
1005002434932823
1005002462423745
1005001504940153
1000008239044
1005002325403626
1005001451772554
1005002364047172
32881038095
1005002427356922
32878027718
33006873971
4000927178102
32993710903
1005002346214302
33008586306
4000401956424
32879765446
4000183459329
32895589532
1005001426373483
32912924572
1005001970432020
1005001901757696
32826809414
32945738764
1005002234266091
1005002256539532
32634210282
4001061947529
4001254797550
4000959676892
32882162250
4001185124368
1005001844625413
32791040167
1005002023335858
1005001715000191
1005002489121799
1005002280874997
1005002346413141
32519397401
4000106061589
1005001489080155
1005002330527061
1005002319235578
4000546496000
1005002277927226
1005002262718049
1005001774669583
32908049016
1005001266001332
32981471266
1005001822360115
1005002327814856
1005001762386122
1005001579031966
32954754959
32948900487
1005002016987781
1005002467403923
1005002240228078
1005002264648814
32719655462
33022603831
1005001636647083
4000587883882
33049531697
1005001615894332
1005002424356925
33058688402
33021418054
4000196375480
1005002028216680
1005002382871621
4000433627762
1005002232172451
32953449309
1005001649924672
1005002339443507
4000389967532
32966320333
1005002390095743
32720529934
32981833046
32670644533
32934527955
1005002273679748
1005001666572699
1005001302477143
32962566249
32811956418
1005001685673175
4001110154902
4001158781602
1005001387351254
1005001831869638
1005001592801191
1005001854605387
1005002263932309
1005001770508185
1005002294449548
1005002306384386
1005002419767842
1005002396255459
4001232070447
32781970467
1005001391593085
32906345686
4001156188170
33034471315
32851258837
32852218734
1005001935870695
1005002012178731
32643334535
1005002033707142
4001106885296
1005002396691033
32864926010
1005002228100989
1005002015783110
1005002254718436
1005002337662606
1005002329350260
4001019280256
1005002483083081
4001333548440
1005001703656543
32905780686
4001278980341
1005001368031795
1005002385073643
1005002419593906
1005002235347079
1005002467845468
32365199231
1005001872324150
1005002397808924
1005002054988124
4000108968426
33049506743
1005002100748094
4000626262587
1005001935916864
32996561581
1005001935604486
1005002314401850
33050608870
1005001698360456
32398930144
4000259528144
1005001718070149
4000143906450
32950545342
4000143038498
4001294460468
1005002122452070
1005002016582695
32852563594
1005001909073700
1005001780853477
1005001693611540
1005001425954456
32860358893
4000694202545
32868960118
1005001616833391
32908451399
1005002122293973
4001226310464
1005002485241018
4000673520729
4000546664422
32791445449
1005001538544735
1005002314580105
1005001407917925
4000784864070
1005002266133024
1005002259111373
4000554778745
1005001610375394
4001237477542
4000689382190
1005001777485295
1005002288362436
4000965152936
1005002390720542
4001014980914
1005001387163066
4000626303484
1005002311008258
4000484016755
4000078126635
1005001955067426
32920425719
1005002359722364
32958230569
1005002375345384
1005002282438278
1005001817081996
32703365057
1005002399978799
4001083433858
1005002264155085
1005001275837534
1005001502502837
1005002399479732
4000100596967
4000287623182
1005002377629109
4001294095625
1005002001634176
1005002253982015
4000309105841
1005002369714740
33034341597
1005002469170469
32845674463
1005001514251047
4001059774789
4001360377087
1005002165277684
1005002304330160
32957255784
1005002232372609
4000200285191
1005002357855722
1005001997556360
1005002314452393
1005002294106823
4001037168919
1005001741607549
4000489047188
1005002291488829
32861660189
33000984765
4000979624823
1005002248256625
4001077034568
32971990911
1005002298326955
4000762323907
1005002260334268
32858254944
32843649893
1005001369284315
4000669270007
33043493551
4001270872181
32862195290
1005001419241948
1005002090511097
1005002028536873
1005001934739377
32613723636
1005002055223206
625570123
32827856534
1005001519530288
32701035693
1005001329979143
1005002396901185
1005002245624049
32908763073
1005002290223179
4001159825592
1005002355715861
32994301587
32909247731
1005002363385502
4000829700385
4000762448376
1005001523729320
1005001769066107
32909066687
4001254752153
1005002495514642
1005001459102334
4000046489003
1005001350590364
32885241109
1005002342706174
1005001860731544
1005001980064011
32972263013
4000360491711
1005002482968807
1005001889936773
4000682864991
1005001832236646
1005002371656977
32353661576
33029816357
32952491780
1005002333890950
1005001468359533
32724337645
1005002254802620
1005002328582818
4000836430963
1005001918240409
4001221826823
1005002275824043
4001256511477
1005001982693501
1005001967758455
1005002367489156
1005002075313803
4000029946804
33052510057
32436320844
1005002252120543
33048085762
1005002359825150
33004402561
4000020499630
1005002255975171
1005002306112563
4000672865108
1005001999359197
4000492122486
32873784278
33008702767
1005002425624576
4001157273228
1005002270598844
4000110936843
32925903116
4000689277053
1005002303845501
4001233881307
1005002128443862
1005002310340650
1005002193798971
32921638741
1005001473659930
4000782822471
32973546696
32658747165
1005001970615554
1005002314023902
4000777212720
32789012136
4000454547948
4001223779877
32947461075
4000108432013
1005002410021279
1005001946943758
1005001840175513
1005001506120644
32855077021
4000313594112
32848736933
32478480506
4000344061586
1005002378141184
4000894751518
1005002357973102
1005002417141734
32791132581
4000764250817
32572187238
32854295855
4000983541315
1005001801243844
32972079924
1005002333216667
1889586511
32986549840
1005002427591460
1005001346425359
1005002427891174
4000115112703
4000318942661
1005002358084579
1005002177074458
32907014430
1005002337092044
1005002241668759
1005002378270476
4000235536635
32858358882
1005001333837206
1005002221335653
1005001776653148
1005001499914816
4001168215025
10000203915860
32906001462
1005002282077100
1005001620283080
33023577999
1005001373114375
4000118124277
4000180929408
32978447663
1005002289490686
1005001438613587
4001152878887
1005001568604090
4000388524225
1005001867813485
33048599697
4001271439607
32920246298
32862033778
4000323990241
32963681787
4001230674362
32866070035
4001045379725
1005001506069184
4000549823985
1005002424957986
1005002245462804
32721432731
10000169724226
32975296703
1005002382599961
32702517720
32897178436
1005001972350857
4000682696734
1005002411652612
4001200243496
4000091875833
32861472069
4001148220838
1005002116704986
1005002418414228
1005001941919469
4001240771138
4000922562435
32866701687
1005002307263356
1005001762528603
1005001694846202
1005002293480885
1005002393080222
4000364337335
32867145828
1005002314946513
33036589559
4000054557365
4000406181066
1005002054890517
1005002362709230
1005001348522123
32780539739
1005002427802953
4000935661089
1005001694098002
1005002331887372
1005001680763090
1005001459093773
32786009434
4001199124946
32926320575
4000415098696
1005001621853157
1005002294755216
1005002305658417
1005001957673183
1005001834832799
1005001320407028
1005002253287290
32963285727
32847972399
32987134302
1005001793299486
4000744920217
10000395855030
32994856760
4000562574453
1005002365426646
1005001970673522
1005002289068821
1005002352276555
4000358318031
1005002317775477
32864800988
1005001339770579
32295183572
4000765487570
32981058935
32993815252
4001330855100
1005002233764039
1005002197474678
4001175632938
32990792550
1005002312555634
33019535933
1005001935038821
1005002055631534
32813007001
1005002373496178
32964259586
4000132696587
33036977398
4001170301984
1005002228748528
1005002287029596
4001221282905
4000042481957
4000415899248
4001107853034
1005002320478924
1005002366179735
1005002027382701
32406535638
4000381645229
1005002368993809
1005001834503621
1005001964342920
33006271297
1005002373111298
1005002247728115
1005002364045704
4000771306933
32904492186
32955998706
1005002314963843
4000116257950
1005001929012105
32885227425
32633627311
4001217644582
32960096085
1005002448502199
1005001320237732
1005001438888343
1005002345387117
32995190464
4001163433918
1005002378859562
1005001558263159
32953135075
4000931674169
4001065127861
529674381
33044168643
1005002443187045
1005002070673096
1005002007068113
1005002252784970
4001334036801
4000908591987
1687671609
1005002314387681
32824941755
1005001863206949
4000926663483
32999840723
10000084036233
32965996907
32839563304
32621875461
32883123596
4000299088347
32889416030
1005002392340798
32912413501
4001277042432
32816300121
33059306620
4000955315906
32839227152
1005001864771022
32704570301
1005002182155820
1005002368730819
1005001794173552
1005001637747397
33006147486
1005002314325205
32638960892
32886735908
4000020160841
10000034217820
1005002333113268
1005001556476592
4000569365945
1005002269078005
32811756817
1005002306434982
32821229896
1005001715797812
4001123666769
32957468047
1005002500478591
32829082609
32869744972
33001228369
1005002219436181
1005001931060004
1005002412232521
4001193936623
1005001670800586
1005001423694772
32816803434
1005002387922556
33043918209
1005001980515095
1005001367704336
32684780846
4000822676172
1005002431184461
1005001382852187
1005002337069877
32943317515
1005002390408006
1005001332594603
1005001337741323
1005002237483754
1005002198151393
32946868596
1005001851013561
32917273309
32678546352
1005001452722640
1912440820
32997490583
32973261233
1005002315427917
4000099257781
1005002265259195
1005001333661823
1005001660286665
4001124809168
32849169091
4001201264858
1005002337669554
32876744411
1005002271277860
1005001815375051
32822539793
1005001768139850
33035284919
32902555702
4001149266719
1005001797213326
4000256729952
1005001585857847
32961462127
1005002314349179
32770340575
32953113749
32973626461
1005002091092243
1005002208380074
1005002353323489
32922966102
1005002242315823
32856810038
32971198383
32653028651
10000395848308
32895604988
1005001822278276
1005002405971590
32981941603
1005002190073417
1005001861917482
1005002287495170
32340252538
32882654837
1005001290627359
1005002314057898
1005002357665657
32885825016
32885657924
32969613894
1005001861152747
4000730665864
1005001359694230
1005002164439313
1005002077620820
1005002213694490
1005002114862333
4000286465671
4001039077321
4001277779580
1005001441358950
4000844383409
1005002419730267
1005002321040707
1005002322904853
32956878042
32790089984
32756777010
1005002227762282
32966559550
32875742647
32658020046
32970005355
1005001580685248
4000762512048
4000034200678
1005001444452615
33060518608
32902029472
1005001868383970
4001294003008
1005002064862109
32850572882
32859695857
1005002341257682
4000682588601
1005002198731486
32980183079
4000695209181
1005002122428734
4001268464309
1005001350844830
32968742656
32822835622
4000695900338
1005002470909614
32970789366
32802727897
1005002400093988
1005002214441687
1005001609811320
1005002459685105
4000568349433
1005001878143515
32989807869
4001268130008
32914145610
4000703528831
1005002357869310
1005001922152407
32889036251
10000356575816
1005002053941148
4000314004168
1005002147850638
1005001798249361
4001005229026
1005001462863622
1005002423408957
4000160428903
1005001786286717
32491913673
4000654725922
4001259828847
1005002273931891
1005002316865043
4001193045109
4000918433659
33013398569
1005002470061512
1005002238248918
1005002319270250
1005001289575159
32927308584
33054489334
32949374659
1005002304032802
1005002294134876
1005001632685478
1005002349501734
32450680313
32991815391
4000263710695
1005001666850339
1005002316969781
33030472165
1005002390705121
4001236076544
32841395298
1005001609703734
1005002482708785
4000309985855
4000723925084
1005002037237269
1005002362495985
32961190849
1005002485621141
1005001529212548
1005001466829637
4000982742467
4000137163604
1005002229826970
32854206563
1005001405182168
32830209846
32795689846
32376546216
33054508263
1005002287538048
4000151639533
1005001677363579
1005002382849954
33001951001
32834878368
32957055184
33007271673
33024137788
100500226251602732793374824
1005002273075038
32898993730
32948217136
4000067603128
33011253847
4000152818928
1005001320456207
4001121662130
32963799215
1005002314852679
1005002411492127
1005002167755788
1005002349875830
1005002023419583
1005002339816819
4000328599781
1005001411789823
1005001265443107
1005002482078051
1005001769724774
4001090690264
1005002428374784
1005002291848060
4000788033615
1005002339254042
33034620570
1005001280168019
32744835916
32949105782
1005002369670322
1005002266214716
1005002252092702
1005002092131820
1005002394318099
1005002313396642
4000300935466
4001088750901
1005001902462032
33001162336
32760480671
32960606744
32965049003
1005002412434161
4001171141597
1005001333411934
1005002339017484
32368604491
32882019257
1005002129663470
1005001826794784
32803849705
1005002367979733
1005002416322782
4001187829621
1005002220605353
32960944688
32827771815
4001061714649
32607921710
32690231181
32949782728
1005001468623028
1005002302344548
1005002309229536
1005002369504984
32932687771
1005002491407241
1005002064850998
33011966867
1005002055037193
1005001626595879
4000267484266
1005002256104452
1005001987775783
1005002408373604
32858483917
1005001813202980
1005001650647810
1005001972097672
1005002353020035
1005002320547944
1005002269238024
32708658671
32394256054
1005002264661158
1005001424149620
32813419592
32608884904
33037655314
4000857170693
1005001269344431
4001238451179
4000677436479
32799929941
1005002246649219
1005001300713047
4000330207507
4001029162815
32976011851
33004785565
1005001581305222
33056055601
32830666466
4000694038953
1005001452849239
4001227549476
32852610034
32905004313
4001122439724
32679144898
1005002384547974
32734585417
4001141700063
4000898998562
1005002122406787
32952568096
1005001705036434
1005002395605267
1005001810690787
1005002346443542
4001227215798
4000218966583
1005001803704961
4001079437097
1005001288016113
33042492402
1005002321894581
1005001698418461
4000435765710
4000277965254
1005002454702816
32985143842
32912343150
1005002114941191
1005002254526838
4000631939417
1005002240790852
1005002141064215
1005001863846649
4000909419981
32957055063
1005001954749309
4001028396408
4000907641075
1005001325298828
32366218269
32972521572
1005002411790550
1005001670990213
4001270513415
1005002220650095
1005001697625535
33006677522
4000205857786
1005002264202329
32826179469
1005002439189421
33057682479
1005002284674834
4000081841797
1005002288947878
4000150131827
1005002420663078
4001297271165
32878545722
4001269434891
4001228717310
4001232139424
4000714814368
4000504281548
4000007243588
1005002404543795
1005002275897521
1005002276980154
1005001888192303
1005001779809593
32515054903
32807867271
1005002467608948
4000959659860
1005001868426800
32898065258
32955396298
33044411419
33057491290
1005001879018123
4001114656943
32982684171
1005001398571310
1005002310335921
1005002329345691
4000388490092
1005002363262193
1005002276540830
1005001958843034
1005001844380998
1005001494776040
1005001896568060
1005002454306346
1005002122289943
1005002323022957
1005001329161655
1005001657692331
1005002310930434
33048594341
32858483106
4000730050324
32911020857
33010247499
4000835469288
4001154938934
1005002403926320
32806577603
1005001447786232
1005002278567652
1005002042682800
4000134511167
4001340148907
32841415132
1005002317817117
32996831023
1005002372261244
4000816974321
1005001884828103
4000329361259
4000237011092
32980948649
32974868963
33017960714
4000786915864
33024042873
1005001832173218
32861010063
1005001499003035
4000490508662
32964543267
4001243813883
1005001751162237
4001309182454
4000268203264
4001240086412
1005002347780266
1005001325941094
4000774931160
1000007954325
1005002428458154
4000718025455
1005002060753139
33050000399
1005001694036914
32898707394
1005001535057183
32843668766
32903816899
1005002422964639
32381041184
4000639776680
1005001804254492
1005001788935175
32791780610
4000332359080
4000314632811
1005002328086155
4001230406225
4000864973960
32282756991
32769844269
4000001756779
1005002240334417
32848416213
1005001525502165
1005002080329604
1005001840190494
1005002439311756
1005002319267804
1005002374454050
33049713223
1005001653645088
1005001381248217
1005001567163826
1005002252939582
4000965647982
1005001670803608
32755759852
1005002232074165
1005002372476508
1005002210501381
1005002043609362
4001241305233
32846872794
1005001455930814
1005002211669274
910572791
1005002181331599
32871495248
1005002311953660
33039007383
1005001565986860
1589235474
1005001374962946
4000299810835
32794842789
1005002050344799
4001278891613
4001094808728
1005001546162779
4000160027123
4001225152498
32840987376
4000674769521
32714964781
4000032777736
4001130708181
1005001406013212
1005002359713506
32949319639
1005002023705842
4000189138210
33001676269
1005002298552706
1005002224826566
1005002107494348
32993229747
4000032181854
1005002069242665
32775217050
1005001990201523
1005002420491334
32963385545
32803417932
32602905968
10000348971752
1005002307214240
1005001369507994
10000177717227
4000730893754
4001232962149
33042151842
1005001703117439
32954327119
1005002286165982
32972909751
4001160975002
4000824191254
33033127135
1005002416470954
1005001705384533
32950331407
1005001731881198
1005002304330668
1005002091686120
33027808618
1005002015747020
4000850183913
32590405174
1005001355239129
32590890418
4000903220688
1005001840475043
1005001757888545
32781723884
4001224610558
32951657636
32919884249
4000904298653
32962709006
1005002317878159
4000237987798
1005002037573925
4000394083405
32963952252
1005002246221642
4001102605040
32844684873
1005001884703459
33012459606
1005001603681404
1005002252140343
4000894151026
1005002345021230
1005002260112450
1005001612364641
32956320191
10000313025265
1005002492401452
4000433399067
32903272979
1005002302342203
1005002481871270
1005001525440330
1005002438487711
1005001571370560
1005002332895854
33005839228
4000480537302
1005002317921054
1005002271529692
33039648782
32930612286
1005002171655462
4000273773280
1005002295372643
4000032008111
1005002348882321
32863424249
32924946723
1005002316043968
32987178737
1005001805256851
1005002233213336
33027848248
33029519004
1005002347274827
32824091241
1005002394517007
1005002240153847
4000282902471
1005001662870936
32961996403
32838236557
1005001554851914
1005001345956719
1005001893241115
1005002332463358
1005002381017854
1005002271530079
4000119052129
1005001909416958
4001189796379
1005002376740428
4000181952723
32846036465
32912007148
1005002027116630
4000052217301
32891144820
1005002258243241
1005002333036264
1005001781682577
1005002391930465
4001179243843
4000666027260
1005002378742362
32909309341
1005002252186277
1005002037551494
1005002221026661
1005001850750552
1005002313670985
4000974647003
4000483471223
32951122461
4001039032162
1005001848615754
4000216215890
32809556382
4001264073382
1005001912801025
4000004561246
1005002483271836
4000176684636
4001063669452
1005002379105788
32789160351
4001171446833
1005001882474179
1005002339694810
1005002429426164
1005001686123532
32836089968
4000397448928
33001206808
32792425899
32864920184
33032187399
32831732613
1005002220846426
32617902958
32905081375
1005001921802009
1005001871568306
4000077393814
10000420486753
1005002278287927
4000567400480
4000694073244
1005002063348343
10000323208826
1005002270234541
1005002442416709
1005002129694041
4000429773033
1005001423362869
4001316779547
32668795642
1005002054855350
1005002214882331
4000209337875
4000701928643
1005002109092178
32812401605
1005002346174401
4000339943808
1005002467167116
1005001337787958
1005001416746302
4000927165680
32952196975
32856296600
4000556801226
32895031793
32720149376
4000891724181
4001255701129
1005002490521013
33024882226
1005002394537780
32863055266
33034179305
32884696372
33015016353
32810180421
1005001957083914
4000463019244
4001014581643
4000441700589
1005001867277153
32948122879
33049631263
1005002394898085
1005002297890772
32941329181
32813031535
4001042027672
4001155044286
1005002382155240
1005002045137686
1005002411756817
1005001939495693
1005002408134076
1005002291229841
1005002345908511
1005002328009129
4001083685211
32914060044
4001039107839
1005001506017431
32825923224
1005002386727955
1005002341685237
32802938273
4000926802787
1005001325808737
32661177236
4000380465681
4000464351132
1005002467635895
32967691539
32956886150
1005002490159354
1005002121382423
1005001709696573
4000926967102
4001293178884
32978167184
1005002234971409
1005002315145016
32917294002
32314832982
4001200674351
4001085030241
1005002417588554
4000945943300
1005001722806253
4000695803661
4000380585461
1005002245218616
4000395965458
4000958744773
32710725420
1005002453247876
1005002023124927
1005002421463393
1005001717303536
1005002055898962
4001201222711
4000186143703
32888126511
32929541129
1005002459729462
32825138675
32904520099
1005002395343904
33044967220
4000384704832
1005001352003087
1005002224810121
1005001355194428
4000849403402
4000803462164
1005002276219480
4001213632563
1005002238863736
1005002074808119
1005002357267480
1005001664693609
1005002168163428
4000965821719
1005002058218675
32606773891
4000276767215
4000226666607
1005002419390626
32906782766
32843551546
4000452590670
1005002426060095
1005002488577463
1005002450519659
32993099309
1005002416476634
4000990853295
4000863584393
32980066892
1462613224
4001099039780
4000033146392
1005002495828984
1005001722730151
4000515430793
32982346542
1005001590646615
32852432202
32989176833
4000969408880
4000659276162
32836019193
32838767007
32856819268
32973333730
1005002353068395
1005002430842585
1005001895438753
33001049415
32260918830
32968192878
4001111757548
1005002295511993
1005002313781357
4000415043672
1005002363743878
1005001824426596
4001191980159
32856810560
1005002255088389
32918948105
1005001456143201
1005001913876107
1005002190476902
32645211379
32921591516
33045923153
4001212708094
32862807961
32914998880
1005002291103918
4000611408360
4001132127896
1005001479492514
1502274793
33010327118
32892789336
4001226350032
1005002301539470
4001054014452
4001265072512
4000169434069
1005001619415341
32841677595
4001189337283
4000165136609
4001130593298
32869699821
4000384806420
1005002371535739
32827191973
1005002319206035
1005002061431285
32993661249
4000955659024
4000549693196
1005002354773632
1005002225652835
1005001424530753
4001338143263
4000636171177
1005002254562093
32925879732
1005002350843422
1005002238922506
1005001506427265
1005002362363177
1005001621992393
4001344600730
1005001450364211
1005002364296618
1005001421454806
4000607747468
32915227323
4001247914604
33048750747
32979577181
1005002371576964
32591494894
1005001670977209
1005002334257083
4001289980909
32964352164
33051131697
33001679577
4000960586708
1005002345045048
4000563344586
1005001716760121
32728040191
1005001965564997
4001068228409
1005002382828594
1005001961042120
1005002287410834
1005001843230104
32821213126
4000640963104
1005001499088029
4000280404872
1005002257899892
1005001942560141
1005002330504141
1005001376077153
1005002256525075
32897606805
1005002279457420
1005002376250678
1005001725354437
32842589086
32821377593
4001130895616
1005001561199959
1005001265636919
1005001690373078
32961563091
1005002413066445
1005002260531760
1005001958018405
10000374568430
4000104236767
32699402464
1005001977626067
1005001962721006
4001340095956
1005002058508955
32799311328
4000922651558
1005002388254117
1005001994215511
1005001658545556
1005002110084041
1005002368568872
4000506339414
4000857221015
1005002314339230
1005002459748201
1005001721386870
1005002184300334
1005002288550394
1005001581733165
1005001691475079
1005002061062193
1005002414399188
1005002099090586
1005002319045307
33031847817
4000956266143
1005002310551932
4000402043478
32501033303
32836192187
1005002363153571
1005001362275947
4000799757341
1005001718565858
4000202606526
32818877195
1005002309214285
32969125020
1005002342497284
32976333727
1005001773539961
1005002489927320
4000990743262
4001256221760
33002199169
32904355208
32299727902
1005002408433659
1005002187147094
1005002345132662
1005001680370892
1005002390649031
32983511639
1005002371812146
1005002198578921
1005001494813033
4000075463986
1005001677946218
1005002475825470
4000081920130
1005002323280369
1005002219576120
4000336579869
4001313552522
4001069283147
1670265892
1005001438621515
1005001592656482
32922579959
1005001894159026
32821496164
32910482001
33028888616
33035315068
4000831707453
1005001780923226
32975875444
1005002218651108
1005002213652317
1005002394900768
1005002317213865
1000001549286
1005002442581798
1005002447996630
1005002051940811
1005001497339995
1005001952109114
1005001529012970
32891356858
1005001729239500
1005001793575924
1005002346027319
32863274088
1005001367636682
4001014093940
10000395815665
1005001619300923
1005001884048808
1005002315444079
4001354304986
4000114864194
1005002244508519
1005002371368771
1005001883769065
1005002341728607
32956396242
1005002255509017
1005002380481722
1005002246118745
1005002233632220
32729463745
4001209947073
642541553
1005002305048289
1005001516007136
4001160665628
1005002288906150
1005002082443765
1005001793966907
32343884449
4000352903992
1005002382219685
1005002330339818
4001124804203
1005002100500653
32752709845
1005002313739612
1005002378925423
1005002007623510
1005001399075302
1005002314413109
4000900175043
32945581577
1005001856339366
32848188182
32914729778
4001226048289
32798183367
1005002341519442
32678860268
4001331273720
32887795141
4000470786103
4000060994311
1005002233282207
1005002070406446
1005002497185946
32832532336
1005002014466088
1005001442691864
32947671418
1005001694670397
1005002351634309
32919349212
4000056055309
1005002336123640
1005001732564118
1005002288261119
1005002206360731
32955764482
32902947101
1005002268213558
1005002198453961
1005001455891536
10000354850297
32789468406
1005002392706317
1005001881864825
1005001304497252
1005001702228227
1005001895197647
32906432365
32834585918
1005002255700521
4000860398641
4001040010789
1005001305457582
1005001731415437
4001136046797
4000743664828
1005002032441912
32923839931
1005002332591857
4001298044151
1005001670481587
1005001638178694
1005002259205314
4001255376124
33001386072
4000699155935
32363982683
1005002281688698
1005002280885136
4001216350564
4000665923928
32894324884
32825831874
4001155612876
1005001942036774
4000665953836
1005001570061059
1005001785744774
1005002311744128
1005001974331363
1005001334874266
1005002353631275
32878417462
33037785478
32736201212
1005001317254048
32834799413
32799765454
1005001561835103
1005001309420663
1005002306293076
1005002368884917
32710616348
1005002434337695
4001230280265
32993040229
32830542976
1005002333374812
4000499673375
1005002197827865
1005002475191815
1005001394187670
32758335596
1005001580489743
1005002219246394
33002826947
1005002476754822
4000023171510
1005001868767241
4000248616834
4000945437431
4000691158381
1005002370344578
4000597247827
32747657206
32903103328
4001161755752
10050013491205481005001452940046
1005002038557760
32906451669
1005001489176592
1005001565752846
32954396981
1005001887685274
4001332556450
1005001617231831
1005002052427526
4001110667319
1005002389562477
33006053479
1005002313765941
1005001733200374
4001116425801
32968281338
32987769415
32823274631
1005001329114151
1005002358531705
33046181331
1005002231849080
4001345345040
1005001482900148
1005001391727679
1005002210702731
1005002420208599
1005001962001737
4000258878043
1000008001049
4000641130816
1005002483445877
1005002116926952
4001213024148
1005002238096207
32696082939
32964093929
1005002332031358
32671549611
4000081730309
32839650935
4000483760228
1005001954748546
4001139246992
1005001885206991
32829693783
1005002229884788
2013340190
4000098454323
33007901700
1005002460687500
32960963450
1005002346000165
1005002386807927
1005002345078997
32889664605
1005002328466946
4001291174301
10000146570051
1005001659748334
4000031655097
1005001636284807
1005002387704898
1005002322318602
1005001427412361
32636889086
33024762149
1005001597371737
4001097353757
1005002492296583
1005001506119151
1005001326359879
32947309807
1005002314534367
1005002297820394
1005002338681715
32904343907
1005001961087458
4000807182460
4001054797374
4000102152781
1005001671925299
4000618771437
1005002332161034
4000955268601
1005002186292688
32830168023
32951672696
4000689098351
32350111749
1005001954829930
4001246689936
1005001496765375
33039094230
32960583177
1005001317203795
1005002381450400
4000960572761
531824312
1005001670825601
1005002428201075
32978563918
1005001316499847
4000703557065
4001252455131
1005001604817731
32302332754
1005001367917725
32904717295
1005001797237516
32932736596
4000012477972
1005001859647024
4000668501616
1005001998385290
1005002388849411
32957190501
1005001349801261
1005002498983747
32908661461
1005002156905011
4000114897478
1005001303236158
32784909200
1005002425530008
1005002448618251
4000496539503
32832796525
1005001408758005
32919450319
32719350438
1005001803394918
1005002314377828
1005002242961127
4000286108935
32922892660
1005002174759621
1005002073766697
32861248090
32964501264
1005002411506156
1005002281767919
4000313882572
32879297818
32903833130
32865531617
32839989709
1005002407973656
1005001315385299
33024833319
32818909266
1005002110823239
4001207330007
4000348454475
32847695904
32969363742
1005001639160019
1005002374770900
32896842367
4000864371132
1005002332716959
4000249281266
32814057593
1005002325583021
1492524510
1005002263186421
4001268424277
33017771313
32960009503
1005002359358126
32961379943
1005001295578306
33032615778
32906233990
1005002448974354
32951098896
4001233120511
1005002368870158
1005001286339195
1005002495818918
32918021765
1005002283301766
4000197554191
4001142625497
1005002370362425
4001183569304
1005001666556089
32953595577
32966216669
1005002460428524
4001244751889
1005001769839081
1005002333115562
1005001581067888
4000575826985
1005002488136186
32794040221
4000505387963
1005002286567766
1005002382465572
1985033393
33002013024
1005001736559877
4001240944786
33022054699
1005001900375488
1005001279701034
1005001962513138
1005001470960281
4000688674339
4000389024127
1005001359544858
32825904282
32960558045
32959191841
4000405847682
1005002338731957
4000333095940
32990950529
1005001516001182
1005001353966803
33013630664
33012429300
4000922016293
33018800729
1005002321237417
1005002365591582
32851106552
1005002225308266
4000253533891
1005002380919052
33015597884
1005002128551227
1005001771846805
4001278760206
1005001703309670
1005002281929205
1005002311771673
32992406299
1005001541654791
1005002344763652
32920502414
4001282388130
1005001519406476
1236347435
32929914931
1005001582008540
10000397735786
1005001690989260
32563420054
32954251730
1005002063495881
33045385223
1005001442280002
32807906825
1005001809944235
4000087674158
4001133226033
1005001759261560
4000083447774
1005001413826006
32967046963
32816671726
1005001728549591
1005002310948421
4000929379463
924175067
1005001402859657
1005001649475899
1005002477382966
32967213520
1005001922955596
1005002074346231
1005001667153074
1005002381218370
1005002058907250
4000885030373
1005001484406115
1005001333507729
4000862516536
1005002105353975
32700762125
4000623936178
32975485651
1005002461038112
4001282182839
32830277221
1005002006975485
33038292879
1005001928694990
4000954923852
32955858504
4000644579987
1005001308392612
1005001874767644
4000118832662
4001340379549
1005002417308620
1005001488586470
1005002356467393
32663022553
4000239712081
1005001541750434
1005001483381411
32916308757
1005002273292866
32820181665
32614284440
1005001579757635
1005001770549131
1005001591077645
1005002318334889
4001218976058
1005001368027427
1005002467031050
4001209046845
4001313664464
32905449389
4001082877864
1005001268663788
4000944616930
1005001596662700
4000381180360
1005001930721962
32705299766
32948967310
32791852939
4000893813948
1005002449620007
4000267802572
32494112439
1005001736766381
1005001900747508
1005001398565055
1005002223857942
32949194452
1005002253436865
1005002279563723
1005001469682230
1580721370
1005002332632117
1005001580804826
1005002233653419
4000434153292
1005001715005202
4001114482448
1005001754016040
32971551623
1005001705502945
1005002241007265
1005001731409827
1005001514526426
1005002433931062
4001203275250
1005002424849776
33006191430
32992141318
1005001895853236
1005002347369653
4001275775937
32794664479
4000585613317
4000385603566
32944601279
32866910434
4000303796974
10000055715868
1005002279037194
4000599028225
32926155981
10000005137395
1005002118775454
4000683579062
4000080442573
33053721314
33039640094
4000405064178
4001212965410
32974457232
4000244895403
4001252106368
1005002334222136
4000410329864
33041259195
32757836578
32790757087
1005002363489331
1005002389582871
1005001676512524
1005001843990432
1005001296130517
32886419844
1005002401224900
4001112007468
1005002252575401
1005001694765930
1005002447071093
32894991732
1005002214178981
1005002162000610
32873255344
33015067799
32972989300
32982566608
1005002396516243
4000826858846
32218178978
32852152733
1005002433288514
1005001445287043
1005002313740876
1005002069352616
1005002467820629
1005002302614466
32860066535
1005002066104155
32795767456
1005001808512722
1005001656865388
4000939558753
1005002314331665
1005001532050619
32948326668
1005001423570797
1005002475801340
1005002395153635
10000395936890
1005002321270045
4000199140286
32923117617
32733100400
1005002137790168
32917169035
1005001671089852
32975974689
1005002450337967
1005002409892408
4001261250702
1005002368388139
32949977185
1005001775624413
4000805274309
1005002460514109
32970499827
32984519458
1005002357485942
1005001665388589
1005001333462958
4001264858342
4000170796828
1005002388834811
1005001466376063
1005002485580501
1005002390285830
1005002270806796
1005001488746638
4000663578675
1005002369519780
1005002494099441
32849660004
1005002329136178
1005001297628374
1005002245799818
32982330369
1005002420624496
1005002026876578
33003880723
1005002459808853
32452267369
1005002341169402
32940227376
1005002314798496
4000598577105
32972596758
1005002332186185
1005002126647732
32965539517
32990478925
33053493233
4000781874661
1005002400259339
1005002313932868
32794914384
4001153739681
1005001521045171
1005002340960598
4001175227811
1005002345660697
1005002495641430
32868566147
4001231528587
4000073933364
33022153934
1005001831153189
32803131869
4001260560681
4001158957310
4000896453391
1005002006209152
32920610480
4000166874534
32902728026
33032748300
4000108088940
4000739453653
4000902993575
32985223370
4001220265271
1005001638726805
32962547549
1005002371916789
898104160
1005001464381860
32842374145
1005001522447140
1005001996609284
1005002268608529
1005002304605152
1005002282208656
33057458825
1005002165984142
1005002022130409
33000229823
4001061948299
1005002258898659
32956350153
4001084297814
1005002339550427
4000899302144
1005001954541085
32971951935
4000193875609
4001274955731
32853249199
32901787168
1005002011904932
1005002302387476
1005002467424304
4001290128469
1005002263357273
1005002033657390
1005001880340192
33008268923
32782256817
1005001797532847
4000479062617
1005002253548121
1005001980972354
32892050318
1005002314342249
4000960585507
1005002220091113
32988919869
4000074049756
1005002402981207
32958368390
32971990957
4001050558442
1005002330714563
4001360948290
32957017794
1005002419731267
1005002244382295
1005001953611225
32794126468
4000479369828
4000146811135
4000982358136
1005001434024919
1005002245209190
1005002220391341
4000918826205
4001327455697
33026415611
32652989457
32996586090
33007191228
33054047858
4001228510402
32619547524
1005002420465167
1005002365168737
32917956632
32378025582
32836195485
1005001595071682
4000193456355
1005001824121610
32959241918
32767878147
1005002364500586
1005002377509179
1005001563250556
1005001789459647
32840457160
32788003183
4001039439796
4000511883508
1005001986973538
1005002491227742
33004003615
1480411414
4000570426204
32898353906
4000061081785
1005002435858145
1005002244012161
1005001468113297
1005002263650449
