1005002319129812
1005002166546880
32955957678
1005001343012216
1005002340177053
32631753745
4000867047634
4001194485363
1005002316531318
1005001968053526
32745780412
10000316679832
10000302593171
4001209477530
32889529267
4001314717152
1005001689483750
1005002454339851
1005002265234352
32973586501
32925719305
1005002449441607
1005002242212843
1005002252519988
4000719383553
32992231015
1005001792484178
1005002059785530
32972773789
1005001379794225
1005002289184232
4001345060099
4000474524590
1005002296214948
33013517007
1005001653403077
4001221460742
1005001680409910
32903138541
1005002414557249
32961460234
4000494128567
1005002336420872
1005002210367947
4001228423985
4001035173960
32879614459
32941815218
1005002497018024
1005002408495018
32919862871
1005002191748499
33003613397
1005001953064607
4000049116163
4000113152951
1005001859247040
855793834
1005001520134441
33039439431
4000389754629
4000787318606
1005001802023212
1005002198592148
32515627408
33061371644
32731499843
4001294129865
1005002313710553
33013764714
33002379108
4000166615650
4001153364428
32960093504
4001120137537
32956875530
1005001966440620
1005001690266482
1005002359684020
33018754581
1005002210134870
1005002304927158
33016210399
1005001834643039
32776690600
1005002258922481
1005002380827354
4000927465994
1005002453299374
1005002368421007
32773892176
10000134670645
1005001402757533
1005002191360575
1005002110872963
1005002109079061
4000037046582
1005001512994938
32958530430
1005002268627735
4001358688738
1005002382216012
32960398953
32966658220
1005001290749055
4001351567292
1005002264991265
1005002277607518
1005001988866148
4001082067397
1005002085857338
33044134881
1005002072254606
1005001483861272
32802626691
1005002469288074
1005001447223457
10000415458437
1005001895684796
4001090631683
33031863466
1005002410837912
1005002435725655
1005001709074001
32987820392
32845218100
4000238469230
1005002412757933
1005002170336709
1005002362705156
32719129180
1005001680392692
1005002433086386
1005002388846302
1005002302128489
1005001999132506
32886244307
32833507903
1005002220768979
1005001524300145
4001031325569
33060590374
32858973782
32705329772
4000789144239
1005002313524756
4000268999228
33044359146
1005002272358431
1005002267377514
4000895383491
32692016909
1005001731154627
1005001566759133
1005002357467559
1005001897288192
1005001770557189
1005001656782787
1005002162878258
32945512699
1005002350010387
1005002359752245
1005002419943464
32975723449
1005002372144162
4000472834800
33022954380
4000334014995
1005002282120878
32955509975
1005002494363686
1005001442796272
4000235460415
32962636897
1005002448465310
1005001831042666
1005002291435912
32897852445
33054912930
32642643586
1005002425906380
1005001830374349
32821689378
1005002261217234
1005001914407309
1005002383468421
32972503891
1005001519815700
1005002283212798
32687254360
1005001555515344
4001228446883
1005001935789327
32971850907
1005002103114537
1005001953048923
1005002426641769
32726089514
32968703072
1935098508
1005001844338696
1005002307717875
1005002288884110
1005001968594080
4001254564775
1005002307879881
4000288439508
33035338360
1005002492472711
1005002351529628
1005001592277549
1005001820139888
32864153881
745408767
1005001658205361
1005001466206131
32567850871
1005002469090713
4000008503404
32961214798
4000133261010
1005002401632236
32596542476
1005001736778034
4000041836715
1005002409788137
1005001417248795
1005001339450882
4001256891372
4000902800453
4000403072250
1005002353360568
1005002220604880
32809322588
1005002481401575
1005002240558459
32795536455
4001294335416
1005001599396850
33057885550
1005002234165280
4001044947023
1005002384363966
4000956562804
33034371225
1005002460291078
1005002361475640
1005001638414423
4001020208610
32843907573
1005002280616885
1005002318641669
32852486310
32689346799
32921563932
32970172914
1005001992716426
1005002369964709
4001261490797
1005001982910590
32893150871
1005001525404822
1426874896
1005001550602707
32975260486
32712775659
1005001803440564
1005002428053547
1005002484269358
4000532401592
1005002364317854
32970119436
33018611460
4001261368376
1005001834550796
1005001525502294
4000842618930
32844490170
1005002429287768
1005002317571455
1005002157635822
1005001619906335
1005001841177575
32884302131
32957090110
32904174688
32885934211
33029407421
1005002417194311
1005002239819088
4000199600006
4000740230240
32893013612
1005001905554326
1005002290087004
1005001441371256
4000077036525
4001111812833
32975529956
4000894095600
1005001665923061
1005002356136928
33011887491
32859559149
1005002454488835
4000365928253
1005001982387122
1005002306675100
1005001736776491
33018938677
4000703761883
1005002363234630
1005002011470924
4000199254587
1005002334449000
4000278258545
1005002312543365
1005002348245134
33049582861
4001122578692
1005002347015553
4000601286747
4000115992555
1005002221885813
32949428406
4000709979831
4001241454612
4000718143664
1005001338352238
32955320580
1005001656989080
32831886194
33011656152
32818363924
1005002073809462
32841784678
33061783015
1005002124079074
1005002310125037
32851486346
1005001890173106
33001462061
4001214021563
1005002456699372
1005002332270725
1005002373442959
32872895917
4001075277889
1260034134
1005002258688000
32967996593
1005002293966692
4001003136500
1005001633252888
32651546647
1005002253278652
4001104036650
4001233284232
1005001423994316
1005002206543230
1005002500733432
33003735941
4000823401872
1005001815382454
1005002326196870
32859654741
32998317546
32656522286
1005001501924799
1005002481471068
32917749819
1005002271208138
1005001923176001
1005002320343010
1005002198810149
1005001638588535
1005002175848275
4000433757514
32522347166
40001108477651005001430515326
1005002363449148
1005001612152274
1005002319202581
32808284675
32460131682
4000904666838
32977873250
32849362016
32847625835
4001182423411
4001280311537
1005001823571827
1005001702628107
4001131734882
33002301722
1005002263254764
4000101885822
1005002281002981
32847389976
1005002175534702
1005001844781160
4000894820369
4001141935756
1005002285670502
32700630157
1005002485052013
1005002246148114
1005001908874902
32967577923
4001201942102
1005002364359403
32791853589
4001314636791
1005002335069299
32984095477
1005001994147091
1005002252603295
1005001498066830
4001318069158
1005001845719914
1005002365184675
1005002252461406
1005001571296067
32674997387
4000731288005
1005001313491457
4000614559032
4001015897940
32870878389
4001045970322
1005001678202642
1005001628996395
32585004355
4000381501506
1005002415938545
1005002450404617
4000582935685
1005002272376470
4001313718720
4000768650012
4000140981645
32960715663
1005002442292547
4000843155714
4001251372419
1005002227826715
32993605886
4000546562254
1005001274536059
1005002282140779
1005002044825132
1005001457977742
10000266967430
4000410389627
1005002308899993
1005002316258240
1005002499500046
4001337397548
32789416304
33039276276
1005001529694515
1005002246187388
4001205547867
1005001969315578
32584407389
1005002038726484
32909196208
1005001631704539
4001265484113
32908076478
33043837985
4001078032461
1005002187397001
1005001680492583
4000094316290
32847693188
1005001941139962
33015113427
1005001804436262
32880931708
1005002351124413
32823851887
1005002286377234
4000001565111
32960691590
4000926848892
1005002349588622
32841788694
4000393030000
1005002332528769
32996558407
1005001873151620
32849082760
32360607430
1005001718000382
1005002270506616
4000049066940
4001155706736
1005002346444017
32845021073
1005002355108792
1005002313649733
32924695487
1005002002563598
1005001621913606
1005002313789911
32824411461
4000894916543
32913902043
32849716737
1005002349818563
32851285257
4000156534802
1005001791757765
4001050307660
1005001275226046
32875052477
1005002228399154
1005002305029720
4000024362685
32547192512
1005002435721911
33056612777
32691393076
1005002441139964
1005002203551087
1005001456787790
4000968282460
4001050646800
1005002134975058
1005002318316332
33055540392
32969011767
32957758465
33052945467
1005001596706603
1005002340923665
33050159527
32840130692
1005002192468272
4001270988451
4000285487239
1005001461948800
1005001824496976
1005002258963350
1005001914339599
1005002319009347
10000000958948
4001225942593
1005002280540438
4000980421822
32872608234
1005002388286403
1005001525416543
1005002350411581
1005001546618731
1005001814347456
33037785788
1005002268275841
32946643108
4000457598598
33056150055
1005002210094583
1462866868
4001053750995
1005002170895838
4001013317207
1005001620825328
4001014884261
32880364316
1005001387213360
1005001561541536
4001204879585
32987664844
32779288144
1005002350772276
1005001877392115
1005002253303498
1005001526919721
1005001510035351
32909611105
4001018877763
33022912876
1005002287653667
1005002487791338
32764184203
32794798223
33046457984
4000850698032
32970653042
32812626506
1005001418497437
4000694483647
32853178552
1005001833297924
1005001375693116
1005002258358184
4001041087576
1005002379209948
1005002272938145
1005002259614036
32687323956
32990978357
4000206236705
1005001593428742
4000666072893
1005001681988627
4001263867081
4000672199595
1005002462659963
4000656919010
32961293494
32958222520
1005002323822358
1005002309380050
1005002377343367
1005001391895718
4000429603923
32913312413
32969970082
1005002291546956
4000644725581
1005002289931992
4000872928568
33017370874
32831037808
1005002382503273
4000253334542
1005002346888992
1005002389714067
32836521741
1005002246180765
1005001715024369
4001124431994
4000980459156
32855654747
1005002489982950
1005002154511010
32924578821
1000008082539
32903321219
1005002321952738
32969026063
32892987981
1005002267716435
32847809356
32819777398
1005002342491717
32888657510
32889105098
32800942070
4000108919649
32806785524
4000369885426
1005001621368163
33022312112
1005002112633933
1005002454404146
4001024579348
1005002169230758
32847382982
4000828246485
32980027304
32659685404
32842295659
32914628377
1005001550822254
32654075151
1005001398521748
4000136831866
1005001398642254
1005002206490399
32984210209
1005002233458703
1005002459513830
4000047260042
32971452910
1005001284663795
4001243640637
32976106868
4001136058427
4001237520318
32990617030
1005001928293304
4000080355347
1005001931037081
4001253701336
1005002254451627
1005001803014603
1005001285409337
1005002475512809
1005002258797052
32959211039
1005001617103308
1005002315636248
32848208661
4000682671374
1005002316372959
4000561257364
32993769567
1005002312737663
1005002314677423
1005002312924723
4000693661365
4000955310126
4001103955987
4001199681260
1005002398400217
4000817111478
32854634214
1005001999536976
32801974224
4000496051897
4000711765455
1005001284771366
4000991993920
1005001798822794
1005002241645549
1005002426981353
1005002358174995
1005001912957338
1005002254409360
32870687437
4000158690157
1005001285626973
1005001987590733
1005002206098457
4000694048031
1005002484236289
1005001362607008
1005002172205255
32630872933
4000192560309
32768023005
4000415021341
1005002316668606
1005002398829653
4001210849441
32869783477
32811572786
4000175565129
1005001302501635
755971333
1005001525433466
4000088664458
1005002317019408
33019288410
32856105268
1005001395261519
32896170383
32851331066
1005002314399093
1005001873857842
32352987270
1005002337758176
4000897388116
32635863081
1005002260028055
1005002358598205
1005001651799846
4000331288146
1005002133463205
1005002346085283
1005001851999111
1005002089883706
1005001616274954
32856259259
4001241069133
1005002404064628
1005002398355476
33007152083
1005001420098783
1005002460837647
1005002328264139
4001192148825
1005001787047764
32933630528
4001273235445
32950725347
32968990855
1005002055168781
32889456568
4001241987852
1005002353583497
1005002278698905
1005002353332555
1005002382943757
1005002363249337
1005001503223471
1005002278368919
1005001985120344
1005001439118511
1005002339548723
1005002489283741
4000917866147
4001228690381
4001216441008
32845508550
462536023
32998312036
4000433937695
1005002393662258
1005001476731981
32870950623
1005002420904527
1005002264832831
32829367168
32812173738
1005001953587678
1005002242128931
4000629026755
10000157035937
1005001467843585
1005001288339808
1005002383479130
32921467562
1005002224355455
1005001266937802
1005002406591165
4000329208652
4001050695245
1005002372069843
4000115686674
1005002147221422
4000816331028
4000998695512
4001278963368
32901515182
1005002298533164
33014147680
4000055527022
1005001559747580
1005002340009786
1005002053971259
32807870089
4001294089179
1005001727593568
1005002439910237
1005002301660771
32975490631
4000345368119
4000695848293
1005002241777397
1005002276924804
1005001939588047
1005002318138898
4000277973002
4000433582831
4000327019193
4001061379216
32823823826
4000056852968
1005002287742282
1005002312953764
1005002336842733
4001242349358
1005002299953041
1005002239381063
1005001848876621
4000437908311
32868258699
1005002330894690
1005002370414572
1005002441718108
1005002330203453
32808981534
4001134314509
1005002390048025
1005001849896518
1005002425848746
1005002288786217
32983217342
1005002242830809
1005001847765478
1005002426230626
4001112096018
1005002144108766
1005001418528803
1005002405877239
1005002400210985
32881767386
32963008791
1005002053412859
1005001580569510
1005002450295573
32792242404
32864766205
4000777094898
32981903295
4000563767353
1005001899403339
32662626742
4000014382326
32955267646
1005001962126193
1005002394902177
32902301984
1005001638297416
10000409992391
1005002346183838
1005001948837220
1005002428210591
4000982891033
32974892119
1005001782182519
4001316309563
1005002295279593
4000193011841
4001138753682
32376020734
1005002333320895
1005001698979216
1005002467410658
32868500169
4000768955620
1005002435875745
1005002168151587
4000935843986
4000161662034
1005001779807811
1005001553706162
1005001412302771
1005001804534508
1005001640001047
32741295279
4000672803019
32907517628
1005002062979408
1005001517919530
32990358792
4000367437161
32889557033
1005002065511665
4001273154990
1005001877680036
1005002340539518
32937128419
1005001705501580
32878636595
10000395915063
1005002468284879
1005001591045468
1005001307878599
1005002000574198
33063031880
4000186650268
1005002086790905
32879680805
1005002312033298
32630905377
535789085
32919082861
1005001605908179
4001038340866
4001026750374
32921300817
4000714180540
1005001640205170
32985763451
1005001996682015
32870274205
1005001845147713
4000809547232
1005001982774848
1005001652196669
1005002341680420
32616328419
1005001952888870
32858306317
32868109851
33023142853
1005002094815499
32952532317
1005002439753982
1005001308943272
4000709815846
4000894573435
4000939088032
1005002340776453
32469010944
1005001501005668
1005001797301882
4001248725024
1005002417239178
1005002421101494
1005002431262442
32999720030
1005002336674314
4000369233529
33026313248
1005002439265825
1005002015406438
1005001482415667
4001128730768
4000318164654
1005002301862517
1005002425669594
1005001671148128
1005001968567451
1005001868738896
32706966303
32761088690
1005001410620569
4001231424470
4000881703990
1005002381726250
32856014106
33025050231
1005001717285010
1005002340609349
4001039316651
1005002022903184
1005001439024807
1005002228482332
1005001430865485
4001242510163
4001110932381
4001062895781
32789643305
32764920581
1005001913494303
1005001377339791
32885612556
33056368850
4001268612028
1005002006312188
4000340896868
33055925993
32984919273
1005001280194229
1005001525252898
1005002494155486
32983619064
1005002080198354
1005002377401534
4000685098285
1005001670748689
1005002367720477
33006976182
4001298171069
4000013448799
32952121499
32918665433
1005002284540976
1005001865643084
32827614453
1908114399
1005002298201771
33032820330
32867805899
1005002369625099
32963893291
32934969311
4001162907904
1005002068635595
1005001381565652
1005001863265792
1005002367877489
1005001586766244
1005001977300291
10000395856688
4000931431813
1005002387519280
1005001295885872
1005002028841424
4001216783654
4001280658311
32944873006
4001157072589
4000822141521
4001338641565
1005002339490974
1005002434645760
1005002275845233
32891222561
1005002497266797
32270459697
4001261167148
4000853665258
1005002242774187
4001331342569
4000223493381
1005002277376555
4000452254016
1005002423664843
1005002474218651
1005001571369671
32835280299
32952870493
1005002480556066
1005001309531311
1005001657354688
1005002388295078
1005001495316498
916306334
1005001487161884
32880036340
1005001679702681
1005002350775866
33043688426
1005001626390526
32610423296
1005001525396757
4000261306713
4001098394652
4000993460984
1005002199863828
1005002122413847
33044847906
1005002336455838
32384530353
32959945075
32762286758
1005002291779168
1005002269394058
1005001954905282
1005002356177128
797996749
1005002120903363
1005001845056007
33040362081
1005001908807149
1005001816683410
33025688954
32908079113
10000048336182
32704648091
1005001636449763
4000169317787
4001358770513
1005002180672740
4000835017168
33060443178
4001267972618
1005002134086618
1005002352367143
4000414010283
4001158529732
32908103321
4000114734345
1005002344520554
1005001873232636
32946595197
1005001999405910
1005001596470971
4001031789843
32966128562
1005002270652713
1005002377760100
1005002480632889
1005002264869330
4001310321699
32853706373
1005002313110443
4000469175938
32831144851
1005002365656844
4000927577888
4000026220247
1005001350966414
1005001571272164
33057940736
1005001809042923
1005002092269690
32879564832
32812110773
32956517560
32395200024
4000935395597
1005002278285066
4000990722433
1005002373106172
4000262681386
4000087281171
32820636184
32994004005
1005001839942123
1005002108510772
1005001453277697
1005002309920650
4001356659658
32869115910
1005002417306335
32835018347
32917373397
1005002340718125
4000181377016
32822206493
4000515924189
32850561351
4001349131821
4001080566500
4000060069453
1005002224968907
1005002109825752
4001294669984
4000625699998
32870442851
1005002051746148
1000006215375
32696551681
1005002287074760
4000740812074
1005001608917194
1005001334187299
1005002318038836
32806606257
1005002281871229
32856974706
1005002323587637
1005002305203259
32551935310
4000203022550
1005002299659299
1005001273229700
32977411203
4001051428475
1005001478121587
1005001913816279
4000692751034
1005001775482513
32941831173
1005001366230866
10000270213415
1005001374575276
1005001831635725
1005001309962919
1005001603573322
1005001525475351
32903717630
4000211269076
33056645567
1005001506261300
1005002116201461
1005002314443784
4000884816240
4000774976765
4001241134944
1005002388613044
32899124920
1005002323588505
1005002419355830
32663479445
32372387126
4001054089723
1005002256480855
1005002324101328
32899790378
1005002119243595
4000857133803
1005001621927645
1005001320196769
1005002292926206
32704889567
1005002400589219
1005002018318462
32833338127
4000712695729
4000015885214
33007887175
32823324159
1005002346577242
1005002047259981
4000058457936
1005001762072333
1005002100030311
1005001805841783
1005002425447971
32274953845
1005002316627939
1005002256858313
1005002095528325
4000050307064
33012659946
1005002180286776
33009240578
1320994166
1005002506441637
1005001704186521
1005002362997819
4001280643754
1005001939665255
1005002401943876
1005002344944843
32698997791
32872325315
1005002212283272
4000009298713
1005002375070601
4000517254029
4001278842449
1005001275517216
1005002298972474
1005002383398073
4000712514389
4000241246947
1005001494908029
1005002052517617
4001334859186
4001230350636
33021032499
4000370129559
1005002376705527
1000008793577
32800112935
1005002058858716
20000001439224
33027808712
32421697116
32990180068
1005001431004650
1005002284420637
4000842485831
33013519276
32970832848
1005002119914173
10000395866342
1005002331882969
4000297467591
1005001564758725
1005002309548495
1005001525429456
1005001694027459
1005001466399822
32797535970
32964373106
1000007890069
1005002238039373
32957670702
1005001597466190
1005002394151137
4001054004797
1005001671538103
1005002263941738
4000832045266
1005001640144958
4001153732976
4000210328952
32877080850
33028068840
1005001858523055
4000315122845
32732011343
32918162148
1005002004920796
33049814139
32814035698
32964914948
33016949002
1005002324997717
32785994806
1005002284139531
4000338177446
1005002412854733
4000497111569
1005002223451745
1005001367437253
1005001608687012
4001272264167
1005001580118274
4000695390137
32835352664
1005002261185306
32901002694
4000959279188
1005002452648353
1005002122414541
4001001238864
1005001970448815
32759823267
32826236504
32807533021
1005002395172041
4000035836202
1005001855691959
32302886253
32914965922
4000262963581
40013313956554000168635944
4001282260744
32828050287
1931969045
1005002340617476
32904875551
4001278874630
1005001608139964
4000015277973
1005002363830983
1005001426385971
1005002423779771
1005002245785258
4001038425728
1005001524860794
1005001802436273
1005002259784718
4000781459158
4000770001939
32996449937
1005002396212290
32950720524
1005002314321586
32916729159
4001090420222
32995344391
4001333176096
32971532922
1005002270583930
10000009228541
33025872462
4000058670361
4000287496083
4000407570653
32966804763
32960298292
1005002480999910
1005002130014708
1005002489720050
1005002481627128
32568018936
4000862965769
1005002053973642
32814387395
1005001509767978
4001142694615
4000662816275
32789862984
4000960050037
1005001912568234
33049426397
32908845639
4001179718801
32212135761
1005002012851535
1005002386013665
1005001983212550
1005001493432690
1005002314809835
1005002290135115
1005002333895326
1005002425583806
1005001857305021
32565805567
1005001327614091
32997899753
1005001488602088
1005001305494986
32814998123
1005002181249605
1005001998957077
1005001830635057
4000955308716
1005002074910962
1005002372928218
1005001441379040
32887937150
4000938837251
1005002273898613
4000903645134
32919571950
4000107562069
1005002264428967
1005001670957680
1005001997738809
4000266318009
32959671988
32619330066
4000175016682
1005002475463513
1005001320409260
1005002416829424
32884574105
32915372670
32747068727
1005001694678577
32836599089
1005002313184664
4000971915434
1005001883455116
1005002314499936
1005002359717825
1005001868423858
1005002319380463
32862760955
4001289904713
4000874381716
1005002262689323
607176819
32967924169
32830407035
1005002341022960
4001259138315
32996433531
4000761324897
1005001780998429
32858564465
1005002191954393
32960848431
32656765487
33042819752
1005002173572186
32912054320
4000559149764
32927156765
1005002093851287
10000397731059
1005001729288189
4001022189908
1005002295748892
32870716144
32254618197
4001300776310
32523796565
1005002345181224
4001013501732
1005002319385061
32810471121
1005002314339096
4001350231707
4000539902204
4001235988338
1005002119161384
4001015043532
1005002408433266
1005002310822342
32835175959
32621060710
1005002398129440
1005002365302723
1005001967387375
4001039251662
1005001782187501
32987869852
1005001598715930
33039627608
1005001588651241
1005002214161642
4001226841633
1005002374790520
4000975252908
1005002254878714
1005001758163971
1005002408765567
1005002460650014
4000061984931
1005001322021506
1005002277356112
4000959244071
1005002383855001
32992028232
1005002450057653
32811751660
1005002090962436
33007435046
4001142880800
1005002219494610
4000955804476
1005002330332560
1005002314352379
4000263580813
33049659499
32237580649
1005002400422727
4000225238946
1005002319431543
32924111175
1005001639207165
4000801320572
32906621645
1005001537638427
33011878336
1005002321565871
1005002464989635
1005002007582160
4001340624163
1005001799471350
32827780346
32791856122
1005002258922943
1005001998781019
1005001707894293
1005002466694700
32863532284
32923173777
33000545983
1005001585379096
32867604325
4000850621867
4001130869593
1005002279036188
4000695593594
1005002110499287
1005002323644801
1005002345531836
1005002081117572
1005001812946674
1005001593082168
33004823139
32828573567
1005002495701294
32985965198
1005001478588067
33009985845
1005002154620478
1005001906880972
1005001459212193
32904968213
1005001922326628
32985283030
1005002006628347
4000758620235
1005001807287755
32842468478
32960537065
1005002335411715
4000062832119
32855973139
1005001308323785
32421623302
4001130649239
1005002393463173
32745487676
1005002377067500
4001270642957
4001243742314
10000395853532
1005001652929703
1005002219666762
1005002028699200
1005002490336098
32859116994
1005001841892585
1005001429824683
1005002293856966
1005002227545941
32825027758
1005002376804304
4000804649167
1315328405
1005002337252352
1005001765735494
32792827367
4000317296109
4000207293741
1005001993757511
4001334163198
1005001867994546
1005001764260498
1005001470477308
1005001830203287
1005002371793126
32789637585
1005002326953311
10000394100852
4000168810010
4000335569441
4001358579180
4001277683602
1005001383758078
4001154250598
4001000482636
1005002214982165
32993321173
1553518908
32639523484
1005002500008982
32797977285
32987618484
1005002416213601
1005002484712245
32617028737
32809531082
1005002002945787
1005001290751272
4000009576527
4000687586174
1005001703938809
4000850184995
4000474810873
1005002306526169
32904193834
32927649403
1005002312492027
33028872022
1005002350367815
1005001729040628
4000140325643
1005002350439448
1005002492612134
2023465742
1005002318543181
32749542261
32646242125
32918129476
4001359193288
1005002317762525
1005002435999982
1005002318108260
1005002242338020
4000790692884
32659376088
1005002306701373
1005001895417764
1005001971130833
1005001609492648
32967114962
33038584427
4000097023704
4000449575423
33061087983
1005002363311500
32864723409
4000977433370
4000822655129
1005002357853634
1005002491461895
1005002238530317
1005001993805001
33044251157
32883935689
1005002434944735
4000872688821
4000281794191
1005001464647793
4000520991092
1005002398345502
1005001367835794
4000401308915
1005001685269766
32969399852
32547913363
1005002150751222
32966799866
1005002492433367
1005002276373033
1005001445544013
32897637675
32513931884
4000998814490
33016751292
1005002344748348
1005002247617175
32956836752
1005002305768880
1005002474143428
4001238108337
32964871870
1005002387191590
1005001963488597
32994004352
1005001946932266
4001225137476
32974152034
4001045482297
32707150793
1005002363532174
32785307511
33014579832
32989513919
1005002299358057
1005002011994314
4000016239344
1005001834693124
1005002432702475
1005002346359064
32838753882
1005002345443510
1005001393984512
4000435346723
1005001928335234
32845772889
4001297168044
32859817838
1005002236294888
32512631499
1005002272800387
32958519087
32357347930
1005001448182711
32255548744
1005002395309940
32751464803
4000670126337
32807832940
1005001402295971
32967611376
1900767981
4001055117826
1005001286442439
33004276795
1005002296565604
32671116804
32983778842
1005001947666139
1005002412870258
32845797272
32616715021
32893307098
1005001362038624
1005002333974841
32842779742
1005001620037566
4000174106505
32859542082
1005001692955883
1005001403461004
4001227327898
1005002386803957
1005001667120429
1005002372750393
1005002223299685
1005001695321895
32988521542
4001337725397
1005002362774151
4001278546953
32673906657
1005002308762643
1005001544529828
1005002125553473
1005001992091740
4000734409191
4000672917320
1005001488743416
32933610303
4000443223247
1005002264603607
1005002233452505
1005002341274007
4001264236454
4000048835403
32961977955
1005002401148471
32844301336
1005001391657061
1005002413452189
1005002122392274
1005002042746767
4000034064246
10000404412144
33013490586
1005002353863103
1005002454347842
32357416541
1005002078517675
1005002490392015
33042647827
1005002302329281
4000300202431
4001067933030
4000401795091
1005002278127645
4001320660147
1005002472551002
1005002314404391
32796230438
32996614649
1005002011339475
4001151940185
32951404623
4000009226202
32919777282
1005001833996568
1005001859558443
32971058757
32915052749
33018883703
1005001815559956
1005001758186731
1005002438360904
1005001777679417
1005002027821173
1005002132819719
1005002357096808
1005001835523136
4000251473684
4001215610215
32864997890
4000650529564
1005002477314954
32851245262
4000421128721
1005001280561318
33023010548
4000829037677
4000980242059
33014614880
32973949539
32742538555
32971861306
1005002378030588
1005001800572685
4000911474654
1005002278066339
10000358513026
1005002135935729
33027517788
1005002103436273
32845202533
32838928528
1005002245479580
1005002078807796
1005002046710397
1005001357212218
1005002253376065
1005002124129058
1005002418307584
4001158475072
1005002007895810
33042188786
1005002235939963
33042682319
32861634151
32952616783
32864923351
1005001441443566
32987801186
1005002443584096
4001013814356
1005002499847719
4000261569764
1005001405721810
4000594726195
1005002465890743
33035256302
32887173114
4000143646076
1005002265091536
1005001967002442
4000020651565
4000059630808
32975776243
1005002382805224
1005001835752022
4001278510199
32975230917
4001319615213
1005001984628189
1005002086803540
1005001882430402
4000278048627
1005002316236445
4001231423484
1005001581891482
1005002498443277
32961316002
1005002058955693
1005001399063504
33051357587
1005001601537640
1005002412153483
1005001885057112
1005001988674639
4001267892800
32912562018
4001278868329
1005002347287083
1005002227990894
1005001556744234
4000691602234
1005002223993246
1005002167892543
32812959977
32914446147
1005002372038214
32876800884
33058112813
1005002378933214
1005001489343702
32345453855
1005001708235413
4001171484099
1005001859642663
32856272118
10000027588770
32976633956
4001358999966
1005002389500343
1005001940106078
1005001894451424
1005002434834536
1005002488190934
4001228671058
4000462690167
1005002304304586
4001116908250
1005002229805079
1005002414492422
1005002258742498
4000934059938
1005001881066127
4000157091279
4000808868307
4001303193705
4001030463010
33004575100
4000895275906
1005001555160249
32798444988
4000292678761
1005002364303306
4001176175573
4000063180647
1005002386048450
4001147749199
1005001998644029
1005001855111080
1005002018783529
32819223963
1005002325136830
1005001656463347
32896527428
32987453498
4000862724727
33051747919
4001333159099
1005001836267127
1005002108444909
1005001638316389
32790931058
4000984981831
1005002347606022
1005002488538341
4001327061254
33053752007
32818355107
4001168786797
1005001596939273
1005002334250055
1005001557051541
1005001414828220
1005001607779230
1005001889170725
1005002223059955
4000718515027
1005002281819668
32830014383
1005001630580438
4001224126524
1005002362937383
32698480648
1005001361222467
32809642268
32917162709
33026008136
4000076145130
4000320859539
1005001950710598
32558805393
4001225227245
32840381032
4000988966486
32858757742
1005001581370937
1005001343167947
1005001478406152
1005002395065883
1005001670741047
4000986443042
1005002314564915
1005001468100264
1005002329902324
1005001393507051
32850701727
1005001276629005
1005002471833209
1005002475977255
1005001618105355
1005002314211662
32631845052
1005002144704321
4001292625081
1005002077833297
1005002035657150
1005002395524539
1005001387704722
4000793009319
1005001604286203
1005002438186939
1005002243227522
1005002347809007
1005001496336227
4001320531725
1005001671566696
4000668295683
1005002362553561
1005002345098865
1005002274475127
33053358174
1005002332596290
1005002322944339
4001241307504
1005002271946019
4000766808525
1005002388312810
1005002012025956
33022883318
4000305678609
32703203579
1005001593076291
1005002366397331
1005001688561533
4000410281337
1005002409413556
32438775302
4001090658422
4000626520385
1005002311798304
1005002241494339
1005002026983763
1005001308048854
1981154060
4000008760182
1005002319561810
4001274980251
4001061987553
1005001671727203
32990431982
32991422603
1005001838302231
1005002144187314
1005001556216102
4000810371490
1005001621341327
1005001682995142
1005001709909921
1005001302279083
1005002301560665
4000315270312
1005002436534852
1005001664286127
1005001453223536
33044698898
1005002413463076
4001179400505
1005001832186144
1005001654776371
32879679597
1005001626255333
10000371571826
32823966517
1005001973622217
1005001985467705
4000801762225
1005002313701782
1005001405282057
4001218199103
1005001777194266
32824427937
1005002443498158
32993002046
1005001586387553
1005001595119176
1005002062028560
32853928951
1005002339531742
32880350313
4000482773308
4000351797760
32798578140
1005001573902881
1005002466964323
32875989917
1005002466968180
1005002410911348
32816172890
32992274615
1005001269639308
1005002007557337
4001320472816
1005002230447039
32969978886
32996336735
1005002286464873
4001240028405
32946413852
1005001611834062
4001104331782
4000111849078
1005001885950715
32808029014
4001244640551
1005001619437972
10000404574327
1005001425387002
1005001873902132
4000725519794
1005002309042618
4001097162958
1005002294256280
32944940185
32966707465
1005001441444603
32988570818
10000327753832
1005001309492034
4000052837438
1005001565064198
33017271674
4000519517001
4001015772579
32988260913
1005002211664486
1005001585640365
32546895974
1005001848697490
1005001975658410
1005001437886676
1005002079958068
4001131556744
1005002377087804
1005001868416446
1005002298067376
1005001762963020
32953446143
32574757105
32989673766
32814706032
1005001275918899
1005002354054378
1005002420931212
32886264267
33059487356
4001287939753
1005002387267276
33002069736
1005002381334507
4000598382853
1005001315059944
1005002500534609
1005002032718520
32321530237
32790068787
1005002390080914
32884548946
1005002404885322
32802993580
1005002411028939
1005002042447312
1005001526358231
4000849803502
1005002231986040
4000117514661
4001085730761
4001093758140
33034988044
4000465913777
1005001972238812
1005002109669610
1005002393464819
1005001418755063
1005001437780815
32824643036
32979853387
1005001966516136
32995587958
1005002439467101
1005002098995976
4000055666614
1005001795085518
1005002454406310
32666798604
4001108131982
32955967445
32721216721
32885257743
1005001844396637
4000029031255
1005001873501407
33041192714
1005002449683878
32898218489
4001019526722
33019735664
10000091017965
32845619059
1005001420587035
4001259303241
1005002424384963
1005002458734768
32791136769
32963815244
33031851413
4000864696800
1005002401187973
4000734559941
1005001763681460
32831615400
1005002253809079
4000038696656
1005001790378739
32691322271
1005002473257823
4001155801255
33015409335
1005002387577861
32834859782
32940720106
1005001976834491
4000991086256
32697755048
1005002170757502
1005002330565794
32818923287
1005002203994772
4000781563135
1005001670831502
33021113354
1005002082432413
32895414453
32870295576
33006584376
4001096428404
32999911864
32857634625
4001192794257
1005001505533981
32728280922
1005001598010346
1005002299238228
32748785067
32924456163
33047629559
1005001985328879
1005002322057557
32914245539
32435219749
1005002348610899
32962533638
4000902922645
1005001780756901
1005001398232856
4000405714870
1005002488895463
1005001966450380
4000583221841
1005001748941312
33048292123
1005001419603057
32866689549
32959425363
32382972684
1005001540186596
1005002358574476
32949654069
32959714685
4000120958290
1005001942811905
1005001606111068
32684291451
1005002019020736
4001029098023
4000092129457
32807512251
1005001477798491
1005001349473197
1005002485535087
1005001939864353
1005002356286601
32989525097
32855847396
32651148335
1005002293794756
4001289937295
32775515782
4000739386026
4001052555031
1005002288583681
330764701
32795496362
1005002364528800
1005001571280041
4001171948775
32949253920
4000782960894
1005002346718887
33016023282
1005002467069477
10050024490292691005002313649002
4000505425758
1005001768563596
4000321654439
4001178295856
32556578420
1005002357570220
1005002466087271
1005001883434844
1005002372047021
1005001937280483
4001037082986
1005002324462943
1005001606170572
4001155241667
1005002371418781
32887394355
32796374576
1005001765116057
33000947002
1000006213323
32860853525
4001321307232
10000420715360
1005002064217061
1005002356348083
4001215614759
1005002420838627
1005002409987783
4001103243130
1005002010985077
1005002357775711
32885185512
33016138585
1005001303615931
32831545365
1005002405336080
1005001424063805
4000701239170
32848804390
1005002165875241
32963681405
4000341135082
33041096712
32969150076
1005001286190501
32326642333
1005001336306606
4001058233633
32789828126
4001127360508
4000720245423
4001326352235
32894523771
1005001840580424
33021011415
1005002310494378
1005002276674784
1005002382249903
1005002224677178
4000748828636
4000122905554
32823817250
1005002286140774
32220265849
4001075855870
1005001942763894
4001214529266
1005002454044854
1005002334544212
1005001580205519
32985066833
4000204573647
32840235102
1005002287398090
32703766933
1005001852079616
1005002247409080
1005001997381813
1005002306031640
4000156519342
1005002122370885
10000395866714
1005002341573827
33001070065
4000472409127
4000777160063
33017239821
1716234757
32824139747
4001126168731
1005001470129504
4000444648427
4001339372192
1005002282023406
1005002302209848
4000772663422
1005002500711861
4000473475792
4000392627474
1005002325144133
4001268464675
1005002315988801
1005001869031203
1005001907675585
1005002363697691
33011504128
32959011867
1005001795547045
1005002302906050
1005001560313193
32861558563
1005001515937329
1005001708555904
4000522295128
4000990976099
1005001813357111
1005002275608023
1005002305737978
1005001636432552
1005002029164381
32873009362
1005002017025530
1005001957551426
32869022977
32677320849
1005001561476908
4000575599632
32845509835
1005001278533212
1005001519517339
1005001579758694
4001282691281
4000545471225
32581024032
1005001604051802
1005001705739071
4000926544405
4000400331192
1005002295202887
4001150226713
4000266123977
1005001671833547
4001021465259
32492481856
1005002231964713
32814015683
33047593260
4001184604670
1005002392744686
1005002300714055
1005002288151136
1005001728803286
32877343132
33048621225
32708333477
4000310023966
32974081585
4001313606799
32819973035
4000693499406
1005001625841187
1005001996853171
4001228720516
1005002154420419
4000473419578
1005001641366262
4000804411240
4000123020610
1005001570076977
33030969353
32952393803
33043186943
33003070772
32721260276
32651878604
1005001418414645
32899221705
32965324251
32861450409
4001103405674
4001166319754
1005001955350271
1005002294371357
1005002453562366
32630411642
4000161181632
4000335550639
33057400827
32972723983
32658493155
1005001398271311
32916133612
4000829376952
4000884918887
32961668286
32378160882
33044321592
1005002440101787
1005002466081924
4000016768732
32894370848
32965806314
10000397735288
1005002406815177
1005001545549586
32870053258
4001191554085
1000008156381
4000603392193
32992261255
32969305949
32959764558
1005002468086304
32671182264
1005002068440004
32833118413
1005002468358803
4001213486721
1005001834626993
32858514575
1005002306483183
4000314771577
32851887399
32923282518
1005001474470907
1005002249124510
32677947557
4000704808403
32964766491
4001013049610
4000792403605
1005002180101889
32682356406
1005001720880082
1005002278944047
1005002224685582
32902060269
1005002474585543
4000527807300
1005002289646675
32990373720
32627584998
32816519051
32853357524
33046867312
1005001476120037
1005002133419177
4001254920316
1005001568552123
32904734085
4000009514310
32842483305
1005001576874673
1005002472752977
4001042052950
4000011772264
1005002317252438
1005001831769645
32836429134
32872273617
1005001988150166
33000608839
4001006299463
33031971493
4000967797794
32727291093
1005001315286789
1005002312032070
1005001519902256
1005002100231981
1005002150934225
4000666066990
4001345713996
32962257237
4000593604162
1005001511504959
32682943763
4000662491452
1005002339008862
1005002204434456
32904745503
4001094475675
1005001507070087
32893699754
4000562086982
1005001548714467
4000732999504
1005001934978209
1005002494106137
32871719286
1005002358564852
32792814428
1005002473711430
1005001975278408
1005002293997056
1005002071699454
1005002314573879
1005002349541869
4000982412751
1005001329787139
1005002460374062
1005001405619859
32258572336
32851290185
1005001279708550
1005002372312270
32318670109
1005002424411823
4001105577475
33045709173
1005002373061624
1005002377641049
32789134538
32343869827
1005001698821659
4001022313849
1005002033756461
32957686860
1005001783044787
32803336924
33022448939
1005002329804017
1005002369894582
32813668405
32714659075
33055496441
1005001439059658
1005002424148803
32971754213
32960719337
1005002304327615
1005002470523879
33023524439
1005002250718039
1005002383604389
4000905522381
4000149967082
1005001541358905
33055572083
1005002400811760
1005001883029106
33005961760
1005001561111286
33013627520
1005002027201782
4000171851063
1005001604602480
32958109337
1005002390218546
1005001984699735
4001189705066
4000047199847
4000607428151
1005002168244342
32863316883
4001108653331
1005001702936591
4000978873837
4000001696910
4001114657929
32682177432
4001268722309
1005001313991742
1005001774320328
4000794663652
4000204472561
1005001489154513
33024579544
4001214186801
1005002256646159
4000688602675
4000899630431
1005001412273776
914867580
1005001612866767
4000982016368
1005002206208429
32888859265
1005002465022048
1005001814567231
1005002393854713
1005001793531136
1291121885
4000510231175
1005002256123898
33029543690
1005002271256721
1005001398239278
4001065730512
32955049752
1005002039527343
33006636832
1005002387811645
4000955827518
4000086786285
1005002482895592
1005002469018446
1005001506435923
1005001854492848
4001242113697
1005001976241303
4001204986968
32906354127
1005002363381480
4000196232246
1005001482567415
1005002090838113
32850874443
1005002148445676
32874350301
1005001380403460
4000308253893
4000832763325
4001355093612
1005002406077185
4001022017397
1005002303589809
4000709905047
1005001805775502
4000791349558
1005002483486765
1005001676752613
1005001854344091
1005002273330421
1005002490488130
1005002433776917
4001260206820
32968847855
1005002344572991
1005001592624260
1005001976195002
1005002387510953
1005001585816946
1005001868541482
1005001995528443
1005002245365141
32685123399
1005002375153327
1005002174378724
4000109247710
32890484033
33033030949
1005002314674655
4000777120419
4000510618750
1005002475864208
32998530117
1005002462490880
1005001609671169
32866985635
4001196525041
4000093447050
1005001638382992
1005002447686544
1005002232181165
1005001988830293
32978219533
1005001609655711
4001272462291
1005002042815118
1005001670707945
4000115578716
33000244307
32905295189
1005002392703954
4000979767712
1005001565612785
1005001515809681
4000066653942
1005001457996271
32951526836
1005002254719470
32842874133
4000630481336
1005002001565212
32864331971
4001166507984
32956494196
1005001930159639
1005002365234417
4000484709752
1005002272342815
10000022856146
1005002318707327
1005001756708591
1005002312070408
1005001560143759
33040231982
4000811509842
1005001426006315
1005002250376594
4000147854994
1005001677484102
1005002337321525
1005002426566546
32744543907
32806761409
4001360374374
32801183943
1005001412400724
4001331282348
1005001839138545
1005002317672922
1005002278067363
1005002474029248
1005001504049130
1005002447434883
1005002314228833
1005002166259718
1005002365565705
1005002091610744
1005002347121249
1005001423562098
32891618131
1005001900780178
1005001441474391
1005002372409304
1005002205334712
1005001683299837
1005001338284700
4000834165066
32859618066
4000469228950
1005002061026075
4000405536098
4000762210711
4001271211646
32963154688
1005001303536016
1005002108502913
1005002368790981
301316944
32808569371
1005002362938259
32223137703
1005001955180361
10000012731832
4000979500052
32833872558
1005002302358234
1005001574133309
32983831605
1005002395739861
1005001288283764
32814296146
32820617438
1005001627164268
1005001498656333
1005002275123660
4000257097411
4001119605019
1005002032159232
32804531697
32829934785
32333319405
32953127443
32873212953
32964769318
4001199697008
1005002304978677
1005002211898075
1005002406142597
1005001965772388
4000324161171
1005002413280504
32861828742
4000203009128
1005001298848294
1005002478353233
4000666223993
32515300478
32379173763
32783477144
1005001724160997
1005001462101936
1005001639272897
1005002167739800
4001248856199
1005002329873451
10000397362619
32845564201
32988160433
1005002337268061
32888563517
32949184616
4001266646924
1005001961667826
32825314018
1005001809071359
1005001893198690
1005002383933222
32964255996
1005001835414932
1005002348509286
1005001797110515
4001263764952
32975197316
1005002399890849
1005002500410097
4000060553157
32666001581
1005002409658864
4000982823554
33003943810
32917371504
1005002479921897
4000849944390
1005002340282709
32449830152
4001211108251
4001349510892
1005001474661603
1005001844165005
1005002286698737
32997047710
32905795644
1005002003146926
32823143472
1005001349580680
1005002336002791
1005002333843448
4000022130149
1005001985710544
1005001977911505
1005001948727679
1005002255741946
32980936950
4000526342345
1005001665520142
1005002323486552
4000533604979
4001350138705
4000290312799
1005001506054348
4000185613146
1005001907110662
32884126701
1005002192398343
10000106968587
1005001627324448
1005001842689797
32911140887
4000789797797
4001221865733
4001225171459
1005001575718759
1005002460933364
1005002204728316
1005001854601120
1005001405655439
32914748859
4000945886270
32678700643
4000098156820
33052614710
1005001917310507
32769959798
1005002029151207
4000351271445
1005002168610994
1005002019999424
1005001872560348
32946368512
1005001894896379
1005001647906960
4000903760579
4000709513637
1005001354253600
1005001895491136
4000384680619
32810018121
4000361136037
33003805431
32934251976
32965562335
1005001469291655
1005001664160594
4001270520431
32536253881
33002383100
1005002454236996
32934064897
1005002082232705
4000294973600
4000207703870
32845160050
1005001784832902
33027501989
1005002311975900
32848363484
1005002418560340
32964738317
1005001864380084
4001260894624
1005002280565131
1005001305233668
1005001927437302
32904361833
1005001883385042
4000708653716
4000466645487
1005001656780848
1005002378811648
4001345061126
32892863770
1005001803042840
1005001502019373
1005002175819860
32965717247
1005002312765075
4001222762072
1005002351736045
4000015785292
1005001561112413
32826164232
32918689706
4001003905877
32640878349
1005002354035406
484342107
32986667943
4000076852243
1005002319084536
1005002047202416
1005001270496172
32914393788
1005002247554744
1005002409930566
1005002294668160
4001127284889
32958256491
33057201092
32827681734
32899315424
1005002279228103
1005002297083088
32832334527
1005002111759655
4000115149247
1005002361900081
1005002484450989
1005002286823439
32848156941
1005001638255285
4001155046283
1005001940277999
1005002160451777
4000385220034
4001293855766
10000154063878
4001164234983
1005002468397332
4001209182533
4000547564688
1005002354134918
1005001973487519
33013513933
1005002356821884
4000738521026
1005002167997274
1005001942088916
1005001859212077
33023369694
4000828603924
1005002206442786
1005001923737082
10000367261402
10000277145685
1005001920618505
4000354657159
1005001609922721
32784031950
1005001619620988
4001225133616
33016535934
32998084821
1005002291188084
4001155583544
1005001516076876
4000794700107
1005002275894070
1005002355209464
1005002452989409
4000935489595
32808554806
4000898035932
4001362020096
1005001524804075
1005002315389316
4001268856155
33004241491
1005002415742384
4000069184517
1005002277831082
1005002419705587
1005002282714606
1005002462561575
1005001342824372
1005002436476254
1005001296765388
32974824953
1005001869709095
1005002268651521
32998328229
1005001915281340
1005001602388112
1005001727573445
1005002069409813
1005002352855090
10000411985735
4001223133652
32999046865
32780988059
1005002278805595
33012576081
1005002423956713
4000335737078
1005001478055689
33037925863
1005002176505726
4001007169028
1005001992098226
4001143301452
1005002012819112
1005002012974979
1005001488775890
1005002279128354
32827941884
1005001677770465
1005002324582894
1005001794093242
33009452017
1005002486075646
32983319758
4000059714103
32945972141
4000803639895
32946628569
1005002405184039
32726456029
1005002301137859
32868562368
1005002384812077
1005001792249127
1005001604221320
1005002288009562
32890685220
4000360803463
4000960848525
32894495905
1005001970466043
1005002473876633
4001150778091
32965158873
1005002364760598
1005001361336484
1005001275225690
1005001370016869
32368382187
1005002095712635
4000026740781
32997002118
1005002321414671
1005001854437223
1005001615351061
32870002960
4001157461670
33019917152
1005002238975063
1005002174531763
32783366738
1000008022938
1005002382455299
4000361351978
4001013115934
1005002315573756
1005002262114267
33001624003
1005002254728516
1005002051491575
32906555292
32905766787
1005002192645417
1005001959331870
1005002438353437
1005002304554819
4000187653169
4000011431220
1005002276817708
4000438232611
1005001792991839
1005002257013501
1005001591807543
32957896554
1005002207931615
32908936897
32961455780
1005001888195948
1005002206870300
1005001453485520
32965614801
1005002181347377
4000784362608
1005002468590903
1005002214992455
4000344531583
33014995298
1005001822354114
4000114342413
1005002297136140
4000819664733
1005002365179042
1005001881780310
33043850425
32807326859
1005002349820586
1005002096047347
1005002003429698
32849039897
32820632524
4000045495573
32958418806
1005001999713369
1005002311602682
1005002315720185
4001275169961
1005001704231366
1005002253889538
1005002470740069
1005002341784528
1005002100891708
32893617006
1005001899935782
4000671003656
4001141950334
1005001480229612
1005002359777026
1005001492812173
1005001424770744
1005002428287381
1005002314291961
1005002313884216
33063183196
4001185179228
32809896851
1005002310724977
4000903446441
4000793261570
4000238815179
4000416931978
1005001476062666
1005002104948350
1005001869614573
4001125149494
1005001524953873
4000300542503
4000269070866
4000140857949
33003029784
1005001560755677
1005002487626310
1005001571415412
1005002168143464
4000909421050
4001133688661
1005002475504400
1005002388860745
33000450435
4001221552129
1005002006110237
1005001961239404
1005001575523594
1005002315385030
32831226965
4001169829453
4000947854284
4001271446962
1005002273417589
1005001689139146
4001008892849
1005002410852507
4000558393795
32866286658
1005002310586333
1005002342494494
1005001906790631
4001027453062
4001228112678
32818212219
1005001597766199
33051727016
1005002274069984
1005002336928148
4000742996765
1005002163295043
4001056443229
4001275575761
32897873363
10050015058417054000039942065
33014895237
32857981755
1005001621865067
1005002308591841
997600426
4001249748225
1005002204043045
4001025753144
1005002253412346
32815821405
1005002393917055
32986643842
1979321737
1005002401795968
1005002313708981
4001350484718
1005002407139224
1707909968
4000061016432
1005001413001127
1005001714200907
1005002413598678
4000687505463
33036411560
1005002369722341
32980814785
32964782830
1005002423289331
32826139808
4000530489881
1005002333885387
4000558423096
1005002412862535
1005002408968730
4000150970376
4001061167634
1005002430575476
1005002468371713
32890085515
4001299602949
1005001962494420
32913144530
4000288243342
4000696101415
32330840859
33017167431
4000861578149
1005002490328865
1005002253867769
1005001901316994
4000277707401
1005001803529680
1005002373632226
1005001334832824
1000007392396
1005002393865082
4001268310362
4000735035533
4001131456333
1005002466942591
1005002246409119
1005002234084503
1005002266068950
32911236037
1005001725668132
4000958996921
1005001571087068
4000313576640
32436201939
1005001496068329
1005002377913316
1005002350832089
1005002420900076
32862083229
33040692225
1005001286399340
1005002150714123
1005002330152473
1005001429725414
32991130510
4000822984122
1005001572103045
4001062159705
1005002484314968
1005001396250664
1005002294082517
1005002389683098
32951320151
4000244054470
32840543499
4001235513505
1005002318902326
1005001872679328
1005002323582646
1005001962193627
32912341637
1005002337316514
4000913356895
1005002403748778
1005002440676284
1005002234881886
1005001447221489
1005002355323164
1005001287849041
4001210724813
4000874062802
1005001307797967
1005002357758567
1005002353172130
1005001266793398
1005002007183032
32906309856
1005001987657239
32915125310
4000997070362
4000087402698
4000145859285
4000761291746
4000300558712
32858839671
1005002385336351
1005001530832358
4000627032780
4001231970298
32816457901
1005001631685884
32995443033
4000395789358
1005002210804995
32864688319
32923150048
4001162298014
32480722285
1005002167026283
1005001666587543
1005001965302755
1005001694264357
1005002083727210
1005002271885322
32870814896
32879552009
1005002161619223
4001092234848
1005001764123382
1005002268643390
32751206094
32839073827
1005002371536363
32884518704
1005002287658323
4001137635969
32956273654
32835802681
1005002394493334
33049092733
4001163520515
4001327909839
1005002402735786
1005002400623977
4001111058435
32326074544
1005002334437834
1005001657663416
1005001960643407
1005002248871939
32810042718
4000189880293
1005002392477069
33029723230
1005002265450351
1005002278519696
4000833502878
33044836363
32969597619
1005001658324249
4001358360583
32953216910
4001344936620
1005002342498813
32869594463
33000449072
4001225182878
1005001473473853
32812892019
1005002270278365
32703257214
32570104967
4000414614134
1005001817834472
4000955759602
1005001529962168
4000957423762
4000160949461
32922398862
4000030819664
1005002372145811
1005001784859219
4001047105021
4001270459731
32891226855
1005002021774320
1005002446959910
1005001340372270
1005002346572132
1005002305075996
32841049766
1005001463520735
1005001277830532
32952536814
1005001813187777
32703196316
1005002270548318
1005001934852338
4000663893991
4000625708757
1005002074474128
32451736029
32966191718
4000110662549
4001326908196
32851719454
4000545799467
1005002276286522
1005002269031719
32860590596
32888256793
4000969431441
1005002459276659
33001423717
32263108671
1005002426570585
32984654678
1005002130185609
32891967118
32811083335
1005002294460178
4000904385725
1005002268489725
1005002482992752
4000973421655
4001043577075
4000341809038
4001122846518
1005002319165076
1005002172954333
1005002467723506
4000223657016
1005002424461044
1005002482369856
1005002079502063
32997318007
1005001860927218
4001112245982
1005002294116558
32952919865
1005001934676132
32772719484
4001236486848
1005002292578305
32582581471
1005001410980570
1005002351775769
1005001765397444
1005001773227980
1005002233228098
32833297175
1005001686867461
4000110475498
32990981126
32838207900
32799893376
32974505181
1005002481819257
32538680435
1005001869020199
1005002309625045
4001014720569
4000756709368
1005001830095393
4001364329361
1005001470256519
1005002106137793
1005002491721522
32681669936
1005002453933188
4001365216143
32955740697
32963758129
4000792710585
1005001670559972
1005001940282699
32716556853
1005002416783159
4001142189959
4001230635723
1005002396686579
1005002022378447
4000173584757
4001040844967
1005001265593701
33044652303
4000884088141
1005002390853068
1005002383075741
1005002362581467
4000465167828
1005002314352508
32955221030
4000811755026
1005001910606487
32933534218
4000166050300
4001032003514
1005002336885329
1005002294017863
4000034219270
1005001298781321
32546454450
4000155326024
32856282133
32855554350
1005002327942755
4000284604048
33051588368
1005002469365009
1005001976978632
4000869116433
4001280941979
32739776895
1005002322700935
555844539
1005002153319400
1005002490837108
1005002399836551
10000012908645
1005001633195440
33008861912
1005002278933252
32911894922
32876973734
4000262023209
4001323627834
1005002381146846
1005002290920330
1005001704357411
1005002275203639
1005002114534822
4000599512372
1005001727158299
4000843238493
4000899840126
1005001355187745
4001212570868
32810933645
33063298799
1005001835097908
4001360437467
32791294246
1005002320027136
1005001713102418
1005002270299819
4001268062308
1005001982358251
1005001817056373
1005002006895454
4000114730610
1005001962652581
1005001937585401
32965594010
4000020736070
32897856841
32956722567
1975250567
32836878894
1005001297575974
1005001804057436
32516585686
1005002017644355
32998212487
32810007378
1005002386584146
1005002022950659
1005002423842354
33050510916
32822292190
1005002198689756
10000240249974
4000454567555
1005002328167206
1005002337184703
20000004288952
32456003576
32957169565
1005001704577268
1005001931471936
1005002196381238
4000010217994
4001057036237
4001316454326
1005001342992692
1005002395180456
32846284807
1005002358452253
10000088401254
4000191005730
4000347778413
32917068033
1005001999865575
32961796275
1005001652178390
32881412303
4001192677499
33027737634
32823256028
4001178830414
1005001757306025
1005001333055367
4000036719248
32648864495
1005002310412117
1005002357551282
32953916554
32979313395
1005002315869320
32902007430
1005002281996035
1005002271322666
4000035339410
1005002400039732
4001141691809
1005002233269365
33013335117
32975335507
32813510895
32962896683
1005002384637704
1005002408416217
1005002277732150
1005002052042801
1005002314516351
1005002096746926
1005002235749600
1005001396925685
1005002316833216
1005002393998483
4000237769561
1005002363733810
4000286949520
33029259505
32804137543
32246981157
32644944156
1005001461645966
4000691839655
4001110853604
4000677611552
4000479127700
1005002314243800
32682608664
1005002322094518
32789036500
4000820181316
1005001761967466
33005755114
1005002074062720
33009636813
1005001725717281
1005002277966682
32816075881
1005001967396651
1005002289155559
1005002337904345
1005001469398009
32945865412
728091391
1005001780916369
1005001568819133
4000828362948
4000235053351
4000850547917
1005002491285445
1005002481910985
1005001880304802
32995364127
1005002291646891
1005002351924860
33018438421
1005002203681617
32880761086
1005002241118855
4000320887140
32717387467
1005002377640507
4000593499717
4000854616981
32983080635
1005001665383281
4000450371873
1005002314262686
1559027262
1005002256117996
1005001691023901
4000382333348
1005002212226420
1005002312899370
4000116827215
1005002122583194
1005001598864200
4000101986272
1005001851768270
32856259666
1005001870606645
1005002293761581
32869780666
1005001795243495
10000278135013
32920694032
1005002264406203
32989998975
32726030215
4000960607477
1005002351041902
32877231694
1005002327537443
4001248045923
4000427091513
1005001775554118
1005001841568642
32585607629
4000123991433
1005002319053108
4000726761559
32819849930
32848630541
33053422633
4001095331790
1005002383065826
1005002104935549
32909023523
1005002310657051
32850837740
4000340697554
1005002315110061
4001271202805
1005002447876035
1005002426858144
1005002345819991
32823045325
32961050554
1005002265181395
1005001829886398
32978505359
32683985717
1005002331984703
1005002432143143
1005001800917340
1005002423013594
1005001906803221
4001313483768
32961496975
32990992482
1005002329373333
4001130935135
1005002193946766
1005001566570793
1005001730630843
1005001561691469
1005002314430342
32962751346
4001119209810
33037434839
4000908609882
1005002265204276
33056370052
32855288239
4001272157412
32885760936
1005002318927907
32951605868
33047630898
1005002050564391
1005001488867437
1005002318797043
1005001876724624
4000381331412
32970115181
1005002312204645
4000397326042
4001274249390
1005001326410283
32791468155
4000419952386
1005002308003666
32936433704
4000200972002
1005001408020487
1005002318418257
1005001733056000
32810403713
4000120966541
32523470427
4000027893075
4001299284157
1005001615091154
1005002276222994
33054183106
1005002301088693
1005002333530391
4000997002437
1005001326187222
1005001665717055
4000894756577
1005002278331744
1005001744292945
32607823590
1005002418841649
1005001494125657
32904649934
32794379383
1005002318766599
32886072154
32868390608
32791294590
1005001895661001
33042774693
33000707509
1005001333717999
1005002448185739
32851472571
1005002465760880
4001181234057
1005001998266202
32841689873
1005001588361061
1005002023683868
1005002412171376
32992537260
1005002491975144
32847677225
1005002219849513
1005002341559209
1005001514135986
32713093414
1005001396883912
4000294686596
4000226758324
33026542205
32882368805
1005002326466652
1005001393385280
4000693703877
1005002406819731
1005001671468251
1005001631174569
1005002375298568
1005002382915884
1005001675159953
1005001419954818
1005001616018342
4001100147258
4000337797230
1005002254773379
1005001419569128
33022647114
1005001710670653
1005001998870051
32808841907
32964381549
4001273204372
4000873106309
4000548723047
4000237355081
1005002326123828
1005001761865739
1005001273860762
32594210044
4000393004917
1005002086768008
4000577620083
32976707855
1005001968580044
32999645152
32848573182
32956818999
1005002374623705
1005002337289633
4000170903641
32932192587
32974584114
1005002306397201
1005001567486223
32916048148
32804396821
1005001452343937
1005001953458188
1005002302257338
32739415079
1005001714379949
4000049172378
1005002419306327
4000282089148
32945613167
1005002405618286
1005002277462120
32526429618
1005002329096619
32872475823
1005001676959167
1005002087354280
4001155339388
32865067660
33034644418
1005001266001943
32990226119
32628712186
1005002453355297
1005002286289123
33047059538
32809676167
33012411498
4000890461044
32635854552
4001086078358
32975040827
32373859260
1005002314433179
1005002199731428
32405717838
1005001525409613
32733434433
4000075063734
32811676565
4000978926844
1005002279272524
1005002353535532
1005001491840080
4000434158191
1005002226279857
644451289
4001251534826
32988970599
1005002314607145
4000756777600
4000757099090
10000423736526
33026342933
4001225161652
1005002090821717
1005002280556245
1005001464711555
1005001328954209
4001294386287
33011866031
4000761855967
1005001820367358
1005002344061587
1005001439040845
655281872
32810056855
1005001948407975
4001228489802
1005002337803744
1005002295366307
1005002426331973
1005001564363753
32919284324
1005002330014255
1005001488762406
32975277108
1005002085916808
1005001360840557
1005002324039678
1005002167610788
32848010211
4000229824621
4000114793331
4000094131617
1005002386697451
32889056007
32976618280
1005002239944140
1005001664052450
4000912379902
1005002377963584
32949572748
1005001345342386
4001039459773
4001216158638
4000528285271
32922224837
33056574213
1005001304546737
4000611487646
1005002424005721
1005002332513106
1005002043453406
32999777020
1005001440790996
1005002362619921
1000001756284
1005002344848051
1005002115452159
32501556025
4000209397207
1005002485725871
1005002213131397
1005001560174662
4000488865149
1005002307919715
32974409708
1005002285686543
4000182901276
4000016126295
33035055339
1005001344860858
1005002314338669
1005002244402239
1005001941632662
4000337740435
32895456263
4000180060129
4000715000068
32804788128
1005001844922474
1005002358994873
33032920013
32923974545
1005001511741709
1005001365062124
4000711097539
4001041048170
1005002459993526
32853198318
1005002439131294
4000517609168
1005002229436946
1005001580095785
32826131125
32851222333
32747771755
4001124494795
1005001464763701
1005001304149029
33009268625
1005002206301619
4001247425383
1005001863582370
1005001849964102
33000925680
1005001489105131
32843722167
4000990589997
1005002174850475
1910646089
32754282450
32739686002
33048448074
32852549360
4000739705397
1005002347210332
1005002289755133
1005002337835105
32907389048
1005002004532166
4000850629718
1005001750411404
4001159650604
32840066894
32809019472
1005002339795391
4001022966242
4001155399511
32853283552
1005002448644255
4000422937929
1005002317727114
4000252952968
1005001571828549
1005001706180087
1005002454411014
4001111960819
32819469498
1005001710118608
32808608100
1005001834813396
4000416709568
4000075819463
4000010466755
1005002089467646
1005002466844978
1005002317635776
4001245666347
1005002313671122
1005002268434725
1005001682426249
1005002281731864
1005002293743121
1005001571925966
1005002306041966
1005002489151972
32996228058
4000709912297
1005001993114947
1005001515776137
32906483385
1005002387016328
1005001835543285
4000917640746
1005001758141009
33021111307
32919260713
1005001650871196
1005001514756137
1005001870979884
1005002233035226
4000004123587
32754588673
4001139840445
32997508002
32915803182
1005001360238505
1005002336604626
1005001302660128
32703333849
1005002278986388
32965887911
4000721762222
1005002007286964
1005001962093847
1005001636203246
32888819632
4000804698928
32923575335
33010894693
1005001640032275
4001179137438
1005002334185837
1005001961360193
32859695120
33023241934
32968912757
32232414503
1005001434454402
4001064408730
1005001992794086
4001292991560
1005001982794043
4000381781131
32856488741
1005001966350428
1005002313096414
32982060073
4000324076085
1000001530557
4000735070111
1005002460103360
4000067851549
1005002310923422
1005002232297692
4001227336451
1005001664562341
4001179433132
1005001589178289
33038354996
4000882633391
1005002314454601
1784393281
1005002317020840
1005002239609193
1005002287492449
32971846090
32947850932
1005001303745474
4001293646787
1005001835324997
32784879490
1005001757431611
32850923687
4000207274391
32848828319
32358586689
32861070166
32947369272
1005001872494453
1005001736630731
4000829776612
1005001426973836
33012762747
1005001419900907
4001244752799
1005002292613146
1005001693741564
1005002337287987
4001278846856
33010605875
1005002287076661
32757872002
1005001490666330
40011008063671005002347324878
1005001367695977
1005002398832429
4000832606002
1897541937
32919187646
1005002306757575
4000484366638
32950637745
1005002341274629
32820277173
4000787310949
1005002266610329
1005002289828572
32910074763
32364401312
33048781803
32819686792
1005001321416130
1005002314701429
1005002366963785
1005002323850253
32951119399
32712012674
4000098756545
1005002234121949
4000842945895
1005002466085886
1005002400427776
4000033832034
1005001340339478
32332357562
1005001298434565
4000987234243
32921652756
1005002359601925
32456412825
1005002259230208
4000833793702
32886880963
1005001334481543
4000346035570
1005001889547677
32834441394
4000454210648
1005002483057419
4001037996536
32976094977
4001066026796
32912080961
1005001305855623
1005001319041357
4000388069536
1005002351798378
1005001639717861
1005002443335422
4001159865362
1005002468182260
1005001638214181
1005001921828273
4000829831441
1005001682429552
1005001506412203
1005002069645708
32894840603
1005002292116215
33029968658
32959774120
4000095593283
1779144588
4001272056464
1005002262217041
1005002102096817
4001132040121
1005002242609401
1005002373050115
4000896012671
1005002450954766
1005001430460613
1005002474555175
4000344204108
1005002315450289
1005002050079079
1005002438465001
33050485865
4001256009407
1005001699902771
4000544993288
33004284882
1005002417572867
4000191117270
1005002322184781
1005001638203038
4000385597535
32952898591
4000100133399
1005001863610280
4001208703355
32801490675
1005001742709040
1005002294575712
1005001826768298
1005002470865250
4000509724782
4001135846576
1005002476596886
1005002359149696
1005002065841241
1005002413243623
1005001808418931
32978483454
32926030861
1005002354092710
1005001495916130
1005002423406375
1005002296018997
32659119982
4000963698812
1005001782674138
1005001357501149
1005002042820371
33056714676
32703242563
1005002406154147
32951544910
1005001599111052
1005002240953744
4000560637654
4000145960162
32991817573
4001050198788
1005001617129281
4000580879879
4000067340019
1005002276297679
1005001682744238
1005002333527072
1005001838592497
1005002365051084
32967570508
1005002329816918
4000761251922
1005001551755632
10000205303221
4001051706642
1005001693427161
1005002387747417
1005001701614578
1005002460934571
32693021982
4001018943814
1005002259442372
4001008713761
33002136354
32813821273
1005001673269312
33016709294
1005001854408596
32859144059
32809369745
32835767352
32844236651
1005001929523213
1005001895061639
1005002050322615
1005002379063613
1005002173846967
32868046735
32886974715
4001131747866
1005002307080701
32812084996
1005001609702798
4000838401566
4000149514934
4000401174972
1005002049469477
1005002233535801
33027816436
32865409446
33003794753
4000771361117
4000437471496
4000064704359
1005002305564240
32921131107
4000958925937
32898564445
1005002317377826
1005002434115761
32963604824
4000796202368
4001196681847
32981677307
1005001813226730
4001189898964
4000217007335
32981185757
1005001562661315
1005002001135665
1005002256853116
32946680289
1005001930777855
4000894550322
32959567866
4001201206623
32810090043
4000843508726
10000371781620
4000944472650
32696263986
32922030422
33042380631
32917989625
1005002314330186
1005002244653546
32869724992
32981363086
32918413854
1005002381608247
1005001947572150
1005001874378475
32991187097
4000800224596
1005002147392114
1005002323342745
4000825719515
1005002297116461
1005002475934067
1005002287749409
4000930662876
1005001465511143
1005002048536306
1005001409758715
10000402938115
4001029226414
4001103246243
4000117133278
4001196611559
1005002301400764
10000004617926
4001014411625
1005001657293276
32898118797
4000123936221
33005181307
4000622573016
33006319381
32659683192
1005002363543589
1005001798219918
4000320596710
32978507018
32848253620
32964720995
1005002288956201
1005002123957542
1005002400400574
1005001835500080
32374229442
33035477604
32992508386
33015710591
32969701603
32948363087
32383714437
4000844039119
4000555758578
32833181133
32969275850
32830411414
32993177094
1005001841544797
1005002337055091
4000842558205
4000833901762
1005001992370329
1005002412404238
4000875875452
4000696330409
32947481240
1005002433729050
1005002497414307
4000777569180
4001238576494
1005002275297180
1005001853891342
10000395825257
4000906903771
1005002270576385
32823904078
1005002383022696
1005002381016373
2055145719
1005001638334037
4001239847107
1005002256684158
1005002317099847
32833950523
1005002449717634
1005002313710650
1005001955004292
4000305136219
32864475664
4000392171580
4001015202084
1005001833871020
1005001748852890
4001204247892
33052384613
1005002192632956
1005002205706882
1005002231390915
1005001636424352
1005001489909042
4001245880937
1005002373365129
4000206042073
4001218943261
1005002328343652
1005002451566522
1005002100590705
1005002290961474
32852987282
1005002393427360
1005001584420331
10000332768689
1005001646245126
1005001678033788
32887430810
1005002359967053
1005002339753232
32955036541
1005002410960168
1005001731139822
32807532231
32893935253
1005001661373689
1005001947086998
4001307980496
1005001441487138
1005001967769168
1005001488790446
32818841737
4001085460847
1005001915440598
32997592564
1005001970712519
4000242203616
1005002245545666
1005001497296927
1005002242053141
4000015930751
4000959610584
32913829814
1005002500206542
1005001621649495
32879041265
1005002369401740
4000532063504
1005001432166955
1005001649397755
1005002270019987
1005002365758276
1005001863635080
4000116924580
1005001761821981
4000200940709
4001217798622
1005002238348015
1005002030709038
1005002120797530
32952011970
32863323888
1005002283842850
4000112465428
1005002247096579
1005002281696865
4000329227074
1005002182518103
1005002279342406
4000186071217
1005001501827354
1005001737788411
4000924577025
32824769460
32977282649
1005001337689060
1005002250793544
32682178000
1005001921136745
4001208465935
1005002485256576
1005001732403529
1005002242649180
32906475021
1005002081622563
1005001748582398
4000056151319
1005001954876453
1005001360480803
1005001860939182
32863394490
32952945565
32961893917
1005002389260865
32951020088
4000589213774
32863242946
32974471929
32824196963
1005001614098208
1005001305409124
32516984685
1005002231644480
4000504944676
1005001273197343
32920648303
1005001424284992
32967340470
4000854911131
1005001848997797
1005001727700259
1005001705739202
32848948641
32844628383
1005001915460379
32372344090
4001360827160
1005002253088790
1005001628766087
1005001793853326
1005002231729087
32819339183
32919769029
1005001297842174
1005001775482227
1005002318067182
1005002383329443
1005001489933124
33052941900
32861693051
1005001512681754
4001219399219
4000259303367
4000555715543
1005002340858960
1005001422306569
577854593
4000821791738
32937100870
1005001458276087
4000254728283
32406145033
1005001419996689
4000282392666
1005001337550939
32902639540
1005001815571904
4000343925980
1005002383692210
4001222471649
33021891391
32954867086
33008324779
4000393333571
4000463953431
32706827265
1005001269297810
1005002351734159
10000372692668
4000303726140
1005001383595531
32955637208
32914148628
32974383429
4000271312349
32309395011
1005001670861441
32986532254
32793159332
4000546650584
1005002267816249
1005001644874371
33041055599
1005002231917786
1005001888922215
1005002271853357
1005002091700314
4000774664566
4000960656236
1005002042324627
33024019029
1005001462627297
1005002227397637
1005001667811632
1005001559836141
4001143810139
1005001923511298
4000144585980
1005002302631185
32970219926
4001241912310
4001038265922
32711500352
1005001398235338
32964774640
4001347856680
1005001850596128
1005001941129660
1005002475667291
4000072496752
1005002412976764
4001034022773
32661841976
32979949734
33051896393
1005001928476883
4001201493631
32861353865
1005002381083148
4001360058566
4000291027563
1005002408599131
32668851821
4001228750980
4000018723471
691390773
1005001364808653
32604939859
32995686904
1005001919013273
1005002398880229
4001323670730
1005001951922550
1005001857341315
4001239816770
1005001501014617
32648889848
4000337381695
1005002233765006
1005002277518524
1005001873350498
32949050689
1005002367608462
4000977857577
1005002353728577
1005002207778902
1005001657162028
32865011929
32969028402
1005002441109413
32965510844
32853546274
32795073129
4000683552694
1005001639234975
33061998456
32813831781
33033159109
32955729037
1005002288905721
10000395190818
1005002310984242
33001050733
1005001301536482
32828055594
32945856236
32800570052
1005001970594613
1005002390389533
1005002465179508
32969876218
4000987367712
4000641837313
32888619087
1005001307497466
4000519734210
4001280815089
4000037241549
32805300517
1005002292505640
33059439776
4000979705505
32980366603
1005001650572313
1005001566311372
32698044142
1005002314310009
4000358945278
4001315549876
1005002091647002
1005001686022876
1005002281103817
4000029281255
33055405145
33003362481
1005002427902142
1005001736362248
1005001381278134
32954069429
4000168814768
32965194468
1005001762990522
1005002299936798
32815359500
33026590593
4000069142854
4000148107831
32812044129
32946049775
1005002203615226
1005001339047251
4000691080577
32967182953
4000925661092
4001057124593
1005002277250876
1005002027095680
32969731290
4000889333288
4001108325230
1005002312486653
32952395040
1005002333783069
