4001358891238
1005002279248269
1005001406156486
32317145910
4001134909346
1005001465340734
10000389369473
4000413974848
1005002413268609
1005002292895201
1005001686084555
1005002359800990
32948534889
32287962668
1005002387007053
1005002279224142
1005002286034746
32914947639
32820378485
1005001942092150
32858752743
1005001624917406
32386403423
1005002285763362
629651411
1005001466462234
32993058080
32476593200
10000400077005
4000922673332
1005001741779024
4000761259169
1005001397612743
32528730069
4000160859858
4000262232666
4001191933055
32974710093
1005002322625517
32968453069
32699615344
32867169092
4001267775757
1005001835862170
1005002417685013
4000682810755
1005001280973342
4000930632707
1005002038128374
32251246029
4001230387338
4001116221102
1005002119673993
1005002070342719
4000329110014
1005001556455276
1005001453520106
902607770
1005002073257629
1005002446573020
1005001873905986
4000059581219
1005002395264227
1005002320237495
1005002094576034
4001107796246
1005001698819681
2031695259
1005002378635362
1005001846363187
32792757043
1005002409357121
1005001962064756
1005002399225531
4000009601153
32888210725
32823682123
1407899615
4000033445692
4001054349682
1005001894682198
1005002114473021
33053113776
1005002193682585
1005002220283422
32673607765
1005002435130481
1583053649
1005002089680892
1005002331883447
4000830089456
4001200981762
32246053293
32863871945
1005001381181633
1005002318162882
1005002245891279
4000876182732
1005002319214089
32893257353
32387546830
4000929463056
1005002310768473
1005001793998007
1005001273665141
32886176142
32879685320
1005001902758008
32950001564
1005002307874869
1005001441324472
4000595692784
1005001804827199
1005002313204871
32586219472
33053952832
1005001620075279
32782025498
4000366439694
4000258502011
1005001375724280
4000124881030
1005001637914443
1005001625069172
1005002384955863
1005002292729097
1005002224641895
4000117794279
4000641442243
32915643030
1005002072577113
1005002307478645
32998346322
32987400847
1005001763437741
4001219934372
4001103349174
32842396286
32846633149
1005002287711369
32830565869
1005002244296021
1005001619832812
33024008455
1005001692952719
1005002359281323
1005002344942260
1005002377637343
1005001694212554
1005002460642726
1005001860867466
4001228511716
1005001836183934
4001179423312
1005002396352814
4001192938978
1005002023844705
1005002177609557
4000360050438
1005001293152388
4001175894808
4000043345619
1005002122373588
1005002339933717
32857406809
32864912497
4000466350011
1005002060434364
32945882690
1005001441457522
4001077870933
4001248290651
33027796837
33036076014
4000701937645
4001019318677
1392233555
32826524904
1005001907964166
4000558119761
32916236288
4001241559852
32858100588
32762012438
4000058178212
4000738642253
10000149374314
1005001375093450
32832779237
32702027516
33014617474
1005002014991485
1005002364495515
32848750909
1005001701297251
1005001575813953
1005002448384983
1005001515856776
4000904425319
33058924452
1005002413464593
4000238872252
1005002320910323
4000620760309
4000163225367
1005002449233556
1005002253800259
4001195188333
32672087435
32978151310
1005002295631155
1005001441424641
4001144257873
4000781218777
1005001984473053
1005002306183082
1005002336134514
4000838979467
1005001872118885
1005002224163308
1005001673501078
1005001445940318
1005001742493501
32964910082
1005001361098761
1005002381314375
1005002275806853
32957277326
32822493082
1005001304368302
32828533910
1005002398590666
4001294775592
1005002213151752
4000849471033
32848742865
1005001940854860
1005002388832939
1005002262737551
1005002464097852
1005001794682256
1005002323142170
1005001437416266
32659975778
1005002199204073
1005002371224953
1005001883228182
32968974128
32924771504
1005002305857228
1005002167315239
32934703993
1005002252553215
32987103728
1005002223914041
1005001541482783
4000767231325
1005002345744140
32305704984
32945201315
4001355186176
1005002099120640
10000144527889
1005001628264669
32596098610
32802677095
1005002175611224
1005002304335689
32876018466
1005002294349245
32891491240
1005001817526938
32948627461
1005001988941028
32830075381
4000533785785
32851976833
33055672474
1005001936488839
1005001504842390
1005001742408943
1005002381548026
32881537658
1005001705250120
4000340246056
32671553142
33000447256
32887478848
32971519376
1005002322765551
4000530497779
1005001556384668
1005002336624753
32933790534
33042942040
1005002342205280
1005002420260381
1005001531138301
4001121537646
1005001909197567
32951474470
1005002398576164
1005002384901389
4001213211182
33003608838
4000060319157
32955645460
1005001267139503
32909035434
32982623895
1005001694207498
1005002002784011
1005002383877094
1005002298662814
4000780393750
32863180189
4001120188658
1005002124754430
1005002311389611
1005002243956836
32953052720
1005001659314039
32794205548
4000160625861
32578964247
1005001507021032
32399144526
32723854114
32973314039
32975415724
1005002220915192
1005002017593611
32313831398
1005002356743997
1005002461825148
1005001586205893
4000068260886
1005002498943774
1005001412739409
1005001631865294
32993901793
4000780536491
32844477491
4000860493958
1005001519919279
32984050475
32942840203
32674358811
1005001842983951
3302750969132949766462
1005002371920497
1005001379469524
1005002241418274
1005001835315291
1005001877453120
1005002325133922
32814890266
4000245048858
1005002312251440
32982214794
1005002342097285
1005002457364199
33042019104
4001038955576
32958368114
1005002070626771
1005002276183012
1005001683125775
1005001520318724
32862896787
1005001741932331
1005002191639100
4001024739175
1005001834992149
33008329765
1005002327983058
32841468021
4001302216623
1005001860343647
33030543595
4000114328625
4000023228196
1005002245606849
20000004509617
1005001618038842
1005002363633227
32963885573
1005002330428375
4000041485793
4000403022013
4000943694039
4000461126384
4000670640648
32629931921
4001016157025
4000173193995
32849303360
1005001918217447
33012423036
32252651585
1005002073552636
4001354481400
32887413608
32463094003
2023318513
1005002282360334
33041927731
1005002301535347
1005001348765623
4000290674851
4000558263255
32800429257
1005002028372741
1005001736688753
1005002003567821
1005001357654852
4000530170832
1005002346782645
1005001953072968
1005002394829036
1005002286982319
1005002316619681
32874455053
1005001798566188
4001339563415
32797846847
1005002055056013
1005002314908595
1005002457434534
4000900004274
32952955304
32891837037
4000059987737
1005002367642470
4001276725507
1005002289819197
1005001645374764
4001077591047
4001127707022
33012211447
1005001910253849
4000986762425
32839874655
1005001659400214
1005001980462854
1005001934013523
32934662595
1005001802650694
4000378608870
4001315404092
4001205759455
1005001877577770
1005001874230073
4000860641864
32733678018
902607927
1005001471923006
32663467145
32945273278
1005001855311432
33027541315
1005002116117527
1005002408077053
32370498298
4000120152331
1005002264094416
4000085333718
32927666412
1005001815657673
32909046606
1005002185342206
1005002344299249
1005001407441165
32921532862
33034564948
4001046004399
32676192316
32855440347
4000897561972
1005001961432328
1005002086645474
10000357986628
32951489741
4000720639305
33000274257
1005002407020470
1005001698268824
32849429877
33027369849
1005001488634646
4001056716278
4000895446074
1005002323411976
1005001548015492
1005002492912240
1000008156672
1005001922703225
1005001377675158
1005002427819792
4000814923714
33012635215
32838754350
1005002378437585
1005002488159082
1005001656936431
1005002398393776
1005002490706780
1005002330728759
33053182891
32967821063
32977626254
4001358301256
1005002087035822
1005002382310117
1005002373274591
1005002332945183
32957541105
4000812324988
32218183521
1005001954788882
32744286141
1005002471511051
32804057021
1005001412093114
32977086869
32963692366
1005002290182446
1005001585128700
1005002213730445
4000180260830
4001157473833
1005002367175707
32812283698
1005002483737099
1005002090040890
1005002393888509
1005002199381603
1005001889312085
32838389506
4000434151544
1005002164679177
32958627638
32688979723
4000903807984
1005002320980162
1005001651640853
32838417981
4000286474822
32903480342
1005002310764633
1000008156668
1005002285651866
1005002353061843
4000656152444
1005001496725484
1005002315620127
4001293795565
1005001916501317
32799496177
1005002397932075
4000465865663
33001697785
1005002201694909
4001077220451
33030968874
33038015748
32814661484
32917623996
1005002273957226
4001003728749
1005001694323233
1005002440556257
1005002454455136
1005002340237571
4000267627416
4000726998746
1005002238929155
32846535585
1005001479114459
1005001619508488
1005002454501194
32984690343
4001306627689
1005002184158577
4000295042288
1005001708958398
32839427303
1005002062235537
4001263524343
1005001974947500
1005001731824903
1005002262860008
4001233105018
1005002340844040
1005001581622666
1005002323932856
32642076624
1005002375499590
32979001483
1005002388078863
1005002226042669
4001071589627
32988714119
1005002433447432
4000297249205
32850167980
10000040116527
1005001506766970
1005002139640204
32921161958
4001022594347
1000005579500
4001053195680
1005001545178891
1005001348894176
1005002307143351
4000207348839
32626022657
32985595691
32541375240
32660642402
1005001731980953
4000698704599
32975668009
1005002444517638
1005002310517243
32810673379
1005001389497264
4000469194469
33005704790
32860567490
1005002469301763
32905976123
1005002054779213
33057031733
32830550552
32805502822
1005002271261151
33018361255
4001195618257
1005002264573052
32967550875
4000712714609
1005001967020860
4001061848696
32982379487
4000019707876
1275105365
1005001326075960
32878257002
1005002366207429
32996333628
1005001835180661
1005002388087388
1005002314199493
4000829939699
1005002105042221
1005001901254387
1005002026655873
4000317931756
1005001815275600
32901799010
1005002339975155
1005001326441947
4001258999716
4000112447157
4000525888057
1005001710618340
32838981794
1005001935812832
1005002293808825
1005002480370191
4000684599720
1005002424345823
33009391080
1005002305310857
4000552021004
1005002474483599
32471197907
32647024014
1005001621073610
1005001717897489
32784920521
4000935216813
4001302634135
32889028953
1005002398726175
1005001699161052
32956170582
4000131395127
1005002333126258
1005002136856635
33044862863
1005001946551625
1005001667019183
4001294104784
32954018555
1005001638249013
1005001792090823
32985301178
1005001652333413
32897796882
4001181253484
1005002256623985
1005001280583239
32958005438
1005001859432775
4001115643402
32796300400
1005001961611711
1005002413897382
32840752463
2015980663
1005002425755656
32975320967
32888330019
32827932505
32853370100
33026054361
1005002205913484
4001221476261
1005002258699237
10000210187941
1005001702421853
32530423470
1005002247199822
1005002314454486
32995958850
1005002245991634
32845390075
1005002280661151
33025047906
32805087802
10000032373457
1005001869629755
4001345828178
1005002239337618
10000300149380
1005002336768444
1005001948227072
1005001762064644
1005002307627903
1005002369509447
4001080951144
1005002226334965
1005002323198498
1005002276006790
32905680034
1005002063988919
32923928936
4000465300737
1005002295445712
33003060186
1005001971143354
1453949116
4001241410470
1005002335239383
33051699371
1005002317520191
1005001422717448
1005001722301223
4001250469216
4000107388058
1005002490309757
1005002309628678
1005001732421293
1005001854323505
1005001402520788
1005002246699175
32946344695
4000076384721
1005001922730676
32884470118
1005002369309998
1005002131052039
1005001962827203
1005001415799316
32969587542
1005002271996101
4000321166710
32983328960
1005001579161429
4000374998323
1005001816891321
32967200915
4000054264315
4000787016750
4000090254745
4001280225702
4000467237881
1005002213867188
32797577214
4001153027896
1005002342458889
32378023737
32903129753
4000785215088
4001141734185
1005002143007163
1005002335355122
1005001593288954
1005002484035707
32895031110
1005002058080612
33012306421
1005002477134481
1005002335436557
1005001615427112
1005002305931634
1005001942974020
33048562538
32851900769
32994016564
1005001907215003
32820636293
4001034604627
4000765338432
32907647853
4000170803297
1005002449488666
4000002482478
32834170266
1005001279542654
4000240388056
1005002267486265
1005001360433823
32839835268
1005002382230384
4001364170322
4001239157108
32961886009
2012693303
4001088745822
1005002371601009
4000887330657
1005002384787548
1005002117499002
32751211745
1005001890569596
4001168729306
1005002260051660
1005002465231874
1005001549143184
4000664994011
4001038641159
32858717401
1005002309177472
32835115733
4000023219864
1005002238879760
1005001925981789
1005002254521614
1005002166629949
1005002232820240
32955343614
1005002319182229
10000120190895
1005002278180669
4001327202407
1005002462279833
32963803129
1005002320468165
1005002283768478
1005001901634464
4001270185503
1005002384731628
1005002255146133
4000203161351
4001013091236
1005002232928413
1005001972152066
32418648909
10000012902883
1005001417759343
4000028235974
1005001414202707
32849333911
32713296637
4001134275140
1005002480390823
1005001612976901
1005001268865237
1005002401729682
1005001989456408
1005001823029220
1005002349826680
1005002242624543
10000395853504
4000989068835
4000074493818
32895464797
1005001515773978
4000498624116
32730146564
4001120001054
1005002254657433
32396113320
1005002207557929
1005002417250298
1005001515970393
32923948464
4000879485211
1005001694253317
1005001928929064
32961921021
4001172802065
32824392028
4000986188009
32795862880
1005002243463710
1005002275645523
1005002103046713
1005001333128827
1005002238895060
4001119599018
1005001382375081
4000087423854
1005001798704702
32576265774
1005001975424800
32832934162
32788919226
1005002468824930
32369797501
4001197323958
1005002427288384
1005002478331837
1005001598276667
4001233680256
1000008424546
1005002448349313
1005001356072828
4001005789584
4001347430136
1005001608764031
4000447044641
32995728541
4000464547882
1005002309740743
1005002318502528
1005002271248825
4000052669919
1005002224097492
4001166610700
32998856143
1005002311078917
32904813387
4000437473939
1005002317527299
1005001511391644
1005002398684808
1005001804137488
4000026516358
4001090618838
1005002266929006
4001177082607
32847664771
1005002321034874
1005001949178025
1005001418182654
4000433400231
1005001639111757
4000677582189
1005001657954868
32784312411
4001061348084
32758315574
1005002461902298
1005002293712337
4001361238377
32917012926
4001153284644
4000351238773
1005002322871381
1005002420162271
1005001615389126
1005001731197961
1005002381619023
33030058290
1005002341390893
32895398290
32911976168
4000722993448
1005001896071379
4000945156878
1005002327582924
32802251460
1005001535205094
32848114286
1005001418235710
4000545821337
1005002467531044
4001125315193
1005002359616471
32958212515
32885664608
1005002322287479
1005001862533651
1005002375094951
33036148367
1005002291445583
32975716838
1005002450607393
1005002268665048
32974815330
4000179203479
32897288552
1005002334440836
32817953293
1005001992842179
33062706680
1005001953726938
4001223248432
4000265656567
32921858626
4000546527758
32972650049
1005002356194127
1005002449004826
32999454512
1005002205428193
4000481711331
4001148274507
1005002295274223
1005002174767606
4000251832225
1005001834893053
4000153045909
4001079501253
1005002448652654
1873350735
4001183448582
1005002298603462
542040710
1005002288265098
1005002092384796
1005002304702283
4001232894760
4001360732789
1005002068133954
1005001864271630
1005002361443649
32906907103
32911667901
32721624595
4001294654156
32956421074
1005001993609999
1005001364079922
33009168232
4001308119043
32847632428
32607834712
1005002187680442
1005001792645528
1005002474951013
1005002452694439
1005001580720544
1005002271122533
32729568836
4000123541571
1005001311844874
1005002228245639
1005002314664471
32817411450
1005002293357530
32856129429
4000907440559
32960610929
1005002363345469
4001360033365
1005002117345621
1005002315172311
1005002416680887
32841802032
1005002377402093
1005001364333099
1005001851026690
4000956365148
4001217933596
1005001837736807
1005002480994275
1005001918207366
1005002221088685
1005002064792707
1005001549578344
32787865091
1005001598958341
1005002469041485
10000314789449
1005001956524606
1005001456431633
4001131739836
1005002371543908
1005001516797205
32955879624
4001038748715
4000347027103
1005002271822465
1005001325245822
32970557207
32850778091
1005002418410975
1005001834907615
4000238807453
4000575488994
1005002129438581
32819611679
4000010972155
10000366609343
32910039215
32950033257
32886180463
1005001902506899
32858946261
32603844967
4000674624663
32835871743
1005002300905672
32999456776
4000920281331
1005001701166637
1005002317296262
4000905500045
1005001856260130
4000162598653
4000112868000
1005001444216965
1005002467534553
1005001628072494
1005001996806697
1005002253142154
1005002280359532
1005002326776256
33055687229
1005001957885463
1005002243473607
1005001511420398
1005002245369895
32977805518
1005002442370218
4000369590097
1005002398694022
1005002097375416
32970046144
32805742398
1005002206521313
1005001365271587
4000722932171
32818931759
32941807412
1005002277234568
32974761151
1005001322810384
1005002164556923
1005002224270877
32959953373
1005001995264396
1005002104766292
4000367242919
1005001652119311
32974613636
1005002270561725
32839733072
4001119154719
1005002440689814
32913611877
1005002381423088
1005002253390297
33036943718
32886414665
1005001764222713
1005002092303073
1005001533154986
4000415912784
4001223450315
1005001381803450
32618201716
1005002233807095
1005002240151206
1005002419953344
32816853486
1005002114645612
33009431618
1005001291960986
1005002270683811
4000597889520
32910451434
32792398878
32858969692
4000530290655
4001282280931
1005001968004860
1005002153038376
1005001775490147
1005002438369115
4000925737008
4001219709704
1005001488839803
4001076453586
32962214536
33010508014
1005002412336441
4000922736993
1005001604514492
1005001313120899
1005002104735741
1005001280554921
1005001525543059
1005002268170825
4000108420147
4000956424362
1005002293009705
33059776034
1005002239021489
32988113025
32929593086
4001132058441
33005912622
1005002042777771
1005001437885796
4001156569794
4000297142380
32922956996
1005002395955105
4000758270298
32948721738
4000929644139
1005002092427875
529361532
32848872090
4000789656380
1005002431781787
1005002348470870
4000864651777
1005001999022218
1005002315117336
1005001975203136
4000955857625
1005001499066920
1005002456984496
1005002212309045
4001171650622
1005002072997143
4000531881555
4000443342823
32850850457
32960349610
1005002030185003
1005002011038489
1005002212263915
1005002400333747
1005002167808452
1005002281063430
1005002206442360
4001079984290
32962946338
1005001457358321
1005001705091980
4001107284168
1005002036035593
1005002332996422
32856202817
1005001439714723
1005002321794000
1005001888160459
4000744781888
4001268811516
1005001511270013
32894403621
33006587223
10000350807119
4001147326940
4000005992310
32796904136
4001007145331
1005002350804806
1005001968368762
32668839992
1005001950107863
1005002362455138
1005002266056283
4000116792085
1005002344760611
1005001379620275
4000744255698
32617808510
1005002180483001
1005002306367709
4001257346645
1005001519921050
1005002358726034
1005001721371306
32883124455
1005001992283394
1005001632368826
1005001698627339
4001270424450
1005002400525563
1005001512238186
4000187254103
33042832940
1005002306590643
1005001617026033
4000151210389
32659121093
32895553327
1005001936193983
1005002397810544
4000189567668
1005001652778697
1005002442479759
1005001950443789
1005002417588937
4001246060568
1000002007751
4001270312857
1005002324482935
1005001477997958
4000891972825
4001106439148
4001115604614
32636620823
33000545625
32834275733
4001241229757
4000854095105
4000624873673
1005001890573344
4001217450610
1005001610302743
32893267156
1000006109138
32967292401
1005001673298974
4001056724209
4000176654054
1005002478295796
4000221118763
1005002302187995
4001231562460
4001179718930
4000496523965
32952546879
1005001295232376
32908814870
1005001549439287
4000534437057
3247132288332919836466
1005002105891234
1005002246659822
33040450315
33010705938
30000001314336
1005002432130395
1005002316498794
32948410689
1005002314239828
1005002055564878
32896741988
1005001682411445
4000302729423
32991646347
4000116595893
1005001706467888
1005002258443456
32811656471
1005002052605327
1005002345410368
4001228479725
1005001698714145
1005002061356272
1005001320889280
32772088291
32986877032
1005002034673456
32806363662
1005002434232956
4001037929454
32956394125
32858937890
32729403206
32213683707
33000737355
32854244790
1005001581059290
4000303271129
1005002489617892
32838601155
1005002311441610
1005001516822641
4000933795180
1005002449754828
1005002329362776
32367882337
1005001982766557
1005001311110381
1005002337261930
1005001883978716
4001228527092
32789351229
32969712897
1005002046494070
1005001828971911
1005002194307640
1005002006788485
4001122282182
1005002033561967
1005001407132865
1005002301549779
1005002231737230
4000278087019
1005002309963733
1005002481935886
1005002363709040
32957127114
1005002314288771
1005001823245487
1005002314891320
4001360941088
4000761626126
32954275443
4000183655257
1005002273370687
1005002196857538
1005002259845938
4001120005777
1005001622805332
1005001864940335
1005001430689430
4000389488306
1005002014785263
1005001481718739
32812155199
33045447181
1005001854151220
4001047387333
4000391884449
4000161963733
1005002366248339
1005002208093151
1005002367304952
1005002292426869
1005002348509325
1005002337571936
32766848599
32612770775
33033494646
1005001757525910
1005001779822717
4000699827751
4000965688443
1005002438195660
4000379126230
32821632270
4000580434234
32344922934
32829109421
4001347544306
1005001997932635
1005001982910618
1005002398436205
1005001324498427
1005001704235545
32794574200
32838127729
1005001295559149
4001031648061
32978951061
4001326323525
33046188448
1005001584479959
32969623666
4001155195204
33008524606
4000118004788
1005001273471738
1005002426929186
32917893248
1005002304205803
4000735505319
1005001897478825
4000460321132
1005002327826795
1005001375462756
32240592836
32798546748
1005002122397538
1005002314305743
33025447325
1005002465493036
4000351269441
1005001896953294
4000781201839
1005002305182339
32958545343
1005001869744901
33024982161
4001147712789
1005001553858111
1005002419612247
4001125603023
1005002419107333
1005002309726130
32861391150
1005001737361625
1005002277665036
32894341518
4001065093552
32376694661
1005002364679248
33009475490
1005002369013867
4000955757780
10000397765187
4000280073176
33013253940
32957925852
1005001825401240
1005002438221764
1005002046612785
4000887835826
4000636904959
1005001290490853
1005002277399436
1005001928362530
4001153928362
4000945233271
1005002308531848
1005002254282367
1005002198848055
1005002101698587
1005001961071057
1005001908325701
1005002395865331
10000157364237
4001114648363
1005002254453837
1005002443460863
1005002339668753
1005001985786532
1005002233773995
1005002275648374
1005001879857305
1005002101057388
1005002343407023
32960541625
1005001877680349
1005002447739697
32946924171
1005002392682238
4000263681144
4000969220497
10000393252394
32810164132
32798970403
1005001356237309
1005002340824324
1005002233458219
32845679678
33006742276
1005002239647897
33007590660
1005002258000863
1005002352260989
1005002253687375
33008792778
32948758979
1005001399247994
1005002317397307
1005001958617922
1005001314663647
1005001867219842
32816791381
32855051400
32902686200
32975080519
4000085753998
4001227541288
4000236509892
4000035654350
1005001966533482
1005002169142985
1005001891699983
4000960301182
4000096533910
1005002375311658
32965942015
4000082081182
32854586105
32889385344
1005001985498550
1005001528890250
4000804503893
32657793324
1005002200129874
1005002359927080
1005002023091892
4000695574360
1005002397698308
1005001394054589
4001309049273
32903654152
32976455578
1005002288111448
4000864248856
4000711954305
4001287583984
1005002480148571
1005001883874657
4001221970665
32865133158
32978495213
32951659484
4000734385650
1005002344899099
4000504090506
1005002232036025
4000987435636
1005001310609538
1005001485414472
33040290055
32219951477
32882801909
1005002231936465
1005002321658994
1005002253750644
1005002368352638
1005002253841565
4000156342026
32887336667
1005002300994604
1005002383373527
1005002408704677
32978275600
32370082730
32933334300
10000112601855
1005002205193251
32982486589
1005001280059701
1005002253926140
1005002315230062
1005001632786424
1005002417271571
1005002133108741
4000955740654
4001257218892
1005002319294905
1005001920267460
1005002220168888
4000193965884
1005002358407094
1005002242262946
1005002237488999
1005002333867179
1005001323175821
1005001567339445
32908160597
1005002281753979
4000042411437
1005001874050354
1005002393668812
1005002461779785
32857485670
4000977025630
32251524698
1005001973403973
32889558446
33004284108
33062426432
32915792870
32820305792
33057112753
4001037932275
4001189694799
1005002372774900
32970475056
1005001573324562
1005002344514583
1005002199993989
32724023915
1005001355792068
32905863329
4000794585469
1005002443909448
1005002234957556
1005002146514078
10000395952394
4001038746690
4000449769790
32845793323
4000180111266
32800696914
4000639604718
32527644633
1005001485255462
33048902351
1005001877727060
33023717885
1005002432530490
4000805256318
4001359558297
4001244633775
1005001364656545
4000293709765
1005001780745548
4001349838810
4000309437391
4000626127137
4000782347638
33049886953
1005002363770611
4000187528109
1005002302405095
32855956880
1005002254144636
1005002307635438
32911245363
1005002289973817
1005002437725127
1005001505677346
1005001783258457
1005002333767799
32781265973
4000771252635
33042042243
32764082914
1005002245142206
32832773012
1005002470266061
1005001639353261
1005002425319196
4001146612855
1005001446762701
4000789636960
1005001620880303
4000249744734
1005002265680862
4000339883868
32834918727
32377388883
1005002420802954
1005002453913239
1005001593211453
1005001834724754
4000031269860
32970706471
33009635524
1005001586211993
32953981572
32854956659
4001109165361
1005002117382921
4000618668901
1005002244892200
1005001274005002
1005001605889983
1005002273765339
4001079521919
32989659166
1005001616001882
1005002115623958
4000411486611
1005001695789139
4001206951221
1005002409257576
1005001860349563
1005001580046745
10000002726830
32864705173
4000365192998
1005002454537838
1005001679222960
1005002358313816
4000040905290
1005002402016692
1005001406586879
4001154053846
32953340876
1005002294897065
32675364916
1005002077557078
1005002219460763
4000990924026
32601268647
1005002328927121
1000005382871
1005002314398385
1005002284536906
4001322455895
32840979289
4001155382282
4001030908084
32881663232
33027513673
4000832843331
32969478183
4000094196898
1005002077398169
1005002333312189
1005002033078866
1005002475608489
4000830599920
1005001820933065
1005002328547320
4000107521025
32852146331
1005002362809569
1005001562745534
1009523122
4000186353377
4000077156873
508885015
32809509492
1005001823638981
1005002440151426
4000627993715
4001052661203
32856169141
1005001450655362
32809790227
1005002442639823
1005002334506232
1005001355032129
33006988019
1005002263979887
1005002351184496
1005001936430007
1005002235836369
1005001960293611
32804620833
32989370171
1005002263953262
32288198203
1005002078670307
4000905512548
1005001907167073
32958168077
1005001685848463
1005002319250233
4001075089037
1005002428023874
1005002340678234
1005002225889792
1005002450053177
32855930283
1005001438742523
1005002344568797
4000199806642
4000944697631
1005001914165930
1005002310633885
1005002347482093
4000537411519
1005002272454742
32580941693
1005002324984158
1005002007880369
4001264744277
32365453397
4000427317566
4001211079880
1005001639719582
33029734215
32669905772
33057950700
1005001756274231
32882125975
4001093146279
1005002443079159
4000701823777
33003591650
32887511457
4001090705990
4000986846797
32885413901
4001185645442
1005002093522769
32949042646
1005002278124054
1005002324716213
4001235599172
1005001863652069
1005001658613264
4000822658761
1005002351389664
4001318863485
1005001597826898
1005002085343097
4000288604120
1005001957574116
1005002322938759
32495546959
32847286808
32851252872
1005002144114670
1005001670716987
1005002309395073
4001021594321
4001232979613
1005002498953875
1005002114708802
4000558600438
32954348426
4000008411946
1005001505591235
1005002363439333
1005002295471132
32911119904
1005002327581666
32891455076
32796711785
32659721776
4001206211649
4000958135046
1005001350836728
4000359101059
1005002407519978
4001208771118
32998917350
32852138107
32214402177
1005001603001015
32939458843
4000546552444
1005002251009394
4001218892490
32703541379
32997401634
1005001765309313
1005002344038463
4000579046310
1005002399815077
1005002362039410
1005001773246953
4000848129096
1005002296986234
1005001727381744
1005002431740210
33035564060
1005002239238540
4001126855260
1005002466333602
1005001331393688
32975327748
1005001671309079
1005001707967599
4000451018947
1005002350950701
32987396025
1005001600175096
32956171753
298550591
1005001470156178
1005002355626150
1005002490491335
4000321765397
1005001566952427
1005001331231843
33014948501
1005002250653841
1005002454067591
1005002057970905
4001009404499
32839138867
1005001773450904
4000511812486
1005002218825244
32918972345
1005001526334298
1005002400540381
1005001845432749
1005002428531392
33012275713
1005001736714452
4000368130884
1005002280923024
32861960289
32916009912
32723952213
4001108639575
1005002311350122
1005002289072525
32475560324
4000356082660
1005001541145098
1005001666654553
4000344630724
1005001700616740
1005002292421339
4001038684230
4000122310306
1005001500611896
32985653805
33041320209
1005002288107964
1005002317844144
32862525376
1005002387052188
1005001341272598
1005002224068884
33008943989
1005002378149798
1005002320984293
32999105070
1005001720359353
1005001792954905
1005001453742207
4000284165822
32923990678
1005002352909443
4000630918180
1005002177738005
1005002306453317
1005002484855653
32898998644
1005001736760670
4001165255926
33037393330
1005001479037845
4001109982934
1005001680243508
1005002461227834
32978664406
4001204871846
1005001887661890
1005002207619455
1005002490091978
4001050791908
1005002253463598
4000850680246
1005002316638517
32876693420
32810936691
1005002282407322
32905422590
1005001895928818
1005002355286269
1005001504400080
32731572300
1005001995995722
1005001971407983
1005002409728553
1005002079868963
4000079916721
32937128428
33000075467
32727658357
1005001380941061
4001005419782
32965625231
4001201349217
33000565209
1005002009013168
32951791243
32926322914
33002407845
1005002315537436
1005002459129938
1005002323596744
1005002448298679
1005001990658932
1005002083964180
4000955869133
4001279013113
1005001869117482
1005001971713714
1005002426607201
1005002186478483
32944672831
4000358326545
1005002443501356
4000800442534
1005002260237775
4000762509719
4000437610249
1005002454294411
1005001519810859
4000979823902
33030527915
1005001704924586
1005002314325371
1005001326652282
33013819485
4000990180229
4000985131243
32949827251
1005001936377375
1005001410729159
1005001349454496
32849538182
4000329872925
32999086165
4001221244842
4000562062095
4001297251900
32825395154
4000785301069
1005002474092300
1005001892769026
1005002373422333
32392624093
4000036308207
1005002386869276
33052420796
33038500922
1005001380804219
1005002219737484
1005002462584403
4001290379678
1005002335787531
1005002358239467
32778902442
1005002339019320
1005001612756825
1005002279883023
1005002024219760
1005001335537259
32820156706
1005002245877641
32537286149
32919821436
1005001897407041
32960792528
1005002440182451
33049081361
4000143462353
1005002395637732
1005002324753204
32736182322
1005001472231539
1005001700290367
1005002455265140
1005001731109836
32850644596
4001296153681
1005002280693883
1005002275815737
32876339220
32922454710
33055280098
4001315398151
32636891333
1005002320532888
1005002480724661
1005002204340346
1005001718141316
1005002104813772
32874965513
4001130775017
32997877341
32966215858
4000004962435
1005001305043027
1005002322963507
4000318241368
1005001506568951
32915591787
32833642180
1005001873652437
1005001972030026
4000792544489
32853802024
32882212522
1005001983016955
1005002396128521
32774209471
1005002245564991
32921386284
32963118635
1005002377161259
1005002299301460
4001263542454
1005001710445105
1005002364519163
1005002316414392
4000272410293
1005002432814304
1005002208261002
32808223666
4000358434475
4000248977642
10000369484108
1005002382193399
1005001987052267
1005002371748088
32886308026
1005001590588508
33037648421
1005002232371156
4001366083335
32893715738
1005001770864807
4000605521304
32924965395
32584230044
1005001693107660
1005002262457120
1005002244293894
32855898957
32628933299
32962210130
32670291676
1005001678237835
1005001819017158
1005002482809419
4001219107283
32962152260
32972741423
1005002226194324
1005001433074904
4001111824897
1005002323345161
1005001907073835
1005001890251354
33001174176
1005002405119301
1005002340861109
33017180382
32859098001
4000237510231
32955255163
1005002143533707
1005002476720786
1005002281759991
32977202344
4000133064699
4000011178811
1005002046068937
32961175328
33057546493
1005002046109992
4001233969687
1005001915728713
1005002033864278
33012040083
4000327964666
33053864538
32790916348
10000417743116
1005001332224106
1005002027566059
1005002245679193
1005002453652659
1005001519683454
1005002306168071
33006577516
1005002395044631
1005001510809553
1005001920885272
1005002185115823
4000843234617
1005001844038515
32970491273
1005002482067168
1005002001922591
1005001568309317
1005002258456193
1005002021640006
1005002461642753
1005001361032941
4000974691256
1000008416864
1005002293973945
33007226347
1005001798606903
33009881124
32977801437
1005001623595262
1005002428588611
32864258680
1005001360209804
1005002234144450
1005001960119901
1005001573638837
1005001792628910
4001191665308
32837017860
4000998847774
1005002304341147
1005001354248724
1005002287680640
1005002347092684
1005002496971136
1005002271163471
4001218108373
1005001298812217
32971395514
1005002454332050
1005002385762863
33013004159
33025800664
1005001645634035
4001251783475
1005002305246883
4000200406866
32963819456
4000718413655
1005002327206373
4000793395453
4000812540854
1005001939184345
1005002287300051
4001166636919
1005002275418609
32952005134
4001154854413
1005002374701823
1005002302221323
4000538665233
1005001446863447
1005002315605480
4001294795399
1005002224166923
2021037441
4001339786541
4001047302743
1005002304306900
32805460118
1005002376433526
32946635026
1005002286695045
4000959682959
1005001448381141
32918402741
32906900165
32597543675
1005001398366772
1005002075111512
4000263924148
4000353658445
4000777826424
32961467798
1005001860833322
1005002321120364
33028662158
4001350070883
1005002038690594
1005001500108372
1005002362563997
4000829439917
1005001699692240
4001184942273
4001006596234
32972568254
1005002349926440
400119969425432971813388
4000168813189
32661438279
1005001798020644
1005002399038781
33000120912
1005002425438040
1005002232166940
32824327787
32995401165
1005002239283373
1005001848756590
1005002253764542
1005002316278588
32976839872
4001239014736
1005001502140355
4001094926732
1005002381964217
4001157021164
1005002481865202
1005001806216980
1005002420848657
4000906710330
1005001458313275
32892050696
4000999412522
1005001835367353
4000060248625
1005002200773612
1005002350944904
1005001341215689
1005001553321466
32970113784
4001351543628
32841758809
32869780077
4001365432234
1005001834713164
1005002428043523
4000904692763
33031633560
4000740138369
32798599714
1005001645639622
1005002275196396
32602890111
4000493198024
1005001628830066
1005002069704709
33025759132
1005001590797222
1005001763803345
1005002233836746
1005001857116554
1005002205427216
1005001495624598
1005001529551654
1005002180566950
4000162727278
10000097404618
4001220677564
1005002077643984
1005001826435402
1005002051057082
4001054019396
1005002356068894
4001233579114
1005002363744942
1005002390610855
4001230275925
1005001813912767
1005002002204855
4001300348389
32645949063
1005002313872920
10000032759196
32904602848
4000938123314
1005002042999827
10000402330880
32962408272
32838249730
1005002347266645
1000007639614
1005002238275684
32813448226
32998942171
1005001635072536
1005001848900851
4000960897282
32889734552
32921196142
1005002336552398
32858161562
4001334217824
32887567132
1005001884531410
1005001475146033
32806040624
1005002388547002
32982070161
1005001864211911
4000100427419
1005002427121360
4000989879021
4000864806407
32845768809
4000053421197
1005001698474892
1005001817478952
4000764820256
1005002291832197
4001360043391
32833312284
33044948139
33060767299
1005001641385111
4000842622669
1005002324057289
32896913919
1005002236321337
32989904805
4001294163209
4001211655542
1005001987388828
1005002372677445
1005001698532262
1005002359798689
10000385995687
1005002418385725
32868011633
1005002376609686
32809937972
32721752170
33043364321
32981605699
4000126806658
1005002034390581
1005002024535826
1005001793839766
4001175999114
1005001388033768
1005001823752335
4001055759247
32910158301
1005002319328379
4001201546597
1005001403524053
1005002310927683
1005002064930952
1005002323333328
1005002121356420
4001241436419
1005001680506726
1005002276495834
1005001920998893
33009022587
1005002095806799
1005001466572866
32622257379
1670189475
32972941675
1005001942387916
10000008145239
33034815782
1005002063360031
1005001575760841
1005001567044785
4000090561347
32998524629
32966748615
1005002409823923
4001294105248
1005002467464414
33000343711
4000623035757
1005001580372214
32974081841
4000058554099
32876332939
32915014107
1005002247504533
1005001636125606
1005002447676976
1005002197902048
32948137823
1005002406706814
1005001791954657
1005001419165598
1005001500461666
32939549045
4000896342726
1005001625368943
32867886643
4001003425643
32894329901
32904594538
1005002412756748
32911668195
1005002241481037
1005002069669483
1005002306308077
4001274211224
1005002305373706
4000849829361
1005002405471771
32858270995
4000330867984
1005002257991506
4001272738676
33030750187
1005001678831564
4000198635962
32974737843
4001248707072
32909061083
1005001402937096
4000668808447
1005001458053654
1005002347361163
4001202687747
1005001626940497
1005002369277608
1005001478508647
4000623347656
32984651207
1005002435756645
1005002417400199
33030761272
32289673525
1005001891050124
4000185001571
32979334407
1005001405536598
32903682890
1005002331772565
4001035867150
1005001698614673
33032353510
1005002467442637
1005002356707701
10000127410123
33010935238
1005001796152139
4001119048165
1005001291703573
32797463630
32817573909
1005001644276329
1005002405455278
1005001695511313
1005002292608703
1005001694629347
32513165060
1005001817064438
1005002339476593
4000829197925
1005001639224427
32822064006
1005002394062565
32778364864
4000235175957
4000209809685
32806343826
1005001537582978
1005001868802907
1005001356473354
32881104597
32795746975
4000705892196
32990407969
1005002317642465
1005001321146813
1005002435718899
1005001963512212
1005002268263694
1005001598004956
4001338594371
32890141277
1005002090799141
1005001757435305
1005002326404966
33044714590
1005001807711990
1005002365136445
10000181141918
4001061019844
33058191146
32961430793
4000655874457
1005002247632224
33010651772
1005002378300963
32596348817
32898825012
1005002042124549
32866853407
4000092575260
32431171421
32732719248
1005002373847007
1005001350879633
4000248917720
4000404258801
1005002340537498
1005001609511173
1005001596866922
4000244667267
4001277817489
1005002292699539
32955809949
32923899377
1005001797437452
1005002365885085
1005001437560474
1005002123886575
4000235773532
32995046506
4001172089146
4001002306826
1005002233167659
32795276300
32880140576
1005002311698298
1005001486705595
32481456363
32968385715
1005002281906514
1005002258952477
1005001579805769
654311134
4000100123294
32838731140
32863403743
1561751010
1005001821639353
32422561083
4000256268586
4001285035499
1005001693463242
4001108305309
1005001645594796
1005001296145030
1005002090541084
4000560506721
1005002489414399
1005002370040733
4001152812587
32954477120
1005001706728071
1005001877425203
32970265016
1005002387824215
4000972240109
1005001954095432
1005002331658802
1005002330132971
1005002108214934
32816368228
4001115001537
4000105511172
1005002011463170
32978361233
1005001828518502
4001280324689
1005001965144733
1925159649
1005002383341661
1005002482701490
1005002312985482
1005002293647602
1005002064622636
1005002387553362
1005001989800023
4000403404096
1005002496534841
1005002474132668
33010552489
1005001906267040
1005002408611788
1005001529917199
32523437958
4000714789315
1005001525602699
1005002398177311
32841661806
4000505822587
1005002251843693
1005002387973669
4001112538230
1005001876411535
1005002278714507
4000959939102
1005002122412748
32905665692
1005001387829706
32835191332
33036658700
32968710726
33012915089
32758011835
1005002475047128
33022349652
32954201818
32913074941
32901908627
4001352517262
33009983636
4001270339390
1005002447422603
4001335626069
4000848669976
1005002044429376
32657679529
1005002327716078
4001259423660
4000984121199
4000966283475
1005001946577123
4000851735507
1005001622677308
4001204897645
4001226175065
1005002356634946
4000805143221
32821294991
4000194099461
32958254543
1005002447920315
4000559087236
4000029880541
4000194992272
1005002416599678
4001275187096
1005002074214206
32958176765
1005002387618091
1005002374614916
32952338251
1005001877131940
1005002035674786
1005001918074928
1753766932
1005002399610716
4001145992122
4000641802584
1005002389555941
32970165212
4000643917250
1005001381269190
1005001579826421
1005002397763423
4001228690584
4001016219531
4000466113982
32981442909
1005002275148693
32815749569
32482708554
32918904221
1005001958453984
1005001433738530
32944684939
1005002150503524
1005001909762814
1005001971430225
10000127415465
1005001475256855
1005002362760918
1005002387606276
1005001918795860
33058789194
32812480593
32655823103
32683934198
32989001508
1005002277887765
33050293011
1005001412412234
32798067227
33027517636
1005001603427316
10000039960462
1005001985038219
1005001908273645
4001190662092
1005002263052304
1005001803228283
1005001602528944
32959953643
1005002050388171
32473935540
32800855339
4001171584522
1005001703303136
1005001472460075
1005002418538298
1005002393064713
1005001343079305
32805753617
1005002339079314
1005001763662543
4000287386289
4000830280295
32921281296
1005002466014483
32810272205
4000058427766
32842964080
33014926200
4000729889094
32530547250
32968702478
33019309570
32853796758
1005001918821605
1005002470955939
4001003609374
32952653283
1005001444877446
1005001793907056
1005002314080251
1005002205305300
1005002491982303
1005002443497729
4000736151799
33010332444
1005002021994232
1005001615445136
1005002235925208
4000890420214
4001124817608
32975389621
32687544644
1005002137096430
4000602681148
4000496333695
32859324262
1005002267883294
1005002185376008
1005002359942414
4000954981333
4000211152677
32892979679
4000869576943
1005002333615366
4000982550978
32699688180
1005002485983592
1005001278372816
32376592292
1005002399128870
32979256756
4001064770462
4000096715128
32815333581
4000533760373
1005001797207904
4000808361043
1005002449702127
32644884051
1005002058431616
1005001277938476
4001119564449
1005002392325311
4001037399667
32973008179
4000337999298
4000706476450
1005001297865731
33031220735
1005001802905577
1005001479542013
1005002390804314
32506459475
32763895841
4000085690929
1005002452427619
1005002124397383
1005002347138944
1005002233366466
32572720940
1005002460917746
32900108983
1005001281242917
32974176927
4000316945963
1005002369745040
1005002389271734
4000134278276
1005001516819180
32298093305
32959242219
1005002388296015
32993935868
4000470657278
4000282580908
32857508409
1005001956413702
1005001370228210
1005001917591021
1005002359516260
1005002295286552
1005001489889420
1005002288374056
32301835912
1701474380
32964492555
4001165118957
1005002383063202
1005002434671998
4000748238686
1005002356813996
1005001526024004
4000830602376
1005001802192390
32978803574
4000760923626
1005002319172971
1005002374861514
4000036323778
1005001782352659
1005002396307218
4000038972955
1005001906048227
1005001433589745
1005002233389859
1005001737192818
1005002171069355
4000064586550
32654947369
1005002327660807
1005002283512751
4001131927781
1005002233643951
32651216257
1005001483072572
1005001599014494
1005002297680288
32875068051
32996848614
1005002238630330
1005002499678067
1005002490440197
1005002320996844
1005002368621149
32948956318
1005002028007418
1005001473969064
4001168056797
1005001678900635
32877119592
4000208218597
4001106187050
1005002388729199
1005001875794837
1005001833752212
4001244034344
1005002292941720
32853625552
4000532755466
4001228440878
4000509322829
1005002441682875
32799697215
1005002384780440
4000078622613
32799150247
4001230728777
1005002453515026
32651362538
1005001717764416
1005002432691374
1005002346467113
4001236036359
1005001458150972
4001213486319
4000707704431
32957105919
1005001872386250
4000173687815
1005002177733598
4001018299405
32693046069
1005001570795181
4001204127041
1005002099579352
1005002063487133
33046526818
1005002314349751
1005002252608632
32682189780
1005001893534992
4001189538591
32947924833
1005002314285947
32921899650
4000360195128
1005002384537911
2043445090
1005002281900496
1005002277656546
4000246916459
1005002143791870
1005001993565261
32511997059
1005002241328947
1005001567113040
32897908103
1005002179412841
1005002175077614
1005002423856956
1005002137630650
4001356661535
1005002494037958
1005002021507640
1005002417179532
1005002428391545
32607816863
4001038639661
4001042546059
32953376259
33027517999
1005002049026657
32864358158
1005002350759341
4000850532412
1005002280953464
1005002273160591
32704014600
1005001928968805
4001023035017
4000982845313
1005001560935263
1005002204702170
33054293286
32976920697
32567809950
1005001463863859
1005001821371553
4000955168575
32820053321
1005002077474849
32868102285
1005001961097225
1005001717701383
1005002407971440
1005001704598396
1005001989609584
1005002293859936
1005001874244922
1005002288316030
1005002122399778
4000034545145
1005002316365284
4000096981466
32978319582
1005001634093255
1005001729337550
1005002428100879
32861434107
4000273888532
32855315917
1005002223758645
1005002390641109
1005001395842022
4001269537784
4000781012080
32757636222
1005002300443806
4001244545987
33045058585
4000016078399
32970544533
1005002357211053
1005002337249728
1005001966190710
33013047924
4000788647404
1005001835342877
1005002346450960
1005001493075982
1005001936540562
33029671137
4001272928892
10000328916992
1005001286600370
4001170931552
32918372728
1005001594488402
1005002377744818
4000145664629
1005002306056872
1005002413040178
32573739559
4000287117008
1005001677503317
1005002346821068
32868885045
4000111063612
4000765697638
32863945948
1005002484354521
1005002390421754
1005002336420504
1005001693299997
1005002375219386
4000992734911
4001013458051
32861998205
4001150071723
1005002291792331
1005001540503590
1005001570206428
32999400133
1005001286600681
1005002364579697
1005002307898356
32910491038
1005002382436288
1005002236065798
1005002016743362
4000313862427
4001361844604
32805908740
4001258611346
1005002418834963
1005002418045973
1005002292680304
1005002306564584
32962377133
1005001766122809
32991245532
1005001351874517
4001061241226
1005002339000804
4001076476733
1005001607553567
4000987465010
4001156463048
1005002420070891
1005001348655279
1005002031974656
4000958575134
1005001785901308
1005001737488830
1005002318688309
32924899303
4000853821300
1005002252005008
32950697975
4001237843865
32915998243
1005002220066971
1005001543579175
1005001452964573
32853815231
32580971547
1005002212440469
1005001417483207
4000322113059
32968652729
4000730737650
1005002379090298
32945744377
4000202291067
4000316655982
1005002281122492
1005002340710441
4000240305899
1005002282083970
4000251568213
1005002375149935
1005002288907758
1005002500646037
32959881756
1005002367458092
4001081787178
1005001845081130
32261870065
10000314622108
1005001616326630
1005001609980652
1005002357783583
1005002217546097
4000416991814
4001062377794
1005002319145078
4001335301871
32707902056
4000516338549
1005002355665535
32950968990
32848927265
4000717559656
1005001798407846
1005002323332326
4000515249965
4001222860204
1005002496198690
32859844280
33040021590
4000959217425
1005001775007808
32255390867
1005001633482160
1005002129658517
1005001729074188
32842700443
32908980817
32807582821
1005002001379767
1005002360399329
1005002347681138
374889998
4001293551688
4000970052089
32827447646
1005001619935843
1005002314491498
32888973663
33010878126
32959973558
1005002396137579
1005002386801428
32888175933
4000078458131
4001252529955
32874474910
4000893995738
914810657
10000012739584
4000777500922
4001104693996
1005002148071301
32799761980
32864970248
4001171980832
1005002271351353
32894364319
4000128146327
1005002340292416
1005001847887105
32961038382
32994194795
1005002300865366
1005002103844727
1005001587453095
4001118977488
1005002092856462
1005001530131694
4001147914611
1005002352843548
1005002115378227
4001099684195
32899010050
4000237762623
1005001680443757
1005002326292592
1005002291333716
4001344768839
1005001646267246
1005001321054709
1005001965466877
1005002362665057
1005001779277266
4001263961400
1005001614653034
4000084723918
1005002066583056
32687541569
1005001831097359
33027320859
1005002377778137
32688122177
1005002330628602
32845999151
1005002326795761
1005001954829923
1005002043939951
32772713345
1005001499943746
32801056229
32818764149
1005002368355351
1005002037385231
4000791433592
32819189167
4001278232719
1005001488498075
1005002333236958
1005001914693784
4000669050675
4001212511104
4000522091545
1005002393232778
32968333816
1005002401344506
10050022921853791005002309091831
1005001627696407
1005001969749514
1005002409893248
1005001966441965
32808105326
1005001327178228
10000395346429
1005001358384137
32914848669
4001228816005
1005002198783457
32972546334
1005001976228494
1005002490497397
800932889
1005002129330390
1005002354758336
1005001894861349
1005002313914574
1005002410915152
1005002253737986
33042860914
10000246478038
32952539976
4000186092181
1005001792866982
32869310344
32793039070
1005002122680880
4000170794980
32885141836
1005001614941853
4001238158164
1005002403801754
32993182816
33061107269
1005002485127938
1005002451085060
4000670054372
32924327111
1005002171187268
4000164238723
1005001718077469
1005002206232018
4000348188644
4000453860117
4001335076842
4000715418878
4001153737522
32862654362
32860706282
4001310841412
33031859261
4000195728531
4001278112344
1005002269266663
32812216879
4000466421296
1005002292860276
1005002426820553
1005002355992690
32870078792
1005002252065691
1005002311136845
1005001731074058
32909820962
1005002336954934
32882800505
4000787999817
32728819223
4000109250866
1005002339657734
1005001987314372
32855750540
4001150218783
1005002354040639
4001327146184
32969059622
4000063474943
32621867061
1005002368391709
4000132823389
32733815167
1005002362570050
1005002252475758
4000181164078
1005001631791234
4000117196121
1005001732124222
1005001780595815
32638711918
32840699828
4000163024405
1005001882365402
1005002375454993
1005002329184553
4000388071545
4001036285668
1005002399622035
1005001500191101
1005001664042500
1005002175243157
1005002421471058
1005002194147562
33044480582
33018881007
32888364329
1005002308771868
32970980870
1005002016524939
1005002459256285
1005001591765199
32977823546
4001242574537
1005001693899881
1005002341097096
32983738193
4001106042771
1005001869780880
1005002320973528
4001345321934
32615306766
1005001965585576
4000756555911
4000470450770
32815391167
4001238566750
33035207477
10000266947912
1005002438657587
1005002042582898
1005001508276615
33054361561
1005002289799007
1005001805942262
1005001627315135
33012196277
4000704838168
1005002278210209
10000313438156
1005002033511263
1005002348426200
33060882917
4001285088007
1005001930863649
1005001354758716
1005002022688980
32982227493
1005002421479545
4000740144779
1005001753104388
1005001773375575
1005002328628263
4001111658963
1005001873360747
1005002301497369
1005001864047613
1005002240146721
1005002246191363
32915844588
4001103305253
1005002411023905
32996140525
1005001348892307
1005002495206733
33032535978
4001339449796
4001351433140
32851127655
4001061103042
1005002444637403
32825354328
4000954972577
4000857128936
1005002110262482
4000849809889
32365363093
32864963273
1005001895021919
1005002423742916
33051446304
1918391958
1005002176599351
1005001966737229
4000932226895
4000405012765
32936963003
1005001845587383
1005001484126901
1586072195
32469370892
1005002364184008
1005002482196216
1005002388378914
4000228433914
32809973262
1005002246648483
1005001764892872
1005002383576316
1005002454274425
32967882991
1005001748571807
32538999935
32954079303
4001223193472
1005002492502737
32824192977
1005001889644249
4000554778765
4001186619042
4000774276594
1005001843359857
1005001862245846
4001218890536
1005002351930544
4000584983559
32855327791
1005002115284261
1005002230131582
4000243259353
4001038331216
32814342688
1005002120282043
1005002313930997
32966797181
1005001995618766
1005002465677870
1005002341481886
4001120593922
32827612276
33022261649
1005001780594328
1005001940685626
4000693578894
4001225178896
4000973634122
4001198558244
32954858842
1005002294864024
1005001614385940
4001223274812
32841961927
32629258131
1005002293718706
4001327775399
1005002297927173
4000356163991
1005002271823307
32863509697
4001245123735
1005001683874562
1005001868625120
1005001626148805
1005002186552533
4000264206611
1005002400534299
4000901846036
4000611396502
32851539653
33016717789
32753363546
1005002344308393
1005001940534674
1005002246521297
4000493105327
33038995501
1005002363412270
32786264673
1005002274086080
1005002333016729
32872855761
1005002228411568
4001230376411
32886262569
1005001632904844
32630762166
1005001779119836
1005002366099864
32959911302
4001010971713
32674821596
1005002219427614
32764116462
32849242797
1005001649609398
4000804711747
4000333179185
4001135764376
1005002171615520
32952232809
32984755028
1005002192408070
1005001303718145
33051580500
4000626113457
1005001708812691
1005001490829762
32832128569
32842790167
4000864504792
4000986614730
1005002257868255
1005002390932330
32860609211
1005001685552572
1005001889804216
1005002273020823
32971000517
4000208150715
1005001376491930
1005002115150581
32960904136
4001264003755
32796585432
32932020713
1005002266104511
1005002210853383
1005002310204711
1005002239852084
1005001470163395
32923375852
32905198493
1005001530543700
4000960535578
4001278298232
1005001989414159
4000800709623
1005002065304666
32821766041
4001199297378
1005001516305399
32804869657
1005001426711496
4001226345884
32830419407
32983816055
1005001619704010
1005002364367991
32602299510
1005002364976755
4000927341006
32629696608
1005001469187380
32992773876
32659554779
32702041547
32270668811
1005002345510587
1005002184979617
1005002166004464
1005002363941720
32916163577
32903154630
32893253487
1005002333432464
1005001582674371
32909409858
33013323507
32975512358
1005001376192032
1005002362123658
4001289455650
1005001803619512
1005001878682435
4001253421548
32855289952
33018253841
1005002260159051
1005002263805806
1005001329785121
4000689436218
4000096755724
1005002309324447
1005001675263724
4000873640098
4000901936367
4000532238368
1005001758507528
4000830363269
4001135038151
1005002345636885
1005002491695042
1005001489503064
1005002316851094
32911132843
1005001464519148
1005001652026249
1005002433452664
1005002192111094
32830585885
4000955823439
1005001573818005
32977218770
32296379103
1005001438863179
1005002435966775
1005001492989549
1005002244590010
1005001695928875
1005002273269839
1005002417430617
4001111725181
32985964263
1005002297819818
4000463467319
1005001718971455
1005002386476636
32717469120
1005001346626568
1005002281286506
4000276782125
32618796864
1005001989011836
32918392228
1005001666322773
1005001397858256
32236142402
1005002306152542
1005002428106284
1005002414268962
4001000985646
32932696058
32810354979
1005001998716984
1005002030938957
4000571011501
1005002473850843
32617084561
4000176752392
1005002180850386
1005002382346281
33007157055
33023927391
1005002399521674
33049385408
4000720449181
10000405679957
33033042116
1005001706669807
33053561149
1005002371464710
32668797964
1005001431510053
1005002007190453
4000038606715
1005002298475441
4000984079111
1005002330976637
32855960308
1005002441815859
32823075924
1005002168230290
1005002258449520
1005002319030834
1005002324656880
1005001381299457
4001064778178
1005002398741713
1005001880461076
32812043521
1005001298036737
1005001500022805
4000214825094
1005002337643448
32867549280
32390921989
1005002408100758
1005002395589601
1005001566751780
1005002291168938
33054800315
4000309501835
1005001818206134
32275663060
1005001867428349
1005001464848500
1005002194810383
4000717213842
32813934849
32958808080
1005001972157938
32701732574
4000140548749
32902743911
1005001493080845
4000305301696
32753130188
1005002384891401
1005001934545886
32717469263
1005002326189183
1005002101768583
1005002382156219
32804864774
1005001808875761
1005002472971658
32847707580
1005001555111003
1005001686118301
10000344847163
4001356519850
1005001305298688
32838224225
1005001762986528
1005001702724989
4001249956305
1005002389008293
4001050205155
1005001462515620
1005001525375649
32979404594
1005002094228937
32983320269
32801348805
1005001737368521
4001078929386
4001294936325
32953705074
32983063329
1005001843703161
1005002465815336
1005002315701945
4000040329860
1005001714584791
1005001953024143
32845318202
4000206347727
32857528108
1005001392083064
32661030268
1005001958738480
32875178080
1005002363531707
33014609115
1005002255002109
32790455952
32825580825
1005001579193894
32412938218
1005001315519930
1005001585035312
1005001597842319
1005002314716444
1005001518458049
32775135234
4000135737085
1005002279179453
1005002417332994
4000198423226
1005001952878251
1005002346202302
1005001494886420
1005002295830993
4000691218873
32529934352
1005002395432608
1005002492511227
1005001699907299
32964669109
4000529955673
4001286143573
4000072890543
1005002328478841
1005001572154808
1005002309177439
4000034159042
4000809290283
1005002271179402
1005001929719132
4000043531921
32966226076
1005002346784481
1005001609356074
1005001998671632
1005002427061337
4000010252560
4001175386553
32851586690
4000211082510
1005002254121696
4001220996562
32934991092
32797065317
1005002077817177
1005002166821073
1005002399244192
1005002210462295
1005001656914335
32524547365
1005002357570489
4000465075775
1005002318523136
1005001580334781
32798640012
1005001853516611
4000957241423
4001176456631
32579016763
32851126321
4001103254768
1005001300107286
1005002185061484
4000186065271
32651747048
1005002314674664
4001062427607
1005002232692108
1005002023436867
1005001930330366
1005002468739591
1005002289219958
1005002408506527
32795414471
1005002212021016
1005002058232664
1005001840048096
32999456983
1005002000177769
1005002288581712
1005002233671168
32791064821
1005002322542818
4001230089942
1005002314389816
4001126685685
1005002318002382
1005002381433670
33006830796
1005002458991678
1005001807817754
1005002300868352
1005002118885608
33044154025
1005002277331197
1005001345547655
32995009539
1005001666934835
32910486129
1005002348227419
32946140797
4000366648996
1005001543397308
1005001963109246
1005001779696948
33029800653
1005001831096941
32651219002
33049790979
1945273561
4001066557183
1005002091142754
1005001943738791
1005002462247994
1005002268651328
1005002466184671
1005002489742296
1005002262184833
1005001952139305
4000821827665
32959951544
1005001815810015
32862165182
4000994733255
32808266267
1005002452767863
32978056342
1005002338333811
1005001620667732
1005002079131620
1005002416688617
32808260111
1005002406235926
1005002132509101
4000686700898
1005001927834507
33030881532
1005001506263435
1357579138
1005001270482030
1005002293546486
32973379053
1005002022086579
4001130736557
1005002074610812
1005002264845999
4001257370090
1005002390858686
1005001703791701
1005002443978940
1005002322770786
1005002054369891
1005002113204567
32659144255
32916723906
1005002483182832
4001125898349
4001150554875
33007210713
32774864864
1005002360295851
32856588510
1005001324656444
1005002231500258
1005002198565400
4001297264986
1005002203924157
1005002356152966
33045986560
32714808075
1005002414439990
1005002240812923
32809397188
32801264330
1005001266617454
1005002274211763
32674143488
1005001975142766
1005002236485310
32830617084
1005001670904346
32900124278
4001360683472
1005001930704749
32764300741
1005002240223908
1005001848577633
1005001592661493
4000173738701
1005002219853508
4000264113614
1005002485667084
4000575446452
4000069885830
1005001678135336
1005001884268034
32985263947
32899803974
10000012619024
1005002442760784
1005002063143124
1005002397670722
4001189296735
1005002323701549
1005002273611678
1005002310923337
1005002038143696
1005002318476618
4000772993651
32554709109
1005002033464839
1005002235802458
32687677672
1005001779475882
32982599980
4001173779000
1005001962198412
1005001448469314
1005002108608038
33011057841
1005002128443777
1005002325130155
1005002298497516
4001200906807
1005002285798579
4000987179677
4000424926240
1005002282363568
4000731407742
32692460769
1005002321062759
4001173272747
32891875403
4000277403723
32925807168
4000843407938
1317235989
1005002211664011
4000053207701
4001079561710
1005002465114826
4000979023957
1005002413570985
4000206373851
4001026519091
32817072092
32916572289
1005002454250607
4000987997366
1005002475193815
4000895630831
33001406544
4000857478874
4000432684405
4000850542911
4000173811093
1005001319752085
1005002402662115
32976986002
1005002369581001
1005001872100314
1005001287853260
33029293601
1005001438829301
32948676443
1005001525354730
32977739392
4000228630101
4000196308064
4000336654045
1005001673133063
4000597410186
32992512569
32814802976
1005001730709764
4001211588468
1005002332300674
1005002254420189
32856688108
32894530193
33033907361
32825162818
4000215417011
4001214282233
4001032214170
1005002386517514
33024103636
10000326988354
1005001500907313
32857214942
1005002424669046
32951255700
4000907249931
4000273103905
1005002244809488
1005001854270959
1005002287758598
1005001784816655
1005001528536511
4000980600501
4000016434074
1005002254367518
1005001635122231
4000789224440
1005002408402659
32823417146
4001253129496
1005001865185908
1005001915237615
1005002224693098
1005001627383823
32989764482
1005002304011908
32843447703
1005002313102995
32856205273
4000203401973
32751061429
4001223967274
1005002228066088
4000588669730
1005002401084990
32793988505
1005001456738142
4001359829642
1005002303990641
1005002359062110
1005001763506869
1005002329425331
4001254724754
32719676573
1005002335090466
4000970459327
32656117790
32892761603
4000890861941
1005002279040565
1005001470867338
32914331649
1005002465196064
1005002365135861
33021880428
32919163892
32251766013
4000085348126
1005002314137023
1005002099106339
4001024496591
1005002263659013
32995961295
1005002467534254
1005001882374309
1005001608760025
4000937528515
33021276846
4001230355555
1005001347005004
33002706264
4000390871149
1005002457995274
4001159941024
32986522350
1005002332638706
1005002421319532
4000035048109
1005002460991971
32794347835
1005002124389518
1005002461873140
4001245305768
32965990020
1005002386317294
32824966990
1005002378167236
4000827920486
33015473754
32972286544
1005001615453445
1005001825372219
1005002341027837
1005002383221217
1005001697464620
1005002382810869
1005002280501584
32911784697
1005002440624406
4001146119679
32760131834
4001060798724
4000062506998
1005002375172475
1005002400535855
4000113848219
1005001743014663
1005001365575946
32974615224
1005001390860881
1005001621282939
32968139175
32828925677
32850273470
33012056127
4001327991037
1005002282849601
1005002424132300
4000198894707
32605391342
1005001889797007
1005001326270442
4000927737966
33052159679
32882491341
1005001346886949
1005002382456674
1005001879029184
1005002205076804
1005001572150273
4001205576991
4000050425029
1005001917263870
4001113960520
1005002440616196
1005002069212310
1005002109681659
1005002156163539
4000780556855
1005002315389487
1005002377391826
32532260769
1005001883897520
1005001979221514
32828997424
1005002323531835
4001214222647
1005002320942821
1005002314354467
1005002316236530
32968034481
4001146434889
1005002122456630
1005001854308175
33038383402
1005001603905280
1679967006
1005002481213180
1005001623308366
4000714290876
1005002491055024
4001325990882
32921175483
4000850672532
4000238179356
4000826229706
1005002130255909
1005001525243912
33039876470
32832599915
4001297341664
1005001987892221
10050014839748311005002362848538
1005002314178857
32827435039
4000344198695
1005002382400552
32905791150
1005002474240219
32999049706
1005001894591788
4000182974057
32981135395
33011587721
1005001314865480
1005001989635462
32888938759
4000434489459
1005001666866000
32859304609
4001165287117
1005001577556621
4001090309292
4001229602829
32947211881
1005001695087928
32912554616
32851873271
32956556488
1005002237846015
1005002252184226
1005002055809862
1005001808702082
4001333226661
1807534696
32697802783
4000777591701
1005002097322788
1005002435821856
4001288021422
1005002260232438
1005002401970611
32798619424
33010056838
4001021749191
4000971179453
4000253589108
1005002438421175
4000768844978
4000691974837
1005002315406300
1005002313660963
1005001849073437
4001326075107
32961897689
4001151216368
4000959636939
1005002076531658
32529665364
1005002400406316
1005002210329680
1005001915291356
33055643395
4001042985161
32779025215
1005002417566635
1005002331636899
32252868935
32995663910
1005001860902178
4000410812676
4001171004730
1005002344898097
1005001731875890
1005001704292420
32956426890
4001188642154
4000987106742
1005001998233141
1005002082192004
4000146549108
32888457406
1005001438685842
1005001329104009
32814452217
32889376088
1005001798544951
4001197671589
4001136339951
32827430487
4000885380799
1005002115799672
32911334045
1005002461790245
1005001381958183
1005002262833812
32821767170
4001092276457
32810164221
4001297246077
32782559636
1005001848717408
1005001523814521
32875576723
32950012863
4001098122958
4001101406263
32843440011
1005001350634109
1005002237596349
1005001819481180
33001517636
4000305670971
1005002395193769
32900992258
4000583253470
1005001546864266
1005001765955606
1005002317834188
32906818485
1005002334971138
4000635360825
4000747943531
4000979872506
1005002453877874
1005002344315311
4000477565585
1005002064021439
33035548924
1005001536816653
32667870520
32820823904
1005002020027810
33005934847
4000708753213
1005002200445696
1005002377721783
32844251496
32764490096
1005002277642563
4000187466073
33038652944
4000429696014
1005001731913639
1005001695519088
32866227187
33026711954
1005002465775510
1005002245981009
1005002388278409
1005001475681162
1005001495705130
1005002292100006
4001068450184
1005002234365807
1005002340928718
4000493635893
4001035025029
1005001566543521
4000931464972
1005002425319862
1005001859006746
1005002310056756
4001224742419
4000472625481
32813063473
32909940442
1000006300705
32856184597
33010386272
1005001783524113
1005001680521353
1005002341482344
33032688646
1005001373074621
4001290431993
4000125512792
32826023822
32973572702
1005002032975108
1005002275063925
4000883754988
1005002147188613
1005002310607339
32926816338
1005002347955459
1005002454311000
1005001820579456
1005002405975676
33006998355
4000592898223
32880745832
32463868558
1005002492036663
33030006821
1005002383143528
32396257770
4001220620227
1005001912357914
4001204229801
4001237619670
10000278825844
32834654056
32965725524
4001250753527
32921664250
4000661088338
1005002318980681
1005002319071717
1005001578092299
1005001689599481
1005001528994969
32862073767
10000310507115
4000699919040
1005001895010259
1005001843232927
32724408319
33011825460
1005001285815877
1005002297163380
1005002350398990
32809417327
32758803817
4001273858555
32435457819
4001251790538
1005002038977855
4000800315619
1005001763979270
4000311862900
32866557958
733274396
4001178755361
891413393
1005002297911957
1005002191217718
4000812769702
4001214203716
1005002346144462
1005001280387567
1005002241889717
1005002344792666
4001033921869
1005002311419886
1005001657890434
1005002319580579
1005002328198684
1005002256172621
1005002218586336
1005001595079303
1005001931047020
1005002167992333
1005001587906967
4000404618086
1005001346519345
32875932659
32849522234
32669115042
32838288866
1005002341054326
1005001660087374
4001260921997
4001196783275
4000379428238
1005002277593831
33018977413
32974526414
1005001643595856
1005002482938709
1005002291048235
1005002033211908
32772276026
4001045513109
1005002287821379
1005001957398752
1005001889084448
1005001385622064
32885281019
1005002261387077
1005001936864986
1005001575254351
32834551495
32901002482
4001307823773
4001207267573
1005002329174012
1005001864654768
1005002479961800
4000149338390
32793374167
32989900775
1005001967286606
4000557876187
1005001582505701
4000641010265
1005001404923294
33006144962
1005002228476618
1005002213506113
32952045997
4000201291876
10000319572776
4001227013723
1005002320029201
1005002463715167
32816027645
1005002262029637
1005002369589742
32882385949
4000134809395
1005001671000631
1005001314844061
4000966360898
32993136097
1005002364894823
10000026405749
1005002111269444
4001282568686
1005002388719396
4000652814305
1409761282
4000668598768
32846258530
1005002458818779
1005001776660400
32888858096
1005002223247427
1005002017655048
1005002080729754
1005001694079489
1005001997599750
1005002274009350
32850396592
1005002324017455
33012841210
32955635505
4000986382911
1005002282923164
4001216599227
1005002066050273
1005001899744418
1005002010765937
1005001448814201
4000219937007
33019279279
1005001976621881
1005001408421063
32806589431
1005002424531072
1005001680387808
32874844617
1005002336701301
1005002500477204
1005002301409197
1005001976051003
32841721449
1005001587336800
1005002491953728
4000817629313
1005001964170546
4001229763981
1005002460764674
1005002170757368
1005002033408172
1005001497532519
32826004627
4000945807886
4001321053077
1005002310829017
1005001912585106
32819206733
1005002346167276
1005002187819315
32947640179
1005002431553322
32963792849
32997950628
4001308053229
1005002314288695
1005001973056097
1005002384322319
4001294405002
4000814775001
33056328115
4000461726479
1005002243245437
1005002388837661
32657870842
1005002278748487
32827707835
32945401473
1005002401905855
32971638007
1005002413041782
1000007174492
32932776426
1005001707745361
1005002387002285
33056552373
4001228674699
32671096029
33001958672
1005001992220565
32612634398
32904847358
1005001891798656
1005002050464355
1005002457456036
4001141959917
32966273012
1005002463152977
4000902845002
1005002303383602
4000153757477
1005001632709802
4001250839513
4001178841656
1005002286814459
32949160452
4001028129812
1005002233138926
1005001979880427
4000295935111
1005002340877643
4000544894632
32826013729
1005002147479706
1005001868576290
1005001678558692
32953357586
1005001290712266
1005002299350721
1005002314490863
4001244985354
33005159300
33000318332
1005001621405489
1005002283373074
4000474595961
1005001603990888
32920520191
1005001310972989
1005001307660249
1005002326890390
1005002054315532
1005002286459976
1005001763560010
33044927856
4001031445459
1005002351630721
4001132383836
33038443261
1005001680517603
1005001625203390
33014138837
32947831407
1005002269038911
32869105707
1005001949981658
1005001451371942
32821162693
1005002419224367
32222344801
4000388096349
1005001982265338
1005002322525636
4001102427327
32968019336
1005002096926886
32863615575
32921103710
33058845525
32970089870
4001280255872
1005002301613861
1005001913380186
4001255741202
33003466382
32897603638
1005001906395331
1005002034325737
32949435106
32952624834
1005001967005214
32859961973
32909472334
1005002420112578
4000120717636
1005002321681860
1005002324669763
32971499284
1005002495782036
1005002321400548
33049469539
1005002054546891
1005002310556581
32964075600
32970345711
4001208830432
33034998290
1005002426003348
32970802423
1005002284073138
4000364355421
4000298829127
1005002383987763
4000278027537
4000688771955
1005002065298405
32898621930
32996565922
1005002258842885
1005001972287127
1005002381570069
32860379006
1005002089779070
1005002313112178
4001040621425
32881564514
4000027861803
1005002402675927
4000074561473
1005002143431514
1005002314462055
4001225233527
1005002120981066
1005002441864089
32885276440
1005001996624218
1005001925688419
1005002434464812
4000893238792
4000585528646
32958898318
4000911438952
4001039318900
1005002441842222
32971959419
1005001669675113
4000350475543
1005001267289306
4000688832480
1005002376775787
1005002322000668
1005002198475132
1005001730949280
1005001639137205
1005001769876845
1005001895099899
33032563391
32344405314
1005002191383893
32968767298
1005002095689106
30000002381486
1005001878010629
4001359872076
4000188776513
4001034625863
1005002071834028
1005001499440382
4000219093255
1005002383714740
1005002487452411
1005001334515310
1005002332933916
1005002245401287
32971431959
32803813911
1005002238575203
1005002272437285
1005001854398318
1005002338475696
1005001810904137
1005002219195283
4000955335368
1005001380156028
1005002172014956
1005002421270143
1005002256357502
32683448532
32671208242
1005001850891583
4000478316548
1005002425323473
4000562813876
4000401837607
32878849303
1005002482787074
32846309847
1005002362721582
1005002392846781
1005001558164374
32827708242
1005001327707152
1005001667868661
32444232810
10000011482929
1005002292693948
4000759785395
1005002323412365
4000878410972
1005002301931250
32832727226
1005002317967187
1005002304968378
4000450024490
4001203398871
32951700832
1005002314049737
1005001864807547
32864130527
1005002303616808
32958735615
32950007419
1005001349076172
1005002043694406
32964408269
4001042450289
1005001570566714
32965985411
4000525279392
1005001864482943
4000336682884
32968668780
4000575323733
1005002408704538
1005001638885388
1005002191616567
32859297652
1005002314400748
1005002239649961
1005002413447634
1005002100898870
1005002017262069
1005002304370618
1005001938004469
1005001700794490
1005002254771628
32741199480
33042933020
4000007434355
1005002357313587
4000982329218
32877322558
1005001680537467
32815850111
32950846867
32840699810
1005002256494939
1005002256607284
32926043493
32650971707
1005002331910865
1005002435697894
1005001814077487
