32375852470
4000031918973
32972141009
4000059957524
1005002212314160
1005002382404850
1005002473452110
1005001657964077
1005002001807995
1005002284559404
32978009223
32901064010
4000890029155
1005002259959042
33025485855
1005002365368456
1005001959639826
32893847981
32957934870
4000429648475
1005002482529917
4000669491310
32960973271
1005001677288816
32922290851
1005001646121799
4001008971349
4001077868232
1005002474431943
1005001332583062
32857222507
1005002027200130
4001330504584
32864344720
32959459151
1005002329984835
1005002378112872
1005002217958821
1005001337814700
1005001943058190
1005001727136161
1005002310506420
4000772947899
1005002347201539
1005001338800705
1005001671933001
32234906060
32265670267
1005002377552022
32879141138
33056800725
1005002090166403
4000979820663
4000959648931
1005002482948457
4000171950607
1005001978043566
1005002441597780
4000874677657
4001209147766
32805676250
4000804911752
10000088330512
4000200207260
33005492430
32810413451
1005002489457754
32816125871
1005002233647918
4001007717215
1005002468474888
33027541097
1005001780481525
1005001824440289
4000307078679
32705315007
4000934787577
1005001836101251
1005002241604608
1005001504544276
1005001578986651
33052644609
1005002300367061
4000352012268
670460249
1005001900017368
1005002271454392
1005002218119254
32852066389
32385374441
1005002262012728
33004705092
4000261781004
1005002295030102
33060255898
32696413424
1005001709238149
1005001721214455
4001202887023
1005002339101804
1005001708895657
1005001615835243
1005002346949258
1005002408424912
33057647602
4000162790395
1005001680516552
32840490029
1005001474703434
1005002306516354
1005001939534453
1005001459621918
1005001869076996
4001211521732
4001048930291
1005002363669624
32912233837
32892426488
1005002244172642
1005002011705475
4000296775631
33043263774
1005001634485062
1005002208017057
4000100621674
32959943063
1005002289081623
32791215653
1005001935285036
1005002315907543
32972422190
4001248861851
1005001329844241
4001333690411
1005001816155176
1005002389030015
32651576669
1005001682286827
1005002228548695
1005002344253811
32815077689
4000982225639
4000279802844
1005002480076864
32972645326
10000062817915
32976567949
4000550125498
32993073544
32994900571
1005002467633146
4001090871402
1005002384804654
4000718316751
1005001874518560
32929938881
1005002357427662
1005002341153288
4000894596258
32690555860
1005002388792556
32739229454
32977901169
1005001463313451
32909236629
4000453375032
1005002330401156
1005002119665488
32976783317
1005002443624844
1005001817386301
1005001818907972
1005002303040024
1005002345879453
4001264775525
10000146044325
1005001868520474
1005001466431916
1005002460965114
32647232219
4000966981697
1000008484663
4001157142728
32808645517
1005002276737610
32776917227
4000931336524
1005002275067556
4000498274611
1005001689297267
1005001741456856
32885445089
32568873588
32648985887
1005002239451312
1000007595620
33056841607
1005002313022686
32885797694
1005001458501835
32887025495
1005002253110562
1005002333773342
1005002346855097
1005002384102222
33024509761
1005002184831957
1005001888395625
1005001438840265
33014097557
4000543618725
4000070060896
32851433697
32675477390
1005001602743669
1005002213756992
32849542632
32982226179
32822392957
1005002312623752
1005002105308146
1005001985868944
4000626560567
1005002073637238
32840151451
1005001637874175
32885199014
32752395528
32970710609
4000562240601
1005002314917131
32805606827
4000214009340
1005001414153113
4000524849032
32864059926
4001064250359
1005001851250395
32693273893
1005001307401317
32328285314
1005001954805831
1005002331377833
1005001453036058
1005002440555666
4000560827562
1005001646412395
1005002225266963
1005001388037241
4001038340269
33023375623
1005001398455856
32966037481
4000308519902
1005002315779697
1005001985172376
4000274041401
1005001902648243
1005001821294764
1005002253046566
32932760037
4001185978746
1005001763722397
4000580674320
1005002453757059
1005001703170813
32825080462
32819267199
1005001688164067
1005002038302999
32968929417
1005001875498146
1005001888820580
1005002373174945
1005001526258437
1005001950194885
33051400075
1005002443408881
32794410019
1005002340956092
1000001842403
1005002217365199
32841052502
4000966031585
4000940262043
33035312563
4001337912546
4000136229809
1005002339592685
10000037753410
32244026143
1005001656874768
32621395639
4001260742267
1005001560000790
1005002310216863
1005002340380649
1005001875180039
1005002277663177
1005002406060018
10000069480450
1005001702989925
1005002305477436
1005001970285552
1005001489975217
4001330948836
1005002225856969
4000401479104
4001116988500
1005002371455708
1005001370046695
1005002358428605
1005002224695043
32867857376
329724436871005001960282074
1005001279482545
1005001592159576
1005001626375638
1005002434522908
1005002367775173
1005001817165737
4000246191018
1005002342191628
1005002371787254
32796691678
4000027109812
4000262795751
32852113975
1005001326635842
1847438376
1005001494537827
1005002264846739
1005001857878822
4000150700785
4001013457467
1005001698008515
32976486734
4000780240479
1005002462488871
32843138310
1005002417057442
1005002265608044
1005001786282196
1005001642934495
1005002168045874
1005002399706085
1005001935719108
1005002387301855
1005001388813234
1005002246417648
32838652261
32869275935
1005002412798543
32869581181
1005002436210063
1005002470821994
32364500693
32676842044
32841511419
1005002215327380
1005002302330320
1005002489850816
1005002197238144
32962071150
32965964645
1005002377455296
32832971021
4000297431170
32856105688
32965618991
1005001798530463
1005001703985347
1005002322423580
32760961135
32975752641
32994044099
1005002424229207
32919564884
1005001890026880
1005001726994824
4000324300620
1005002326293531
1005002271034692
1005002206505170
32946736196
4001190128302
1000007780882
1005002275502751
1005001639985321
1887836900
1005002237567763
1005002271964309
1005002237821979
4000001796659
10000154559488
4000401348821
33058173911
1005002352489691
32892567816
32979680694
1005002341338366
32964412364
1005001330683241
1005001494056156
32971096222
1005001436491835
32992361584
1005001888759533
32961922569
4001042839131
1005002330163047
1005001844948916
4000609550889
4000167091675
1005002474851187
32988064163
1005001275081866
1005002392102679
33019230770
1005002201512043
32970699867
1005002466067843
4001164051765
1005002389830431
33006124330
1005002474891763
4001151305081
4001293389785
1005002259614559
32980056845
1005001802148566
4000411843738
32875001156
4000499163154
4000090362727
1005002212908850
33003466832
32954955512
1005001524200982
1005002462350479
32831027697
4001360157842
4000990820812
1005001349523543
1005002428882466
1005001672455343
1005002194149589
4001314731201
1005002263984512
32973028388
1005002253696336
1005002374955900
32826312723
1005001560587309
1005002007981032
1005002099031340
33060363257
2014295267
1005002279493780
1005001839040180
1005001924666082
32813763227
4001284976628
1005001744163593
1005001326259706
4000830196522
1005001490724036
1005001900624674
32829369490
1005002309878783
4000467634643
32729292847
1005002421004005
32434276699
4000420651565
32952436148
4000857887592
1005002431121241
1005002370732774
32975222172
4000069157607
1005001391750969
1005001423462676
1005002384997659
1005002327204041
1005001804825233
1005002363892720
32990387410
1005002304501124
1005001829088749
33056196236
4000837550731
4000986116865
32822227237
4001226672121
1005002291541951
32838858503
1005001810741325
1005002052501662
1005002449764524
1005002315852349
1005001695723356
1005001576791134
32660473971
32889365876
4000833708427
4001084391484
1005002489268773
1005001818227248
4001287117807
4000623957662
1005001837069323
1005002418644405
10000244080719
32752648583
1005001608717390
1005002428487324
1005002089523142
1005001717948867
32884930704
1005002409388592
33000271518
1005001315833414
1005001862419989
4001196330954
1005001855133033
1005001405488395
4000200349754
33030529772
32952864610
4000695217868
1005002318870059
1005001957386607
1005001870657912
1005002283852880
4001113359050
4000480234301
4001160141586
1005002313336893
32987398099
4001207533276
4000994971137
32623298382
1005002337844913
33016343003
33031616280
33053430160
4000043946611
1005002312033983
1005002256202518
1005002404253645
4001084672680
1005002302522112
4000830933639
32957700509
4000411718192
32838812352
1005001998394409
1005002278474165
4000571098313
10000400001527
32789721627
1005001774917405
1005001984226553
1005001706062748
1005002210192289
1005002469096322
33048263341
1005002213227924
1005002467471203
1005001387201264
1005002345204466
1005002366076398
1005001509504286
1005002344183845
1005001728288573
1005002004499825
4001160530479
1005002282838426
1005002365447147
4000292037605
4000928361673
4000068590331
4001142871298
1005001298148485
4001225877940
32802124047
1005002399642465
1005001772280784
4001169977208
1005001836035825
33044668078
1005001736710371
1005002388294746
1005002219896171
4000866562176
1005001521742643
33050131025
1005001393297531
1005001387211716
1005001627206298
1005002347707514
1005001704905804
1005001727146452
4000314824185
4000806369721
32916053815
1005002282597810
32958277647
1005002281894436
1005002221567533
33056450568
33003986478
4000994299255
1005001561156683
32464305500
1005001610197674
32756549076
32881694473
4000203258783
1005002133747354
32855906186
1005002260661788
4000534807971
4000996508034
1005001439190080
4001005618122
33026511556
1005002330459727
32696022734
1005001504156573
1005001631673902
32951237534
32815907660
32792342094
1005002264028760
1005002260880085
1005001677518789
1005002404836534
1005002453748440
1005002413440706
1005001321132673
1005002357614309
4001317782048
33023506402
32814056258
1005001910565226
32307806836
10000155305473
1005002425938519
1005001367623876
1005001626500675
33049567584
1005002277736107
1005001525434584
1005002255146418
1005001752914401
1005001864449929
1005002118926474
32991835274
1005002416897229
1005001864715503
1005002245052576
4000198845908
4000310569356
33050027162
32957501590
32823152080
4000381678494
4000554825109
32902634022
1976117729
4000126003275
32970633250
32975657594
4001300205451
4000290769632
1005001663069210
4000166159931
1005001961923940
32869120734
32879783112
1005002400657985
1005002271940988
4001019150417
4000478461611
1005001719260138
1005002382321131
1005002442725752
1005002314795934
4000917201794
1005002280538691
1005001729078598
1005002197691506
4001195422319
32840354075
1005001645207692
4001171564320
1005002333663806
4001160337430
1005002317859169
32809886889
4000726883813
1005002405922898
32565545381
1005001646143196
1005002201915426
32918150681
4000628082278
1005001592235929
32800437208
33014828456
32826355825
1005001793919586
4000989569986
1005001744490207
4000287229280
4000969405527
1005001325350116
32956155094
1005001918862318
4000767711890
32940616019
1005002271700045
1005002424748643
1005002354472075
10000387388916
1005001653155713
4000921299563
32818879762
33061139979
1005001640329212
4001035099895
1005001750410208
1005001639967198
4001359265017
1005002235532881
4000479028892
32962849652
32636777650
1005002352678537
1005002130057051
32932032766
1005001431849003
1569285983
1005002360199418
32999612129
1005002499192727
4000850608120
4000532498019
4000853831408
4001228068394
1005002323528874
1005002205656488
32963585343
32797828179
33027834777
32893613446
33019822808
4001050471705
32845830851
1005002206539211
1005001433739503
1005002422142490
1005001279345203
1005002427125030
33062143187
32847494635
1005001448785735
1005001575682541
32823799844
4001084931368
1005002304105331
33044752927
1005001593007548
1005001870295701
1005001882394047
4001232857892
32868329628
1005001611698630
32973270097
32887547349
4000707542955
32873124183
32605112945
1005002339816793
1005001571636372
4001325831041
32964420390
32950920910
33026005381
1005001835704646
1005002416575762
1005002314210979
32245858118
4001263357732
1005001418984005
1005001621553382
4000086545301
1005002300968027
4001111316166
1005001437688852
32759679123
1005002240775856
32999293878
1005002340915368
4001264411456
1005002334538482
1005002003278825
1005002397612472
4001261509272
32380122676
4000346820170
1005002035414253
32926137540
4001248792708
1005002346402981
32843088098
1005002190758607
4001260305221
33028607014
1005001923028065
4000307105574
32796323798
4000230048000
33008273216
1005002432487142
4000543420773
1005001972026459
4001171231118
32845427670
1005002383223853
1005001280879002
1005002018257529
4001193584001
1005002047390341
1498330920
1005002257831546
32823209722
33038483698
1005001540018067
32992950497
1005001561239882
1005002319811016
1005001470975275
1005002205158378
32949865605
4000032307069
32819641596
4000145222094
1005001930994017
1005002033506127
4000780888968
1005002420252318
1005001835142069
33038991765
1005001800892594
1005002268882332
1005002197312066
1005001444911525
1005002432443386
4000018414352
1005001335765770
1005002277753882
1005002173367466
33000438975
1005001885336511
4001345906020
1005002323048844
1005002266379161
32947065802
1005002290987066
1005001399056238
32862635150
4000252271404
4001038341080
32836189172
1005002350662901
32864529947
4000548603294
1005002164283902
32897917988
1005002466153214
1005002293805329
1005001483440834
1005001524797697
4000891388016
1005002279152321
1005001287157666
1005001348401022
32838058668
1005001510413509
1005001769153446
1005002417254725
32947697296
1005002313597934
1005002448037929
4000411377790
1005002368706523
4000902464541
1005002324471138
32977358874
32990429081
33036713890
1005001977373890
1005002240547352
1005002016831505
1005001426736205
1005002314372251
1005002291286527
32984162118
32785678159
4000188759917
4000093167275
1005001816435175
10000169948327
32965920119
4000438117177
32982955440
33055850693
1005001438117181
1005002314481400
4000237947410
1005001865361225
1005002270552048
4000336027502
1005002367672774
32953762640
1005001570906775
1005002085229039
32882455180
1005002357679017
1005002331951081
1005001626540595
32852271139
1005001273081820
4000630149507
1005002365632796
4000450223645
10000031105135
1005002028502632
4001220705061
1005001388110234
1005002159907974
32846801905
4000959560859
4001189634738
1005002363223832
32775276090
1005002417729583
1005002488508945
1005002304457236
32962445599
1005001784814474
1005002297052037
1005001934482880
4001027115180
1005002322984530
1005001343121694
4000777187418
32965038479
32377380360
32831549703
1005001830154712
1005001757360217
1005002137986331
1005001930757825
1005001990485705
1005002364194579
4000685380347
32826965028
1005002244710301
32603904616
1005002405169519
1005002375022281
4001014715214
4000084522379
1005002235739056
32888102056
1005001580168253
4001265240722
32907611352
32902876278
4000196425464
4000216293350
1005002018239359
32852846169
1005002266715713
1005002342567227
1005002368738237
1005001670740712
1005002385707564
1005002321946123
32912607513
1005002212324830
1005001604323205
32731181324
32553972032
32707517062
1005002341245479
1005002311913320
4000336917985
4000046897882
1005001934652701
4001352824325
32926197965
32991809083
32987350829
4000903973865
32892815555
1005001370429414
1005002345662046
4000307111584
1005002055010018
4001075798776
1005002291538964
1005001890199239
32996617871
1005001267723406
32868356793
4001058398255
1005002373063414
4000588916516
32445458683
4000706631026
33029665032
1005001793407373
1005002298699906
32791911435
32970035261
32857295753
1005002291160650
1005001417980891
33010531760
1005001747529090
4000321576952
1005002310861326
1005001841505770
1005002485372122
1005001560220472
1005002394257465
1005002488647820
32426833336
1005001763259987
4000285163011
4000195985913
1005002258826019
1005002205917485
1005002377451143
32965450884
1005001433843143
32985514059
1005002167453296
32846004776
1005001419746903
1005002323351320
4000744437962
4001216285268
32996665010
32906079029
1005002476247842
1005002496788730
1005002255116806
4001198262506
1005002340827144
1005002488208145
1005001445174086
32971165770
1005002316922676
1005001323318242
1005002285696519
4000318973994
1005001759868165
1005001849282745
1005002314678456
4000980526284
32826783322
4001173863973
4001060644304
1005002169110699
4000402349233
32795144895
32891323730
4000726889261
1005001405451986
4000473820771
4001282457880
1005001397045077
1005002323235525
32977659671
1005002398693414
1005002345470102
1005001448168942
1005001520331440
1005002409987406
1005002201938402
1005002392198780
32308354430
1005001807820167
1005001725394440
1005002359268442
32601886452
1005002303859696
32950361563
32822649947
4001155860694
4000720748274
1005001337487389
4000303631714
32771765162
1005002007144576
1005002356302594
1441525456
1005002301535150
1005001992409313
4000749666981
1005002454433367
10000032914039
1005002435971478
4001198139635
1005001481856108
4001135212833
1005002101569715
32975212893
1005002443096923
4001077306820
4001163391660
4000546619898
33054325104
1005002487622561
1005002342062399
32985675193
4000329605148
4000759337334
1005002326753147
33010421941
1005002398755529
4001322851658
1005002107266646
32838932810
1005002311596962
1005002344428663
4000002688780
32850792012
1005002393607679
33043513275
1005002339723777
1005001965149604
32995697807
32976562921
32887467935
4000883066440
1005002296587020
1005002461040914
4000027661898
32845467714
1005001413873134
4000053392215
1005002356625166
32886767296
1005002382426695
1005002070258281
10000154206626
1005001894670723
32461765457
1005002279140951
4001038110225
32853226397
1005001319424517
32670722063
32922595742
4000729776767
1005001968578687
32800303574
1005001631889893
32921279836
4001121674454
4000771339622
1005002372482177
1005002259738472
32969881977
1005002167362877
32871687968
32926043707
1005002429536409
1005002211304927
1005001840367222
1005001619708626
1005002322599518
32997843606
32888913898
1005001921792017
4001354729215
1005002061538578
1005001288932170
33023827445
1005002383528736
1005001639216112
32831950352
4000641350401
32956293707
33059443549
4000342473011
4001225215164
1005001544717458
1005001725042448
1005002125425706
1005002342481704
1005001599760096
1005001970779156
1005002124437409
4001151789350
4000960658023
1005002393467632
4001047126789
1005002373319659
1005002482719883
1005001580069080
4001148349443
32878510843
1005002176493370
1005002262257249
1005002355978420
1005001511168640
1005001711407930
1005002302223770
32980477739
1005002347947467
32809341338
4001275033188
32810979374
1005002443526050
33043671797
1005002087371628
1005001862847183
1005002357644513
4001294262285
1005002301372883
1000008465991
4001305811623
32826490309
32937665756
32869460219
1005001430837053
1005001588641195
4000495359219
1005002197220469
33008686036
1005001915254427
32905781107
4001131762863
1005001773820460
32883929819
32553261280
1005002286198832
1005002452068704
4000832654776
1005002316643652
1005002473809440
1005002315772388
33055219337
32776752860
1005002363100466
1005001746288888
32548798384
33000885563
4000954989695
32963333726
1005002001162450
1005002030949545
1005001511894694
32802759436
4001324258416
1005001284444225
32803372230
32840855835
1005001992352498
1005002465062739
1005001403601880
1005001525574082
4001023107754
4001244650273
4000285530562
1005002275197604
1005001389704062
33002045711
4000875328279
32814716380
1005002425326411
4000826949831
1005002482848998
32840200647
1005002072482175
33035717433
1005001879937543
4001352914660
1005002312198031
10000287507590
4001272240848
1005002401636819
1005002196502919
4001278479323
32963609511
1005001487777500
32805265539
1005001710348898
33015998249
4001154946889
1005002453717290
1005002395688161
32790903655
1005002420695623
10000358724034
100500238242139632812793793
32907986217
4001131954618
1005001989459161
1005001560931541
1005002289435839
1005002255833131
32902299851
4001170247419
1005001835218198
1005001593682498
33004800260
33010444178
33007927928
4000580711211
1005002310448231
1005002489475332
1005002207956336
1005002339896190
1005001781074166
1005001936136117
1005002443556320
4001005356620
1005001957355981
1005001698685756
1005002127897074
1005001845387708
1005002229639374
32471117153
1005002228267171
1005002256771145
1005002004816520
32843837738
1005001758624236
4000858941127
1005001993985199
1005001768425475
1005002375016812
32656333068
32953406364
10000012601939
4000054644719
32960746110
4000196607470
32795747927
1005001747310854
32860017977
4001238744874
1005002327097297
1005001406970963
1005001584572805
4001038083007
4000120109579
33034680830
1005002301854618
1005001580123585
1005002314389306
4001365029992
1005001823840891
1005002348208805
1005002220963944
1005002471344480
1005002250261972
1005002396644449
32848483349
33036744742
32893103642
32506660230
1005002292521950
1005002318867859
32826850149
4001073656014
4001065100163
32795450495
1005002438217055
1005001873092946
4000794420394
32807711495
1005002246385266
32834250950
32879464386
4000046904528
32626682171
4000144884080
1005002361236732
1005002460814309
32617074353
1005002253910269
4001032354536
4000225789114
32856360078
1005002372413638
1005002329366853
4001241501571
4001291179946
33033162694
1005001456747666
4000328831446
1005002390764460
33003527852
1005002492065084
4000818070986
1005001579488013
1005002282067228
1005002283626640
4000558997192
1005002112203933
32813348604
4000019075740
1005002306116001
1005002223408464
4001027106783
1005001484781398
32859870353
4000039510776
1005002314047131
32877986695
4000747947250
10000420118406
4000437547994
4001272850102
33015405548
1005002288408676
1005002337712310
1005002378894896
4000572419684
1005002342588302
1005001393605825
4001133778837
32758652732
1005002119617905
32797772921
1005002037276469
32948654106
1005002394845999
1005002111841239
1005002334545212
1005001275101517
4000879467150
4000382491611
32713551953
1005001479760304
1005002090955028
1005002272265065
1005001736247655
1005002219688031
32953571746
4000250299014
1005002254751063
4000894479023
1005002333255624
4001278718425
1005002321182712
1005002314266631
1005001658847290
32957952217
4000516380869
1005002329285130
1738837728
32825583380
1005002273598400
1005002329462871
33012518612
4000280765076
1005001479996345
1005002383034924
32837259796
1005001332272879
1005001812710831
1005002294820523
1005001657026934
1005001432023837
4000086220900
4001270203876
1005002046565450
1005001905929899
1005001679220829
33018961626
32910612584
32846113460
1005001616754657
1005002124639390
32968196097
1005002156697415
4000545183922
1005001479049134
1005001671464482
1005002452823056
4000620258801
4000842973579
32821592118
1005001978114303
4000672527842
4001174171325
1005002324095361
4000492411861
32955536755
32998631431
4001215771305
4001186777548
1005002461245483
33031413244
1005002401507061
32751870366
32955055034
1005002084774405
1005001483835680
1005002378718028
1005002309279091
4000715942555
4000296003924
4000360367815
1005001452357469
32763661159
32910153794
1005002353887121
1005002417151822
1005002482799805
1005001670770611
1005002231452585
1005001670757218
32816968098
4000551713633
4000886328389
1005002368312454
4001232970855
1005002401165716
1005002403934686
1005002125118419
1005001612958986
1005001511352957
1005002287980077
1005001561194935
1005002030188109
32801142824
4000754191648
1005002384415867
1005001525490295
32957315535
32920934066
1005002362323910
1005001274914009
33005571729
4000411680041
4000460186397
33002202366
4000162871734
1005002315284448
33021692063
1005002106070227
1005002192126349
1005002028049961
32996545291
4001147545013
32973431395
1005001626210100
4000515336035
1005001781043993
1005002218882817
1005002443536346
1005001732170411
1005001505858383
1005002297154401
1005001278314938
1005002309793851
1005002263486482
32965139149
1005002363955442
32851246922
1005002075423244
32880032823
1005001930737982
32796689684
32849304728
32956382605
1005001625225524
4000469894240
1005001723235894
1005002231642235
1005001379751209
4000257658048
32826215592
4000788428019
4001222433605
1005002125543058
4000690691060
1005001768170957
32947540552
4001294863927
4000414695666
1005002259696847
32998059104
33017887224
1005002105829515
1005001310976923
1005001998978224
1005001982451638
1005002253587929
33001140852
33051683169
32945819371
32986472869
4000167242299
32997642951
32273723675
4000533676000
1005002023778162
4000902026630
1005002144940385
789377706
32620682071
32377453045
4001153685084
32991837103
1005002356231190
1005001458124118
1005001958820143
1005002384975645
4001289934962
1005002352185006
1005002007890958
1005002003408962
32834539692
32817979749
32888587152
1005002332913177
32932588725
1005002326599737
4001296029251
32995451623
32742044559
1005002256666596
33030435271
32951427354
32589074985
4000784190891
1005001656778105
32894926922
1005001907148409
33057280008
1005002352332648
1005002231583871
4000764233782
4000218268816
1005002223274401
1005002275853220
1005002353573800
1005002296907173
4000392570315
4000151785353
1005002337081445
1005002294502000
32873519472
32252573484
1005002356834874
4000276328319
1005001934779190
1005001428889537
1005001388857944
32804016493
1005002318597512
1005002314820505
1005002279103507
1005002461882212
1005001979942758
32958554724
4001279033523
1000007822232
32504557553
33056198471
4001227974292
1005002313111800
1005002404160310
1005001422616035
1005001859060648
4001297340765
33006509419
1005002278807267
4001020212117
1005001361813464
32803669285
4000756292709
1005002255945969
4000060241763
1005002116467661
4000844925573
4000848035147
1005002314313260
32983378318
1005002409640546
1005001803599634
33026594567
4000369387390
1005001686245138
4001143101148
32263047961
1005001804358708
32653265790
4000974551702
32962680197
32840359033
4000193975371
4001076841625
32924532868
1005001761913597
1005002452749788
32945533794
1005001979938828
4001102769603
32967815777
1005002001193527
1005002406794389
4001193887473
1005002332639111
4000231481163
1005001669840404
1005002055697521
32922498684
1005001878172089
4000496640402
4000545688853
1000006080694
1005001625211303
1005002050659047
4001030042635
4000545948390
1005002403676410
32994760604
1005001706207421
33014318400
4001026865467
1005002318337672
1005002019139559
32966953832
32293486805
4001041384571
1005002095214120
1005002239923915
4001184389735
32909316886
33037009180
32815009156
1005002476304100
4001175601080
4001090757875
32960686094
1005002357547172
4000789242470
1005002234285345
1005002398299266
1005001734433671
4000976624419
4001217287931
1005001524570858
1005002408338687
1005001997297142
4000773031674
1005002084322984
1005001820621528
1005002304133115
1005002305143794
1005002314419627
32365622476
1005002471510617
4000275160614
1005001266718929
1005002310865337
1005002360067289
4000349777790
33043546811
1005002431996691
4000381051669
1005001996435975
1005002367276281
1005001998912270
1005002329183228
33040121153
1000007368491
4000677698971
1005002454527649
1005002321389849
1005001308411940
1005002331854668
4000035278429
4000053319728
4001285007592
1005002372779868
32819764534
32876259524
1005002305221124
4000300095826
4000717876638
32526447464
32892898640
1005002423687149
32961970056
1005001987796321
1005002283391163
1005001692925007
1005001652792438
4000218018319
1005002272423365
4001097804931
32834622452
33039667871
4000206869394
4001315422903
1005002072270432
1005002247622735
4000991057856
1005001639965922
32959368763
1005002310647522
1005001593018611
1005002196937633
1005001657023392
33010923398
32978447627
1005001413313268
1005002318608553
1005002382397974
4001241114198
32834223443
1005002215336185
32773746569
1005002399429836
1005001899184435
32959327583
1005001564660951
1005001425554097
1005001682788423
1005002205036027
1005002441709276
1005001625192911
4001179401671
10000316334222
1005002315820935
1005002388377368
1005002122351581
33010190845
4000147666678
1005001646224678
33001568009
10000372600523
1005002220238209
1005002376705637
1005001436696829
4000688889581
32881350848
4000484734540
32795753945
33026769613
1005002265223429
33021024278
1005002246497692
4000335534000
32947390916
4000205865744
32966435794
4001028059427
4000729869639
32983228097
32677951223
32517981974
1005001763508566
4001228666704
32981183639
33016304058
1005002348609607
1005002375939616
4000837431736
1005002440803681
1005001968029015
32818557819
4001117919630
1005002307030929
1005001813662348
1210087608
4001264565315
1005001525958768
1005001959909518
32835677723
1005002381042143
4000772470164
1005001813505130
4000205261088
1005002063849175
1005002256722730
1005002363655165
1005001317087470
33001157943
1005001728670937
1005001591515927
1005002383922678
1005002302449308
1005001266678997
1005002390935317
1005002313755779
4000467957883
1005001579779730
1005001708975963
1005002018234730
4001135228005
1005002314519227
33064315343
1005002114373536
1005002312015750
1005001482302876
1005002490128954
1005001678072381
1005002441203078
1005002206319216
1005001458471762
32823600360
4001272990321
1005002020378811
1005002439577405
1005002234453505
32956893045
1747129060
1005002265024302
1005002367664306
1005002265090232
4000615100700
1005002364614234
1005002070240400
4001013316301
1005002388848292
32816014639
1005002100883904
32854434007
1005001856194094
1005002388052984
32959481597
1005002292107605
4000318297005
1005001779762713
4000900339438
4000046034604
32824068962
1005002240217491
4000436698381
1000008271982
1005001965461133
1005001965149494
4001155373459
32345527951
1005002431391778
1005002405292117
32879502964
1005002304001842
1005002294245454
1005001426707615
1005001328871000
1005001670316657
4001278828869
1005002328221465
32843781653
4000155072974
1005002281813362
1005002142844206
1005002359244319
1005002084324586
1005001845585539
1005002351262060
1005001825431199
1005001934581603
33010035861
1005001590155705
32793742629
32644492266
1005002327119956
1005002396283433
33019009064
32855467195
32620785126
1005002439115687
1005002061163951
4001108536883
1005002475501751
1005001435502881
4000432902694
32772997951
1005002078670917
1005002306472117
4001338979111
32864895971
4001134435706
32843599196
1005002372442714
1005002266863204
1005001671062696
33000525911
1005002122390322
32784553748
1005002466207116
1005001900185286
1005002129203795
33045178186
1005002252873405
4001346841636
4001135147231
32649910187
1005002185719171
4000272954965
4000209916883
1005002411297156
4000401481533
10000389678353
1005001786832001
1005002208304781
32960004286
1005001572128544
1005002411715277
33006714696
4001227942670
1005001834371931
1005002247148702
4001288559885
1005001536753001
1005002246215575
1005002277232007
1005001944373630
32892943326
1005002427470324
1005002404138461
1005002258704291
32858060714
1005002318969153
1005001488006572
1005002381050604
1005002296788681
32946424345
1005002098985472
1005001761721777
32918317650
33053453340
1005002432338748
1005001632735166
32899077347
32859248846
1005001338841046
4000860335274
32983303848
1005001520595234
1005001978199095
1005002383099591
1005002342949217
1005001717257672
4000736136007
1005001781708114
1005002292956426
4000804125823
1005001770806923
1005001901834229
1005002046299441
4001175487365
4000829642850
32884313652
1005002337820099
4001291278712
4000782283911
4001250871277
32959896764
32960143867
4000264360189
33050208570
1005001281200372
33026795985
1005002219515050
32862573722
4000321404576
1005001515755883
4000922017214
4000986278519
1005002382821601
32947599651
4000393270896
1005001903097968
4001008791553
4000834712962
10000339545624
1005001731809541
1005002248537939
1005001494320419
4000770996207
4000200160907
1005002462361950
1005002283879654
33018424747
1005001629204835
1005002314252436
4001306174409
1005001704360702
1005001615756873
4000332356960
33020790299
4000221695062
4000578707698
1005001355964354
32919550761
4000321868341
32574411696
4000303114784
4000523640195
4000682965058
1005001706744375
1005002266703511
4000849744951
1005001500091870
4000850230618
1005001627256428
1005001490628314
1005001686445339
32947247165
1005002326462672
4001231645659
1005002268222373
1005002095422300
1005002327744934
32843503013
4000376936971
1005002315128922
32646432923
4001019174952
1005001581181428
32826826347
32945628605
1005002232488248
1005002314384434
4000142084265
4000207221384
32972851809
1005001876791437
1005001789585317
1005001803532003
1005002098707441
1005001636373796
1005002438289006
1005002474999022
1005001853743355
32669651937
4000507155257
1005002374579922
4001228622787
32947500717
4001273863674
1005002314784724
4000269734657
1005001438114180
1005002399775467
1005002110387359
32919453056
32860653344
32921207746
1005002067876449
4001315921537
4000682907537
1005001573791620
32969319643
1005001286665280
1005001950314105
1005002262572258
1005001880329279
1005002462770821
32915215648
4001150534815
4000873852532
1005001906959820
1005002286735688
1005002292619906
32908238533
32755983920
4000090732404
1005001298284534
1005001520100989
4000926831132
1005002192030561
1005002298604227
32796452428
4000834471189
4000958825522
32890487017
4000905516489
1005002443063279
1005002256446038
1000005626265
33027525742
32947747824
1005001319090563
32973961325
32965482736
33042498406
1005002088948738
32985900763
1005001631099217
32916629148
32967949525
1005001382703931
4001051583181
1005002238695333
1005002310163129
1005002406254779
32922545517
1005001684938488
1005001823201523
1005002205270837
4001268517833
32883147629
4000959531932
1005002351248883
1005002398417463
1005002344509470
1005002454848545
32862561290
32833929276
33050360080
1005002233292392
32946885006
1005002388690770
1005002396823588
32994554272
32970115736
1005002313519882
1005002144714261
1005002278399535
4000546195786
4000998643111
1005002477596276
4000763770750
32960434184
1005002171114074
1005002265183721
32793223845
1005001623743442
1005001537847262
4000729679203
4000505787624
33004232017
32329744632
4000852389673
1005002477933284
1005002276593764
1005001972274395
1005002317175388
32983464208
1005001374485398
1005001984838842
32965219287
1005001495502977
1005002465015654
32840836199
1005001893487313
32844537852
1005002354408241
1005001587908643
1005001405810619
1005001880340416
32978268792
1005002304407616
1005002125052445
1005002400880482
33052343953
32871483860
4001136225850
1005002089278039
4000007334418
4001052419751
1005002128592021
1005001821413808
1005002306678296
4000583286020
1005001278021454
33008320566
1005002371825021
4000161128011
1005001764519098
4000467533328
32985583279
1005002208281896
1005001977427648
1005002351630646
32717708790
1005002394512684
32960037377
1005002017733219
4001002738112
32887431298
4001041738139
32853944092
32984799288
32664459916
1005002116307473
1005001610133842
4000477302232
4000196402606
1626088807
4000398053339
32883736610
3294459817633037205037
1005002339920020
1005002294121378
32850123184
33039603220
4000168597542
4001361026387
4001251646395
32827162656
1005001681463097
32813608548
33030002842
1711905747
1005002089262545
4001127546838
1005002492431981
32664005318
1005002413203920
1005002321443174
1005002394041401
4001339903335
32917260602
1005002026671715
32970051327
32837649417
32950466000
32981081884
1005002445766388
1005002314364964
1005001499985019
32811264581
1005002458632796
4001365073591
4000970426050
1005002334971110
4001254822896
1005001347156961
4001218318314
32848912240
4001272406707
32482700884
4000729899932
10000300139919
1005002069347984
4000907318319
32906454487
1005002120512659
4001106907291
4001313828946
32952286283
4000849809839
4000016131041
1005002258365556
32993395703
1005002470226052
1005001512807405
4001122400741
1005001463230531
4000761145557
1005001501518956
1005001819422436
1005002314306880
33047487160
4000521547333
32270412321
32973249894
33049628985
4000064620485
1005001525470380
1005002306153975
32624425978
1005001304777312
4000468659163
1005001765641379
1005002481288498
4000118744340
32958847890
4001140366978
4000236813656
1005002351582892
32854678280
1005002398439068
1005001921398248
1005001304481187
32810290798
4000029394866
32845043774
32665362459
1005002319152108
4000538780041
1005001835196041
33016514781
1005002447394112
1005002306057635
1005001971589938
33009135519
4000398432640
32991451494
32980454839
4000121697914
33016043679
1005002342074229
4001146670468
33037796148
1005001754811517
1005002304946214
917279819
4000740442494
1005002252083711
1005002500767091
1005002367207643
4000129315595
1005001918265044
4000921934761
1005002443155242
32865210432
4000439069303
1005002427707825
4000828425720
1005002120043534
4000535350262
33018056653
1005001446642131
33055232147
4000234218797
32689611415
1005002322349681
4001204281033
4000537782118
1005001845675218
1005001612656180
1005002476514946
32967615876
33046398237
4000264886932
1005001782968857
4000894881611
32369609588
4000505166029
1005001638416905
4000001529560
4001100446637
1005002040978363
1005001368066007
1005002017532974
1005002098290610
4000869127032
1005002060524792
4001039691807
1005002372641139
33051646192
4000685838325
32868309116
32946692815
1005002483727610
1005002278276098
32337596284
32848533307
4000051158109
4001108235061
1005002301153950
1005001588140693
1000007422938
1005002336941718
4000086489695
1005001698444642
1005002002809757
32997433705
32894647980
1005001659263102
32955209706
1005002254234548
32251424969
32772254116
1005001721938417
1005001453267902
32667235650
1005002332921229
1005001450127599
1005001529037266
1005001430716829
1005002198846218
4000152950441
32668136073
4001245548100
1005001476390120
1005002283060541
1005002314472010
4000155627603
1005002304610859
1005002247461722
4000120658786
1005002336519356
32965727666
32948170971
32652827975
32892379897
32961613864
1005001603436380
1005001305711213
4000214988587
1005001834593219
4000094330467
1005002301118567
1005002319132441
1005002398828377
1005002421242700
32835080545
32890530865
1005002440289100
1005001781511385
32802951544
1005001559631779
1005001775125389
4000711194406
1005002286698602
1005002337770353
33001753748
4000851804780
33039433992
4000064554702
10000403228911
4001026973970
1005002477636970
1005001317480104
1005001991649990
1005002323927835
1005002365050711
32795945305
32462571172
1005002308664514
1005001470648835
1005002381241229
1005002219377586
32273518183
1005002364198315
4001365553367
4001090674319
1005001808886883
1005002280882421
32889842251
32985929502
4000741937354
1005002243017605
1005001489982534
32960209340
1005002191406890
1005002313878924
1005002454357085
1005001413603026
1005002314310855
1005001790568486
1005002080198759
4000960780762
1005001503098696
1005002207273705
4000867578608
1005001860588023
4001351339945
4001316622436
1005002242124849
4000668758779
4001119300016
33009529759
1005002254109692
4000761133449
4000689041070
4000927926008
1005002117617199
32820781608
4001278574871
1005002254661257
4001264049436
4000168069994
4001271690441
32861918189
1005002270870118
1005001845277935
1005001708330061
1005002325294389
32736537919
4000842718996
1005002425742324
1005001884649326
1005001705556771
1005002362765179
32958060518
4001121392479
32986719035
1005001472615125
32967398961
1005002217686719
1005001638128695
1005001926677606
1005002372171533
1005002242044667
32958704749
32947517118
1005002245609147
4000139798023
1005002085609895
4000966133419
32951134199
1005001728831037
1005001464854875
4001212413553
32756325072
1005002315853807
1005002447651828
32959254071
4000607108652
1005002451136240
1005001908147204
1005002394784654
32971059968
32861109153
1005001721100440
1005002265734069
33027335444
1005002312079317
4000909390931
32536262596
1005001439135619
4000468523165
4000040374395
1005002351624190
1005001974989084
1005002007951756
1005001927060305
4000778445445
4001345456725
4001255167089
32990210897
1005001928142101
1000007780625
1005002473803061
32680834741
1005002196601538
1005002277054529
4000705846351
1005002371567440
1005002280694802
1005002313484040
4000777974812
1005002278772113
1005002369626043
1005002276943400
1005002259293551
1005002237987237
4000473474746
1005002274074163
1005001664556928
4000602367846
4000378941880
4000958951258
1005002001279844
32946170548
1005001880108548
10000295143444
1005002077045797
1005002226196720
32995808576
1005002304767226
32949950620
1005002497368336
32913810832
1005001354724031
32668397527
1005001561620658
1005002052466898
4000766713509
1005002357671633
4000903215101
4000781324915
1005002120365024
1005002005927962
4000818890716
1005002260206724
4001218145149
4001010171970
4000971180034
4000338435063
1005002308630710
1005002340910395
32995029620
1005002335165691
1005002414378187
4001221486642
1005002041086472
32849111860
32878388036
1005001295163277
32589166349
1005001505299816
4000483787165
1005001761862583
1005002324183618
32975613890
1005001971537486
1005002314080439
1005002198945675
1005002127040522
1005001940342060
4001103392642
33004839312
4000338070501
4000382068265
32989061172
1005001921038199
4000895971128
1005002254853903
1005001699183295
1005001551476562
1005002483057924
32975601133
33020892965
33008602448
32968548434
1005002319036437
1005002305237990
32818544617
32385905204
32806389088
32888915513
1005001781014594
1005002167811354
1005001670227544
4001156282200
4000711652524
32914606727
1005002282085339
1005002298241190
1005001942621455
1005001381589907
4000479326409
1005002314840042
4000181886816
988588947
1005002394033260
1005002260377746
1005001303284472
4000006403481
32885369046
4000119760358
1005002063722686
32874974382
1005002256718760
1005001867296690
1005002377338958
1005001339735304
1005001408260185
4000849681240
734178579
1005002130330749
1005002287886418
32677816132
32803749283
32662948409
4000662715642
4000589338850
32945203230
1005002433746196
4001152262112
1005002325055778
1005002373718415
1005001819235532
1005002279064446
1005002288740006
1005002095949555
10000122121745
32953989812
1005001715063589
1005001465648386
32989623192
1005002104244927
1005002314383811
4001034659792
1005002307421826
1005002287272153
1005002314445252
32913806411
4000401363094
1005002228376082
32957276682
1005002410851540
1005002184905931
32406056596
1005001405141675
32963021287
4000861483235
4000184215509
4001233525322
1005002332387267
33015001214
1005001496590787
32882524931
32694432968
1005002475089918
1005001670925211
1005001979763506
1005002400832814
32823215230
32837267963
1005001804745280
1005002476424734
1005002307200611
1005002371755932
1005002499235920
1005001882558116
1005002352753950
33024348032
4001264628214
1005002450521508
1005002357550416
1005001567323875
1005002500374083
32915807566
1005002482854316
32743967899
4001217772797
4000157765766
33063535707
4000774711834
33043601355
32649287288
1005002318686916
1005002291715407
32860838519
32971598957
1005001570559523
1005002291785968
32672774797
32920852291
32831976373
1005002262688725
1005001982777786
1005002015701809
1005002203953346
33040045873
1005002386667226
32773440830
32764993299
32722835078
32970909996
1005002050339426
32834465590
32806717876
4000544229311
1005001977195363
1005001872408885
1005001500143203
1005001598556687
4001362336805
4000453583557
1005002364692575
1005002287870979
1005002039234208
32961171834
33014405562
32661730709
1005002033365104
4000837466282
32447088332
1005002384942070
32774425945
1005002315593926
1005002282287679
4000041564750
1005002353427551
32820339409
1005002368857705
1005002347853084
1005002323923811
10000119103490
32956481724
1005001693405797
1005002435629277
1005001834736608
1005002279216799
32854072763
4000388377822
1005002431431909
1005002314213440
1005002286866135
4000116531056
4000954990329
1005002394676245
4001149276848
32391070339
1005002136027266
1005002460921536
1005002475990419
1005001868561379
4000264840348
32859762067
4001155853484
1005002346318794
1005001625958842
4000810972127
1005001968566877
1005002399718562
1005002381834417
4000531175249
1005001334777407
4000960773203
1005002316878116
4000959033449
4000454067863
1005002272846787
1005002224893778
4000671779847
32852328584
33019748080
4001308425471
1005001895620057
32976213162
1005001982632347
1005002068677862
1447593671
1005002168304199
1773501860
1005002288281733
1005001666887634
1005001699614355
33005524479
1180162296
33052613417
1005001508684352
4000759725099
1005002321871047
1005001806293486
4000609115398
4000875501901
1005002380966422
1005002013206203
32946757566
1005002424467712
4000291924612
1005001594596380
1005001544443376
33007740392
1005002380573321
4001230298588
1005001736851562
4001018216354
4001123300579
4000461213695
4000607507534
33020449695
1005001515906521
4001247231306
32982002990
32851737111
1005001780606798
1005002381464575
4000170146506
33041729614
4000392404751
1005002399262722
10000330799030
1005002265932057
4000327977908
1005002252827385
1005002421655208
33013432908
4000463372361
33048648338
32993685042
33050973175
1005002042209933
1005001380050282
1005001614722308
1005002301947387
1005002273960938
4001134532095
4000796320228
4000706597768
32365624917
1005002240217125
1005001726393829
32235551378
1005002407857985
4000768376583
1005002345863662
1005001657230509
33025571575
32903546383
4000051260589
1005001993116960
1005002459363572
32973229622
33041405387
4000405252471
4001155467767
1005002114592610
32956890978
1005002481928408
4000616141444
4000693028506
32877312286
4001280547025
4000258236716
33020067681
1005001705668498
1005002001789963
1005002120912235
1005002337267030
32818329312
33000190280
4000992603243
1005002417505595
1005002424153244
1005002408396618
32902248727
1005001305614122
4000021317828
1005001895428630
32907891505
4000516972870
1005001908540197
4000280500837
4000211880519
1005001889248258
1005002428195896
1005002137170042
4000817684390
4000975152301
4000411275502
4000784056222
32853725445
1005002196806834
33000484821
1005002433922187
1005002330767388
4000969391216
1005001705433862
32931169611
32795804924
4000438391762
1005002341369596
32794321166
1005001479783040
4000544006487
32821960944
1005001314166833
1005002006676665
1005001588220765
1005002402367070
32955378575
4001009184073
1005001334227406
1005002153292223
1005002206087732
1005001394493149
1000007996059
1005001729234079
4001286838376
32712667018
4000277262175
1005002118210419
1005001843196845
4000437330764
1005001398442781
1005002353163753
32827036292
1005002394950847
32873842691
32786650730
4000069174277
4000305625711
1005001841151418
4001323830323
1005001362094638
4001148013996
1005002485109053
1494008819
4001122562962
1005001422660603
32764312371
32755512138
1005002490398761
4000329593579
1005002354553412
4000399616718
33019397772
1005002468828958
4001021714767
1005002309146687
4001090331444
1005001617100683
1005002425486312
32807982477
33024034736
32617872731
32809200088
4000208171460
1005002289678105
1005001379277233
1005001889535183
1005002345973416
1005001626778141
1680598621
32897248448
4000907165435
1005002128206945
1005002499310168
1005002272066065
1005002311636996
1005002105378912
1005001597466093
4000479197733
1005001846711269
32898261745
32667264653
1005001941977936
4001225254335
1005002314720058
32589307536
4000956044358
4000552444270
32794086890
32973623649
32997627792
32964821022
1005002055439306
1005001487634394
32816286783
1005001848449210
4001268812995
1005002121821169
32913055228
1005002282965970
1005001459337260
1005002143445406
4001139560544
4001298603755
1005002258734651
1005001997725439
1005001405083280
1005001489910573
32959940803
33060035794
1005002094049789
1005002466996741
1005002312749708
1005002149558668
4000413832922
33015883139
32971915520
32448234420
4000821216562
1005002430637223
10000027110616
1005002279360563
1005001767845939
1005001324589865
1005001954216185
1005002121347285
1005002265699150
4001235213850
4001251544882
32811375525
4000299318761
32814287948
4000989234122
1005002132622409
4000791589014
1005001972651286
1005002389607442
1005002000163809
4000180570464
32912939988
1005002340654021
1005002054525620
1005002425329265
4000191877475
4001315613271
1005001950186587
32826633078
32774008984
4001153916216
32808017061
1005001999167165
1005002457495194
1005001998955512
1005001474057536
666892353
1005001890118664
32865038818
32997049110
1005001987428090
1005002244755872
1005001669966461
32272448786
1005002140016807
32446066478
1005002263879152
1005002324034403
32911019514
4001110580871
1005002411673404
1005002345349623
1005002499405258
4001156991911
1005001922975149
1005001844063473
4000963750154
1005002309679028
4000673397349
1005001676780051
32652252817
1005002081731216
4000553546550
32844428811
4000043159183
32831867209
32955171429
32611975503
32958486353
1005002277422603
1005002313536024
1005002256011548
4000990187049
4000860738465
1005001648309838
1005002467555349
32984978221
1005002335740979
32824516902
32888899409
32843100511
1005002144088184
4000064895051
1005002442147510
4000850508671
4000120918682
4001341461587
1005002340386081
1005002314308514
32566572288
1005002221108252
902607486
32954973257
4000019269949
4000453743999
4000937464513
4001147533519
4000735078381
1005001637885940
32965863435
4000321627941
1005002166300730
1005001386698974
4000752774003
33040410194
32978140589
1005001297209146
1005002244965013
32896387155
1005002359746273
1005002059140834
4001054146862
4001166184556
1005002287161642
1005002346495269
32890505865
1005001789525576
32818678120
4000202043860
32953152408
32883485543
32959815537
4001238749862
1005002011329332
4001223899120
1005001670597475
1005002321227407
1005001977369405
1005002469548289
1005001398525246
1005001902084778
1005002282967057
32823386192
4000074279395
1005002340606550
32617364497
33021500981
32850261323
1005002122441110
1005002231647346
4000215583087
1005001816899949
4000546487141
4001267661045
1005002292345875
1005002353478539
1005001485264973
32824573937
1005001971593488
327910691981005001640895094
4001155055661
1005002347395911
4001023694301
1005002322665344
1005001826448841
32900638366
1005002460937658
1005002308966461
32999583020
1005002234579743
4000095895273
32434130840
32864062737
1005002357670075
1005002427881649
1005002238858652
1005001337581579
32906271603
32983875241
4000324683863
1005002034637602
32910443467
4000333582634
1005002332286181
1005001817240785
1005001314693312
4001027392311
1005001708633039
32903875318
4001238586452
1005001598083504
4000686547351
1005002128581022
32718625771
1005001699985428
1005001690048747
1005002332004594
1005002124835024
32681616983
1005002228562994
33001749486
1005002273828884
1005002051617506
4001295919768
1005001615218724
1005002344067673
1005001354793842
1005001930884749
32849287925
32844338711
4000149379922
1005001615617877
32870958072
32555003200
4000857237737
1005002465935460
32991858548
1005002310097244
1005002090347475
1005002443120410
1005002425375942
1005002291313754
4001255238767
4000352148873
32946334884
4000841801001
32806913081
33038464577
1005002397042426
1005002483341628
1005001834930080
4000956376172
1005002296052561
1005001401704961
1005001485465504
32773103928
1005002283610951
1005002198780504
33058186746
4000368077152
32891374002
32917981564
1005002443073724
32819260362
4001103042262
4000987296601
1005001464320551
1005002386445948
1005002500352238
1005001457559433
1005002290945695
1005002499308392
32995663786
4001120249778
4000410949090
1005002364312254
1005002345410269
1005001480057904
1005002288179435
1005002253533062
33014058097
1005002016942016
32733011568
32889481633
32964032343
1005002364510506
1452728879
1005002176119963
1005002312249677
1005001996848101
1005002338506664
4001115479298
1005002276257978
32965796921
4001264304569
1005001617265640
4000641776383
1005002460626707
32885201020
1005001864392486
4001332046759
1005002169301739
1005001606387659
4000970947489
33003137175
32976437495
4001317130992
1005001937195098
4001167636956
1005002293941966
1005001749180576
1005001695890142
1005001939686696
4001071569139
1005002225045079
32365449945
1005001515897749
4000068770390
1005002468290597
1005001339252645
33006415514
4000849816877
33037201402
32940960268
33039046798
1005002322589394
1005001346299933
4001228774380
4001346273400
32860913743
1005002336887337
1005002212770888
33011304276
4000529682279
4001330992356
1005002390044048
4000340350325
1005002420549250
1005001713029126
32997378545
1005001824074312
1005001878708731
4001201110585
1005001992479279
4000850214669
33022742654
1005002470890005
1005001840329113
1005002328131306
1005002399651639
32234316822
4001098363976
4001156825737
32659292404
1005002234284649
4001270857144
10000354379882
1005001669985373
32853747416
1005002412209888
1005001425006439
1005002494274749
1005002167112377
32926185696
1005002289834411
32754134526
33029699753
33027525734
1005002500493222
4000238236743
1005002313649620
1005002306739539
33011283717
33027824248
4001085395805
32895306394
4000459126890
1005002129569380
1005002276300193
1005001413230915
1005001269432622
32907593902
4000378442623
1005001736272135
4000608030568
4001222991327
1005001527161888
1005001608512849
1005002329313319
1005001736792144
4000794022916
32774261301
1005002179293535
1005001930919682
32720119877
1005002322824580
1005001543053308
1005002329013595
32865982272
1005002466912314
1005002315910172
1005002217859909
32893779231
4000490407230
1005002336118166
4001175112797
1005002291497408
1766357152
4000752156198
1005002364887452
32915081756
1005002108494927
4000298562101
1005002052465751
1005001652389402
33001353121
1005002293207591
1005002017482083
4000038237058
32810239637
1005002314774165
33012197039
32980956155
32845517073
1005001890230848
1005001599592550
1005002473385210
1005001349063601
33027671432
32920446297
1005002359693110
1005002337627101
32998215079
4000251937044
4000170677521
32973511125
1005001633558162
1005001457858849
1005002058463097
4000579404765
1005001637999617
1005001493434832
4001271310404
1005001845256665
33059894077
32853278833
1005001546732248
32849915966
1005002353783657
1005002113235395
32860467698
4001270417541
1005002426920499
32898600742
32919090943
4000665995588
1005002401626186
1005001941094732
1005001867511240
4000122120087
32911720108
4001068741190
1005001864556190
1005002123773020
4000187437100
1005002394697451
4001331186997
4001240129044
1005002337286087
1005002347425672
1005002326898906
32997998376
4001234149520
4000711670314
32892929810
1005002288193498
32899907556
1005002388874396
1005001668385441
33025871755
1005002122478547
4000247887315
32993294187
1005002198058244
4001106795986
32958898725
1005001502901209
32825439697
1005002258524741
32869064440
1005002337006898
10000305338449
1005001617067853
450805282
1005001468268527
1005002395009049
1005001583999552
4000987082997
1005001573297460
33022941077
1005001431011770
1005001539518194
33059415634
4000527569525
4001059206172
32847424217
32848624323
1005001798601536
4001021613819
4001055827142
1005001962048487
1005002276905872
1005002227908877
4000168696384
32900617189
32571410088
33009160019
1005001833658276
1005002347558764
4001091629643
1005002461536541
1005001562633078
1005002386896490
1758365274
4000995562736
32917697294
4000089213419
1005002438611533
1005002439578393
1005002042120477
1005002500374021
4001267185553
33015363057
1005002353410371
4000111263395
4001072215006
33057146633
1005001822370217
1005002095796576
32771111990
32967130379
33010991495
4000108824660
1005002411317690
1005002433660322
1005001439109583
1005001512479653
32924502621
4001010959836
32992157727
4000393110739
32902732739
1005001909905146
1005001996692209
1005002310967273
1005001939872328
4000804520920
4000019658920
1005001770618874
4001225309085
1005001439105791
32973534365
1005002421411991
4000444310972
32812094945
1005001693084507
4000569917398
1005002317648308
1005001466398197
1005002381618815
4000642032573
1005001487646863
32976783618
4001235101382
1005001720803272
4000264083657
32997370421
4000096145872
32813869553
1005001698673154
32992531207
33025634827
1005002359220156
1005001777125582
1005001930893586
32563681203
4000723118272
33031079467
1005002369762654
1005001585297464
1005002108551683
1005002261682988
1005001844959342
1005002281126717
32810749161
32827790189
1005002224083943
32829727791
4000803170102
1005001444808381
32845130825
32958971240
1005001627315635
1005002324018199
4001247185248
1005002035579919
1005002044760426
32570262087
4000627338562
1005001731265130
4000062512410
1005002091130889
4001033668280
32994063556
32951171060
1005002220809822
4001163162731
1005001635910196
1005002318289674
33050027618
4001334366870
4001255270078
1005002197239095
1005001531594090
32909626243
4000549410288
1005001928885955
32808458770
1005002241656277
1005002254763675
1005002258933792
4000876278015
4001152447894
1005001524509286
32855115057
1005002225246523
4000908116621
32848750752
1005001966833178
1005001593220471
32893045946
4000756626369
1005002258991643
4000717306538
4001130154579
1005001500113803
32878538253
1005001398865328
1005002371884627
4001015373803
1005002350708932
32920601734
4000691307613
32515169786
4001119572788
32967328574
1005002110038018
1005002372682012
32951407112
32968639054
32866032307
32986519340
1005002326014434
32789635993
4000987425051
4000322129749
32722512286
4000759668920
32959791077
1005002081409061
1005002317394320
1005002400745327
1005001651211933
1005001609922687
1005001876896021
1005001328965898
4000726632661
1005002253257810
32243852884
1005002205640137
1005002234958652
1005001495535245
32940810695
1005002413715359
4001044173547
32875904950
1005002176476123
4000083431708
1005001515442922
32383807983
32776380176
33054674485
4001293857756
4001309057467
1005002122475499
1005002181346562
1005001963455448
32855940366
32808907321
32978784706
4001020274618
1005002467947598
1005001396564491
1005001710174450
32883684927
1005001926297264
1005002391369662
4001156499767
1005002245164099
1005002304130957
1005001564840003
32865028189
32720656842
4001241730253
32815110185
1005001787628091
1005001593013967
32847584162
32830807718
1005002343013943
1005002495281652
1005001514894624
32901151258
4001274177507
1005002156567962
4001020943342
32952248671
1005002255911396
4001083801814
1005002286136364
4000642273415
4000545768613
4001195795790
32730558945
1005002466076888
32422176075
4001101218601
4000031171430
1005002375898606
4000253327166
1005002359842426
1005002491776051
4000133083160
1005002357631962
32697949817
32850043937
33002599332
1005001463913755
32859883705
1005001649475256
4001022118361
1005001552278845
33040388888
32818857446
4000079699156
1005001921531566
1005002453697860
32797999585
4001213687251
33006295301
1005002283665737
33010645542
1005001343923949
1005002309736090
4000842686488
32929479295
32872035605
1005002346904220
32924953509
32588822622
4000261121676
4001035011421
1005002246363134
1005002326317320
4001256352740
1005001913353164
1005001992118371
4000300101086
1005002304454902
1005001350465741
1005002357055163
32507488720
1005002365048856
32569284985
32868801093
32619742366
4000935000573
4001010484708
33002277859
1005002302361712
4001040759511
4000757598667
33014156423
33014115319
1005002454466165
1005002314434693
4000689023220
1005002261435050
1005001688374093
33032006984
1005002018562678
1005002314375222
1005002393209286
1005001949307667
4000245507659
1005002065866986
1005001446403852
33053569350
32956923139
4000850705076
4000271838367
4000527463073
1005001405699682
1005002237784435
4000555708404
1005002427576522
1005001310418860
4000468606884
1005002346723292
1005002192080447
4000301260375
1005001624853363
4001022332471
1753760241
4000580767093
1005002252153700
1005002375929379
4001136021608
32996178092
4000800497453
33005568071
4000207067328
32948994994
32928830089
1005002253862268
1005002050820920
4001149685829
1005001273574987
1005001304104159
32828262049
1005002339787950
32804581032
1005001348588667
4000990885296
4000641425203
33041646261
1005002290980853
1005002291332324
1005001563722726
32965781563
32954604451
32838832899
32819889856
1005001499231277
1005001322304425
1000008509129
32788363793
1005002468458011
4000852725352
1005001497602530
1005001738069236
1005002351685124
32920422726
1005001617866588
10000127262146
4000084600903
1005001554127506
1005002037166874
32780133961
1005002336984736
4000679756944
32830663880
32895560117
1005002400272850
4000722403400
1005002246746937
1005002393882613
32950393526
1005002383019216
1005002361185618
1005002340572171
32732732797
32780788096
4001037924657
32989023155
1005001293476699
32855684330
1005001723683585
32759121527
32954673414
2029744039
4000796489346
4001042202806
4001275859868
33046848988
1005001288350718
33052818795
10000235753144
1005002357469901
32875812321
32862621938
4000070652516
1005001616376951
32835532711
1005001864385187
1005002204672737
4000669260990
4000242156285
32970143361
4001273278197
1005002337466214
4001338683506
1005001978024245
1005001774322155
4001067926389
32946084155
32816096599
1005002325050763
1005002340721367
32929388944
32781025676
1005001949294996
4001249666828
1005001727053152
4000315898191
1005002347248570
1005001859735519
1005002484047199
32559920995
32878626111
1005002248265709
32950956663
1005002495030792
1005002319208086
1005001808823446
1005001872811225
4000077660072
1005002174735443
32883515812
4000350112662
1005002308957897
1005002351494486
32969692834
33038082703
4000755736110
4000990082331
1005001926859487
32812979395
1005001579746521
32791519387
33008273165
4001359852419
4001174152417
32891214310
4001054469883
1005002321467971
33035937287
32846653470
1005002037162662
1005001897556313
4000404320420
32847823376
1005002290906701
33016639682
32854009053
4000327685159
4000975580087
1005002316201290
1005001278421646
1005002371575885
4000210667536
1005002316096075
1005002244037080
1005001317019601
1005002389038302
32989244686
1005002179516245
1005001689417216
1005001816935297
33040110831
1005002357219613
4000601461759
4000803077193
32827708720
1005001669728254
1005002289697242
32823768863
32968941346
1005001456442192
4001061802178
1005001650936305
1005002281466255
1005002332614660
4000467577330
1005001506284692
33056062758
32824649082
1005002348751790
32959022903
32926506873
4001002409237
1005002388544185
1005001864954116
1005002235252346
32994421763
32884565812
1005002381074297
10000395851391
32961215356
1005002100297050
32970972751
4001297126890
32961323602
1005001493026275
1005001886184704
32870616286
1005001436884739
1005002257099109
1005001978823273
4000106556080
1005002404217357
4000083613159
4000837262027
1005002313328584
1005002388077072
1005002364566755
32992900489
32884127512
4001349787712
33039909889
1005002244581134
32898939058
4000311524419
1005002496021056
32889933033
32766348514
1005002490900231
32999485791
32819353719
1005002146386501
32975844722
1005002449304371
1005002272650818
1005001671023560
1005002395865410
1005001713873740
1005001937544473
1005002364168662
1005001652606026
1005002465213319
1005001670897688
1005001826135953
1005002192017900
1005001495793609
1005002286204786
32959055567
32979269936
32716162668
4000434357683
32867530316
1005002256207579
4000815075811
1005001640628231
1005002363385453
32844785501
1005002483275533
1005001672774125
1005002232850246
33024540200
4000916731862
1005001619982118
1005002315722172
1005002374603946
1005001985541117
4000516750371
1005002103319824
1005001588137829
1005002382508578
4001215695507
1005002339637468
4000825647816
4001298819335
4001131728503
32907661971
32978307732
32652884309
32966740238
1005002371793209
1005002121336898
1005001665257837
1005002288707173
4000916810463
4000313189006
32823152770
1005002198789385
1005002079352291
1005002263208343
1005002350665304
1005002096112680
1005001934746212
4000217631344
4000749680902
1005002143553354
1005002378364882
1005001895868364
1005002473691773
32936690079
1005002362006931
33038511960
1005002281799868
1005002239907003
1005002243933957
1005001813261039
32886439474
4001067690791
1005001757100947
1005002256140899
1005002454362621
32968586677
4000873069240
4001084697528
1005001488656776
33043059114
1005001415417804
33011048138
33040617226
4001116511943
1005001799333591
1005002330496202
1540836687
4000918750762
1005001934998587
506451076
1005002388775030
1005002409274310
4001278464514
4000261020994
1005001710032814
4000108903781
33002204621
1005001713382469
1005002356413810
32959264148
1005001407295556
32735979456
33012243517
4001024760158
1005001590232473
1005002327734308
1005002076607762
1005001849814158
1005002280578115
1005002166360046
1005001657024445
32934535063
4001316155231
1005001757268565
32833452333
1005001820263460
32294414523
33010520472
4000030024789
4000670633358
33019964893
1005002341683139
32947813945
1005001640659993
32968881366
33059022427
1005001552412633
32976651665
4001041480784
32794338390
32869726237
32933977453
1005002113250627
33001399051
1005001446514830
10050020356781961005002365535034
1005002409667145
1005002382133102
32858610515
32958013326
1005002376327028
1005002220643092
1005001990379402
4000493829373
1005002420207689
4001268728038
4000161676645
32861196202
4000960975224
1005002200906442
1005002411222183
4001245086305
1005002034428631
4001039287495
32856688016
10000223785950
1005001882427640
1005002266077661
1957446738
4000094894367
1005002122391605
32975140922
4000630593919
4001290865116
1005001950600270
4000036264109
1005002315351753
1005002400699476
4001169782678
1005002302355028
1005002313697636
32819196967
4000685454984
1005002414360322
32864658916
33005816531
32919492766
1005001973812485
1005001588391377
1005001749070777
32790134047
4000975857071
1005002252066542
1005002275877655
1005002211202287
32969546171
32563230177
1005002021775418
1005001568622164
4000049511295
1005001265355159
32825087853
32973607522
1005002306635733
32799516130
1005002318401589
4001139067883
32791956895
32991239248
32794090641
1005002352142472
1005002313991374
4000902107394
1005001432657776
1005002283402105
32741777994
32728180249
1650756679
850916910
32908060471
4000437620971
32981992048
1005002331905770
1005002249413394
4001058222406
33004650222
1005002237896955
1005001582313241
1005002051150883
1005002439269523
1005001439045868
1005002400710196
1005002330319926
32895212314
1005002307435814
4001341877594
33054434873
32847050169
1005002364882401
1005001357187663
1005002192675802
1985220070
4000623501263
1005001840783585
32857713545
10000314786605
1005002334112452
1005001459182645
1005001799120926
4000238919135
4001351197943
1005001966645244
4001244595636
1005001302717220
1005002034160839
10000269808192
32924522446
4000750568773
4000834458868
32958135426
32974558268
1005002329391901
32482824578
1005002347893513
1005002394413722
1005002315800784
4000297459344
1005002258341548
33021925557
32967406634
1005001758929454
4001256251259
1005001586761517
1005001950161732
32885772712
32820696107
10000000702085
32608519970
4000180742587
4001294166590
32912643153
1005002116433944
32701144583
4001062596978
32982860628
1005002261102225
1005001498834031
1005002257786477
1005002066191847
4000089039838
4000891399132
1005002315848414
1005001858518046
1005001487419534
4001199971870
4000731626078
1005001815347017
1005002159991583
4000053863936
4001058840827
1005001953890198
4001328681333
1005002405863299
1005002318977954
32648123526
4001186851770
1005002125716260
1005002295033566
1005001710973090
1005001789726881
4000566061070
1005002253902680
32886400327
1005002262799072
4001166647492
4000190917542
1005001834740394
1005001905803541
4001292064182
32829394418
32964686049
32893683928
4000078652669
2021070652
1005002278723960
1005001645273757
32822494107
1005001506170768
32961604378
4000801793879
32869589305
33014365139
32824167178
4000074293627
1327052410
4000928027578
1005002226185413
1005001927453205
10000397762309
32862147413
1005002491159877
32900222940
1005002497382752
32800222991
4000812224613
1005001803705434
32516577051
1005002307161327
32962138231
4000507921780
1005002311286083
1005002167800900
4000633151191
1005001364218045
4001320590341
4000147913477
1005002492764102
32851321196
1005001953580189
4001112232360
4000287165541
1005002386712182
32980484815
1005001608455833
32560594899
4000631080077
1005001566058799
1005001824714360
33062387722
1005002241792460
4001276917651
1005001688614940
32823679309
32865087589
1005002337272779
32909520445
32816892111
1005001762434912
4000226737661
1005002337612581
32858348432
1005001625201593
1005002226077299
1005002277979175
32954987552
32956517785
1005001927061046
1005001471118224
4000987510041
1005002330615757
32977759967
1005001609358766
1005001682925299
1005002254845422
1005001425221080
1005002477117957
4001165493306
4001207124024
1005002363140624
4001324116279
1005001854971634
4001278966063
1005002156640355
4001084955098
1005002301438492
4001280719658
1005001942808509
33018584637
1005002499604262
4001137701928
4001110787097
33060539136
1005002258781144
32670620272
1005001817062362
10000396816273
32358097656
4000259174524
1898807855
33022162858
1005002398189637
1005001998350107
32963488496
1005001466585376
1005002314360259
1005001324743995
4000286273584
1005001334931596
1005002409424482
4001195746180
1005002314383586
4000988142034
4001038079154
4001272399638
32793649702
32830464787
1005001302755104
33049357180
1005001355364640
1005002314366285
4001331531168
1005002481421460
1005002428129583
1005001567007281
32964418711
1005002309964035
1005002233849989
32966546833
1005002318190944
1005001679047692
4001153584846
4001031337533
4000850198566
1005002112704749
4000271584495
32530117240
1005001438771924
1005002124857163
1005001727288122
1005002314449561
4001160922440
4001244988179
1005001812943713
1005001762095940
32864792000
1005002348877051
1005001962068370
1005002258505588
1005001562756551
1005002281516632
32983255939
1005001386165090
32848405789
32942816006
4000191823032
32917025887
1005002329839485
33024738038
4001166379992
1005001953314602
33055632463
1005001383918045
4000059268929
32960056956
1005001822171199
1005002453535491
32823832148
4000969393198
4000069055137
4000367505777
32910427601
1005001778627050
4000735037788
1005002369462036
32785878104
33016640212
33039885076
4000394436348
4000494161572
1005001742940883
1005001382478342
32846239166
1005002288895908
4000582620450
33008280718
32985944456
1005001614553647
1005002336640794
32787397003
1005002279209397
32917011014
1005001836987467
4000931774372
4000195726751
1005002488013986
1005002351948086
4000295817086
32539834388
32789386895
1005002224962399
32791770995
32891655369
4001326117743
4001153543361
4000735055860
1005002379039053
1005001599152300
1005002480533462
4000619140553
4000083063824
1005002303993804
1005001552653696
1005001761474618
1005002224179939
1005002263924987
1005001451064898
1005001769148534
32962160098
33018116135
1005001531608684
32351492007
1000006252354
1005002034674731
4001165182235
32701088854
1005002211130534
4000216057914
4001186447413
1005002241164370
4001267603506
1005001591624783
1005002443150220
1005001843441554
32921217404
32733222505
1005002370623918
32957820733
1005001708419635
4001220743399
32941066717
1005002460359068
1005001695579251
1005001828441653
1005002466126382
1005002415355456
1245687021
1005002277391573
4000330269828
1005002053484962
1005002348169106
1005002377658010
1005002397901285
4000850513440
4001138589576
32475763549
32828004682
1005001349825647
1005002161439697
1005001381034624
4000011403851
32372272159
4001076211975
1005002467404911
32919510640
4001079110741
1005001670785677
1005002288231591
1005002035076767
1005001523603401
1005002324395302
4000328113558
1005001763341173
1005001958816235
1005001763325583
4001294263221
4001085174424
4000550063133
32880662169
4001147733362
32890742545
1000008046090
1005002459778215
1005002331765622
1005002442762884
32948241042
1005002181425180
1005002314419560
1005001964147519
33004282983
4000608815161
4000955828593
4000223636121
1005002283051176
32840779090
1005001500710140
1005002460879195
32710954420
1005002439522539
1005001300059113
32919779618
4000076666866
4000779216154
4001132837099
33044002427
33004354790
1005001594492605
1005002069896041
33031840938
4000808738005
1005002026975746
1005001463679619
32955051590
1005002443106320
1005002314336814
1005002496409141
4000366520894
1005002393936697
1005002090955191
1005002223397289
32697201381
4001003442106
4001049488112
4001025548227
1005001695508206
1005002208246978
1005002298194318
1005002380458287
32967325546
914828831
33037996227
1005002353325887
32971116083
1005002238532706
32978049781
1005001458528561
1005001478009572
1005001897547083
1005002393431112
1005001902909594
1005002039085416
32964261589
1005002065712808
1005002375263505
1005002317976393
4000388287375
33026316401
1005001465419498
1005002007655710
32982693281
1005002348486364
1005001554740868
1005002342249814
33044250950
4000186703939
32962012516
1005001587133084
1005001329700861
4000790573393
1005002283955063
1005002317463782
1005001680112982
32709720868
1005002339460463
32909262568
4000334105561
32970074327
4001083571406
1005001370734204
1005002353990203
1005002264612650
32998486540
4001221816187
4001280297998
4001282228387
4001167551445
4001269575594
32999212261
1005001406241878
1005001345223421
1005001976857513
1005001910007773
4001134481385
4000088880502
1005001830854991
4000196396137
32298576044
1005002275719413
1005001619597000
1005002221868127
1626625268
1005002334849398
1005002475023421
1005002238578573
32820615084
33057057591
1005002396042437
32899676681
1005002393044122
4000453144916
1005002438553982
32958661899
1005002395873158
1005002170933991
1005001741650314
1005001568822074
1005002285977965
4001271076597
1005002346640888
1005001445103272
32478336198
1005001779770528
1005001423897041
32983370035
1005002380810407
32902974610
1005002379348304
4001343952467
32717168735
1005001367690493
1005002465299801
1005001792990396
1005002497432546
4001106197458
1005002320939611
1005002359243756
4000484146874
1005002293735832
1005002282686908
1005001608113618
1005002035028328
1005002467141027
1005002446927384
4001029005548
32971093351
1005002286057270
4001230425121
1005002454336969
1005002291329424
32915643041
4000002734403
32863167717
1005001525297973
32980617410
4000985532808
1005002273650795
1005001922355804
4001158908629
4001249083408
32994999345
33051495503
1005001929025474
1005001645363563
4000469296852
935073788
1005002006474661
1005001351456271
32547392304
1005002340242262
1005001707569601
1005001500223688
4000130184298
4000958745364
32906758740
1005001980762129
1005001412078157
1005002298096008
32961127247
1005001586958323
32953257533
1005002286753163
32835844776
32953409736
1569515795
32982724196
32858996007
1005002340804597
1005002084977272
1005001482523953
1005002272778413
32799867804
1005001342974552
1005001926564684
4001039428297
4000346858385
1005002453609852
1005002219617842
1005002357640648
4000396693440
32828019533
4000121254593
1005001573820279
32858734438
1005002467007272
32963695922
1005001515009795
564649632
4001192825587
4001036262093
1005001798935808
1005002059448095
32891785851
32863521498
1005002412193157
32924634064
33054753628
4000112873346
1005001984396820
1005001597910723
1005002315993107
1005002225935899
1005001698509742
4000393671844
1005002377917455
1005002396042158
1005002317454294
