32991891971
1005001988658120
1005001379353920
1005001329761289
32470254181
1005002476529727
32437544515
32812399586
1005001838945248
1005002334842539
1005002321130075
1005002481708590
32468423179
1005001720862724
4001272347398
4000709158647
1005002434896126
1005001498901492
1005002306372893
1005002334335783
4000696339289
1005002032549788
1005002394941124
32895432878
1005001305624079
1005002220215349
4001181212184
32960479412
1005001458447195
1005002168429968
32904772031
1005002411505775
32816642060
4000079733897
32946233064
1005002099893895
1005001365131305
4001153527181
33016911929
32843202433
1005002007265084
1005001375573785
32852418671
32973009792
32968298287
1005001485580121
32919232474
4000995126264
32721048441
1005002009145175
1005002473656240
32326627009
33055552580
1005002318078636
33007761414
4001166803334
1005002350142186
4000465932978
32797600004
1005001947705397
4001057504576
32999793856
4000314083682
32944026135
33031774529
32889208620
4001069123813
1005002012647977
1005002023462667
4001107582657
1005001640699784
1005001617132573
4001350038882
1005002320541745
32925511629
1005001282507514
1005001505914564
4000960719848
1005002147924029
32777776536
4000679736823
1005001765831362
32855414508
33020132104
1005001713210560
32397580006
1005001830397051
4000729691045
4001212365813
1005001732523616
4000723174385
4001195609532
1005002419870469
32964608663
1005001854570015
1005001472155840
1005002387277480
32843565589
32401811412
1005001861831258
4000786028171
4001304687699
32970376080
32864823967
1005002425969682
1005001694611403
32885244880
1005001488665758
1005002297156127
1005001971982653
4001243555375
32885324519
1888843884
1005002424166294
32292555230
32829858063
33005552257
4000075546068
1005002246354821
32392755221
4001333672371
32880601007
32949928998
32984376534
1005001708825052
4000212281573
4001035248962
4001261042826
33008804660
4001156993753
4001238414059
4001264079665
4000222356901
1005001635695572
1005002351073810
4000213512111
1005001641468493
32829092397
1005001571492077
1005001782411399
4000480427695
1005002097590894
33055973891
1005002288179989
789222320
1005001561471271
4000026615974
1005001935286230
1005001934625343
1005001280400837
1005002271497261
1005002413951225
4000912419584
4000088981671
4000171136150
32825606679
32799431932
4001286591330
1005001485498394
4000351552008
1005002270741819
4000054062919
4001197671676
1005002339580386
1005002400464542
32818678274
1005001695402455
4000333558732
1005002184802318
1005002232121994
32955252780
1005001469029734
4001259255976
1005001869389790
1005002426808175
1005002272104489
32851737122
4001131373143
1005001350287788
4001361243345
32216866103
4000207751802
4000674477928
4000138554871
33039167756
33000562555
1005002319178286
1005001993339630
32952774757
4000165458453
1005002219032199
1005001907072555
1005002395237426
1005001841780798
4000925507505
1005002328948349
1005001768574823
10000120246930
1005002170939841
1005002327652794
4000445944039
4000627594462
4000209920309
4001241558312
1005001793978508
853769082
4000689061097
1005002289637125
33009207653
1005002122431646
4000855839811
32872379015
1005002489039814
1005001693730978
4000723987283
1005002278448603
4001028796392
32988925392
4001248628438
1005002314864984
4001149067423
33060161785
1005002117324277
1005002475597158
33003498162
1005001731712753
32872492955
4001165681286
1005002284981578
32606497375
1005001408693499
32584154887
1005001568423830
1005001552524452
4000848658832
32959586310
1005001516036122
1005002224133361
32697505763
1005002382277203
32367513476
1005002163059545
1005002278718043
32834012315
1005002345873795
4000020286621
1005001763621965
4001061038688
1005002260437615
1005001566957783
1005001380005163
1005002350360718
32955812878
1005001614729327
32951218286
10000092398655
4001259026191
1005002312481483
4001282604680
1005001615942702
4001293837104
4000886382521
1005001436639495
32309904178
1005001350990690
32896954785
32949889353
32856787763
1005001706319367
33015788026
4000923079923
4000577108180
1005001929387962
1005001456910231
4001163098169
1005001891535782
32752712499
32779002342
4001195584956
1005001496860287
1005002357335393
32318589438
1005001488499618
1005002012422155
4000057018314
33038142007
1005002371602019
1005001928415178
4000035829460
33046384831
1005002350102007
32906343173
4001131317398
1802639013
32691415536
32950612703
4001360128242
1005002314310511
1005002066114890
100500182869825633045920890
4001167684679
32953994889
33011352750
33056358340
1005001703304066
4001322245280
1005001819066457
1005002221727930
1005001790786557
1005002427930498
1005002224254457
1005002002989757
32691788848
1005002126313771
4000979485418
4000794708543
32852803520
1005002342571542
1005001656757503
4001293148557
1005002225758690
1005001615971694
1005002229472266
10000282249807
32963683112
1005002496808340
32732501158
32366577800
4000048964761
1005002161464781
4000954706736
33002890435
1005001987108523
32817296025
4000342074857
1005001966173540
2051884915
4001364766027
1005001444576289
1005002353022669
1005002345298875
32903824022
4000663944020
1005001285011622
1005002350108885
4000737497828
32841355027
32909210539
4001333185495
1005001873887273
32879360132
1005002230057876
32811767568
32676595906
4001333063939
4001188363802
1005002253206497
1005002315906360
4000251512015
4000340714103
1005001353796239
1005001592576471
4001097159492
1005002143328002
1005001482200750
1005002284649623
4000755258850
32920087560
1005002304303810
1005002314319566
10000399992892
1005002431366580
1005001635939127
33053269514
4001093279057
4001278339479
32886074275
1005002412177353
4001333996476
1005002344974090
4001299214980
1005001615259788
4000828636378
32966640716
32946607707
32849442233
32888927600
4000283268581
32669014651
32720137465
32909200978
1005002425967829
1005001307679369
1005001726817936
1005002313095057
4001119752271
1005001941457964
1005002332309994
33005512648
4000903107994
1005002294748389
1005001422633571
32315008384
4001208891042
4000077307061
1005002085751558
32949387672
1005002377594708
1005001644985380
1005002414157548
1005002049488953
1000008079674
1005002292928647
4001258910476
4000207720237
32973750987
10000326885968
32858813253
4000945266658
1005002384500304
32406949181
1005002317557407
1005001466642352
4000698514944
1005001321759606
32807134538
4000841788062
1005002376598318
4000170346966
32906834319
33034174287
32997330931
1005002119115154
1005002382055642
1005001702714751
32932800425
1005002115646581
1005002336252610
1005002418271703
4000691205980
4000554783553
1005001664367741
1005001956684492
1005002381508289
1005002269059022
1005002394476305
1005001644972050
1005002407953497
1005001927153052
1005001809952727
1178828511
1005002314336753
4000777468742
1005001779660233
1005001891196974
4000712040277
32969702727
1005002245854946
1005002192166767
4001111623725
1005002461472070
32925976749
33018509749
1005001681981888
32615317714
4000095768048
32831946121
1005002375492624
32697845575
32835439547
1005001664651737
4001198273179
32901565696
1005002420107066
33022041145
32986423546
1005002122343495
1005002210827596
32986189857
1005001485571731
4000562218355
1005002340882291
33007435383
4000049436283
1005001333340888
1005002325152827
4000786367116
4000960903999
4001219221434
1005002491642217
1005002056174649
1005002401297651
32974289299
1005001393273318
1005002339886763
1005002289586304
1005002388201899
32823372459
32819199637
1005002359554563
1005002310275142
1005002359645659
1005002282847800
1005002087023098
1005002089109711
33014084378
32955880590
1005001865356791
1005002346992062
1005002324919054
4000231712450
32896920708
4000081840143
1005001780165302
1005001993410602
32891740687
4001210251247
1005001760796983
1005001874158422
4001277560460
1005001343115757
1005002122438171
4000097385694
32378532359
4001280667698
1005001385684895
4000240695273
1005002233899917
1005002373551261
1005002485591532
1005002224204725
1005002296864356
4000404067877
1005002466421040
32296772333
1005002350083873
1005001605855685
1005001799093868
32908443525
4001232776570
4000405046423
32842675291
1005001381540905
32928247769
32963138990
1005001270112344
1005001303912231
4000929943312
1005002314546253
32957706221
4001050280368
1005001907080326
32813663107
1005001495694202
1005001974883543
1005001362607331
32885604452
1005001675979763
33007278103
32958001237
1005001348558649
4000595061451
1005001633825833
1005002031675871
1005002491994394
4001058611200
1005001845606389
32953237340
1005002475755996
1005002413489379
701786901
4000557799338
4001316686247
1005001847619211
32853752313
1005002047761611
1005001991843237
32707692892
32886208828
4000254468968
1005002369300033
1005001330562994
1005001769211426
1005002219634092
1005002313873111
1005002022453401
1005001570029445
32989833268
32949793585
1005002305245963
1005002339716293
32989598304
32807632611
1005001308432306
1005001882671015
4001231212717
1005002313293540
4000298770174
1005001780573516
1005002376898355
4000383107365
1005002430641227
1005001808319733
1005001304161361
1005001672090873
1005002354254750
1005001493214034
1005001763400513
32558328858
2018193451
1005001389744638
4001212369984
1005001525508226
1005002457256726
1005002171021451
1005001523521330
1005002258542573
4000629452190
1005002034319468
1005002214910254
1005001965134982
1005002379470481
4000695423196
4000718004087
32827438358
1005001405247539
4001014518507
33001419067
1005002090893732
1005002397677622
1005001547893490
1005001618084935
4001193916765
32514182546
1005001576049074
4001313404159
4000051623291
1118940356
32893373156
1005002346196064
1005002310209440
4000167047611
32829991999
1005002387860396
4000456226183
4000691234798
1005001520780995
32833462511
4000858933309
4000062254543
4000642246901
1005001620031680
32894837961
1005001891584733
32530001360
1005002071291825
1005002490145867
4000161801565
32861842862
32965915105
32912381014
32720488024
32974971052
32963729151
4000348700449
1005001541643691
1005002318496729
1005002287940436
32970295933
32890195329
4000381566349
1005002273626079
32905136325
1005002288939654
1005002342576502
1005001447466556
32819206605
1005002191826526
1005001890187571
1005002429212750
1005002344774643
32963575251
32911456899
1005002365177076
1005002238829504
1005001676501012
32763703493
33013008194
1005002250410946
32319781464
1005002317276483
1005001575397364
1005002305307723
1005001705083849
1005001896948434
32995066603
2050987161
32817319568
33002628452
1005001973263671
1005001774812754
1005002426410064
1005001459514093
1005002244095399
4000132916139
1005002238380880
32890047594
32974200396
10000055538455
1005002221321284
1005001947424545
4001062209318
4001118504950
1005002465595370
1005002400150239
32847580143
1005001518748251
1005002272894729
4001313708454
1005002180030639
33027223712
1005002364030914
4000489022127
1005001571492801
1005001748953585
4000435150304
1005001509743470
32753998798
4000997395085
32396033395
1005001405550203
1005002352293356
32978675663
1005001679907259
1005001871467151
4000528757857
4001272386818
4001323373991
1005002312102050
1005002341934715
33034033115
1005001826128678
32350087905
4001111636919
1005002198638942
1005002458761977
4001089291616
4001274852205
33062383805
32846233800
1005002364603292
1005002297952658
1005001882498074
1005002220609073
1005002328816563
1005001318808856
4001228130428
32917680448
1005002175504917
1005002365325596
1005002329641040
4000966616836
1005002108430533
1005001485574337
32982104488
10000273302024
1005001869080601
1005001888512894
4000776095449
1005002213242040
4001251586190
32863508801
32900921370
4000983963283
4000709171568
1005001383606689
1005002220543821
1005001715500011
1005002430981547
32950482060
4000269258863
4000401772599
1005001779824623
1005001847534725
1005002398557336
1005001972110536
1005002343197843
1005001434632638
32975097576
1005002362980560
4001057735513
32847997193
1005001561802842
4001107851665
1005001845524539
32924574081
1005002341137697
10000116156267
32589681421
1005002012178727
32760398987
4000561914893
1005001500874688
32900951775
32998665806
4001196739679
1005001515163949
1005001333890795
4000929309248
4000266402844
4000337018910
1005001451971276
1005002373373497
4001011097840
32954779606
4001327298754
1005002386231412
1005001653115339
1005002187228335
1005001345921422
33056518807
1005001934229879
33035818026
32810264540
1005002376251899
32976830310
1005002182547309
1361028884
1005002091218218
1005002347047078
1005002351605274
32723682260
4001125001906
4000989390267
32869367341
32861287375
1005001417184873
4000267303818
32715283495
4000055741105
32973295152
4001305700093
1005002201792397
1005002297582357
1005002246010790
32720228196
1005002124209929
32845070272
32879672893
32836103076
33059265098
1005001406215371
1005002433767533
4000390684243
32966580927
1005001459692601
32917872124
4001343605826
32809878288
32853889671
4001257743705
1005002398858057
32944725835
1005002491984261
1005002253528481
1005002286277289
32649917085
1005002422220018
1005001592674996
1005002300813650
1005002276956925
1005001841801393
1005002346100090
32953896193
32969986180
32863093610
4001041116728
32888456168
1005001869069079
4001147279928
32854925344
4000386772661
1005002405237506
1005002392959199
32978307003
1005001355386724
32900260950
1005002414428318
1005002379194079
1005002275698556
4000030992677
1005002263852596
1005001869985773
10000383701595
1005001518570354
32660994799
1005002327513087
1005002314281752
1005001439172045
32863695012
1005002258811711
1310144609
1005001299985762
1005002350955584
1005002318966841
1005001485289366
1005002484857981
1005002198618887
32908742438
1005002226217501
4001221199942
1005001844130363
1005002314307694
4001325983423
1774110818
4001261134585
4000995106530
1005001976107782
32845399875
32980632097
4000404472052
1005002312201028
4001027993531
1005002193807623
1005001482884986
32970246912
32935091511
32795280879
1005001872624042
1005001965612057
1005001648407330
1005001998625915
4001355392073
1005002313023278
4000382110106
4001057864960
4000229102618
4000782891221
4000419596947
33007259163
1005002073434861
1005002466093620
1005002089621548
1005002497018456
32918898141
4001241320038
1005002332964646
4000756355457
1005002375388182
1005001895982781
1005002372135974
32792933819
32885572418
1005001928085612
1005002480594258
4000384709174
32835488332
1005002448555020
32928091405
32893411790
1005002365118673
33008554816
1005001615899129
4001065462815
1005002384517211
1005002353270545
1005001861876677
32966041507
32862932933
32918737722
4000896589425
32835201633
1005002148648306
1005002302347479
1005001411838325
1005002337014678
1005002079234279
4000174153061
1005001320519492
1005002096835507
32948457589
1005002322845382
1005001670792742
1005001604055823
1005002316363144
1005002193460568
33043567273
32953683565
1005002079905581
1005002423686496
1005001598624650
33059707083
1005001854440912
1005001585535705
1005002417580756
1005002346063977
1005002348389675
32949913917
32900901777
1005002214091625
4000988943243
1005001674855266
1005002306166005
1005002091329417
4000544876364
1005002428664136
1005002120004754
4000489849208
1005002375471121
1005001298885296
1005002285981522
1005002357691457
1005002356683933
4000321119155
1005001864008649
1005002412737723
33028282477
32811447107
4001027559295
4001287059462
1005002313958890
4001075561418
1005002413457138
1005002435864965
1005001607605170
32824539594
1005002338608040
32961316220
32885615762
1005002282827045
1005002408451295
32855134850
1005002074135313
4000926933212
32911715302
33017489487
1005002007891788
33000295172
1005001441282688
1005002281638650
1005002199758606
32961200522
1005002114791605
1005001561249476
4000799752394
1005002310335527
1005002233007637
4000289086770
1005002052017679
4000466147549
1005001439607223
1005002388666884
1005001728686023
32967134398
1005002068103073
4000177322020
1005001525125601
1005002074304802
1005002303911391
32551044896
4001293427424
32967613161
32831914293
1005002488490456
1005002329861809
1005002342755589
1005001598984953
4000558364524
4000986480563
4000784294577
1005002276634617
32963084038
32565078116
32896789652
4000711111532
33006115235
32996270460
1005001320125165
1005001747652167
32803341251
1005002147378240
4000292174612
4001256493276
32829870978
32890304726
1005001885564203
32865551806
1005001958670769
1005002356248417
4001027746337
1005002336814494
1005002084980130
4001123049318
32848982445
1005002359710558
4000933217136
32757670403
1005001437234911
33035163922
1005001326257484
1005001614474049
1005002322761519
32838989189
1005002346985737
32917453695
4000215465568
1005001987785046
32599768630
32721756218
32786893252
32396163298
32966047274
4001153066292
1005001619684332
1005002267865894
1005002268882924
4000379069353
4000890988573
1005002371498096
32853854476
32837911920
4001259580727
1005001792928690
4001212428614
1005002359864178
4001289964436
32850284223
1005001369706820
4000107352958
4000464945905
32809499633
4001161866880
4001218047233
1005002280822490
32952673746
32853156079
1005001621027258
1005002146575034
4000333641330
4000922504230
1005001393243105
33048858460
1005002468900665
1005002398934876
1005002282745836
32811854835
4001358524188
1005001525313923
4001128974779
1005001334427042
1005002223955452
32815875229
4000833716447
4000401901066
1005001802352017
1005002432816655
1005001319375201
4000857310464
1005001906331270
4001135149267
4001260632038
10000395842886
1005001640283584
4000142045013
1005002080700174
1005001424124500
4000969183495
1005002438170784
1005002382532453
32955084985
32952208407
1005002324910065
32805823282
4001271996061
4000220958750
4000465912822
1005001287498323
33048615214
10000402948930
1005002470387427
1005001587627705
32426949350
1005002014341644
1005001770854923
33033326813
1005001507104897
1005002337201431
4000628051308
1005001383371845
33007577143
1005001494637052
4000224418069
32993246089
1005002330668483
1005001687874213
1005002340409664
32967426361
4001175896081
4000990918776
32854666336
1005002453267202
1005002139148853
1005002431699252
1005002288023745
32848074510
1005002327803643
32962121927
1005002290360879
32968811376
1005002265593442
1005002234870123
1005002416785795
1005001586927089
1005001441134760
4000574472025
33061166726
1005001858070053
10000402339470
1005001424240037
1005002318515400
1005002424088585
4000014827651
4000132247276
32995692119
1005001512937853
1005002220103331
1005002056339312
32997328863
1005002197942624
4000245650789
33038561498
1005002329999069
4000771304715
1005001928009054
10000410019058
4000606351151
1005001882299794
32814782893
32854446272
32908742280
1005001468813668
4000833977662
4000400862355
32890611763
4000723081092
32999044668
32718096805
1005002310562572
1005002441937706
1005002314216990
1005002180662109
1005002341043353
4000386171384
1005002445123705
1005001671046440
4001200917039
4001353240500
33007745869
4000055059356
1005002231316672
4000197162484
1005002336491782
1005001325629998
1005002122339962
1005001857344201
4000627702930
1005002090257260
1005002167722403
32955842183
32535247006
1005001907139629
32858541299
1005002314454829
32825395837
1005002142572106
4000525351428
1005002367559562
4000930384969
32903552381
1005001907397652
33015998764
1005001848755846
1005002352299111
1005002342055336
4001041154028
1005002210874291
1005002368089084
1005002394961195
32861634509
33009196278
33012277902
1005001971258820
1005001647012653
32834255139
4000369741070
1005001331990635
1005002350744713
1005001813184746
326596447751005002422771670
1005002454404504
4000344088752
32867516239
1005002338130813
33040064805
1005001860771626
33016781190
1005002028331554
1005002129787823
1005002365419763
4000027240668
32965990334
1005001731741096
1005002352814187
1005002306140445
4000725495678
32968823793
32983699960
4000055695554
32879140694
1005002419964277
32510970055
1005001646505096
32934662980
4000744860027
32837865053
1005002063961845
4000868399144
1005002393166206
1005001780909295
32895608213
1005001756187231
4001280362633
4000065152058
1005002292653435
32911459541
4000171612904
1005001915521421
1005001391071251
1005002293767465
33053852067
1005002471417503
4001130915810
4000723040784
1005001525479251
4001131808406
1005002291618637
32812220926
4000148815669
1005002281008683
4000777508799
1005001825886796
1005001506625276
1005001588367109
1005002228231679
1005001812177859
33007953525
1005001783482334
1005001840970001
1005001618094867
32846311684
32951139572
32867816874
1005001902620977
4000875128297
4001150881691
1005002361724442
1005002282128815
1005002337717908
32702196776
1005002346638125
4001335044333
4001160188580
1005002446867451
1005002371937791
33012248450
1005002464666031
1005001386350201
1005002447127454
32882858180
33053904015
4001156001910
1005002460204047
1005002245831026
1005002170662991
4000418825139
4001194401237
1005002333628850
32921552823
32788500811
32849295516
32815249817
1005001987639269
33023925885
10000156003380
4000515965916
1005002247870481
32266827120
32331438545
1005001592081611
1005002342706872
32312207309
4001040986119
1005002244528544
1005002328577969
1005002254928564
1005002329028611
1005001889028110
4001203062186
33017166027
4000756408899
4000990108263
1005002327631673
32832870403
1005001843994741
1005001274384325
1005001380253886
1005002381599266
1005002014240467
32954842769
1005002298144786
32951381837
1005001344787749
32964185819
32863499066
10000344799613
4000918587113
1005001425991591
1005002382208260
1005001989777381
1005001928599190
1005002296938623
1005002429060964
1005002323538819
1005002460672263
1005001361448683
32985651787
4000479790214
4001360979580
1005002284367569
32889252434
1005002039118296
1005002345362347
1005001867215219
4001279112048
1005002387704279
4000896392681
32960190075
1005002107330090
4000611057998
1005002319234410
1005002385062842
1005002454304223
32932544379
1005001992273535
1005002424984982
1005002493178571
1005002449236000
1005002322197162
1005002011778694
32949475038
32812861707
1005001636489945
32975843616
1005001986234810
4000364287973
1005001843912698
1005001686150465
33018979443
1005001602490598
1005002259402917
32860505641
1005001709004413
4001226865993
4001159611925
1005002051999347
32917716944
32926531398
32597654410
4000627637680
4000055048046
4000326615235
32963706559
1005002489041122
1005002454706402
4000817483261
32753508183
32825618887
1005001833464445
1005001996837623
1005002208221144
1005002232316756
4000990652513
1005002389950850
1005001820616020
32934555784
4001195861901
1005001288121019
4000341308349
4000295882502
4000088497007
32361170097
4000139100484
1005002398103077
4001307716005
1000005833811
1005002321263303
622741634
33007661253
32550734386
1005002014348757
4001302242286
32960686737
32811704488
1005002140367261
1005001742686131
4001117026288
1005002337285047
1005001457411263
32836460993
1005001764134916
1005001502289725
1005002055298351
32571092232
4001251834532
4001032643285
1005002367765631
1005001677337934
1005001872059874
1005001318222768
33012262675
1005002033222715
32583546373
4000289750259
4000275971187
1005002221495121
4001064292455
4001305890798
4001314513721
32907237167
4000929476274
1005002291496471
32790929286
32993167527
4001261382411
1000006910275
1005002263812421
1005002425223941
1005002371408670
1000005924012
4001174000971
1005002387626259
1005002017214522
1005002306788634
32886667919
1005001768475519
4000965990195
1005001525788677
1005002291099281
4001236562246
4000403177090
32790579588
1005002049728302
1005001489470036
1005002216685370
4000318731894
1005002122403879
1005002435792268
1005002254391289
32708980888
4001145804945
1005002283463826
1005002332379394
1005001466711660
33037903148
1005002330541841
1005002305958708
4001114130526
32759835021
1005002107152638
1005002199388472
32769557249
1005001645343275
4001288788216
4000742467770
32857777914
32700952490
1005002438860997
1005002312543281
32906278866
1005002266127102
32908148875
1005002446999900
4000089624186
4000335571409
4000935478209
4001300131077
1750509822
1005002434751010
1005001841668108
4001135761318
4001000770989
32857626846
4000128052145
1005002268750661
4000464067107
4001152514978
32733703827
4000908629579
4000353555272
1005002396601333
1005002488958962
4000306648749
1005001441294817
4000857451521
1005002211336370
1005002483776359
1005002494574431
32891783030
4000588903260
1005001424917814
1005002237718420
1005002427481067
1005001659615123
1005001399371325
1005002384980173
4001282897425
1005001758694263
4000143981179
1005002439398520
32956872965
10000308230241
1005002376792905
4000936302856
4001313341029
1005002433131766
4000330446082
1005002224356378
1005002276336806
1005002342858814
32975478017
32809984367
1005001362327814
1005001780603785
1005001933841903
1005001467839821
1005001338926701
4000303670919
32930283183
32889484286
1005002314755984
1005002156114480
4000940935992
4000723796910
1005001364120318
1005001807433137
33008561871
1005001879787779
4000538681312
1005001623731309
1005001627052298
32965594300
1005001908460016
4000998112275
4000548794198
1005001722819817
32910089239
32980199849
4001174981055
1005002289730438
4000350232700
33059292508
32849164170
1005002272492537
1005001586014787
32864253558
1005001265472484
1005002313714637
1005002471197034
1005002041726821
1005002329484280
1005001482754496
32839905197
32969258614
1005002166179592
32317557254
4000594686774
1005002282186204
1005001949327862
1005002314225853
4001351292400
4001090137652
1005002324009827
4001094522631
1005001619995874
1005002475869926
1005002239282539
4001112971501
4000403488939
32907076181
32870468230
32955237001
32841701506
4000509500405
1005001602972196
1005002228493638
1005002337756326
1005002293142290
33022678029
1005001705410476
32569220245
1005001902417753
1005001324917881
1005002239064946
1005002312092889
32888640043
32995767241
1005001839463196
32918325810
1005002141512029
4000135938571
1005002292441013
1005002482403183
32886481805
4000534564653
1005001995527000
1005002021669365
1005002425161763
1005002359825704
1005002314648989
32800385927
32922021436
1005002192655994
32906848201
32963282991
32261447290
1005002306747824
1005001915144597
4000502225718
4000126449259
4000247556276
1005001334657156
1005002427492672
1005002318049713
4000102520161
4001285596529
1005002402054824
32976114093
4001067149673
1005002488857063
4000833764238
1005001515885695
32948432370
1005002409455590
32819490341
1005001864803631
32855351710
32858496803
4001328843299
1005002316615124
1005001948806694
1005001772022887
1005001380894853
4001097654409
1005002295465337
1005002086646139
1005002256524439
1005001952120598
32866997234
4000862808674
1005002125848524
1005001391402479
1005002291529215
1005001425770142
10000043883520
1005001566444867
4000865262093
32845675555
1005001445850564
1005002252007456
4001194001745
4000757978753
1005001856071330
33060332115
1005002414326019
33048773133
4001127671418
1005002389625276
4000955276751
32932680276
33054009538
1005002294552072
1005001539748529
1005002313956926
1005001680625674
1005001949839547
1005002357818540
1005001505282371
4000864488566
1005002348592358
4000203207510
1005001908650200
32890524226
1005002489750243
1005002314806840
1005001664615062
1005001452111990
1005001304699007
1005002433639683
1005001568064162
1005001738423359
1005002279607224
4001134871767
32851718165
1005002277989129
1005001586429407
1005002473203124
4000018148888
4001111615933
4001317712652
1005002219105630
32809145560
1005001615877351
1005001894578615
1005002087726116
32816484750
1005002386955691
4001270453445
1005002317797483
32884426891
1005001851072368
1005001685493173
1005002261283195
1005002441883672
1005002292404124
4000627708976
4001238319385
4000287136740
4001018808578
4001278973217
1005001645375739
1005002032851035
32861748022
33050699130
1005001966486469
4000231453764
32989108380
1005001947569709
1005001742135864
1005002319047757
4000151791942
1005002337114810
1005001565880867
1005001490055571
32934683062
1005002280673794
4000709093424
32919458580
4000626914435
1005001640448212
1005002278999654
4001065075037
1005002319210646
1005001664553790
1005002314524233
1005002053851317
33025731943
1005002487878393
1005002249982895
32969121071
32952499521
1005002203531418
32959753307
4000272047068
33049605274
1005002001482407
1005002305531710
1005001350514295
33041363628
4000293634169
1005002356032192
1005002295489062
1005001579525829
1005002003436410
1005002315281475
1005001459838700
32855031255
1005002318758947
32767787223
1005002499321343
1005001700984037
1005001620827723
1005001817611116
4000783678807
32887883162
1005001405502600
4000507541851
10000370251196
32582934941
4001061771520
4000226564945
1005002197505055
1005001314793215
32919438810
4000832574838
1005001817463016
32591486534
1005001798162395
1005002104937542
32913513250
4000413601348
1005001699493806
4000732649697
4001270623645
4000123481582
1005002190166296
1005002298921620
4000145554889
32978403682
4000765004035
32808534144
1005002372065626
32999858304
1005002275796980
1005001594022817
1005002081048880
32914489543
1005002259071621
1005001395916298
1005002061848915
33014071927
32614726360
1005001438828641
32930901520
4000561963948
1005002224021119
1005001441421456
33002503359
1005001750266707
1005001708087823
1005001447418180
32948246117
4000317702036
4000668440801
1005001609256078
1005002011785408
1005002069986265
1005002241794223
4001139302567
1005001385750115
1005001709058623
1005001648290868
4000704474115
1005002224760604
1005002359091562
1005001749771410
1005002341564328
4001333917413
1005002435076235
33004104307
32885108529
1005002338545451
1005001992605650
10000339292133
1005002410910297
32973966686
4000298785151
1005002220073852
1005002453293444
4000023158963
32916258677
1005001441439568
1005001868438833
4001330887286
33031046378
32409525054
1005001551396208
4000459613088
1005002350765470
1005001525850287
32990043856
1005001393917529
32980913103
1005001658385502
1005002388151517
1005002421403997
1005002442864699
4000617464734
4000322018901
1005001982570313
1005002180387633
32867076414
1005002447928524
1005001950112887
32789005086
32976972207
1005001975244403
1005001505690705
1005001625045861
1005002378276402
32850227069
1005002222198401
1005002281541113
1005001785611170
1005002438273978
32973364821
1005002328417791
1005002488584490
1005001625999795
1005002176547342
32478369770
1005002317896644
4000473302515
32780787985
1005001763542702
1005001863813800
1005002218518740
1005001429118410
1005001993480205
4001115521850
1005002468285049
1005002308969192
10000355135269
1005002362087317
1005002440821279
1005002182461637
33031867111
1948901476
1005002475943811
32481755847
33047707833
32699010278
32663345550
1005001875518776
4000052765509
1005002430639470
1005002272301174
1005001906296431
1005002326633900
4000481802129
32862925918
32817211167
1005002273573080
1005001698867561
1005002465779761
4001124947277
1005001882831757
1005002253720600
1005001757557848
1005001499270646
1005002213700857
32764164086
1005002227928523
1005001838151894
4000194540855
1005002409757969
1005002483185009
32901982831
4000292481385
33013977967
4000894645908
32923938494
1462806414
1005001280979260
1005001444871911
1005001388247385
4000734430946
32963085068
1005002317976030
1005002426034645
1005002085127894
1005002428557045
4001093074544
1005001317284139
1005002238274524
32967929234
1005001803988190
32976810741
4001247404944
4000276724504
919347956
1005002333255208
756509344
32870614617
1005002282459055
1005001305319991
1005002334854837
4000158772779
1005002069239758
1005001540884993
32973710804
32999881652
4000709001378
1005002418917674
32666186849
1005001289565714
32986039464
32977240353
32981212455
32387912139
32602323460
32967852396
1005002270692415
1005001928310448
1005001756435402
32858733102
4000696359007
32951702855
4000202617459
4000410158552
1005001728173306
32611064631
4000938304294
1005002116554888
1320720226
10000031864859
1005002267813233
32839564208
1005002420135470
4000788893108
33028420254
32959545990
32913095479
1005001483398990
4001179024620
1005002122462588
33053610924
1005001670971202
1005002298707810
1005002416637725
1005001920901312
32711063634
32967303855
4001025718749
1005002060654597
1005001820882949
32976410686
1005001894581042
10000397819156
4000773414188
4000886660865
1005002337189744
1005001287927291
842096481
4001149564506
4000433389101
33059560149
32921691021
32974866044
32925819706
1005002311091908
1005002297107533
4000567594225
1005002262552306
4000207446830
32712258157
1005002324342671
1005001605463685
1005002267255972
1005002262531062
4000926941234
1005002291677126
1005001780707618
32850525243
33048951536
33050024164
32998052392
4001159587441
4000373745810
4000250000032
32734205062
1005001361752799
4000201100705
32868562272
1005001450655846
33030462132
1005001597951690
4001274077483
4000544329542
4000626085888
1005002247629510
4000481852603
1005002314282837
32832415205
1005001325943641
1005002294455914
33006553250
4001277588163
1005002001844024
1005001292783561
1005001954389942
32987861333
4000029616112
4001179012303
1005002482824943
32946545456
1005002400348581
4001037322119
32882500785
32595463187
1005001887683124
33022513238
4000364096978
4001141936394
1005001305422348
1005002092173570
33009795911
1005001712739759
33009227296
1005001862395564
4000330876118
1005002258864477
1005002240350396
4001152971878
1005002198710469
1005002453904269
4001172024699
4001102154009
1005001494640811
1005002420002992
1005002276069616
1005002475238795
32953241433
1005002332303661
32844834239
32812060659
4001172477792
1005001424578315
33028547007
1005002167410210
1005001622383321
1005002377452267
32920624983
1005001946562684
33012355667
1005002275597673
32822989934
33030010310
4000336597638
1005002290633399
1005002196516698
1005002032731946
1005002473147345
1005002336201753
1005002329463723
33017943006
1005002400322718
4000937681229
4000181570008
1005002334547235
32839551762
32342277667
1005001678604929
1005002227816587
4000399290754
1005002440710482
32892918392
32808536388
33016551404
32998122018
1005002212877724
1005002363520409
1005001333607929
33058971613
4000111858592
32658265353
32661685214
1005001914552755
1005001834659232
4000589432801
1005002357527756
4000633203565
1005002208505823
4001156389575
1005001731590162
1005001857020958
32827180424
1005002097643053
4001293146105
1005002482069744
1005002064865731
1005002287585673
4000805098513
1005002245873700
32853140672
32962058542
1005001515978114
4001178563595
1005001784465822
32879661754
1005001799252781
32972814615
1005002307251821
4000603374149
1005002050257057
32900963696
4000113915127
1005001976016669
40008054380471005002314619731
32954445790
1005001399054172
33018051752
1005001552670491
1005002305445793
4000750833107
32945260756
4000401295428
1005002429230462
32854241498
1005002260696377
1005002432616268
4000015851514
32715377155
1005001599103055
1005001705992435
32973953665
1005002316482654
32981703430
1005002287045163
1005001830240328
4000996726437
1005002404895082
4001350773425
32883447637
4001249891238
4000666553428
1005001382521395
1005002460016014
1005002075266923
1005001694429128
1005002305410458
1005001580036747
32550722756
1005002413273449
2048710458
4000144263390
1005001953386043
1005002284660006
32815043649
4000728033578
32859111137
4001290158214
32981925885
32901990706
1005002353531428
1005001823665062
1005002134188208
1005002306618972
4001142989051
4001330701789
1005001418306314
1005002288994846
1005002284627053
1005002139557651
32917623551
33057543405
1005002260936515
1005002252508382
1005001722029303
1005002252414695
32929851134
1005002378126480
33043087255
1005002004272903
1005001437469919
32901220804
1005001280842076
32842746326
32551020536
32842606330
1005002427763397
1005002262335724
1005002258911021
1005002447257200
1005001676730880
1005002377361830
1005002340614203
32885245587
33011551525
1005001431225276
1005002394136401
1005001845506963
1005001963271147
1005001696026640
1005001989150143
1005001848553971
32953349092
32834400148
32888344742
1005002090642687
4001065027426
32775257484
1005002387502203
32874505454
4000808235393
32896701620
32986970889
32228825759
1005001987651257
1005001307941248
4000906121973
4000960723849
33007499084
1005002309487551
32682824691
32954916068
4000444330609
32818644197
1005002473005340
1005001678776896
1005001998145495
32816280181
4000831429503
1005002317440776
4001206019548
1005002002735174
4001234177213
32872003073
1005002243382041
4000664908814
1005002322754445
32862973884
32645219575
32897602232
4001025959379
4000713038618
1005001479719279
1005001968829848
1005001393502626
32975186925
32609551682
1005002382892542
1005001988770463
4001157864506
1005002400793336
32997823112
1005002052079303
1005002241874991
33059614526
32990245154
4000875241662
32967085664
4000645325886
32993309176
32833812953
1000001168808
1005002460047371
4000598511992
32959616544
4000405925287
1005002220317413
32894356105
4000868601323
33028049906
4000282693753
1005002326510809
32886885103
1005001275130201
1005001876924812
1005001795544186
100500230605127533047742880
1005001908940386
4000489300655
1005002131322310
1005002094431489
1005001441408831
1005001402539918
1005001965087417
1005002382528000
1005001579753760
1005002046544499
32978363249
4001015929113
33055795411
1005002119075459
1005002411057502
4000959670526
32886264991
4000773494605
32921872451
1005001844290851
32859543282
1005001523633166
32950488708
32958865622
1005002284172221
4000392679820
32918146333
33002736649
4001360927106
1005002387250549
32830554900
1005002463284078
4000165630420
32837844339
1005002367137664
1005001799378963
1005002263548563
1005001948763747
4000550814131
32820858973
4000416714162
4001014354067
4000045258384
1005002377218144
4000426833680
1005002489846011
4001279467133
1005002492846500
4001202879764
32969790875
1005001382371338
32832513486
1005002325760209
1005002483659960
1005002312560017
1005002377796167
4000930909477
32957939513
4000196191089
1005002476613158
1005001388074705
1005002482801700
32978251957
1005002314329115
33016270367
4001185846454
1005001425557088
4000910905298
4000336878688
32911843384
1005002258422790
4000250348527
1005002231801737
1005002401373040
1005002364483523
1005002317009835
32861971188
1005001771514654
4000911924068
1005002111272442
1005002344345332
32897576718
1005002253413419
32950162432
4001035932102
1005002126174462
1005002339635389
1005002346353326
4000193304965
1005001768808991
4001036401492
4000761102731
1005002454330387
4000800476386
1005001540437456
32969603667
1005001850393525
4001172853667
32970059824
4000449507338
1005002270786474
33013587547
4000756188587
4000140879557
32391566130
1005002262012855
1005001834608412
4001079428638
4000661046757
10000291558125
1005002462109100
1005002283663548
33060132900
4001289544569
1005002122554217
1005002426716327
32990798778
4000941949015
4000234269316
4001300324550
1005002276987732
1005002329850672
4000322675255
1005002460813970
1005002468665086
32858091717
1005002282455987
4000397650771
1005002335210617
32302777604
32950417341
4001231508899
4001038328374
1005002319275395
32367929542
1005002099344460
4000013332161
32811945912
1005001893351114
1005001974163321
4001231831591
1005002198360714
2053573037
32930736051
1005001752617567
1005001872422356
1005001671995708
1005002314383635
4000370467771
4000168899478
1005002277623018
1005002442013775
1005001280022210
1005002450604460
1005002443127356
1005002211906969
1005002207907141
4000268221440
33008357538
1005002375941240
4000299808430
1005001658343061
1005001958697664
4000389031031
1005002272073191
4000967645852
32990042553
1005002321694642
1005002064406397
1005002238630527
32970513811
1005001970321207
1005001562555513
32829983295
4000449796143
1005002315420156
1005002431074821
1005002119590946
1005001923973999
32887418787
1005002068371352
1005002312246828
4000701492234
32796809861
32910508547
4000662617757
1005001902262688
4000929847808
4001297019366
4000922243955
32859977039
4000208354687
1005001401753830
1249821571
1005001857864633
1005002485023876
1005002389659706
4000034857818
1005002388402068
1005002364254798
32959569395
1005001835641411
1005002375266167
4000467420763
32886607650
1005001474148834
32851287332
1005001840022078
1005002314454114
32999800328
1005001479595053
1005002310532345
1005002401471570
1005001824758903
1005001559358879
32840232997
1005002225137361
1005001399093048
32869507045
4000306750457
1005001966412358
1005002392980397
4000326736484
32865700947
4000378728292
4001151893293
4001115758553
1005002378108445
1005002340587662
1005002091552444
32665363624
1005002454467031
1005002284677059
33030020614
4000479244757
1005001837254850
1005001914318874
32961373442
1005002448708474
1005002267646431
1005001955142478
1005002224161512
32783430713
1005002358063719
1005001750014924
32322561973
33005614670
4001121814947
32816249000
32963417711
1005002204378842
1005001843539559
1005001729015991
1005002120541365
1005001907124859
4001337972210
1005002091668206
32849653562
4001261262057
1005002356884886
4000974760187
1005001850785362
4000035116108
4000726629807
1005001592877175
1005001670539998
1005002306052104
4000903079604
32861979170
1005001489377646
4000283734005
1005001464823859
1429966381
33010413552
4001285340082
1005002002287496
1005002489836906
4001349815501
1005001966592220
1005002180777047
32998992515
1005001424770520
4000117865507
1005002369167574
4000902362760
1005002440119385
1005001591904120
32771833416
32824639011
1005002018599338
1005002352561641
1005001909019401
33046258835
1005001911535660
1005002482859717
33036940164
32348964375
33007880205
32879193298
4001116642175
1005002356092727
2038127057
4000036865766
4000059075663
32954087363
1005002408026180
32625328778
4000042906799
32987662855
32670789166
32880680445
1005002288181963
1005002342513655
32826081623
32570218730
1005001912478530
32969655470
1005002457479955
4000818995091
32944305490
1005002303588949
33053644309
1005002351162845
1005002421416730
33048022873
1005001586834807
4000835386129
10000306904999
1005002457005772
1005002364341288
1005002389265285
1005001937675733
1005001621473513
32626298496
1005002413984282
4000021365040
1005001710091201
4000987703837
2035173386
1005001997354022
10000032345753
32389859371
1005002038172915
1005002442813615
4001225170470
4000655827167
1005002262384031
4001272113402
32955546767
32662820868
1005001485493496
1005002330052846
33011656501
32989180042
1005002226490900
1005001384153318
33015712616
4000338576469
1005002002971576
32581803360
33018593454
1005002260691396
33004927504
1005001463983086
32770220644
1005001914729356
1005002368406121
32845224701
1005002291189587
4001023874083
32879864440
1005002423396223
32965877354
4000998392296
4001299021480
32823684864
32924334875
1005002434946764
1005001705874183
1005002310995360
32619535845
33002955252
4001115349825
1005001438851152
4000705644750
1005002495610216
4001165088433
4000756845658
1005001561238785
32841220669
4000378344707
1005002377395796
1005002199491862
32966294450
1005001842889268
1005001912761618
1005002387587807
32719065876
33025541602
1005002311721227
4000849944322
32951100413
1005001382138060
32828030707
32977186672
1005002166349327
32986752126
1005001350968904
4001356344932
4001309480860
4000387347364
32683338334
1005001905729258
1005002314633017
4000776023229
1005002465272655
1005002345440820
4001135721476
1005002401254988
1005002332842993
4001334390210
4000109751041
1005001406518077
4000357753382
32326147085
32965537183
4000346277512
4000771468806
32862682816
4000598935934
1005001430951242
1005002291719660
32645957280
1005001620857488
4001194201860
4000850167731
752521073
4000908782409
4001041062623
4000772452355
1005002364628506
4000516561352
32884356597
1005002307334442
1005001722023492
32886230225
4001102438703
1005002008485032
1005002485054448
1005002375173816
32822372320
1005002293572025
1005001540291396
4001293833231
1005001500227157
4000902718340
1005002318685364
1005002085622428
32999080963
1005002115216816
4000091940206
1005001935429359
32990485917
1005002304901175
1005002128305659
32867948522
4001209483229
32395624177
4000770214143
1005001978075754
1005002351308385
32968391242
1005002294506018
4001203593263
32978161356
1005001354395955
32861369565
1005002274113115
1005001511152711
1005001854817641
1005002258753652
32995586304
1005002220122500
32970878461
32887503659
4000974227439
1005001293559058
1005002365866847
32850809212
4000364713609
1005001413586353
32989678030
32862789602
1005002053151486
32633454061
1005002377824146
33004473062
1005001608447226
1005002272410420
1005002405423223
4000230954572
1005002388281963
32994700269
4000905649991
1930273523
32689956709
32906037267
32869674364
1005001938448314
1005002237894569
1005001529450539
1005002323561072
1005002084053217
32995693949
4001233617547
32263057315
32829252594
4000898618988
4001334416027
33055876565
1005002212163881
1005001634156838
4000781103836
1005002297588369
32978076975
1005001606369500
1005002315963541
1005002414504130
1005002412271220
1005002239522092
4001111077769
33026384218
10000371335910
1005002264786050
32994876405
4000597640732
32878715300
1005002126548020
1005002336465777
4000239531633
1005001470190762
4000177681526
1005002133580148
32828867950
1005001478922957
1005002347061471
4000722067055
32835209371
1005002033897492
4001066905030
1005002405419146
1005001681209539
33054769151
4001290544447
1005001586089621
32966688858
4001013896039
1005001494429050
1005001416987311
4000864136780
4000468389453
1005001475026344
1005001594653884
1005001859396634
32784007709
1005002483913572
32817464467
1005001838011751
1005002301465277
1005001453618601
1005002425648091
1005002023517489
1005001381282116
4000901861782
1005002370043690
1005002387860767
4000170381560
1005002376882072
1005001620713980
32975770601
32974716155
4001255742819
32877218793
1005001961305410
32969037113
1005002314592402
1005002332291177
32960169889
1005001817809627
32951585950
1005002087208387
10000056959267
1005001859364791
33010814886
1005002361263760
32887812679
32815758484
1005002314408313
1005002287457727
4001228286771
1005002448050743
4001146032029
32579722057
4000987561579
4000287360911
1005001476834559
32831884518
1005001867793251
1005001386383048
4000042554529
1005001863243228
1005002321327350
4001038827210
1005002051726504
1005002489151518
32814909254
1005002291368407
1005001516029136
1005001883646400
4000279956167
1005001921951667
32738589629
4000528911601
1005002185329154
4000626529744
33026907767
1005001387980999
1005001840065232
33026480475
32802521803
10000124064320
32961202777
32859404489
1005002042799720
1000007942173
32807482240
32841662871
1005001469399897
1005002472456111
1005001325130406
32854962375
1005002352228818
1005002357083027
32975319736
1005001625411524
1005001536867089
1005001586287560
1005002453620160
1005002204169297
1005002093148098
32946218316
32948717915
32956064821
1005002042182151
1005002469721457
4000152874265
1005001968115814
33041275266
1005002156953522
1005002383347593
33002771230
32903732253
4000695183442
4001042650896
1005002365078243
1005001483949729
4000029298734
1005001325401340
1005002448330510
4001155351995
4000088726134
1005001593055471
1005001603929386
4000070836720
1005002365440491
1005001975285667
32834195105
4001241785697
4001290558847
4000449192234
1005001362056882
1005002125243625
1005001794056052
1005001941063347
1005001478816200
32388865725
1005002453583937
1005002038418422
1005001524275139
1005001379540561
1782384004
1000006214606
32854601142
32969158997
1005001487423718
1005001868772810
32566917122
1005002318821399
1005001509732388
4001225204721
1005001315493608
4000848204484
1005002033521337
4001189362483
32626864363
1005001839906061
32978676793
4000726674699
4000982465657
32913850589
1005001469517802
4000990713604
1005001423399355
1005001868850292
1005002272326067
1005002357602036
32908092394
1005002197273591
1005001370277959
32621315225
32707542144
32816086527
4001287080627
4000419061316
33014003201
1005001353801144
10000052072159
1005001838381995
1005002391956251
4001321533481
1005001584642874
4001278984231
4000785578232
1005002467111935
1005002400627306
1005001611816207
1005002288536477
1005002282698688
33035006985
1005001688847158
1005001446481217
1005001840200248
33059783673
32707504207
1005002372738631
32976338822
1005001845499478
4000834234345
1005001490228536
1005002047692120
4000707281789
4001001945211
1005002282032437
32832226143
32862793587
1005001858307500
4001242392310
1005002286291278
4001069536148
1005002435298280
32720951680
1005002318385717
1005002304866288
1005002483676305
32791873000
32552555802
1005001899839493
4000916436946
4000709966905
1005002393527931
32806609351
1005001657438306
32986093082
1005002353076430
1005001965177365
1005001378251969
1005001302964377
32799952318
1005001441335541
32874693424
32838637706
32978876230
1005002458663221
4000153321729
1005001339851942
1005002294695828
1005001645310985
32881306187
1005002248836226
33008845206
32898644186
32885761502
1005002287311591
4001154312270
33032108896
1005002312131392
4000364436972
1005002267894609
32652644234
1005002070151582
1005001416940961
1005001645159906
1005001992525780
1005002319605669
1005002282366837
1005001792302593
32858386687
1005002314268852
1005002318463203
1005002390908952
1005001647269534
1005002417038358
1005001768042714
4000831070069
32560619469
4000384772176
4000687413072
1005001992301594
1005001656761958
1005001720617504
1005002111281173
33045628079
4000814893143
32901608088
4001238609566
1005001877375244
4000203730640
4001235920404
32970800265
1005002314366826
32443581174
32997705696
4001068503267
33012487709
1005002248201432
32817733637
33040009941
1005002446376133
1005001268822727
1005001469932584
32820878871
1005002277411956
1005001677688317
1005001667597421
33018475388
32590756219
10000122179376
32940229908
1005002468927549
32967053030
1005001834682601
1005002288904241
4001177817156
4000730267308
1005002284580362
32964415885
4001186018824
1005001670744719
33014374823
4001236534638
32834938227
1005001922839903
1005002481914547
32854556268
4000910463417
4000134767249
4000981740459
32413952719
1005002490544070
1005002281094987
32682473833
4000184253371
32805702832
1005001676699330
32835960654
4000114102166
1005002247032699
1005002072560603
1005001725370603
1005001706850236
1005002448018630
4001229936312
4000024082740
1005002231858839
32572853733
32990429134
1005002418088585
1005002246690248
1005002285723927
1005002181195584
32870491348
1005002286807863
32950379835
1005002337200602
1005001299511002
1005002264532061
32970114569
32615534397
1005001705042072
32897419279
4001115161992
33002208786
4000040540818
4000306508027
1005002428525760
1005001445672033
32901843524
1005001615941855
1005001524333277
1005002318788720
4001150817748
32901129285
1005002500432354
1005002058492824
1005002357510620
1005002307031504
1005001512023734
1005002339871731
1005001578476879
1005002267875993
4001308032687
32842309451
4001025101047
1005001894874679
4001365964536
1005001458239824
32862642360
33013738917
1005002291970642
1005002364212147
32843434274
33010269205
1005001395196436
1005001687774630
10000027891696
1005001671757873
4000318164663
4000910395385
33009357485
4001243991696
1005002477283550
4001230820910
4000675963619
1005001681707729
1005002291964025
1005001840484177
4000058587341
1005002298808604
1005002341108951
32908212068
4001359400901
1005001802129952
1005002310183050
1005001885027927
32830678331
10000181840339
4000348128270
1005001479859720
1005001380637089
1005002371296734
32892185784
1005002458937149
32966600473
4001137440349
1005001519498873
32856589966
1005002312201002
32981557240
4001216160965
1005002301230495
1005001756216070
1005001917288661
32784051419
32887098251
1005001993158773
32957240569
1005001447035965
4001092216478
4001056459519
32945179177
4000418406001
1005002448115734
4001153846887
1005002192560828
4000161215424
1005002237870004
1005001785416950
4001115353623
1005002416723156
33021257274
1005001924377320
1005002235601762
1005002269982590
1005002159038526
33037786011
1005002291118027
1005002039786566
4000945676209
3287755506032810473143
1005001823070387
1005002456807447
4000398021800
1005001999528799
32948378246
32853508398
32819285193
1005002308685042
4001115542743
4001127669421
32887836112
1005002438392848
32788496150
33044278316
1005002345153142
32847734922
1005002304104432
1005001737192339
32518642579
1005002014732523
4001290493970
1005001307282795
1005002307627905
1000007374659
32955233762
1005001423281504
4000261757468
1005002455285240
1005002212245632
1005001268522369
1005001999584858
4000756629291
1005002368987010
32863811963
4000748286101
32967992183
1005001696229183
1005002443868821
32936567535
4000680686239
4001235101267
32702040697
4000279165742
1005002473357772
1005001952273989
1005001705567804
32883393401
1005001699191166
33048976645
4000206533954
1005001776295247
32986952039
4001290057718
1005001966337963
1005001383709900
4000239508201
1005002370495023
4000784884576
1005002314297559
1005002392689545
1005002477598848
1005002435170917
32643869377
1005002314854946
1005002084049800
1005001471709708
1005002218015237
4000112516450
1005001897141733
1005002319129272
1934906790
32850818996
1005002027337327
33003175796
32792498452
4001278972254
1005001430459862
1005001585728905
32355670034
1005002221352729
4001034266504
32904395420
32916722014
1005002369105906
4001215539722
1005002314354812
32894625209
527667549
1005002366150818
1005001714983120
32808269034
4000797076375
1005002376450226
4000850397926
4001275278339
33006616434
32952685809
32828122535
4000594689461
32943341003
1005002368443616
1005002427616802
32997391581
1005002347786042
4001025842048
4000481899097
32809881008
4001351338997
32999120876
1005002228662632
4000579512305
32854214781
1005002489524875
1005002462500877
32810210240
1005002363652538
1005002277879036
1005001491350594
1005002258659561
1005001598750988
1005002330513010
1005001775891057
32888975330
1005002314470293
4000780402238
1005002239604189
1005001664780221
1005001905228218
32945928373
1005001679650162
4000008965811
1005002396780958
32942265112
32958423391
1005001869838218
1005002475358501
32975297170
1005002264881418
1005002076982347
4001324236433
32845684869
1005001269496959
1005001303696437
4000446102759
1005002286983229
32885544482
32930311111
32962129317
1005002264105704
1005001922848968
1005001850998610
1005002395669690
1005002284011214
4000626040718
33026024877
4000749702122
4001231951920
4001118716413
1005001538273915
1005002306861817
1005001518815500
1005001339067349
32885731594
1005002428447204
32958063760
1005001326030687
4000038440496
32773417302
32625402022
32428613025
10000037986680
4000349892712
1005002393894314
1005001584975938
1005002424682087
4001289818780
1005001731824328
1005002322899822
1005001277963589
4001038350200
1005002356666054
1005002110886140
1005001792951625
1005002484870656
32896959091
4000163610491
1005001285997588
1005001824101360
4000300316631
1005002052305517
1005002500755256
4001216468829
1005002023575550
1005001607474590
1005002312373471
4001054300532
4001265709627
4000778006909
32564172000
32959695005
4000538705345
32976939215
1005002155953942
4000224542361
32317583627
1005002304547395
1005002283084036
4000945236950
1005002381202650
1005002286333403
32984778373
32843920347
1005002298556366
1005002327219975
32832217598
1005002340000481
1005002304326284
4000155648515
1005001633337455
1005001370996123
32845690724
1005002054929443
32961738391
4000848934039
4000877784715
1005001509590574
32844810575
1005001841850851
1005001561605763
32799346215
1005002290024082
32833821486
1005001359522243
1005002403128211
1005002342911756
4000991856281
1005002022783771
4000303326116
1005002235932175
1005001640732032
1005002282971493
1005001409867384
1005001475740403
32877952731
4000089849098
1005001694760962
32836169996
1005002429355554
10000033458567
1005001483254696
1005002281940190
4001031158871
4000065819327
33051915538
1005001708069448
32703680579
4001219458503
1005002319129372
1005001413399566
1005001525419699
4000640928515
1005001821731834
1005001887893629
4000205051227
1005001401730710
33004884148
1005002332122897
4000532948160
4000046827828
32786944578
1005002120410746
1005002061371999
1005001924226539
32804808013
32801244227
32804758119
1005002305546836
1005001795158860
1005002315202743
4000064842964
4000982796890
1005001919098242
1005002276672382
4001080828303
32932628175
1005002316917615
1005002302657117
1005001898845296
4000932001723
33009978740
1000001542923
1005002341454521
4000321983240
1005002329652396
4000891027064
1005002350751204
1005002277804087
1005002276515047
1005001849331594
1005002120876069
33052860382
1005002362949451
4001344964110
1005002225454821
1005002327328873
4001185022283
1005002273586002
4000028792324
4001248865506
1005002430983983
1005001487865100
4000899421718
4001090940945
1005002346946539
1005001868249553
33032821276
4000337333188
1005002234084213
4000028604609
1005002282279811
4000415357051
4000823838045
1005002083903484
1005002404723714
4000429595274
32976843098
1005002363936468
1005002074947189
4000271620008
1005002288461435
32963355136
1005002416274720
33025074798
32982342422
32967316933
32976695383
32653464421
1005001600371007
32892289680
4001014684882
1005002314040631
33058456658
4000241986671
32529988379
1005001482553446
33001408425
1005002237668194
1005002255099590
1005002460172188
1005002211729802
1005002329242838
738192375
32828669138
4001051616386
1005001907539762
4000875593096
32972892305
1005001475500300
32987510618
33016760237
1005002025338201
32957134400
1005001996811567
32839249683
4001199438020
4001349245862
32892649328
32901149081
4001230272990
1005002358264050
1005002340732361
1005001523885521
4000989013343
32955761638
1005001546746708
1005001848624891
4001221540338
1005002398430247
4000216567315
33011779127
1005002246605951
1005001489531862
32849756561
2029934282
32638359331
32877627433
1005002381523480
1005001933082118
32833743565
1005002291209442
1005002112071106
32652219685
32828539538
33017961273
1005002284111584
4000063957356
1005001612110166
1005002325709793
4001019738267
1005002362971602
32922780516
1005002066213711
1005002172886446
32672386986
1005001496752684
4001267940769
1781167369
1005001369447720
32574251420
1005002240935110
1005002500441701
1005002003595381
4000143114060
1005002253812667
4001047582953
4001215729681
1005001820317742
1005002318308377
33007923832
1005001450694004
1005001903240225
33012989278
32949301115
32818230268
1005001798872685
1005002211179089
32774003192
1005002090352334
1005002313069079
4001066232364
1005002139667379
4000414128042
1005001982886897
4000456242598
32975629232
1005002288497522
4000031542267
1005001923155582
1005002171798683
1005002297725274
4001038301342
1005002001958155
32972916373
1005001620046164
33058304941
1005001763835359
4000603401802
1005002322080959
4001280397251
1005001783483432
4000434244900
1005002289157549
32730262397
32844683845
1005002384057325
32789320499
4001139147098
33028485325
10000255161533
1005002271130088
33003019102
1005001431334534
32666409704
4000340697800
32482828990
32887375385
1005002300953975
1005002122392569
4001216277085
1005002359038204
4000741488776
33031764145
32796632708
4000407235176
1005002468219548
1005002055801208
1005002166560895
33020277739
1005001872199010
1005002397744292
32857829005
1005001934636070
32957789750
32842633572
32946674228
32939597587
1005001818281164
4000244944455
1005001534173633
4001051003670
4000548995547
32768531976
1005002074683790
1005002399820267
1005001278888724
1005001769494924
32858669500
1005001803865508
1005002357993740
1005002087757185
1005002281946184
32907426187
4001202745596
4000055965574
4000725300895
1005001968329752
4001045721700
1005001441464417
1005001808875012
1005002317635888
32998399056
1005002378193104
1005001525339926
4000833784380
1005002212559192
4000699858187
1005001816885303
4000344665500
1005002218791067
1005002281951128
33030002561
1005002496449965
4001004411984
1005001727100794
32715629335
1005002248584568
4000206901395
32787792865
4000576847472
1005001351537354
4000687886945
1005002254653567
32993413172
1005002219587975
1005002427358412
32807805184
4001298193846
1005002271632302
32911321736
1005002413287433
1005002386585995
4000602830638
1005001987297870
1005001367653706
1005001699709262
4001078727314
32864469987
1005002051954856
1005002024627596
32715731155
4001174592768
4000622559797
4000193049120
1005002369899397
1005001914672713
4001274309732
4000824619611
1005002362250625
1005002351940136
1005001982035151
4000033979518
1005002420913213
32810484529
32889477068
32809724971
1005002117077909
1005001788757425
33000826394
32922117962
4000263743729
1005002251681861
1005002333710405
1005002382462781
1005001638310460
1005002166608282
33051379261
1005001332902062
32779452292
1005001678895460
32820902814
1005002196050895
4001291148436
1005002404382278
1005002241809869
1005001605623134
1005002368478149
1005002430264807
32311190877
1005001897426008
33049846728
4000112289782
32816366798
32250370134
4000850245113
1005001597628825
4000990938538
1005002066443782
4000837477334
1005002477460064
4000920047065
1005002191628483
4001268784284
33014849997
4000545661977
1005001923646485
1005002311592124
1005001961508401
4000434013848
1005002278475755
1005001883101284
1005002245659087
1005002397915224
1005001599447494
1005002323328406
1005002286935642
1005002499165374
1005001628895232
32888967798
32988113741
1005001695676230
4000049317433
1005002383209391
1005002460836768
1005001570262953
1005002322200951
32859386748
4000714196482
1005001696018630
1005001957242329
1005001810960330
1005002420209213
1005002277472635
4001027381086
32978015335
1005002399188058
1005001576056753
4000595758124
32372476145
1005001982923510
32813284009
4001168034508
4000789077076
4001224438482
4001170648972
4001194172697
1005002211043334
32799283616
4001108138376
4001061542046
1005002210220716
4001236687631
32386399396
4001153891515
1005001446226925
32885151361
4001228706789
1005002276067482
4000047618412
4000097806261
33055504432
32992410365
32916064496
4001023812155
1005002240673999
1005002330788183
32791338557
1005001667243282
32853620261
4000943459772
33058113565
1005002010800304
33002791178
1005002273607281
1005001418734397
1005002219400086
32497357112
4000284351082
32857038651
1005001522183552
1005002388076269
1005001458245310
1005002377703178
1005002299200865
10000395894729
1005002462428543
32965512763
1005002239617790
32857570638
1005002348853075
4001148256615
1005002321143243
1005001579230893
1005001761815304
1005001576570029
1005002212469316
1005002441047142
32846831811
4000544035874
4000196123980
33043532768
1000007091978
1005001728152229
33035960157
4001207653338
1005002315881411
1005002353782030
1005002346628240
1005002111243262
32988787579
33024145215
32905715952
32547961113
32883737053
1005001599642394
4000928162351
1005002350650750
4000920208690
1005002317998359
10000019720528
4000135482229
1005002140849503
1005001953598502
1005002028060609
4001293298533
1005002323762984
32880234997
4001326431068
32961603786
32737741394
1005002396730982
4000173342767
1005002368022049
1005001646255122
4000997361463
33010207526
4000778578141
32915084183
1005002198571484
1005002323281408
32591958732
1005002443167204
1005002301586149
4000939201446
1005002377763758
1005001332094862
32990362675
32629532152
1005001730815074
1005001842180258
32829902039
4000251368258
4000981145306
32820350600
4000934833333
1005001856333251
1005001352676425
1005001364755938
32969342729
4001040524725
1005001570490861
1005002453604837
1005002276389344
1005002333175162
4001108050946
32894931465
1005002299601382
1005002359512514
1005001670942444
1005001451026191
32996627569
1005002398930053
4001179381207
32653736662
1005002399402267
33000948583
1005001798986478
1005002293102272
1005001603399731
1005001707846858
1005001301516953
1005002258617358
33003331650
1005002143041683
1005002095014598
33047943286
1005002211930785
4001158768986
1005001307643616
32989426935
1005001326321454
1005002014440124
32889325178
1005001485257986
4001195964010
1005002292269986
4000219376405
1005002080538357
4001142221679
1005001616033177
32891480505
4000697027082
32857038735
1005002272596354
1005002305651305
32764169486
4000406897225
4000310993449
32961590914
1005002178064740
1005002452460916
1005001605840373
1005002467018194
1005001563115770
1005002314722678
1005002265890468
32832623323
4001302243632
33015037614
4001042564128
4001069675960
1005001836899586
1005002398400510
1005002375197879
1005001350069798
1005002262596145
1005002289714353
1005002246524846
1005002194218503
1005002359710017
1005002431199322
1005002277328117
1005001457548510
1005002423925305
1005002394524742
32971021121
1005001546422808
32890620038
1005001983042261
32920933916
32968475870
4000238643793
4001282297330
4000345172788
4000986426382
1005002217556352
32738663719
1005002265182802
1275028118
1005001920434957
1005002373628363
1005002283469448
4000670590093
1005002018561934
1005002033589700
1005001849482058
1005001275918546
33015770577
32800402724
1005002007714001
32893753218
1005002333899388
1005002500591007
32821399919
4000046345289
4001260144483
32963482804
4000868094062
1005001939468646
1005002453259436
4000551585875
1005002447583037
4000410253567
1005001401901141
32960035647
32813756740
32866502044
33012704399
32857312813
1005002481259751
4001268681078
32861731098
1005001926982990
32930483083
1005001878474537
1005002341758761
32874508857
33035756817
4001331179138
32974565779
4000755082529
1005001509915547
1005001753785033
32821100297
32998695067
1005002389787170
4000838388542
1005001315915630
4000768671354
32879268658
1005002356567227
33005570782
32917599325
1005002046167688
1005002198268625
1005001361300242
32811280693
1005002484985515
1005002362316780
1005002496056498
1005002254090886
1005002322038600
4000019103846
1005001519173142
4000233662849
1005002280706752
32942125246
1005001856254749
33004139776
1005002258660290
4001238423665
1005002356306001
4001278621051
4000790652621
1005002436425057
32947769483
1005002258470083
1005002385083523
1005001563651176
1005002453807405
1005002367720295
4000718563701
32971291628
4001253750647
1005002286530435
32968856396
1005002311902762
32948097961
4000905721046
1005002440182444
1005002400241276
1005002259640904
32853731974
1005002313891203
33009271536
32229285248
4000552473342
4000905704297
32820898518
1005001344817359
32817277543
1005001430708062
32981170440
1005001774944118
4001219362593
1005002476824993
32810753716
32864733741
1005001602457655
1005001509218741
4000896280406
1005001580021299
4001280625083
1005002350693478
32916639134
4000722399841
32891761940
4001211556478
1005001580485145
32993657881
32950421314
4000990541713
32841347356
1848488654
1005002179964857
4000726002696
4001175743114
1005002362838156
1005001817891759
4001332096043
1005002267796056
1005002347065041
32945271163
1005002217212765
4001197445376
4000704604966
1005001905604338
32759915198
1005002110140630
1005002376276030
32921714066
33005350201
32908778404
1005001586737158
32952057627
1005001546615347
32510678718
32915655354
1005002278230670
329681516951005001508175262
1005002484069801
32615373247
32973022341
4000449030006
1005001882521042
4001211529535
1005002339868621
1005002288324728
1005002124574418
1005001563515111
32991086106
1005001731014996
1005001321088055
1005001781113092
33050327381
1005002428820246
32863559232
4001309773800
32920069136
1000008221625
10000401573025
4001275874743
4000200254184
1005002167949185
1005001577303511
1005002409706491
33044694954
4000033307778
32896343315
1005002314102220
1005002342580092
1005002388345694
33058200012
1005002295064977
1005002277456895
1005002400917404
1005002305928498
1005002357454500
32806737171
1005001928967106
32926259093
4001010384559
1005002003525534
4000158904128
1005002112450659
4001299727704
1005001970996752
1005002240918597
32400929334
4000402087880
1005002051147199
845600695
1005002253685736
1005001351670370
1005002394409239
32370109622
32811887154
32904864159
1005001325938161
1005002404229088
4001333087427
32882125349
1005001702726398
1005002366001041
1005002450508899
32813011414
1005001848673403
32921203046
1005002369023401
1005002345430677
32959102149
32256689863
1005002454391245
32790910733
1005002190619168
1005001551601591
32560687168
4000898444207
32825835618
32995158536
32973503189
1005002143353785
4001305013913
1005001859955730
1005002265230440
1005002259756142
4001360355766
4001135325266
1005001556328940
1005001950483313
1005001525581071
32303892500
4000831122267
4000666248366
1005002173795757
32962285969
1005002346821147
1005002281777893
1005002460773150
32981313006
1005001905635387
1005001334070263
1005002319030971
10000212038417
1005002193894232
1005001988145474
4000359858979
32898578818
32965425465
4001228556553
32734770633
1005002310889874
1005002340633625
1005002007968737
1005001741561399
4001051665679
1005002441431846
1005001603570219
1005002261637165
1005001420132279
1005001525295996
1899925447
32820970262
1005001527230707
1005001983011685
1005001936091147
1005002338921956
1005001605208070
1005002316005550
4000484426743
1005001850840603
10000385969110
4001184658009
4000792996421
1005002323335586
4001061453813
32975088589
4001305808108
32869701835
1005002474936271
1005002384738969
4000463381380
1005002459645532
1005002401283084
4000390590431
1005002413152835
1005002092555418
32619700304
4000989409076
4000693457198
4001264341035
32792139560
4000721036768
32989271195
4000447855868
32824984786
4000209623353
1005002277450693
4000704684114
1005002355933012
4001219183334
33056252755
4000266233486
1005002084471050
32639601383
1005002433089339
32966144179
33030475119
1005001430375868
1005001475806005
1005002241956207
1005002394884551
1005002454097192
1005002205755114
1005002413957998
32972378160
1005002332757373
1005002360283104
2000175474
1005001648270957
4001250336812
1005001599013995
4000678652013
32696553422
1005002262591024
32786921266
4001056113043
1005001667602631
33000061824
1005002080518398
32888351899
1005002107455065
4000595827672
32881890588
1005002327482634
4000351793629
1005002454295511
32953024930
4000901708883
4000902028756
1005002465152372
32939497874
32852616612
1005002325497363
32830411199
32966098209
1158937184
4000990825560
1005001552722494
1005001618895587
32219821409
32921779568
4001078828036
1005002428061402
1005002409396168
1005002381639094
1005001864199761
32991375865
32680644213
1005002282664329
1005002360252340
32825141721
1005002238159626
1005002477890376
32893755422
32296385378
4000285920618
1005002308022014
1005001614321535
1005002466757692
1005001619574998
1005002300905180
1005002314360927
1005002084062456
1005002292611196
1005002035899383
4001061795623
1005002314170693
1000005205046
32822474494
32344347526
32899152216
1005001528299288
1005002166135156
1005002372227236
32972998508
4000995118754
32807280196
1005002372205892
4000266040492
1005002259624060
1005002072480646
4001180404246
1005001835466416
32794454959
1005001387848830
32625787548
32867833550
1005001688993771
1431096829
1005002336478643
33003962137
1005002487368607
1005002439637711
1005002363316298
32822796044
1005002398940694
1005002271076577
4000918221232
4000553497933
1005001714709026
32314964385
1005002103101496
1005002378879358
1005002306913523
1005002235302574
33029427529
850197916
4000159537898
4000228194107
1005002276968447
1005002341884534
1005002281694250
4000637702365
32818342894
1005002052486714
1005002279674001
32974440322
1005002247882101
1005001847175692
1005002233494082
4000065666901
1005002051231525
4000682679713
1005002311167926
1005002052414286
4000269006139
4001223932611
33044668219
1005002367324729
4001190636109
1005002095967206
4001252500544
32655065247
4001030521023
1005002478522171
32966427104
4000287202062
1005002375047442
32962125156
32977226155
4001227384707
1005002337248612
1005001296703881
32953296865
1005002109149442
32720176372
1005002276098558
1005002314314232
1005002310137647
1005002243543367
1005001779269031
1005002335701997
1005002337170974
1005002262805879
1005002317894316
4000479484634
4000266006489
32865699518
32706526013
32897231566
32945977178
1005002363758727
1005001587763518
1005002424905870
1005002443500482
1005002024365770
4000329315636
4000864645167
4000994574736
1005002060037715
1005001317082134
1005001895559708
1005002398906452
32838384248
4001339484044
4001079321163
4001194460021
1005002475685073
1005002357916935
33020050240
32983212513
1005002313494910
4001207218812
4000073816375
4000370589813
1005002383217249
4000291016823
10000399955146
1005002492815939
1005002207002547
1005001657108791
4001334634601
33008626716
32299382000
1005002102273465
1005001315039367
32879673466
32999507670
1005001763601004
32904430684
1005002033693086
1005002377624532
1005002254877629
32360180068
32829695841
4000641019357
1005002358688392
4000093523525
4001166722223
1005002106101893
1005001484175917
4000315785451
1005002260439604
32843629546
4001139699029
1005001598348119
32708783068
32946948063
1005002268995335
4001259665595
1005002103026957
1005002242935683
1950477439
4001285380312
32250261984
33035829123
1005002316937473
4000989024800
32899490806
1005002199491261
1005001851005595
1005002454306433
4001122564230
1005001736783034
32970916555
10000395956494
4000484847017
32952694701
32832299396
33009516552
10000332506732
1005001901401408
1005002153675511
33060919051
1005001653018553
1005002304528498
4001119893616
4001187751795
32992152532
32922470516
4000057127185
1005002337827243
1005002288924337
1005002500634333
32889690036
32668972622
1005001870208114
4000246176756
4001241629216
1005001407501043
32854977566
32873591676
1005001360550021
4001211126063
1005002280728140
1005001355687760
1005002288874088
32881768834
32859862573
1005002051708731
1005002440952181
1005002443529006
32807224406
1005001807757593
32877403285
1005002428927313
1005002278990870
33006309618
33048410430
33045480852
1005002474893482
4001272285038
4001240907081
4000230896509
1005001900507154
32581684362
32692790814
1005002074806098
4000680034208
1005002238691778
4001338347370
32868405775
1005002177057086
1005002321041862
1005002428423927
32956406558
32923322398
32890601105
1005002076259288
1005002330251683
1005001469343806
32995838050
4001060929732
1005002146144584
1005001391581589
4000269352335
4000391634193
1005002382482908
1005002242757390
4000079386538
1005002319534867
4001252046956
1005002034443769
1005001870775718
4001057830513
32680101674
1005001648455825
1005001586626319
1189575327
1005001379993800
1005002283331083
1005001567471056
4001023261898
32666741214
1005002288307377
32726899675
32791277031
4001071623235
1005001454483181
32850481255
1005001780368552
4000386849090
1005001446772482
32965616498
1005001355778428
4001247096727
4000915047029
4000575026985
4001285226838
4000291628418
1005002398965314
32928810290
1005002253720073
4000945701609
4000203466907
1005001544781792
1005002314906559
10000038923420
1005001938462259
1005001813196389
1005001290826315
1005001332619960
1005002392202381
1005001631176511
32672302602
4000986807708
1005002219952785
33055488962
1005001823529590
32840071125
1005002314365457
4001234181485
1005002327205169
4000231809465
4000052196677
4000132587963
1005002411871493
1005002363759630
1005002073492378
4001313848952
33006001682
