32332425281
1005002110586374
1005002377557309
4001145272695
1005002280639304
1005002324198474
1005001853334439
1005001519738659
1005002276762475
32847615298
1005002011341429
33021558167
1005002364554029
1005002240266130
32983530552
1005001566766426
32933634370
1005002419805804
33050338749
1005001624928959
1005002170744510
1005001697619973
1005002118998570
4000175700360
1005002324413538
32878616189
1005001993192167
32976866575
4000721081837
4000833225863
1005001864523458
32845988851
1005002431354869
1005001894981185
32919852664
1005002402224240
1005002314819740
4001017255029
33010755516
4000551910792
1005002151854405
1005002495966232
4000864828316
4000842978772
4000734264629
4000786750475
4001288742148
32792226278
32841628214
4000853752020
1005001844352061
32974751932
32977803024
1005002087378542
1005002441419184
4000149441943
32911240266
1005001703684415
4001316686059
1005001821548421
32602072004
1942414820
32978335750
1453943290
32965820434
1005002314373686
1005002334742525
32608595016
4001024983674
1005002022333693
793241561
1005002468464198
4000987240901
32877674707
1005002050650107
4000924372397
1005002443527463
4000986637695
33005326489
1005002133170472
4000404751201
1005001757903534
33046924361
1005002347266958
4000068263148
1005002355768447
32390704288
1005002259955605
32796745270
1005001800399229
4001317016169
32766030167
1005002324987208
4000784154501
4001139674444
32881063809
4001147990384
32347607860
1005001451819019
1744683166
32949137749
1005001792933968
1005001792195146
4000545736042
1005002259438993
32894491587
32780064520
4001121876385
4000897898883
1005002006142711
32892210547
4000699690865
1005002358977110
1005001982558236
1005002054430570
1005002371742140
4000922109372
32979612320
1005002372475241
32969277779
1005002367943380
1005001955110423
32879882803
4001184309602
32847398975
4000990886099
32902594354
1005001685292061
4000926802117
1005001724734365
1005001685037230
1005001870772372
1005002332797678
4000589566583
1005001468009960
1005002393047022
1005001671045552
32912824052
32662423258
1005001474821349
32853193513
1005001930937200
1005001699689047
4001239248121
1005002391919306
1005002252054266
1005002376941766
1005002492548970
4000204604286
4001174854598
1005002055961923
1005002428206898
1005002465016853
32858153700
4000047197740
32976000111
4001337092114
1005001501138146
32572582592
1005001566200557
1005002387003825
1005002453247186
1005002313440801
33014631367
32845243323
1005001469624452
1005002264357129
32963466621
1005001810351824
1005002323675006
4000448300558
1005002314697624
32847576225
33002414640
4000781683981
32949872932
1005002494884209
32861939786
32820223560
32984138819
1005001913756018
4000864017177
1005002266622902
1005002253287401
1005002110717000
10000155499695
10000022141202
1005001942282393
4000215574092
1005002488501620
4000848855433
4000602654766
1005002303363028
1005002316510820
1005001418834483
32577522068
1005001928775717
4000275186246
1005002276187019
1997342144
32977406873
4000711007335
32925868710
1005002465832743
4000545656935
4000012659936
4000502505960
1005001604322837
4001307372625
1005002336177446
1005002373460539
32830639179
1005002440571289
4001158755095
1005002267799052
4000961536963
32879096084
4000303273845
1005002432622050
4000709363244
1005002313912118
1005002395720270
32989427715
33009445826
33027390655
1005002329852270
32953543510
1005001427821539
4001138801179
1005001514518023
4000135444155
33005866089
32906564514
4000669500342
1005001631942377
1005002001879559
33058218066
32964622417
32985699181
4001080036080
32842916952
1005001381623665
1005001404830488
1005002450449434
32884684645
1005001933765659
1005002494418432
1005002450349953
4000661084339
1005002467675102
4000971255906
1005001697782561
1005002350670737
1005002008301259
1005002019549917
1005001506907995
4001104967101
1005001610388130
1005001690947448
4000110305530
1005002291201415
4000291187219
32967145481
32860490758
4000026698145
4000096241957
1005002492467751
4000741775046
32874954638
32997912244
32966924990
32974501973
1005002413215601
4000820341156
1005001870763138
1005001792632607
1005002237917144
4001112801302
1005001328537974
32890968880
4000010441483
32999187187
32959887655
1005001496416442
4001297234013
32906613797
1005002075098085
4000960816558
1958957645
33010068809
1005001681702445
1005002096213169
1005001811093199
4001127394776
1005001466082748
1005001587669694
32840868399
32476230772
32919986747
1005001952514265
1005002465950170
33000726647
1005001722588600
32830728770
4001058345671
4000056828778
4000772363414
1005001571222205
32888584173
1005002262024812
1005001565102199
1005002424236505
4000493137137
1005001369414899
4000246677404
32916152929
1005001884454149
1005002433954426
1005002234341084
4001277941655
1005002469069051
4001331023355
32983851626
1005002379301045
4001279118030
4000324927124
1005002450272315
32254019545
4000670447205
1005002376418870
1005002315284427
32924961886
1005001498490536
1005001935490334
32971350642
4001039435269
1005002420702350
1005002330974254
1005002342370290
4000739045900
32877157474
1005002112544245
4000307864553
32814910047
32668377290
4001031860199
33046207099
4000960640572
1005002095050106
1005001936061624
33007254209
1005002302072300
1005001884228735
1005001865848437
1005001716752304
32285641770
1005002310991280
1005001975824218
33003348971
1005002303980966
4000184414068
4000269894464
1005002018201639
32955099844
1005002357538409
1005002327654226
32899771077
32834998185
1005001620993473
32877898023
1005002206512276
32930981796
32953625961
1005001645408296
1005001998921163
1005002389639211
1005001587710200
33034231857
32823162489
1005002470022745
1005002146996958
1005002314290342
1000001861100
32889763618
10000369296567
4001111923550
1005002236018255
32880961567
4000067651836
1005002362794559
1005002329754974
1005002467817147
4001005398286
32461329539
1005002086758139
33003995946
4001305848181
1005002052733244
32883515888
32928303519
4000924057489
33018549147
1005002401029556
1005002389615398
1005001789269783
1005002392476997
1005002288259696
1005002306344766
1005002240239681
32369146352
1005001525367751
32555965644
1005001881034490
4000397453648
32814674766
1005002266591932
1005002004019297
4001005409863
4000273820508
4001187099197
4001155231978
1005002345560966
32914139173
1005001992884940
4001305562526
32923227696
1005001977088355
1005002485168601
1005002371642373
1005002323255876
10000332304407
4001227613453
1005002122511357
4000216709846
1005001897447225
1005002314306713
1005001659053549
1005001670442011
32826383747
32833029722
1005002476225196
32380972984
1005002296614392
1005002412583064
33028439921
33015347599
1005002129559002
1005001678185290
1005002380264064
32603895332
4001149629278
32952260590
1005001930585090
32861187132
2024004852
1005001821123790
10050024007445111005001510147376
32907854450
1005001297489404
1005002447591909
1005002447853339
4000117287524
1005002264721913
32858727769
1005002385365763
1005002326665651
1005001793943965
4000304829803
1005002473416438
33040825734
1005001330803879
1005002388651815
4000801840678
32991482417
1005001441345344
1005002060172180
32675736064
4001049248621
4001308875126
1005002377215738
1389362812
1569494288
4000505511307
1005002289382026
1005001612752244
4001271024269
4000560845904
1005001349592681
4000991297276
1005001368984413
1005002314425118
4000024372656
1005002435682350
32856763916
4000695938374
1005002272919412
1005002333474369
1005002094412413
1005001628620249
4000529055152
1005001631380929
32978819585
4000055831520
1005002462362580
1005002239769446
32406566343
1005001770158051
1005002285906537
1005002344461271
1005002482809087
1005002167430536
1005002068525712
1005002389663635
1005002395002739
4001065151058
4001124527349
1005001604009750
32967942741
32876069193
32997910659
1005001551267649
1005002231699561
1005002291602169
1441450549
1005002372038037
1005002352363711
1005002123891986
32907158632
1005002258787635
32846304906
1005002129695998
350342482
32826400162
4000053573080
1005002500354937
1005001424448024
32464122537
1005002275300611
1005002301493366
1005002112376379
33038162714
1005001882378013
1005002226123065
1005001913651900
1005002030274831
4000156494144
1005002275083609
1005002372131630
1005002396017247
1005001577145488
1005001909844679
1968056596
1005002004965061
4000751206323
1005002336970161
33000727190
32821534018
1005001953388256
4000811002726
1005001621360433
32963735770
1005002461484248
32960317937
33011059974
1005001852254650
1005001734351219
1005001755849687
32975447676
1005002138972408
32459266991
4000378845051
1005002398838132
4000863863686
1005002027681601
1005001430445159
4001264179390
1005002412990861
1005002265507018
1005002323961652
4001149332102
4000808243797
4000509905139
1005002252493485
32946088837
1005002232808392
1005001547538808
32855681102
1005001839011686
1005002316282303
4000228717118
4000706200116
1005002277701393
1005002378659902
1005002348661341
32917813398
4000857805515
4001237614484
1005001447290150
1005002406260526
1005001489401014
32850642189
1005002059161147
1005001864550050
1005002177716057
33008576943
4001334000450
4000721016994
32973281767
32959973566
1005002390136931
1005001308269959
4000007114449
1005001967219505
1005002284407394
32995597960
4001073551375
32855117257
32963719462
1005002384600128
1005001915927442
1005002459031064
32853164581
1005001610382285
32891252821
1005002275992928
32729472712
1005002384488908
32970450138
4001242501724
4000939173207
1005002413250712
4000708835603
1005001267103442
4000319668804
32902803889
1005001686221052
1005002287772636
32894972253
32785203418
33024222547
1005002261073102
10000118741695
1005001895577000
32840845978
1005001420096515
1005001954983594
32967771633
4000668631660
1005001954913350
4000946409081
32815023302
32980632522
1005001505131426
32315519885
1005001543399447
4000843016433
32963822338
1005002334083583
32851855059
1005001490363916
32757909498
10000117951872
1698269875
4000345680445
1005002457542683
1005002277282742
1005001433273174
1005002062770533
32975093816
4000536947216
4000790865436
4001226907852
32821322323
32942234121
1005001790284356
1005002499333172
1005001325370294
1005002316743957
32915858522
32946897232
1005002475710420
1005001953469505
33026457009
1005002344836990
1005002354480754
10000000240174
1005002337775501
1005002332227168
1005001626498669
32632939036
1005001526832960
4000012558561
1005002328953877
1005001811024563
4001081242650
32873508456
1005002375167958
1005002330736342
1005001458925748
32974454640
1005001994125074
1005001345164739
32807552804
1005001864425554
1005001638767746
32888851889
33046019680
4000807617301
1005001665975652
1005002307109997
1005002294298360
32914310455
1005001636337519
1005002364833559
32958402796
1005002487706174
4000288605561
33016868761
1005001563473536
4000053393700
1005002310981537
4000714626426
1005002019053154
4000172949703
1005001620257271
1005002475517621
1005001334885896
1005001429727215
4000662538940
32940130002
4000865548401
1005002359099423
4000843049016
1005001516061051
1005002240966095
4000116686777
32461872139
33017066988
32862185240
4000599368822
1005002394610907
4001150942356
1005002314333579
33030175458
1005002255425632
1005001842664371
4001225149608
1005002314363253
4001102791072
4001156906629
32858360166
1005002342667607
1005001602267101
1005002081289839
4000424257637
1005001281686947
4000117452519
32902491545
1005001555675224
32966679711
1005002410992893
1005001577454366
1005001863835367
1005002161443389
1005001515895932
33040908695
1005001326531061
32915044603
33010043536
32854768684
4001037643599
1005002283475126
1005001420084910
1005002305238248
1005001999629475
1005002072382127
32944305430
1005002302728450
1005001811045491
4000041135648
32715466382
1005002298131261
1005001609229119
1005002273034829
4000409943410
1005001359589668
4001134797327
4000614576285
1005002423700855
1005001671096880
1005002450687956
1005001442606170
4000098266431
1005002223906355
1005002350715938
1005002252098273
4000975271699
1005002071060946
4000555576798
1005002253180138
1005001308746608
1005002238858756
32383036100
1005002331923595
1005001990368592
1005002232930078
1005002360093956
1005001604311041
1005002467051114
1005001494151130
1005001656897142
1005001617015903
1005002479991252
4000928340819
4001344897487
1005002383216248
1005002235215086
1005002448523576
1005002146226277
1005002382073788
1005001419359728
4000246839514
1005001587028397
4000810044606
4000904598995
1005001479329178
1005001646040555
32893018131
33037797265
1005001361454317
32824752981
1005002304287935
4000546662192
1005001460441147
32860751283
1005002447793477
1005002277774403
1005002167894527
32867657970
1005002168071817
1005002394220111
32796415452
1005001494345251
1005001547577863
1005001286277244
1005001367045845
32469081130
33022837394
1005002242454337
4000170031064
32871428578
32454755744
1005002041965372
1005002400308475
1005002329836688
4000836434793
32616502572
1005001426145325
4000842128818
1005002343294016
32677344138
4000640308543
32703559334
1005002304968016
1005002324006860
1005002234868961
1005002122393808
32565351557
4000084691178
4000022277554
1005001896549459
32981996048
1005001350967345
4001351827265
33039647043
32968738372
4001318873038
1005001483013504
1005002443631866
32852865182
4000341620456
4000189143854
4001292277667
1005002167200999
32918003349
1005001713574976
1005002409052141
1005002309096909
1005001365402606
4000856279286
1005002041978691
1005001998015850
4000273721439
1005002310234658
1005002099935434
32964387432
1005002326462110
4000128018419
1005001895960332
4000378438328
4001055349244
32961090428
1005002345704680
4001130978514
1005002283139082
1005002395179186
33059740378
4000186386930
33013094197
33009529793
1005001568017849
32972332479
4000070146285
1005002314379215
1005002490458113
1005002411611202
1005001305315921
32582783401
1005001865280217
1005001792557018
4000775988372
4001010442307
4000734396935
1005002473898699
32964586406
4000699097511
1005001557619992
1005002091542549
32973456806
1005001832123595
4001359572325
1005001286981677
32960482010
1005002337294945
1005001329711450
1005001678770054
4000809252662
1005002027909407
1005002352668155
32742223683
1005001525307948
33020682386
1005002466920970
4000180210269
32872737304
4001287225693
1005001439208026
1005002033388163
1005001639780074
4001209395370
32867589023
4000834926813
32863029376
1005002490438762
32960857207
1005002205102148
32952750789
1005001343669496
1005002482999854
1005001830338272
32909672389
1005001762346613
1005002461126213
32963285161
1005001629259020
4001197924893
4000890120518
1005002167983282
33047939326
4000155020852
1005002213456911
1005002413362800
1005002039198230
1005002377554001
1005002462472947
1005002311503549
4000425535704
1005002377696549
1005002328523013
4001062008646
1005002014868217
32825747942
4000314224528
1005001691012014
32909971780
1005002408311505
32987382789
1005002311464234
32831489526
1005001287441858
1005002392075981
32907411825
1005002118889491
4000726217489
32807628648
1005002338034802
1005001714967970
4001240417404
1005002144812273
1005002286055663
4001005348733
1005001803331690
1005001821176050
33017715161
4000328510624
4000315685641
32938884861
32682220000
1221998841
1005001381360171
1005001547624898
4000707592912
1005002258439147
1005001671760299
32996962105
1005002375517366
1005001764631118
1005002040536996
32856397017
1005002322839623
1005002254214019
4000233680572
33044451097
1005002102103151
32839167531
1005002314502483
1005001851906110
1005002104788316
1005001500277453
1005002388267698
1005001874435458
4000443645479
4001072206101
32762332285
1005001524745491
1005002167673984
1005001441292082
1005002298166372
4001168807108
33049228574
4000170674700
4000549599610
1005002363050466
1005002318605530
1005001868478658
1005001773587407
1005002413312259
1005001968017504
1005001356766113
1005001635373199
32899899178
1005001943120177
1005002320360238
1005001908834666
1005001914263983
1005001495826875
32863964605
32865475294
1005002266556931
4001014125411
4001232154742
32997811101
4000808230238
1005002395369835
4000844565789
1005001298613425
1005001785709319
2047442894
4000065117280
33053116808
4001176790968
4000206359491
32900882562
1005002052185344
1005002467650029
32973072444
32555287268
32895822544
1005002273843724
1005001440874378
33059912783
32411204477
1005001365757024
32655506343
1005001762250363
4001227846304
32911596994
32573556087
1005002338962453
1005001343854759
4000358494429
32837459873
1005001349322490
4001252195127
32814476384
1005002128746425
4001060048172
32722182496
4001089729616
1005002229505343
32889059088
1005002117269368
1005001826694985
1005002164645363
1005002434701777
1005002265439983
4001167898179
1005001582561636
4000877976387
1005002318986112
32890324705
4000820391081
4000202537342
32942911069
1005001846321905
1005001835842175
4001108305813
32835540096
32784580762
1005001962241308
1005002311442213
4000396011916
1005002279059562
1005001698737409
32963475820
1005001309834603
1005001335334064
1005002315364106
1005002469291487
1005001873789267
4000732833738
1005001464772318
32824354580
32885621140
32809192156
1005002328965590
1005002403908847
4000404660822
1005002287937967
32846741640
1005002333613932
4001334013325
1005002292487217
1005002286673071
4001050051513
4000143093454
4001171299889
32718633001
4001013018368
4000538197827
32991639596
1005001570578424
1005001994735038
32909196994
1005001301866145
1011722587
1005001293076667
1005002356890400
32624713168
32811954439
1005001585765030
4000803017823
1005002198800089
32779286994
32858581626
1005001808725973
1005002268173163
1005002337682010
1005001348776192
1005002155343489
4001278952530
32853554273
4000101573027
4000682696701
4001331000774
1005002210428774
1005001865665110
1005002220226923
32791375461
1005002361553075
1005001648372342
1005001957573077
32985919777
1005002205239585
4001014400324
1005002389257822
1005001547258066
1005002238940484
1005002469863558
1005001786436452
4000586012107
4000378560556
4000176870996
1005002205846269
32874970732
1005001992966611
32972460634
4001132048321
4000192169848
1005002371644289
4000636366514
33032156305
1005001855211572
4000894356148
1005001862618931
4000717145621
1005002465468708
1005002105997098
1005002348680827
1005002332750123
4001052662226
1005001834994204
1005002205672308
1005001868406775
4000215709429
32625848866
1005002317386121
4000802293073
4000113822172
1005002325069665
10000323751303
1005002457541554
4000619261714
33054524440
1005001482447730
1005001664762786
1005002275478055
1005002319146009
1005002379143996
1005002286455370
1005002312210224
1005002398862921
1005002176694640
4001192106996
1005001950931709
32818845780
1005001426007707
1005001319649242
1005002357660313
32957408238
4001129655862
32773263603
32789725473
4000395972365
4001338851619
32986663937
4000393031102
1005002426325635
32789086274
1005001344393326
32902499843
4001231120775
32222065477
32623082924
1005001840057960
4001175599483
32845406056
4000973324305
32999035375
1005002027404540
1005002211664768
32620614196
1005001671115187
1005002059187163
1005002170992688
1005001657038005
32608498084
32960200099
4000922201884
1005002377673913
1005001695456295
4000741329450
1005002215835449
1000004360654
4000173335454
32824363962
1005001592790653
4000404768269
4000909580058
1005002413863941
1005002458835026
1005001813440016
32812869539
32850075573
1005001998296817
32626020171
1005001609607513
1005002265191255
32962391513
32967197262
4000410989931
1005001683728448
32511954169
1005002400278107
1005001754813138
1005001985415527
4001271776153
1005002309881462
1005002175027280
1005002317360490
4001247630145
4000220278670
1005002289039721
1005002028503819
1005001697983246
1005001632731708
1005002438457142
1005002147267231
32898932588
32979362867
1005002049797267
1005002072414743
32754858235
1005002342734901
4000861822090
4001166028960
4000510015473
1005001642756492
32846815325
1005002427080804
1005002258843114
4000452195746
32960388421
2024416078
1005001391518322
4001343911104
1005002262938578
32843276027
1005001612010747
32922024275
1005002462936028
1005002284620132
1005002385684688
4000299764271
1005002180976972
4000701901822
32637202077
4001179781645
1005001882303066
1005002170344942
1005002241771752
1005001975409652
32945227156
4001068630898
33029481556
4001146224048
32983039221
1005002387904514
33055516157
4001189286588
1005001425344275
1005001406796761
1005001783292459
1005002330813525
528129297
4000827191462
1005002326354116
1005002358669361
1005002357439565
4000214513194
1005002018700604
32892803699
1005002371872776
4000424273775
1005001757044152
33009721572
1005002359704952
4001316830360
32862634319
32973053183
4000231556371
1005001854298208
33041374693
4001236911157
32778187587
1005001541275300
1005002513590131
4001138287503
1005002283243477
32842439179
1005002018735145
1005002291228056
1005001463164871
33054825747
1005002436278848
1005001800238460
32670134897
4000240521777
1005002194878695
1005002372338059
1005002200290845
1005001921640221
4001181419127
32959874661
1005002491520478
4000719823561
32956758868
4000171201421
1005001825680458
32902361027
33063614554
4000561563901
1005001935855735
32807020806
4000944574739
1005002034328713
32453636265
1005002490090810
1005002443728065
10000402355181
1005002341484275
1005001709646380
4000525958501
33039200661
1005002493316146
1005002286974509
1005002454278378
1005002334879721
1005002406753764
1005001873243246
4000825518906
4001316868381
1005001511616346
4000636514498
4000300850496
32755229377
32919065410
32979413701
32974790122
32980009231
1005002390206867
1005002111843990
33041844628
1005002034613112
1005001636188804
32965628943
1005002314528207
33038672906
1005002428527245
4001064652299
1005001953493599
4001188508940
1005001627088803
1005002166721549
4000034723605
4000976800767
1005001522209094
33057540712
4001199532368
32858900848
1005001415454584
1005002314226883
4000631738444
1005002287189578
32762257611
40012870861191005001439224029
33014450222
1005002458117553
33033812525
1005002449303962
4000934620674
32872848733
4000991123988
1005002361233571
4001136674853
1005002356173820
32584084013
1005002465447132
1005001616143665
33063438474
32764429981
33058658583
32837150924
1005002457470012
32983032219
32849446774
1005001617167851
4000482792859
4000874056437
33037450950
1005001562994095
4000852560145
1005002435999123
32819195750
32836927738
1005001529903002
1005002130010405
10000030176915
33031269662
1005002090901621
1005001923014518
4000898591766
1005001588219809
1005001724617075
4000066935107
33004564200
10000386639101
1005001659261029
4000006341560
1005001410701990
32974894781
32820746307
32926522283
4000979318505
1005002372173362
1005001325752474
4001174814916
32986875431
4000990921652
32938813643
4000934350233
1005001968199139
33022929420
1005002275966444
1005002246218319
32944423203
32861808421
32607559208
4001242554009
1005001301578345
32882025863
1005002284743222
33003665098
1005002334340417
1005001524573006
1005001477927461
1005001833393927
1005001685005117
1005001744119302
1005001845787580
1005002388807586
32974544790
4001294166569
4000956360294
1005002197997095
32947634571
1005001325020476
1005002454337528
4000007750789
1005001744175012
1005001612181075
4000983491079
4001173832483
1005002253634448
1005001678365738
4000386031231
1005002350767786
33014137697
4000465195858
1005002321380092
1005002129403589
4000780365175
32824397689
1005002405577790
1005001281957014
1005001603503727
32854441064
32822226218
1005001953762739
4001316370036
1005002412228048
33009489856
1005002287342136
1005002224900312
32676038545
1005001933113125
1005002321841224
32886296673
4000610411740
1005001549319692
1005001978146611
1709209364
33057457127
529639307
32818460677
1005001611808080
32923087691
4001185020649
1005002314251684
1005001737255069
4001113912405
1005001644615016
4000917508888
1005002028546260
1005002314349930
1005002326322512
1005001529282790
1005001487439969
1005002427784632
1005001854691099
4000433603393
1005002315033514
32797436555
4000818762981
1005002317136026
1005002317674278
1005001653012255
1005002400741608
1005001967455146
32970765626
4000677321967
1495161623
1005002244901600
1005002289741177
4001193280566
1005001859241817
32807683195
4001181317355
4000557936200
4000709170853
1005001556797793
4001035651959
1005002412024651
1005001927971867
32638749654
1005001437801581
1005002339609294
1005002437463805
1005001671108062
32851824913
4000648568212
4000662779262
4001242363019
1005002475502415
33005538584
1005002259140165
4001196390768
32965867603
32808853613
1005002358246097
33031780950
1005001547485268
32762385731
1005002393891102
32273733163
1005001942897612
1005002411042692
33002407263
1005002205657948
4001038333456
32926259515
4001199616525
1005002362337100
1005001873515554
1005002472872461
1005002225215296
1005002354467125
33002900575
1005001468431875
4001043247008
4001228433804
1005002312520503
1005001623450647
33000729346
1686299387
1005001690803344
4001172424788
1005002043538832
32843999972
1005002263494686
4000945595994
1005002357668818
4001015993539
1005001344897118
32788726673
1005002273526790
32709912588
1005001285186260
4001138028338
1005002023949297
1005002354199227
33034192341
574767850
1005002384874574
32963326314
1005002314399150
1005002447635688
1005001692610576
1005002103555963
1005002336150856
1005002003395523
1005001352075046
1005002365489951
1005002289571287
4000523679056
32717035589
33004585282
1005001977799467
1005002340087913
4001169769097
4001204844141
1005002364759993
32819965959
1005002400548031
10000002740361
1005002470746783
4000405542057
1005001445849867
32961622351
32970161695
1005002454350360
1005001671116242
1005002328609995
32718367680
4000814711917
33043156717
1005002360256639
32809637064
4000810042174
1005001864581023
1005002103874455
1005001793287057
4000538658420
4001038286079
1005001386257179
4000805306784
1005002241528820
33001246691
1005002211442595
32962091366
1005002463624016
1005002097382470
32875746048
1005002460506277
1005002287553231
32978823183
32973070084
32911999602
1005001735320560
1005002264597986
1005002328594934
32872965062
1005001862875363
4001237974920
32630650805
4000906448529
1005002356052528
1005002402435244
32921888808
1005002312010538
1005002337086424
4001039060752
33060890757
1005002412891136
32918890068
1005001949214428
4001215136627
4000979197607
32887195579
32869257370
1005002312238072
1005001840525055
1005001780724667
1005001437531578
1005001953216876
4000881192130
1005001556880271
32694491927
4000420379597
1005001438119838
1005002305660632
32906464397
1005002051900068
4001217711923
1005002313075653
1005001703573196
1005002395195628
1005002371679818
1005002193786628
1005001888832165
1005002211299783
4000153143644
1005001365094052
4000311896281
1005002330004530
1005002500465313
1005002327006778
33046504852
1005001334724571
1005002286022891
1005002439734969
32327180195
4001261577285
1005002419325261
1005002180379789
32367264037
4000859355317
10000395944148
32937479462
32854971719
1005002323428224
1005002314321675
4000207005505
1005001644353908
1005002317140887
4001179431261
1005002340222840
32968864321
1005002134568155
32862681328
4001224820003
1005002375773064
4001039234972
33049645507
1005001666177412
4000691981365
1005001706039590
1005002352513924
4001181429131
4000956213623
1005001470220052
4000988020470
1679957595
1005002137233963
1005002426428799
4001203453148
32855293397
1005002454390912
4000922157879
1005002038976813
1005002336979583
33049053746
4000286515350
1005001701262855
4000082997431
4000002526105
32886106001
1005001810284226
33052317753
1005001450812951
1005001488972424
1005001479728914
32968599959
1005001873301697
1005002310300748
1005002444836891
1005002082628580
32903699257
1005001648485102
1005002304330650
1005002440028754
32978338285
1005002180878280
871630958
32949813475
1005002310622286
4000960621462
4001004488714
1005002166690207
4001085360164
4001066153447
32964811550
1005002353266899
4000935743766
4000505994061
1005002441657357
1005002460414132
1005002122297840
1005002289159191
1005002109705762
32359430270
1005001843297991
32606397348
4001162263684
10000371536990
1005002246559017
32867462888
1005001863020809
1005002320956640
4001090000645
4000752555722
1005001841642809
4000458024897
1005002357728355
32665192176
1005002462864339
1005001572923580
4000349158863
32633461281
1005002302939843
1005001672318485
4000694467409
4000902575834
4000230853488
1005002299937949
32488030015
1005001494465731
4001315945361
1005002044698108
1005002228932786
1005002467444556
32916641208
1005002473927591
32828353929
4000859310286
32832084347
4001038503319
1005002252757450
1005002439960089
4000935943486
1005002259824320
1005001436018603
32833046474
1005002304377347
32837827665
32982655200
1005002290998489
32818443302
1005002400193194
1005002238880436
32903670257
1005002262123465
32998316128
1005002284746436
4000364424733
1005001940094643
1005002366236610
1005001699391497
4000499330524
32854534883
1005002340969723
4001041811294
4001147866091
4000077963492
33039251395
1005001559679776
32953041067
4000035772968
4001045215842
1005001976369275
33014952251
4001111996210
32932910782
4000542103752
32811336901
4000837117467
1005001406978326
4000022559274
1005002293528645
1005001905481802
1005002394516686
4001299972617
32962405847
4000627567778
32984123123
32547024763
1005001598470487
4001206277695
1005002468255377
1005001617098259
4001066520392
1005001863934486
4000220484541
1005002257792591
1005002309233355
1005001805596325
4000299819910
1005002327987011
4000466649453
32878903243
1005001442051534
32892267145
1005001869169137
1005002323216477
32470952195
1005002298466107
4000279693914
4001283527091
32965170766
1005001867719139
1005002388472256
1005002314192881
1005002241086050
32895648761
33026478562
1005002092543497
4000398379116
1005002336365154
1005002186374500
1005001361047084
1005002274736913
32970710634
1005001915162527
4000572767449
1005002314632642
1005001847789822
1005001823779663
4000167090569
32975772527
4000722883998
1005002128689865
4000230255540
1005001780550514
1005002496240182
4001234507235
32911728071
1005002363929457
4001290648004
33012359878
1005002305182007
4000975563981
4000215439955
32852311064
1005001631674539
1005002409828985
32921210381
32918214005
1005002278889795
4001055817592
1005002066144890
33025522068
1005002329826827
4000826104173
1005001574428785
1005002166587861
4000071706857
1005001888488127
4000829449994
1005002054611853
1005002332371449
32976767465
32960765023
4000087922809
1005002327644892
1005001980405434
1005002342730160
32947614836
10000052733795
33050382523
1005002312536415
1005001439027921
32971431409
32909733983
32970211548
4001238174560
1005001393499625
1005002340507140
4000308179737
32624441507
32902773873
1005002384301745
32995568503
32985447477
4000859334169
33002598168
1005002352954148
4000332880863
1005002303659285
4001313918296
32847845646
1005001848541787
1005001311311058
1005001657148372
32805541275
32664787155
1005002487849004
32761510931
1005002233983721
32778371938
1005001820641606
1005001977492142
1005001826243488
32666032210
1005002198735468
32945893045
33050363949
4000261615196
1005002485916154
33004231896
4001212531482
4001177072281
4000719600786
4001245088327
32993208764
1005002075137292
1005002224973544
1005002485521375
1005001858544390
4000556158438
32883461762
1005002383749286
4001118320023
4000059583075
33052212938
32794239968
1005002413378112
32819935184
4001361283855
33026979705
4001126621882
4000480405618
1005001704228297
1005001373527908
4001305657942
1005002286482477
32731542869
4000052832411
32626948494
1005002482433864
32908455329
32906105321
32788822532
1005002339811825
1005001670775160
32650677856
1005002376330475
1005002494335571
4001207282888
4000874315359
10000395959316
1005001873738046
1005002347858677
1005002304337611
33009827005
4000191101038
4000182954341
4001155348859
1005001803696544
1005002239290663
32222049174
1005002485315024
32348876427
4000959693967
1005002462700060
4000413386250
33057083472
33039954011
4000338759911
1765575711
32843817923
1005002097023127
32998107038
1005001646101554
1005001849782816
1005001659070795
1005002323197985
33042853238
33056262855
1005001954812623
1005002141140419
1005001867974386
1005001894275552
32857322792
33030030038
4000580919216
4000987148569
4000116002419
4000991034544
4000843235584
1005001713694592
1005001467771180
4001055633183
32869754981
1005002258060694
1005002337641649
32869160873
1005001524743828
1005002488797156
1005002307270114
32847526846
32855964336
10000029468712
4000595367158
4001064855829
32987936280
1005002301044700
32991343055
4001225264430
1005001990712148
1005001797457265
1005001511881024
32761468508
4000897397982
4001175785548
1005001597965081
1005001639479350
4001192995452
32808543365
4001341420934
32981149282
1005001309425230
1005001686159172
32860218668
1005001703706813
32890688763
1005002351770837
1005001388012197
1005002014711206
1005002186032962
1005002438596550
1005002110953762
4000843008543
33000885474
1005001836129780
4000777517226
1005002055755608
33011076913
33032738109
4001231833425
32869177235
32726476831
4000233786597
4000253470041
32798687247
4001255527277
32992755200
4001139735432
1005002417834188
1005001712975314
1005002413878167
4000167596191
32890447915
32915022274
1005001433977864
1005002066301162
1005002240324711
988388902
4001332408690
1005001501305117
4000709655601
1005001550736364
1005001429482376
1005002351856946
32397952406
1005002268845735
1005002388924463
33037490593
1005002252340457
1005002344245056
33036124869
1005002072370794
4000442620287
1005002245379897
1005002367646652
1005002253377970
1005001463227463
1005002490372521
33043517018
1005002340407547
1626089784
1005002169035496
4001106293724
1005002473657779
4000190965275
33000669365
1005001718656086
1005002357300488
1005002336059650
4000116729096
4000090469326
32834764829
32884593771
1005002417643643
32782244952
1005001573039643
33051012079
33011046679
32932900063
4000594633570
1005002059619577
4000566782993
32466940544
32855220787
1005001708076628
1005002253547060
32707276558
32921951016
1005001609781652
1005001709711758
1005002383282864
1005002465633755
4000067424222
1005001357712978
4000104555860
4000108993751
32855656782
1005001999022293
4001198974400
1005002398875944
1005001764768220
1005001268673836
1005002346343874
1005002355562732
1005002307508048
1005001840424617
1005002334916529
1005001478134638
32623803340
1005002413876860
4000095190863
4001081126895
4001314446924
1005002307201819
1005002053727810
32602934199
1005001617011509
1005002426266447
32757946676
32867599502
33012852705
33007000481
1005002242470764
33003219758
4000197825253
1005002346440534
32915997819
1005002375615822
1005002085690803
1005002382695849
32868906842
32861691731
1005001348957724
1005002393590758
33053842069
1005001774589951
32913724049
1005001591114182
1005001682344599
32811621044
1005001452620009
1005001670920219
32918810266
33027161083
1005002101906650
1005002090109745
1005001725323625
1005002167751480
4000342653137
1005002378335046
1005002356369823
4000826905486
1005002338862003
4000922318807
4000166636117
33008263071
1005002245738952
32959631440
32963209494
1005001838798016
32519009534
4000009761281
32918035474
32826738664
1005002459732130
1005002359530658
1005001923291305
4000096401469
32900905545
33057675949
1005001930897604
33061911048
1005002219421606
32804732788
1005002378368454
1005002398782706
4000272290046
1005001520277460
4001011305523
1005001376047648
1444885544
4001231097726
4000275118699
1005002306665439
1005001683309058
4001261541973
1005001649395859
1005001948834354
4000193482616
1005001477791235
32916692697
32986555318
4000198782799
32759019581
4001035656059
1005001831521779
4000589915835
4001167949794
1005002260188472
4000376214207
32929295801
4001053056192
4000397555140
4000421043845
1005002421091654
1005002068635114
1005002367949471
1005002079170407
1005002314324274
1005001881890510
1005001469578731
32897248386
4000236326632
32592776745
4001135266935
33032163307
32977667967
1005001679284125
4001031723844
1005002272270112
1005001553179202
1005002348343896
32489535550
32885094595
4000194862463
1005002298103966
1005002059954373
33053746369
1005002304054242
1005001983110675
1005001399979093
1005001614326750
1005001962303479
1005002368540981
1005002319459579
1005001397044921
1005002102908221
1005002431752640
1005002258277810
4000724119075
2032517308
1005002398053012
1005002498971633
4000624425949
32959659313
1005001998746311
32985625047
1005001685685010
1005002206386716
32802248132
1005002390412438
1005001839881782
4000280309600
33023595904
33001321257
1005002175612345
32886133254
1005001325018024
4001205053839
1005002236427406
1005002345740143
1005001310579530
32296481139
1005002323632133
4001265118656
1005002306216778
4000860280283
32968183845
1005002284042800
1005002314421710
33001770729
1005002186283523
1005001430981455
1005002377223545
1005001655297314
400108070903932777239051
1005002218215516
32860064296
4000788493082
4001210590496
32970760244
4001268689165
1005002275535136
33057499701
1005002294393080
1005002272575470
1005002464668086
32999576577
4000772758245
32703098528
1005001941234873
1005002316954103
1005001575267739
4000682935576
4000099230496
4000899159821
1005001816541725
4001143885945
4001084587985
1005002439847203
32709883444
32976164098
32837909613
1005002473795700
1005001981860497
4001241072440
1005001608082992
1005001779675509
32688869327
32997363867
32840205421
4001205419859
1005001302305694
1005001656751985
4001037663569
1005001367796472
4000145163316
4000063569913
1005002226142714
32823173773
1005002254301121
4000794373601
32958319674
32933206556
32992286744
1005001279232896
1005002314438581
1005001918969027
4000342946087
4001034914544
1005002283114196
32760399390
4000219015011
4001042254037
1005002043738214
1005002351019919
4000828957611
32889217083
4001039063099
4000008249622
1005001693695047
4000823155116
1005002323909901
1005001431203456
1005001834933250
32851563807
1005002340941082
32970902963
1005002428131621
4000575331064
32763324106
4000771215802
1005002274137510
33024536047
32954330545
4000714201212
1005001997440269
4001305317015
1005002351333300
33047946151
4000077846880
32815705555
4001039086045
1005001635266110
1005002274088708
32888063727
1005002288396965
4000199493500
1005002388845574
4000807797426
33022493640
32838824132
1005001954737279
4000955051414
32584490691
32963629210
1005002454282464
32853775655
32997194801
4000945239732
1005002327827972
1005002465762109
32627496154
1005001779696756
32840806501
4000723232846
4001309502704
4000120991375
32848076500
1005002484428340
4001293190988
1005002311358246
4001345424445
1005002243261119
32988826888
1005002219348839
4001285052235
1005002292367226
33018331316
1005001298262869
1005001338591602
1005002402567234
1005001819013049
1005001553321081
1005001389110635
4001078235889
1005002426994808
1005002254310885
4000438643131
1005001848594294
32982319838
1005002418339616
1005002390238434
1005002179865070
1005002278212266
1005001512904038
1005002377262472
4001186451000
1005001900153292
1005001557205257
1005002270301685
4000960637817
33000836595
4000850713025
1005002074425775
1005002344938772
4001036549732
4000205657907
1005002168305033
1005001656883287
1000006469225
4001107869048
4000835260549
10000007718185
32921259830
32980441511
1005002283480651
33045247321
1005001671159843
1005001907622600
32255420323
32961186075
1005002389020062
1005002227831771
4000199185325
1005001534270316
32848752391
32770328680
4001039377968
32547366331
4001226670350
4000170564781
4000904016452
1005002235883176
1005001966731728
1005001879109029
4000693549745
1005002204524457
32483016818
1005001757792645
1687532030
32846909423
32616671117
4001014571177
4001344856837
1005002221550088
32946950866
1005002329216130
4001263895225
32860501962
1005002406038417
32879977508
4001015144002
1005001835560191
4000032316212
4001237807679
32965892589
33011911382
1005001736688587
33012432370
33013769033
2026157467
32784974421
32953234893
1005001398444655
1005001416715663
4000135527294
4001176426057
1005002367061299
1005002482521422
1005001648664443
4000834956516
32951783864
4001158477748
32528040450
1005002212067007
32849082998
4000990224775
4000800660696
32788423801
32949760191
4001337716620
4001090488353
1005002220423092
1005001909747488
1005002488171298
1005001525349599
4001057075370
1005002392182359
1005002317701156
4001102905622
1005002428394077
32848797368
1005002185490459
4001079948912
1754285365
4001364211840
1005002365403519
4001228806083
4001296833772
4001310872989
1005002197181402
4001276418619
32906899059
4001271687927
4000128461520
4000465894926
1005002319184558
33013839783
1005002345237981
1005002319414017
1005002282795832
33042345391
1005002275066959
1005002347138940
4000028927127
4000718510531
32880619576
1005002286934591
32937142286
1005001923481463
1005001792228039
4001216786129
1005001764269975
1005002191972034
1744591868
1005002433526959
4001355265887
1000005793779
1005002387787801
32885054800
32907978528
32833572222
4000984259402
1005002043921381
33000333169
1005002076303338
1005002328303327
1005002330499688
1005002081130607
1005002076223558
33007084311
1000008160373
1005002394006211
32968745062
1005002318441791
1005001848319489
4000954933343
1005002410897423
1005001720649473
1005001586652881
4001212690416
32950568856
32795032239
32852255582
32777412168
1005002233059230
1005002346015426
1005001271553665
1005001412826731
4000806212799
4001112824304
1005001727127785
32960536475
1005001467070114
1005002467917677
10000399953337
1005001727636692
1005002400937137
4001291166422
1005001850024498
1005002357624072
1005002333093852
1005001979382590
1005002434862427
4001013014487
1005002413714708
32811327344
1005002394241905
1005001893540544
1005002314722380
1005001633604569
1005001718241550
1005002103397643
4001065047293
1005001848535541
1005002275902273
1005001301194937
1005002327281838
1005001956406707
4000326922669
1005002078976813
4001203173524
1005002489637165
1005001633020684
4000712143423
4000713016629
32949123852
1005001824137562
1005001657658835
4000401956971
32482884433
1005002430706407
4000776810722
1005002086911873
1005002498398272
33053565762
1005002388600857
32840078741
1005001900202975
1005001992360435
1005002420381941
1005002105180122
4000084789327
1005002453698621
1005002407905593
33024324765
32823212800
1005001726016561
32956137947
33044283519
1005002082475853
1005002412770737
1005001694783490
32816767001
1005001441272341
1005001494023876
32847413797
1005001452097312
1005002275268938
1005002011922746
32811006457
1005002118794495
1005001722049332
1005001444904979
1005001912705564
4001276999026
1005002320418663
32710757606
33027509917
32835432486
1005002381092931
622222469
1005001650916705
1005001335448809
32986331081
4000443178374
4000168058056
32907430640
1005001304364927
32963220568
1005002386982743
4000909288004
32871993242
1005002348062293
1005002192066079
1005002273932642
1005002372914516
4001254286963
1005001623158665
32870787345
1005002248779251
4000627015500
4001313705532
4000140099503
1005002319066634
1005002276454104
32907039843
2036086200
1005002461048952
1005001406523998
32473418898
1005002442517427
1005002446491990
32819435170
1005001929707566
1005001779368373
32971424256
4001244932619
4001010647900
4000960620159
32808272833
1005001456519543
32896883766
4001348053038
1005002102992965
1005001989545051
32906797813
1005001500798449
1005002436102095
32818346554
32973035734
33059419184
32898392822
4000595816243
32964492235
4001228745168
1005002295294066
4000523981299
1005002277243953
1005001973835039
32974864311
1005002350083121
4000089913660
1005001725857474
32918912181
1005002254081692
32833192723
1005002259538720
1005002306439663
32758650363
1005001851559173
32854960338
1005002291625563
4000692046667
1005002019320589
1005001570489920
1005001877582697
1005002399992914
1005002302165986
4001330959677
4000865470381
1005001669855464
4001266624401
1005002206302077
4001322439254
32952258015
1005002047365166
1005002306207824
1005001840273829
32968945350
32645722919
1005002238510315
1005002401102801
4000861741825
4001146592565
4000625690011
1005002194033266
32822258043
4000083227214
1005002313941926
32966654516
1005001605361173
1005002254362299
4000894756980
1005002303665350
10000354708798
32946905165
32901417857
32949760193
1005001727463732
4000084909071
1005001329722798
1005001542337011
1005002323407573
4001215937491
1005002327843472
4000169185431
32952570606
32825600350
4000709126319
1005002281786862
32793093001
1005002027036926
4000714928207
32862841833
1005002355800430
1005001565503820
4000364630049
1005002382038096
33057887572
4000959131857
1005002347744191
32983979808
1005001448657790
1005002266106135
32876350381
1005001525267879
1005001927749403
4001231237161
4000359764564
4001351618445
4000245447504
1005002333799159
1005002124162489
4001259557992
1005002364314378
4001332147600
32662501785
1005001699160884
1005001604609859
4000959328036
4001297358568
1005002171226087
1005002323237799
1005002196539675
1005002453340844
4000398992411
1005001932914865
1005001607643740
4000832128706
1005002314319180
4000546023480
1005002198882149
1005001596549809
4000468910608
1005001741838127
32982719975
1005001330484797
32965256909
4000773890817
1005002376528516
32540352460
1005002233432806
4001002445516
4000672428985
4000622491829
1005002310680383
32858421555
32610527251
1005001930303857
4000170142813
32825819870
33050721283
1005002322346480
1005002389662026
1000008473271
4001064994731
1005002459950439
1005001743396965
33031863589
718351879
32847491997
33010260806
1005001315304891
1005002352863768
32269024058
32807106124
1005002261411924
32347422366
4001159214922
4000235551430
1005002381251061
2023832782
4000018796480
1005001765787862
4000303499302
1005001722683029
4000080077348
32827305274
4001239721953
1005001682198832
4000781028851
4000989575392
1005002375881096
32788645213
32829256393
33038732820
4001337541640
32993389892
32869925972
1005002259812990
4000318616282
32873400174
1005002326270950
1005002335328483
1005002374978635
32959288598
4001189211550
4001170879847
33026160924
1005001821201611
4001080347725
1005001708319837
32243193577
1005001499554167
1005002238574661
1005001499393008
4000173195816
4000903583143
1005002050446929
1005001899565673
1005002048767423
1005001570076865
1005001999162931
32817986457
4000627173813
32966747575
1005002203815715
1005002364700161
1005002323067917
1005001855455510
1005001835622345
4000222018277
33046270767
1005002168017354
1005001762093185
1005002317531963
1005001962892487
32808645078
4000777570468
1005001478809635
4000768251783
1005002357137329
32968442796
32976126600
32848291676
1005001571188314
4000160041803
4000051028771
1005002309214567
4001270274710
1005002333797172
10000202872579
4001047675406
1005002270994446
1005002426123508
33034603168
4000018328156
1005001555284220
1005001468669958
32607868330
32830070397
1005001367727322
1005002048714685
1005001575541976
1005002253624783
4000012862181
1005001286285239
1005001899637067
32680426605
32646287027
32954626384
1005002223566768
1005002277484373
1005002329091869
1005001841565290
1005002050217958
4001167023915
4000283444817
1005001279256011
4000162774815
1005002018881130
4000969630239
4001243970868
32672282666
1005002388853210
4000662490426
4001317344001
1005002492780944
1005002311916329
1005002420311472
1005001860109457
1005002256601150
1005002184711498
32807492406
1005002090143039
1005001775157731
1005002432507772
1005002323459429
32462235365
2043753215
32889508669
1005001698956778
33064367467
1005002286317027
33051061565
1005002413118915
1005001496615685
1005002132647830
32995302748
4000799425137
1005001798124884
32871495994
4001270265800
1005002284714408
4000286920088
33055540300
1005002245856755
4001150521798
1005002063700864
1005002036910251
32891161837
1005002288884514
33012226842
4000096632688
4000466645803
1005002314177846
1005001640905139
1005002058838242
1005001371432970
4001121960013
1005001610357156
33040713988
1005001850572492
33020175566
4001219503689
4000425231279
32951024015
1005002033354466
1005001641168912
32907467434
1005002383621550
4000905434610
4000378408487
32885266959
32911321833
4001256179368
4000492851087
1005001631084676
1005001717255853
1005002265395034
1005002375518184
1005001411223155
1005001446711650
4001118722158
1005001493296237
32973168094
1005002373177319
1005002166667766
32699194986
1005001786552696
1005001874294932
1005002350845650
32431456157
32943293197
33055504431
32825433197
1005002290982012
4000445603408
1005001808602989
4000553264115
1005002398664540
1005002293131735
32979937903
32974005423
32949611869
33010118052
1005002112859555
4000656942255
1005002090451495
1005002427980881
4000469444945
1005002281125723
1005002290992286
1005001909496859
4000114861375
1005002314500052
1005001420268426
1005001620071740
1005002086577091
1005002255763656
32975871089
33004508081
33034979685
32993387802
1005002437973562
1005002166562515
1005001804384759
32985119518
1005001813402098
4000186221185
1005002263236762
32888270452
4000206622644
4000315299084
1005002304142618
1005001872317475
32767342575
1005001948147740
1005002237746456
4000006609505
1005002370480707
1005002443155056
33005445924
4000935153210
1005002236580119
32850745048
1005002413190057
1005001922130848
4000533890846
1005001727826420
4000894226266
32293464689
1005001472361460
1005002114752903
1005001754008294
1005002348549425
4000473903710
32884849940
1005002073918386
1005002421151093
32868167482
32972091723
32939562837
4000592532236
33039854466
32847871362
32965767241
4000429566750
4000944535243
32906492080
1005002313782635
32861545484
1005001580898544
1005002287325723
4001145994636
1005002256566215
1005002335933480
1005001884609626
32951897028
1005002206319883
32892070584
1005002388397089
1005002310882711
4001076231223
1005001520309744
1005002060150838
32838961518
1005002443087590
1005001953593167
1005001926519660
32807276651
32977288088
32783130991
32820133498
32698914533
1005001985535554
1005002315867623
1005002233161330
4000801217230
33045301014
32968497319
4000687414261
1005002405065974
32622594036
4001252935937
2047827992
4001242824798
4000241295725
32823742013
1005001633370812
1005002396492397
32465977079
4001057868979
1005002085472601
1005002028738894
4001153410527
32944665723
2042290978
32880229631
1005002276627179
32991108372
4000723915813
1005002167492349
32850882151
1005002254558236
1005002294845358
4000670456250
33008439783
4001322296236
1005002313405078
32970802212
32662845456
1005002260868196
1005002411433898
32958578361
1005001329636505
1005002332260078
32850087958
1005002277351618
1005002401273866
10000316374025
4000707086668
1005002377695061
4000976091109
4000586546666
4000172561004
1005002411883362
1005002314303891
4000397670681
4000203343627
32713249088
4001221878069
4000970683931
4000089725689
1005002314329095
32989476217
1005002443605105
4000029363018
32697235800
4000079499322
1005002310247141
1005002441850167
1005002403881201
4001256016559
4000129914728
1005002315741668
1005002283426466
4001201787396
1005001825458380
1005002335031777
1005002310904571
690666492
1005002007080550
631357949
33011392949
1005001291141599
1005001269858780
32607004701
32851827414
33002800170
1005002054128193
4000394138757
4000324404757
1005002322449200
4000990803783
1005002030099976
32853267013
1005002260375787
4000606871863
1005001450779930
1005002251813961
32889631163
1005002099976108
32979603390
32845819014
4000595013002
1005002287761551
32812219673
4000575992414
1005002487682152
1005001631431591
33011789416
32301454445
4000607647688
1005001831796344
1005001559991129
4000993553542
1005001874476868
4000619294130
1005001594424992
1005001943168653
32981494607
1005002168701471
4000049865252
33014179935
1005001482625974
4000148492385
32722855560
1005002210492539
32864178669
4000720802399
4001197015100
330477171171005001921019886
4000888020079
32970616004
1005001895355018
1005002148055439
1005002400257227
1005002362401461
32899666249
4000310694002
4000464734852
1005001314771498
4001048611518
4000292908123
1005001470357968
4000719643567
1005002359700276
32984498276
4000082516280
32858827951
4000392530515
1005002435175435
10000369510287
4000927358090
32783909798
1005002033821955
32842466656
1005002357703267
1005002433357129
1005001884336307
1005002448747317
1005001450627749
1005002475847589
32801063827
1005002254193573
10000334013627
4000747026851
1005002307259626
1005002185197521
32505353077
4001214183825
32805111648
4001101569332
1005001748370012
4000703524373
1005002266343275
33009593818
33037557398
32565688771
1005002006740575
32919861458
4000866369355
4000324723718
4001339653237
1005002347883089
32922981800
1005002364966563
4001297822415
1005002079557260
4001291822502
1005001731980097
4000986358940
10000107992618
32581026991
32965297143
32972544277
1005001851335691
4001279055537
32796967074
1005002091401578
33004172573
1005002411539444
1005002300309586
32821057134
32813488867
32603243691
32975017307
1005002377514878
32954697306
1005002443469152
1005001912538797
1005002342255054
1005002264429263
1005001640698209
4001333048136
32923994957
1005002270794589
1005002340207011
4001039214173
32957827739
32912819508
1005001948142882
1005002484081531
1005002338787832
4000691750991
4001031704531
2028366400
4001257450402
1005001831041445
1005002314458449
4001065047333
1005001469057670
4000237814733
1005001360795387
1005001339079503
1005001471971731
32814668466
32842454676
4001117939079
1005001845072055
1005001679906448
32649796272
1005002413622613
1005002285666663
1005002234564160
1005001899925985
1005001355977382
1005002387861814
1005002388362453
1005002033150610
1005002307374079
1005001779419178
1005002340617120
1005002387477519
10000289554953
32931469207
33048526920
1005001615232927
1005001495658998
32810421254
1005001500454340
32827343569
1005002417570628
32953559971
1005002320696653
1005001894670186
32961701737
32730182828
4000960607238
4001000638095
10000406023353
4001320601696
33040701843
1005002346767137
1005002457389224
4000614384009
32916298101
1005002365197677
1005001525474281
4000557472239
4001262365203
33056731894
1005001907239898
1005001995953351
4000626141201
4000712230871
1005002424587281
1005001418508898
1005002171117085
1005001615651271
1005002374358436
1005002306899505
1005001891136822
32967879077
1005002235034081
1005001441449647
4001168459465
32996498906
4000217350842
1005002385684603
4001248600619
4001061105139
1005001488846273
1005001496996886
1005002353270418
4000442458379
1005002337321577
32860400640
1005002064334532
1005002225159120
4000714213031
4000505231357
32790721262
32823159779
1005002062045506
1005001671270377
1005001717398631
1005001939648730
33037592479
32841863609
32540628952
1005001566123873
32596714302
32816313923
4001183788451
32951723062
33005883202
4000124790396
1005001362562131
1005002239183824
1005002277865575
4000259954019
1005002347772273
32810493981
4000458000349
1005002374639767
32648608886
32803404428
4000026914008
4001287294952
1005001586543027
1005002370248009
1005001670883229
32946386758
1005001867267642
1005002298123273
1005002340257652
1005001881939171
4000570344870
1005002303792451
4001253464996
1005002327985721
10000323555210
1005002358555538
4000686030716
1005001438554984
1005002323262275
1005002326408886
1005002205726855
1005002359281830
4001010269492
4000125371890
4001358206634
1005002310799146
1005001586783940
32868328865
32975999903
33057444762
1005001448348329
1005002311028210
1005002400589178
33031695578
32961841315
1005002363192542
4000231599770
4000223528898
4000488717728
1005002288560826
4000464713268
1005002261748701
1005001942114671
4000004365115
1005002357244865
33047059455
4001009310364
32809598862
33027792894
1005002133227802
1005002129783811
32968628688
997554598
1005002304863704
33025333134
1005001667972048
4000588836202
1005001920628360
1005001828419033
32876124128
33020622841
1005001671029648
32831651110
10000279323106
1005002473774054
1005002314347222
4001253998042
4000961149100
33012958744
1005001364996109
1005001570435692
1005001738552332
1005002208081469
1005001392719619
1005001935428819
4000736906090
33031847905
1005002259381118
4001299858483
32987996957
32990123793
1005002467185646
1005002098842125
4001301513985
1005002263615137
33024679233
32763162414
1005002336542987
1005001871235066
4000378548073
1005002468167338
1005002283553008
1005002110035594
1005001843861136
4000261136550
1005002433941813
32861178621
1005002332258310
1005002127308020
4001294029630
1005001341102794
4000926442358
1005002323308331
32219494763
1005002233126787
33018685601
1005002447499721
1005001655340176
4000197525327
1005002426373392
1005002309418512
32770111816
1005001438941678
1005002346431558
4001141597660
1005002357413810
32818593268
32964494927
4001358851858
1005002364265611
32973579682
1005002162459556
1005002090632597
1005002262374033
4000929369710
33002325134
4001272548732
4001007679123
4000930344272
4001240267473
1005001325476122
32924443034
1005002339797478
4001252526833
4000686670891
32868730973
33034547792
32765146463
32962389725
1005002165797300
1005002095058416
1005002280614376
1005002314414030
4000099276899
1005001591603423
32251307226
1005001730561683
1005001970316907
1005002417924542
32947378441
1005002375079902
1005002224925313
1005002369624253
33011150899
1005002350839360
1005001840772714
1005002404710064
32748288059
32252514948
1005002252227565
32957223171
1005002304176985
1005001736754177
1005002330749198
4000799273736
1005002370234367
4000244988675
1005001783496268
4000960858762
1005001993268076
1005001665375087
4000483500676
1005002449679293
1005001791746724
1005002235199518
32835861219
4000801916478
1005002462211761
32971047669
1005002392812333
32844983106
1005002229547663
1005002058340088
1005002263946192
4000269330351
1005002361663131
32842833088
32819657752
1005002383207138
1005002346718928
10000424353571
32894296624
32711885263
32973050474
1005001469796663
32868820523
1005001382581027
10000395851770
32909647533
1005002370266104
4000696170453
32959250017
32950719385
32620524643
32980103998
33007383345
1005001573066576
33042095191
4000864153148
32915465805
32799252351
1005002315228415
1005002023798778
1005001632502065
1005002284293185
33044703639
4001241243072
4001249657990
4001344023365
1005002478558424
32834100891
32945597498
1005002448305612
1005002478756848
1005001502797322
4001042589273
10000137809251
32873089465
4000593853024
4001068095704
1005002087748876
1005002483516582
1005002238907954
4000452349812
32890007503
4001034731516
32919797220
32863888396
1005002044018575
1005001955089163
4000603343210
4000668213320
1005001779975898
33032664241
32841151548
1005002296969827
4000106126645
4000552159925
1005001607692805
1005001634930105
1005002432929764
1005001830265047
32313425044
4001207761992
1005002397152625
4000711201084
32919289601
1005002119825882
32805304219
1005001462653234
1005002413533037
4000404569796
1005002437839288
1005001732051215
1005002458607639
4000249843647
1005002381710339
4001234033816
1005002378831354
1005001612654668
4001350821068
32879604387
32321116838
1005001803263124
1005001475876189
1005002409504839
1005002090314560
1005002300132415
1005002300222997
4000620308668
32796135772
4000735789398
1005001651953683
1005002417996592
4001322777331
1005001361129545
1005002072217610
33043953300
4001159940119
1005001588177637
1005002383071032
4000860575794
4001219794581
1005001905487955
32957395615
1005001332402533
4000844735548
1005001928699777
1005002371818041
4001129311844
1005002298083247
1005001494325197
1005002261161822
1005002218765680
1005002307447154
32840915816
1005002352219401
32858531568
33039644936
4000253158883
1005002326198880
1005002355530040
1005001913485496
4001262843855
33022243003
32918360096
4000666412577
1005002038015672
1005002318681036
4000544801468
1005001798561571
32891871049
1005002281939168
4001320744528
1005002262465269
32943649610
33035749632
32921191050
1005001548502909
1005001620907649
4001302510562
1005002449715764
32803740651
4000418833177
32819556708
1005001999489547
1005002318880580
1005001285022354
32959633881
1005002453628434
1005001870621752
1005002283092970
32856452196
1005002495298942
4001273561259
1005002453459470
32877149339
1005002495329789
1005002287364825
32966953363
32842214549
4000626191366
1005001579445063
4000163890616
32868962205
1005002308660294
4000207788701
32838974301
33036459116
4000955906027
1005002223594188
32556692058
32833677888
32901275406
33005943862
1005002394543053
1005002341170041
32975090511
1005001369561628
902564817
32365347004
33064163253
1005002196685463
1005001429948831
1005002447940246
4001208898394
4000546056488
1005002483487807
1005002487422739
32848884526
1005002396815157
32904193263
32972069162
1005002140448187
32976800122
4000723882080
4000862493688
1005002235921098
32964942635
1005002270259405
1005002291931989
4000842872900
1005001761969781
32915078232
33015885459
4001248686256
1005001338379103
1005001936289895
1005002001310969
1005001511081120
1005002332458396
1005001727645720
4000956267621
1005002323442715
4000865400548
33003500786
32954771821
4001238064647
4001245315174
4001039252634
4001156895598
1005001897815429
32951533768
1005001517055749
1005002350657828
1005001908695973
1005001882848186
1005002357587794
4000123075734
1005002392563814
32907164913
4000641377939
1005001297222836
4000863329646
1005001265485695
32918780946
4000235431206
1005001637734574
4000080279161
32807182124
1005002072495485
1005002288159743
33057635702
4000768420866
4000277030596
1005001529913621
1005002286241215
4000987219756
1005001823947085
33012392937
1005001515979227
32909702450
1005002302414386
4000251720932
1005001999341849
4000971907664
4000320427427
4001254444360
1005002490907192
4000150476585
32270803538
1000008252904
4001340175818
1005002362280252
1005002482274027
1000008408278
32951823412
1005001286516948
1339896373
1005002332256218
1005002035090674
1005002084518093
32997384561
1005002289574259
4001345743314
1005001941012993
32924699923
1005002400851554
4000911592314
4000466139534
1005001980969390
1005002328821953
4000307002463
1005002281494760
4001205420715
4000271661523
1005001624758469
1005001419562162
32818626688
1005002382848304
1005002461067224
4001257333551
4001238106382
32817664236
1005001801028056
4000035069805
33003422373
1005002359806473
1005002179857419
33035141762
1005001779943856
1005002087186224
32919413181
32831798715
32894380252
1005001540598432
4000136381999
1005001824566771
1005002262128665
1005002431349086
4001277381396
1005001848761167
1005001295609253
1005001580510700
1005002353853252
1005001354384431
1005002297171962
1005002395154363
4000818181810
4001189379422
1005002322914563
4001012988833
4000740244420
1005002065531334
1005002435252630
1005002351413994
32860238832
1005002439592981
4000197642801
1005002222671590
4001241022850
1005001274083803
32831754401
1005002245102299
1005001992114052
32844192946
1005001489358640
4001171045339
1005001853439433
32966470252
1005001698626734
1005001574092124
4001160992992
1005002357286951
32847977416
32813865935
1005001488942049
1005002371474997
1005001899208097
32854996405
32700415247
32520961387
1005002225991881
32533939507
1005002181317616
4000111406591
1005002362411642
1005002483942924
1005002275459114
1005002485090999
1005002313936539
4000916505207
1005002462470925
4000742248971
4000843250422
1005001855076832
32473320685
1005002388398345
1005002075167565
1005002433116078
32904952380
32863621760
32914543152
1005002205800075
1005002185292863
1005002321456809
1005001878757710
32797189095
33023723268
1005001780700473
1005001951656077
1005002182386540
1005001547718628
4001022022954
32947588964
1005001902289622
32841900503
1684461869
1005002193974162
1005002307847222
4000389679159
32863427385
32635626057
33013927632
1005002122534264
32953826954
1005001667915824
1005002394822443
4001228718397
32905153839
32995516539
1005001570524018
1005001488418303
4000035915510
32371723333
4000420610692
4000780895549
10000400043159
1005001330410412
33044049883
1005002080686071
1005001463552997
32887303834
4001293592161
1005001695373790
4000013853884
4001023262495
32845009183
1005002490459189
4001201894785
1005002266620654
1005002069511705
1005002276484952
32637489217
4000184298512
32258900628
32861613097
32780966277
1005002271842578
1005002466692357
4000526275767
1005001315998385
1005002255480013
4001057966328
1005002431865826
1005001439106411
4001171546065
591062541
1005001737670045
1005002387969297
4001098601835
1005002312752005
32843963236
1005002386409617
1005001607927053
4000695055320
32857449725
33050311046
4000149897933
1005001445634811
1005002452445714
4000385848734
4000038468864
1005001430746179
1005002460400998
32823560316
1005002280860537
32950414277
4000270722335
4000315435306
4000442358977
32522018236
1005002065443791
1005002450572687
4000027105581
1453064676
1005001732426604
1005002120035729
1005001669806662
1005001869633491
32615669447
4001022997192
1005001459066562
1005002225388819
32668172160
4000203700619
4000382740770
1005002293295019
1005001467518364
32888540748
4001157022089
1005002260061863
32982867627
32848379654
32972612874
1005002284712151
32888483116
33033883731
1005001660295687
32849001593
4000996903821
1005002336925937
1005002297039664
32896297090
33010640271
1005002404954740
32994061461
4001103692058
1005002337819047
32949961213
1005002433673743
32829414700
1005002309765744
1005002140484598
1005001376321679
1005002500283508
32962574041
4001017462303
4001208579983
1005002357405498
1005002397881395
32814161239
1005002219458153
1005002272045434
1005001804227631
1005002324074051
1005002175925572
4000625568026
1005002233530773
1005001700516691
870384963
4000989263185
32910285422
32951662456
1005002420931374
4000929153704
4000120457559
4000561706222
1005002490518780
1005002103051649
1005002314301971
1005001881978206
1005001930720868
1005002213711100
33046255274
1005001969008872
1005001407061552
4000234379746
1005002279928806
4001025271334
1005002315013846
32708224421
32852868314
1005001939605676
32308087038
4000469017397
32952969260
32832885840
32890008375
10000344881082
1005001479698981
1005002333927894
1005002482940903
4001005290658
1005002015232787
1005001483385040
32972135905
1005002244320264
1005002350440027
1005002286710792
1005002287268334
1005001531654382
32890242224
4001317658421
1005001585348242
1005001869605761
1005001615330679
10000305403553
1005002344834682
4000297366972
32361490669
4000219897264
4001049941769
1005001927380915
32887555849
1005001652382616
1005002414502360
1005002314467083
1005002113214854
4001224803877
4001100100076
4001142042121
32603828968
32834527711
32897118460
1005001893694832
32391340843
1005002213602407
4000261640403
4001113938983
4000109370275
1005002233646084
32955669388
32975313072
32699413558
32988981370
1005001345338357
4000054985208
1005002400925894
32850963800
1005001326726684
1005002319890564
100500233612871833012511360
1005001785013524
4000287863986
4000825992126
4000416168599
4000116632683
32971559394
1005002348569377
1005002485955481
4000926280548
1005001291363028
32841298675
1005002357448868
1005002231629598
1005002351458893
32616553050
32843337516
4001130878856
4001189049537
4001330809430
4000459864241
1005002495042240
1005002420010947
33016862424
1005001812413527
4000783206586
1005002340250298
4001025385843
32242337397
1005001467857912
4001188292544
4001240927180
1005002119099621
4000126290709
1005001922969789
1005002264151015
1005002469373029
32949287665
1005001334429606
32873405053
1005001782895099
4000860544275
1005002310760562
1005002190666644
1005002353218398
1005001891778075
33033768224
4000594065329
4000042890745
4000308243200
32662652970
32985821229
32254511356
32828606669
1005002028255254
4000829339316
32998829796
33010800883
1005001350698446
32659349288
1005002193288791
33021664474
4000586275871
4001064766194
1005002443107359
1005002388832957
1005001506018829
33023887321
32871563012
33030121495
1005002106948978
32855583565
4000903356880
32571280777
1005002212474265
4000956078040
32806790621
4000910136949
4001196967995
1005002176324315
4000314406061
1005002384499662
1005002364850388
32710641347
1005001518089516
1005001608365943
1005002282383058
1005001614471735
609817920
32849538204
1005002261825476
1005002220242942
32996913003
4000532770752
1005002312397988
1005002316662541
32714399662
1005002413261579
1005001515270255
4000098258003
32677199478
1005001374064114
1005001813570940
1005002198814979
4000849743677
1005002086785128
1005001483769962
1005001842207684
4000186852467
4000704026862
33021707718
1005001990221026
32957481770
4000545839155
4001006004946
32983750728
1005002109892538
32365629045
1005001779264130
1005001675073394
1005002241680845
4000012286361
1005001604285003
1005001492975799
1005002306836386
1005001837265567
32647568328
1005002441223256
32970154701
1005002466084697
32863722079
4000380953285
1005002141221505
1005002353168450
1005001439035800
4000043750426
1005002340996271
1005002177355396
32959096914
1000007925444
1005002206357411
4001259664868
1005002316779758
1005001835711792
4001324385244
1005002389084600
4001162854494
4000070794154
4001345563774
4000982941513
4001030031191
4000155900594
1005002279137283
4000473447555
32859192853
4000108216193
32822321287
1005001839634408
1005002267558399
1005001894264802
1005002437806198
1005001299053518
4000286265803
1005002129786488
4001100096715
1005002330450201
1005001854985527
1005002350350171
1005001424595959
32984870447
1005002332901022
4001316787579
4001042591247
1005002018674200
1005002330705850
32654951133
32834248378
1005002318512708
4000468095757
1005002346187462
1005002259125760
32964814805
4000818703371
1005002288526343
4000960568853
1005002292309270
1005001670722952
1005002428539547
33006295864
1005001505773645
4000194662620
1005001686028646
1005001864135398
32776216247
1005001599135888
1005002363525478
1005002309361837
1005002239689483
4000211653125
1005002310935498
1005002461626598
1005001869058357
4001184594682
10000395942753
4001150004682
4001258360902
4001221314435
1005002029803426
1005001322866816
4001072129437
1005001439044905
1005001515885683
4001290960668
33031600578
32819256247
1005002264368722
1005002201790051
1005002028506385
32998079661
1005001604882097
33031559648
32562614911
4000332704325
1005001441372607
32859623129
32858908979
1005002441534443
1005002313168910
1005001354736100
1005001884628278
1005001404806540
4001259684517
1005001702940999
32922832444
1005002245194337
4001202516545
1005001760007009
32810508822
1005001759030433
32859107907
1005001686234205
1005002439005603
1005001686179133
4000419633019
1005002315334470
32888668534
4001227605630
4000907222328
1005001367504386
1005002278505139
4000430342351
1005002315809756
32991066590
1005002378849051
1005002196243952
33000070064
1005002272585186
1005001580365945
32812532251
32853538616
1005002425095553
1005001586661878
4000926758786
32918429278
33058014172
32996766654
32949276220
32816271690
4001080235295
4001108789081
10000416752092
1005002246715108
1005002378737935
4001112126475
1005002225110163
4000303328844
1005001536769354
32932740560
4001111494653
4001076801764
1005002133882509
1005002187425141
4001135938622
1005001642211352
1005001406786525
32705212175
1005002337296774
1005002359681827
4001148070788
32716963207
32878629994
1005001516347913
1005002474943479
4000678416860
32699892638
1005002281894478
1005002265875124
1005002030437514
4001316882944
1005002386451082
1005002425726420
1005002350112127
32878409541
1005001412694898
1005002094029875
1005001456132627
32916845982
33010036946
1005002371461620
1005002293034856
4001010647584
1005002402432999
32811240263
1005002286462087
1005002473395444
4001330684161
4000397435933
1005001593703754
1005002377088057
1005001816597796
32920623159
32737430314
1005002276110470
1005002395089809
1005001678971541
32807981326
1005001403116976
4000140445614
1005001905342691
32859039352
1005002345161368
33002772551
32908435454
1005002334701635
1005001993975156
4000074058248
1005002194622970
1005001710303059
1005002198346402
1005002448643249
4001339750887
1005002200820787
1005001972405614
1005001835693035
32859331119
32990208435
32920413103
1005001515830642
1005002276099728
4000143914812
32852366301
1005002016762755
1005002261123176
1005002187414328
4001339524991
4000356916316
4001209127757
4001137355386
1005001682477287
1005001654431178
4001153838143
4001297000807
32866561694
1005001895215244
32878461935
1005002409767161
1005002398834566
32859486798
1005001798895143
4001226215353
4000811760778
33033592917
32849181504
4000340959804
4000841496062
32872063707
32812485450
1005002420259880
32846599315
4000685216906
1005002277288072
4000494535590
4000794232107
33004497088
1005002458711479
4000078504759
1005001429391805
1005002264360891
4000885675831
1005001700808749
1005001351131295
1005002339972516
1005001670698360
32891623520
1005002358199814
1005002292769789
1005002166233126
4000926324203
4000041800533
1005002300966000
4000522086536
1005002335042229
4001227740185
33026347284
4000481625151
32946612811
4000622656081
4001201345202
4000221987675
4001031753566
1005002332214056
32900912306
1005002319158019
1005001984875963
1005001379788064
1005002383381006
1005001708321556
1005001757172099
32976143811
4000232207968
4000774112055
1005001506809517
32827100594
4001159022012
32456410028
32974596721
4001066804263
1005001624694131
32855161618
33036499758
4000258801754
1005002448850367
4000159507635
1005001961352680
1005002377888050
1005001809145488
1005002352794797
1005001546675188
1005002297539916
32698440580
32789122151
1005002467703015
32982316942
1005001418263349
4000940673217
32952743900
1005002262243314
32280876272
1005002404075907
1005001586657287
33022997102
1005001313100298
1005002239596318
32974472905
1005002254077545
4000959249085
1005001993418806
4000127868299
32910286561
32324323031
1005002337326744
1005001820310602
1005001320247349
4001138426197
1005002342802325
33004781082
1005002342004899
1005002394751141
4000570382548
1005002258963274
4000200402965
4000896102459
1005002272385197
1005001841728781
1005001957604075
32851284720
4000974553528
1005002254222635
4000579409599
1005002271508192
32765817757
1005002168173658
32798782479
1005002102400105
32919601661
32829418857
32305946505
1005002487258097
33015884922
1005001657738984
32857219583
33019362802
4000852805057
1005002264816922
1843900812
1005001529062346
4001065457329
1005001728072652
1005001775725432
1005001549768677
4000546823590
32802308039
4000970069650
4000979363824
1005002277414550
1005002060627281
4000310403657
1005001703390695
1005001297449344
1005002323587487
4001252414497
32780045445
1005002413471712
32770239464
32948520089
1005002423502656
1005002487497781
4001273294053
1005002340131994
4000087547230
4000857587683
1005002279010742
32880622661
1005002334054916
1005002424315217
1005001883409894
1005002301886341
1005002094043071
1005001399189686
1005002302528571
4000926624804
1005002431426477
32574399031
1005001758231137
1005002326173815
1005002470900253
32852086330
1005002184894836
1005001771298866
4000473369151
32899871088
1005001941969644
32664535540
1005002333055803
4000190978732
32301591473
1005001678993251
1005001631847811
