1005002351752160
4001193412206
1005001389826051
4001111719535
1005001952868120
1005001894501602
32913713008
4000919735462
1005002369272527
4000833195293
1005001836121153
1005002426361807
1005001506608070
32952584648
32853502980
4000755425342
4000028706049
33010191742
1005002448316473
32893231959
4001270412953
1005002120468559
4001358185827
32865517472
1005001727977715
33008341647
32238048979
32841354684
1005001840375485
1005002353843547
1405310608
1005001482576910
1005002338511709
1005002383173579
4001179697770
4000459846461
1005002277415323
1005002022260126
32405453074
1005002015365952
1005002443608948
4000870460041
4000129678488
1005002286293882
32909000877
1005002187875204
1005002387363037
1005002450759632
1005002262510598
342678729
1005002497382817
1005002207547567
1005002482925699
1005002499521071
1005002097318853
32977913516
4000650287746
4000100362702
4001166173311
4000031832607
32971456694
32865250807
1005002181488070
1005002167852408
4000333291198
33027429487
32728214413
1005001627204509
4000917684025
1005001699687219
32832221757
1005001441382681
1005002033791294
1005002008373647
1005001640787023
1005001682269606
4000170332604
32976464772
33044446824
756491492
1005001314626073
32710456870
1005002258757069
4000538657050
1005001304389609
33012800080
1005001883776786
4001306615566
33047097335
1005002487220221
1005002497303673
1005002303842720
4001228491427
4000595185915
1005002341793292
32882193714
1005001286025487
32851469747
10000006199996
1005001868169966
32851352151
32998221634
1005002440040869
4001090012008
32908345695
1005001512977724
32923607771
1005002310883767
1779806853
1005001868463953
1005002432416886
1005002357261085
33032906137
1005002244037872
1005002304366486
1005002450531950
1005001995672811
1005002483433057
1005001267089481
33017775269
32996764061
1005002398859453
32710972373
32946783189
4000051410242
1005002425175240
1005002372093512
1005002350728470
1005002315344628
1005002293575750
1005002233338526
4000630474245
1005001993865096
1005001333947028
4001060765107
1005001899020652
1005002270193921
4000389421136
4000064701430
1005002051806046
32852501528
32974780259
32689197106
1005001794037084
1005002345755611
1005002252583378
1005001831882010
1005002319066003
32981030940
1005002146904318
32867458097
4001166970516
1005001705263017
32972752717
1005001934101178
1005001424389460
33027557300
4001290981303
32785554558
4000152595837
1005002321695397
32619008696
1005002327309516
1005002434669864
32917797415
32975504989
4000002724676
1005002369923023
1000006079576
1005002374663760
1005001570698145
1005001887675266
1005002259004437
1005002395208455
1005002404300965
4000546632125
32898429000
33001243461
32682572750
1005002314245908
4001038547486
1005002464435395
1005001288151355
1005002392470711
1005002365913243
33039399070
4000466566749
32836210295
4001179686950
4001131535927
1005002473612748
1005002338194746
1005001883103930
32709944093
1005002287825491
4000259968762
1005002427804844
1005002412009607
32857113846
32845718693
32947686072
1005001877932179
4000899523440
1005002338796729
1005002089291371
4000987287617
1005001671225745
32969209637
33030924877
33024090100
4001290090775
32933106843
4000335036417
32765562856
1005001870400855
32986765333
1005002307966167
1005002441851101
4000294682295
4000530173185
32986233662
10000376217718
32952888241
32674225183
1005002011858869
1005001525489324
32694394116
4001313183017
1005002342871320
4000492811025
4000036763025
1005001585316121
1005001489817020
4000188159897
4000216074856
32577177648
1005001802723504
1005001354330256
1005001763852649
4000404890820
33035260031
1005001715500712
1005002039942027
4000856499487
1005002456941880
1005001718745164
1005001429628955
4001155775405
32967434817
4000875298331
33002376531
1005001463806851
32579775040
1005001552590847
4000769605953
1005002496614306
33024572410
1005002105933253
1005001617626215
32712707951
4000429557446
1005002316088612
1005001995264265
1005002483656625
4001076696469
33007756595
4001150667986
4001266772656
33037639649
1005002324154361
1005002318261655
4000393684993
32814972534
1005002115324735
4001084935572
1005002377727944
32887410662
4000906675475
1005001925312286
4001130842160
1005002477315840
1997323713
1005002259512260
4001298644389
1005001500481618
1005001304426578
1005002280695203
33040881523
1005002224595922
4000182157620
1005002382318364
1005001587696731
32790057795
1005002294081114
32914307730
32568843490
32764062441
33019338546
1005001469026153
1005001742753103
33013715809
4001252440554
4000944846386
4000199685229
4001040971969
32374059992
1005002006959430
1005002297226503
33045045101
32875142053
1005002240285539
4000065042275
4000176450714
1005001436178316
4000283515067
1005002054642986
4001066525823
32955099151
32950506542
32949643097
32889274746
1005001836217712
4000976583409
1005002376166626
1005001955286122
4001077528905
1005002338005037
1005002452854659
33005165881
1005002419969718
1005002226408523
4000343867044
1005001391328383
32823650675
1005002166221096
33064247087
32859388216
1005001514914023
1005001530536357
32850215188
4001227423005
1005001402426386
1005001834433814
32833048687
1005002390893859
32946200250
1005002319307546
1005002427340506
1005002443451512
1413955658
1005002305070050
1005001570316119
4001150331888
4000067707929
1005002250023889
4000311937033
33041300753
4001251392369
32961746191
1005002490115222
4000777081032
1005001567174689
1005002299100490
32975601202
4001104562133
4001015235025
1005002373186975
32982230899
32974634627
4000663638281
32896853392
32852953902
4001360705433
10000399954478
1005002314429027
1005002387586795
4001074049989
4001091990729
32918534037
4001335366417
32831263447
1005002400026922
1005002318886746
1005002341003166
4001062284466
4001153046927
33035877028
32684274225
1005001962743740
1005002419656271
1005002377206193
4001105146148
1005001387886346
1005001966754169
4001294269178
32997833076
4000740322276
1005001452543729
32930452515
4001283134941
1005002304727754
32626229211
1005001809985397
4000631312764
1005001295168348
1737911549
1005002114789238
4000241078780
1005002412311668
33040994248
10000024039712
32865771243
1005001279229475
1005002430719809
1005002487087930
32589212201
1005001990323282
4000474029008
33044663582
1005001721665426
1005002409261348
32831119996
1005002390854285
4001278876799
1005002211484844
1005002055293125
4000484208893
33010297775
4001053391356
1005002469158955
1005001407456174
1005002192093375
