4000011962779
1005001759285815
1005001429002147
1005002413582775
4001108457541
1005002413339577
32954708927
32246294656
4000722998283
1005002329208121
32862516062
4000805047331
1005001851656812
32965902668
1005001670702801
4000077833408
1005002463860388
32947524188
32780159912
32331883153
1005002367746009
10000402929891
1005001528632828
1005001798583986
4000116983868
1005001893190621
10000293206175
1005002289094234
1005002056111695
32843740816
32822714134
1005002362333409
1005002428211917
4001023244211
1005002296055879
1005002080646465
4001280438456
32998414967
1005002267592511
32903884697
1005002287111054
4000786326823
1005001334718189
32791666605
4001123928172
32727938615
1800917618
32957394602
4000773990948
33012685380
4001014141590
4000404510082
4001081718549
4000954300411
1005002483062308
1005001591225618
4000106738980
1005001315059151
1005002475758621
1005002443767459
32753818340
32809222870
1005002489362953
4001269497765
4001286132647
32972747380
1005002214600982
32959496436
1903243130
4000394255159
4001268414164
1005001320809581
1005001985491573
32837589604
4000294927663
1005002311933666
1005002219554001
4000483766091
33049286351
1005002382120785
1005001583716361
33049783076
4001070783008
4000917648390
1005001689237977
4001050762421
1005002211892386
32949879208
1005001812192631
4001066731143
4001225132726
4001321885896
4000991972637
32884760195
1005002307562872
4000668762967
4000153998154
1005002206123960
1005002368400394
1005001593325628
32825452248
1005002269905303
1005002495910023
4000989097335
1005002271363057
1005001315112207
4000850569431
20000000919932
1005001444668808
1005002474651510
1005002206269300
1005001680453806
1005001941848144
32715986405
1005002363127515
1005001868522530
32759201898
4000677329227
1005002364269788
4001064101411
4001231720510
4001214098921
1005002252261724
4000438011807
4000652745717
1005002286203258
32980529652
32653015683
1005001560826034
32881514517
1005002382510392
1005002350798012
1005002333956816
1005001469164532
1005002003564268
4001302357932
1005002438408857
1005002460947029
1005001555768025
1005002073222035
4001201953268
1005002306965359
1005001868696785
1005001333316750
1005002223392521
4001175123418
4000895160418
1005001584559688
33055492738
1005001709507797
1005002263481874
32958436378
32852016310
1005002380509844
1005002104902784
32817818187
1005001930918487
4000478366182
1005002362746621
1005002434388568
4001162985701
4000090922844
4000685096895
1005001889112836
32959607929
1005001894614274
1005001664736675
1005002289679782
1005002474205883
1005002082193512
1005001518586314
1005002310501325
1005002298182009
4000907418798
1005002305007266
1005002033773872
32994091068
1005001910231968
1005002323245575
32800890908
1005001353994407
1005001884074663
1005002252379120
1005002490596614
1005002314596352
1005002349634866
1005001438836265
1005002097345170
1005001885761346
1005002387706659
1005002063595504
1005001897729011
1005002381010229
33046367368
32637482680
1005002347711933
4000278664714
32998292863
1005001828922548
1005001454060470
4001293913596
32765492105
1005002313460892
4000747182521
4001156956668
1005001732375815
1005001785540990
4001289640232
1005002436161837
33043901692
32868668401
1005002350814052
1005002362538691
33064471539
1005002072590363
4001171289188
32973651134
1005002448327535
1005002395546316
1005001657405751
33050610574
1005002323113888
4001252125075
32695865868
1005001731160429
1005002393406615
4000207932318
1005002357845819
1005002109811745
32790926956
4000149238406
1005002319296714
32997458603
1005002300709234
32826458690
1005001627703506
32927284216
1005001960648098
2040671287
1005002439886112
32947918995
1005002248915194
1005001691311349
1005002317719383
4000589013870
1005002461827321
1005002219933134
1005002395250910
1005002168150407
1005002293054518
4000351192636
1005002253656619
1005002412355215
1005001888912762
1005002444038582
1005002060982672
1005002390858972
1005002403740343
32435481499
1005002414434627
33052707114
32963112639
1005001314171868
1005002252996737
1005002306669519
32983386311
4000299303010
902607710
4000617492410
32378867944
1005002469175004
4000269928092
32982068385
1005002314064621
1005002209987620
32913994812
1005001478484724
32864176896
32976099400
4000907232648
33003722029
1005002414069176
1005001304059987
1005002103417943
32827906265
32823045680
1005001691143244
32958746151
1005002470478782
1005002440277232
4001050964826
1005001922413248
1005002340926698
32967362010
1005001515840751
1005002074426017
1005001812866378
4000163027052
1005002200380979
10000034193773
1005002295490199
33007951749
4000370936432
4000314017658
1005002459598165
4000889980700
1005001708965164
4000513311998
1005001287980796
1005002229806376
4001322030850
32665244770
1005001409869563
1005002231688456
1005001957229764
4000183796642
32981937061
32866183526
4000538293453
32864232031
1005002273578146
32997361707
1005002288484925
1005001562060171
1005001658150241
1005002382909056
1005001393159538
4000718312376
4000250675902
1005001880250349
4000405980255
32847667631
32963261279
1005002314256866
1005001316356666
1005001925980984
1005002478891818
4000815264968
4000868094105
1005001611235404
32983941703
32809527058
4001064261195
1005001580142821
1005002246297389
1005002250404112
32746398044
1005002333605476
1005001287435993
32908575832
1005001698916643
1005002401155857
4000180647636
1005002397669560
1005001475556850
1005002423776430
1005002306507523
2051844740
32666670959
1005001656832961
32809549022
32895135461
1005002441031090
1005002475697133
33026727403
32987040338
33022405897
1005002345897145
1005002344392302
32825769507
4000685618687
32948259415
1005002172875551
32921495199
32976872245
1005002068730684
1005001320406635
4000268244452
4000982708362
1005002095814606
32863126328
32994928928
1991248600
4000385822346
4000562234839
1005002398870298
4000832474028
4001286839295
1005002259477197
4000249454269
32955587243
32892910480
32957999987
4000747661471
1005001286727583
32922878805
1005001547633522
32856453264
1005002317382140
4000695250049
1005002362876188
4001221906402
4001225307117
1005001332343642
4000989515885
4001047218627
32692586112
1005002399635097
33034691426
32819583098
1005002291412537
1005001407018660
1005001266748134
1005002347115068
1005001606336924
1005002293151306
1005002314545054
1005001880420162
1005002342575554
32836442581
1005002250151901
1005002478486821
1005002240129301
4000960082049
1005002412901206
1005002413021907
1005002426406012
1005002439709500
32966993215
33041047197
32802360419
32889525877
1005002278730669
32759003845
1005001990273752
1005001678928952
1005001382047805
1005002277020308
32742696655
4001297044779
33051389920
1005001864549689
1005002060589029
32793023329
4001082974621
1005002355777679
32791470555
1005002436879878
32418400107
1005002393283233
1005002432442475
4001277307975
1005001971774677
1005001505937538
4000738612464
1005002280487572
1005002011047556
1005002294082551
1005001521599421
32895266300
4000368025263
1005001884705342
4000755420558
4000109733364
1005001670973872
4000405187273
4000200636551
10000034190841
32806765417
4001259435615
4001286168456
1005002371594372
32394216844
4000199069882
32663929999
4001332669262
1005001827165071
1005002375975040
1005002419771425
32590299248
1005002089426494
32998208266
4001080784186
1005002064497219
1005001888507047
4001153702492
1005001369571626
1005002467266753
4001286381475
32824065262
32946369901
33042821864
32995212213
4000626118892
4000103296459
32781413484
1005002341429034
1005002368737089
1005001420978702
1005002472904501
1005002318872591
1005002243144327
32826179233
32876062999
4000731045171
4000051990191
1005001648290731
4000777491501
1005002222283186
33006220077
1005002310619348
1005002310476781
1005002423825211
1005002418612438
1005001565754104
32795440948
1005001315336791
1005002341873967
1005002440921394
4000302592719
1005002239653844
1005001664693888
4001133022178
4000498030386
32556678133
1005002346581283
4001181672330
32382932577
1005001420197034
32972740747
32568405030
1005002083579537
1005001501105920
4000956125847
32804937835
1005002413863880
32974224712
1005001733400178
1005002483942600
1005002271254940
33048158400
1005001700782853
1005001540239370
1005001562952230
4000076283791
4000513133035
1005002467493132
32905752416
32796359296
4001014471662
32786233872
1005001588673537
1005001500491418
32846803108
4000588838956
33058398980
33052235402
1005002048990882
1005001788649418
1005002317048436
4001167399765
1005002367331260
4000064840879
4000287168696
1005001693757881
1005002430821461
32789547378
4000627802725
32793594914
32724640817
1005002316373200
32846999267
4000433278760
4000031542089
32888584406
4001090657142
1005002063515315
32968812443
1005001315407640
32867768128
4000009987856
32814274887
4000229939042
1005002213269161
32756523610
4001188372354
32969982724
33052389286
4000975285328
1005001670805553
1005002337680466
33011573510
4000117692552
1005002248526211
4000816608501
4000197401410
1005001835327051
1005002285698642
1005002363744193
1005001670695764
1005002367450633
1005002375166517
32825435334
1005002388942458
33004501717
32916628332
33021381643
1005002347101114
33026205142
4000480160138
32968572230
1005002002224776
4000389488993
33062878905
10000242948049
1005001808638428
4000990643970
1005002444299108
32710120894
4000464958680
1005001843714542
32869740721
33000749287
4000570400515
1005002153098417
1005001664807449
1005001555483948
4000235909096
1005002460864359
1005002037150895
1005002357636980
1005002363367830
4001351531188
4000841060877
32861910800
1005001794157091
4000891242001
1005002400380255
4000824221920
1005001982068009
4001287945423
1005002196315666
1005001882531835
4000337635733
1005002420173153
4000793602550
33019127225
1930779494
1005002033374396
1005002361440875
4001320478488
1005002252383600
4000834123436
32877977337
1005001813438708
1005002289271980
1005001705975662
4000795543622
4000396937828
4000447397416
1005002458210090
1005002453822679
4000965609138
32822722121
1005001394602897
4001221474695
4000940768748
33041097334
4000106397616
1005002050644969
4000114678338
4000170150321
1005002500453479
4000376042598
4001325995709
4001225908569
1005001747547132
4000529258386
4001048956842
1005002232818839
1005001765093959
1005002254513363
1005002007683077
33027126797
4001238172717
4000088966296
1005001948094660
1005002336826190
32954218392
4000642710140
32972854885
4000812715558
32983758185
1005001588125758
1005002419156112
4001062172694
4000627387439
1005002224191501
1005001510590495
32406545416
1005002481224916
1005002441162710
1005002090299639
4001234244949
4001224272670
32854578366
1005001375310875
1005002186415340
1005002209975974
1616159590
33049087939
32837394232
32823623151
32721270921
1005002264270924
1005002265079665
1005002369558685
1005002475755716
32841697380
1005001989991071
1005001826633637
32588801999
1005002219136125
33046551596
4000849301279
4001107878902
1005001417436181
1005001505042526
1005002400974559
1005002011808991
1005001458078000
1005002372727537
32966248490
1005002294303864
32975033390
1005002299831336
4001233974341
1005002377990300
4001138775924
33000463503
1005001385576567
1005001679230501
32765039032
32919782408
4000012820888
1005001860201777
1005002454381642
1005002323252717
10000400009175
1005001942109681
1005002247372902
4000834761778
33015663617
1005001966466585
1005002309732469
1005001844773073
4000311638186
1005002454259787
1005002316428974
4000543576096
4000037349444
4000868142859
1005001914602524
1005002357758420
32790096101
1832483628
32926167293
10000031833814
1005002409109705
32855897962
1005002281057599
4001040897445
1005002414240949
1005002208027084
1005002347942570
1005002003413971
32736584370
32925867977
32885739023
32960435590
4001041164197
32792872548
33009471401
4000921661011
1005001544060753
4000545727646
1005001497443605
1005002318028495
4000945178198
1005002255166278
1005002264622298
4001175971802
1005001948387979
4000692053043
4000418696001
4001217059643
1005002294943026
4001320796400
32601831498
4001276010763
1005001567112095
4000270743349
1005001612521975
4001249042012
363340730
32952312658
32372315483
4001187033272
1005001330886405
1005001992918456
1748834933
4001360399091
1005002282468848
33001186916
32902349911
32973181146
1005001838655583
1005002324054413
10000381157701
32892575658
33029101029
4001119284628
1005001775611672
32862145860
1005002414418066
1005002340094627
1005001954151732
4001290126404
1005002247182010
1005002167801429
1005002305507629
1005002400410252
1065802097
4000229894235
4000117661456
32730235446
1005002347280909
1005002354288956
1005001657223442
4000292251183
1005002288742530
1005002052452948
32961677199
33013246773
4000853666687
4001280451406
1005001477879948
1005001695832752
33029529631
1005002310017748
1005001478796965
1005001841736628
1005001374273879
1005002326893370
1005002341653286
1005002166899114
1005001446172922
4000368697887
1699858449
1005002315638686
1005002475434540
4001285237011
1005002395079572
1005002381402905
1005001843287577
32885416891
10000400053395
1005002089522259
1005002390707640
1005002327342279
4000039312043
32989430296
1005001729115993
1005002277997157
1005001954969394
4000124982290
1005002351440556
1005002157369356
1005001630626241
4000500129004
4000668589925
4000630294225
4000115727756
4001366338483
1005001907804820
1005002122496084
1005002100822870
1005001487028104
32863489609
1005001427774074
4000956378728
1005001804458823
32974060133
32791473478
1005002407939361
32917389590
4000310355092
33031309899
32959540494
4000204218573
33001722736
1005001616260292
4001158200005
32635522531
1005002439472494
32842352561
1005002337066267
1005002034198464
4000403536134
4001084947292
1005002408549974
32826717758
32592792945
1005001406375109
4000737910895
1005002339898986
32617063716
33007359606
4001349230340
100500148496635232978739540
4000083472037
1005002305344044
1005001429818196
1005001427343384
1005002362142499
1005002161666295
33029474360
32975196152
1005001379807668
1005002296204675
1005002338543319
1005001948325931
1005002200529740
32894348031
1005002276666176
1005001754122322
1005001383088934
1005001516029037
1005002317386170
1005002072758617
4001163769183
1005002199001976
32735518805
1005002041683521
1005002460609299
32855275252
32913773659
4000244273250
1005002447967446
4000955492237
32890963474
4000061087906
1005002436004064
32864179848
1005002366499550
1005002319366130
1005001572048206
32997171118
4000850237569
1005002324252141
1005001903070344
1005001664092490
33011759797
1005002345004340
1005002327961586
1000007372852
32694309011
1005001966173475
1005002476772769
1005001657797868
32781197431
1005002270239980
32672583683
1005002340355794
1005002099210809
4001107814042
32855532303
32910682593
1005001502647093
32831960540
1005001446819188
1005002050232765
1005002467239103
1005001802713532
1005002492371626
4000399703377
32899362577
32611532038
32221269017
740993581
1005002126574796
4001278864605
4000777065565
1005002352763421
32424719160
1005002305430808
4001273185792
33047072897
32230486029
4000597844946
4001284428348
1005001918112725
1005001923167073
1005001495102958
1005002346777977
32294293498
32896919245
1005002434940317
1005001810123106
1005002277639987
1005002042795648
10000012295012
32914501142
1005002363182246
10000401508046
32354126587
10000304584533
32907267889
1005001621517156
32870201594
4001122816709
1005002286727033
4000926017894
32965450517
33004877241
1005001602640432
1005002416132581
1005002103661575
32766360152
32826974006
1005001389224262
1005001348613946
1005002342299628
1005001937678178
1005001769607181
32709751437
1005002492834561
4001120106720
4000345084326
10000109605336
32826127393
1005002357969698
1005002018738786
1005001882714945
33025674696
4001180081045
1005001386798779
4000041408829
32973479233
1005001888127414
4000773120103
4000537307181
33014944532
32972817134
1005002467473288
32815322546
4000505842692
1005002233728053
32970068513
4000944987504
1005002434960762
1005002171125171
1005002466993517
1005001764820661
1005001464010467
1005001591693392
1005001678312278
32850537967
1005001997559013
4000554788506
4000248954913
1005002219824412
4001282521433
1005002315387385
4000263652448
32829875479
32825182020
32981367773
32758934109
1005002011716843
1005002337291315
4000366971862
1005001705622480
4000808515972
32989129318
4000800885384
32997429726
1005001999823762
4000311877269
32888572627
33014374603
4000559196243
1005001670910240
1005002349575416
1005001295606192
4000614043691
32857150744
4000807224810
1005002350323763
1005002500100736
33052265144
1005001281241645
4001205579568
4001117209179
1005002267494325
4000381984466
33045915035
1005002300095465
4000125315442
4001132916647
1005001587684731
32985979336
32896721503
33049023394
4001145083434
1005001736852030
4001005191734
4001189437834
1005001786106688
1005002027259064
1005001683467019
1005002133564191
4001265584926
1005001586130882
1005002307636280
4000838404139
4001304488304
1005001670026001
1005002078891129
32842750489
32880960509
1005001468399220
4000236979595
1005002238441264
1005001954764906
718206254
32975906701
1005002316896856
4000009277959
1005001965119069
4001237786302
1005001657734202
1005002327353178
1005001700153147
1005002439818655
1005002034158782
1005002278710558
4000712841315
4001361218962
1005002260665182
1005001995211862
32340174098
1005001902242079
33033222404
4000351873367
4000271021990
4000981750158
1005001831683183
1005001665490082
32853566235
32648364074
4000267373772
1005002387313394
1005001267166335
1005002383289035
1005002033041196
32867998119
1005001914684786
32819310755
4001094283779
32902188001
32285478294
32720226989
1005001900116307
32856198534
4001058522027
1005001592079525
1005001525350920
32724392894
32796423588
32543028152
10000032052987
32798362500
1005002327274189
33053389027
1005002394061327
32919415411
4001179702646
4000037746762
1005002358283071
1005002291272140
4001203364080
1005002404837339
1005002270742576
1005002318250838
1005001723761649
32769957607
1005001515663022
1005002289764171
1005001907601278
1005002297480703
1005002038548160
33035985508
32453901436
4000203763099
4000719548411
32819834583
1005002303443780
1005002315119803
1005002488648695
33011909901
33004517711
1005002477931246
1005002438623421
1005001603133217
10000423713151
4001160695719
4001056695656
32907565026
1005002350238519
1005002017332605
1005001459205624
32879563408
1005002314154988
1005001469751199
4000684879499
32696688521
1005001387061406
1005001679101539
4000996891783
1005002378181627
32902787172
32982515904
32740086728
32896481244
1005001749824319
4000099660282
32891591473
1005002368415239
4001332330447
1005001695211952
1005002271108069
4000287400786
1005002281805779
1005002166733519
4001317526089
1005002376880686
4001143224067
1005002124488083
32946910491
1005002206413756
1005001839121562
32919467350
1005002359636766
33021552816
1005002345168296
4000024968208
32986272370
32882744426
1005002253955593
10000207535319
1005002233598555
1005002252328612
32919670221
1005001512063291
4000626092832
32710277105
1005001325128661
1005001930333468
32864393012
1005002431613582
1005001705622518
4000207076515
32368427530
1005001504499530
32676108465
32971755680
1005002466153967
1005001418647432
32843586453
1005002314523086
4000928645490
4001092942204
1005001882430737
4001203380030
1005001936226390
1005001671324056
32702083313
1005002302114000
4000997142140
32823721021
32836832354
1005002122414814
1005002175934851
1005001774712403
4001270384926
1005001463583601
1804067118
1005002229860369
1005001496104956
1005002115722079
1005002004573538
1005002259208094
10000012147589
1005002320829721
4000300781061
32955142958
33058588246
1005002413374474
1005002393659028
32948051347
4001193875622
32810057506
1005002487296629
1005002286407459
32828614955
1005002074952257
1005002028494475
4000275855809
1005002310797113
1005002215030284
32888982129
32907688837
32991031854
33041743112
1005002291409819
4000787011934
4001278795493
1005002294106372
4000201346914
1005002294622230
1005001402244083
1005002314313304
4000337240547
1005001863156471
4000905351230
1005002317510919
1005002199167617
1005001795466219
1005002359264341
1005001598681277
1005002381716029
1005002040603797
4000711143915
1005002235045107
1005001393051532
4001214588151
559089733
1005002276206028
32862269857
33031219013
4000084156917
1005001465374158
4000711249069
1005001703037317
32958808019
20000002964014
1005002327349608
32815973042
1005002474807962
10000012742266
1005001672648524
1005002344618198
1005001739663029
33005421035
1005002250411122
4000138946311
1005001893120925
1005002333608536
4000809965681
4001104684670
32851496826
4000035155426
1005002301447657
1005002270195082
4000362954092
32835347478
32917444826
680463041
32470984077
1005002247725858
1005001700368682
1005002011132522
1005002275461957
4001056510455
1005002246435650
32993913893
32891344003
32847761862
32840100379
10000402434173
32892011794
32990160929
1005002450251642
1005001536798659
33052388017
1005002373327853
1005002367177668
4000644759751
33046795219
32868660102
4001322347103
1005001461948345
1005002146329741
1005002495964182
1005002119684380
32645917448
1005002395498516
32569985716
32697671982
1005002233545670
1005001693164000
1005002490417831
1005002339752416
1005002426577054
1005001896957090
32854750662
1005002388144137
1005002212224604
1005001982504651
1005001512652969
1005002263293449
1005001881435946
1005001921777887
32955636468
1005002237957517
4001344751366
33052974696
1005002399059000
32995793630
1005001515432540
4001260510842
1005002312205239
32717840482
1005001497084264
32798679244
1005001968108963
1005002389115492
32387862538
32799320992
32965954459
32967751851
32893608411
32858189409
32824260152
1005001540062584
1005002082350232
1005001625561237
4000748093759
1005002376098898
1005002010253263
1005002489541478
1005001779204838
1005002290000283
1005001970667658
1005002417961297
4000873005455
1005002367672776
1005001997021836
1005002292323865
4000162756290
32977286491
33025767706
32951251087
4000505040396
1005002333247820
1005002314293477
1000008413507
1005002369578331
1005001480285030
1005002448128808
1005001418122701
1005001570744618
32970937315
1005002323086533
33047782044
32623313421
1005002393683188
1005002492188962
1005002459974725
1005001552733212
32835478344
1005001525110135
4001252140683
1005001632537037
32619647360
1005002291179642
1005002365211662
4001253142769
1005001914787425
1005001464822585
32993221241
1005002484861560
1005002365378143
32824280530
32848375175
1005002245178359
1005001949023314
32804937311
1005002432785815
1005002185606919
1005002439194464
1005002453667506
10000055673669
32858239534
4000264481618
1005001859632263
32992980927
4000311139245
4001181411436
1005002318356900
1005001324478853
4000693729919
32937029430
4001238004830
1005001530500164
1005001613159286
1005002309870415
1005002295751575
1005001804309419
1005002223215735
32935071019
33008999496
4000739214326
32870008916
1005001963300609
1005002384176542
1005001457890368
4000313359970
32210913482
32613503077
4000329260996
1005002230252891
1005002293495288
4000370395918
4001135385622
4000449241866
1005002451208226
1005001705565649
32968953488
1005002431553051
1005002293442561
4001042294029
33026236021
32927810900
4000850207530
1005002292666583
1005001462751003
1005001602604794
33036861194
1005002364929670
32873172909
1005002347945071
32953651502
1005002319417072
1005002314262665
1005001566130818
33003889729
32845328773
4001333848160
1005002027417063
32885429474
1005002369345606
32790762899
32858631521
32806511439
4001018409801
32923738219
32855107643
1005002282381963
1005001808026864
1005001419955998
4000746649679
33028924133
33046271135
1005002224396972
1005001907547698
4001091395357
1005002301094019
1005001699333236
4001298158368
4000117003317
1005002262541550
1005002385033260
32878984845
33018618039
4000228393763
1005001617246685
32842584847
4000258777085
1005001308702642
1005002227882367
1005001714685050
32994533856
4001219512094
1005002388424033
4001021307825
32980537551
4000443823654
4000480086666
1005001909500940
4000561047901
1005001763939813
1005001926798813
4000219014666
1005002277643226
4001294200085
1005002430349055
1005002337156754
1005001580239212
32840804927
1005001667566405
1005001834400757
4001120990055
32871282146
32593185847
1005002275756580
1005002406032670
1005002323789763
1005002268182177
4000115951726
33002969937
1005001982388780
32722905035
1000006662982
1005002210421357
4001186531155
4000989676559
1005002347268958
1005002358819941
1005001556935954
1005001737942654
4001016032101
32887743989
1005001855680449
1005001495187820
1005002311015240
1005001525347790
1005001873565821
1005002260975795
1005002377209113
33052191736
1005002282409675
1005002366482110
4000992043529
1005002171981607
1005002312170362
33013955537
1005002259493062
1005002308522026
32693033494
1005002485336415
1005002314438860
4001077392947
4000966563295
1005002271011449
4000791510002
1005002314272609
1005002203104032
4001201371710
32855858901
1005001518742229
1005001920761023
32914045627
4001259930054
32844190212
1005001946298543
32622064967
1005002467801852
1005001715792448
1005002381135091
1005001452230276
1005002051488058
1005002305253292
4001322447725
1005001666315430
1005002044681145
1005002212603349
1005002233366404
1005002357563799
4000286973109
1005001972701922
4001277378856
1005002403966061
4000638054788
1005001688235240
33051590305
1005002353179200
1005002489285155
1005002114641526
1005001506860410
4000209345713
32374843719
33039908630
32931571577
1005002295179941
1005001732284337
4000061561072
1005001310497964
1005002104732407
1005001587931664
1005001728657965
32972293037
4001249409694
32838448645
1005002266533629
33026528941
4000802121702
32705943372
32634500213
1005002079153615
4000534604375
1005001706536133
32312563367
1005002037364996
4000181920942
33043537974
32968878174
1005001355225307
32973156079
4001365282525
4000633183245
1005002320151802
33052512186
1005002177742749
1005001441364197
1005002033221998
32858565889
4001097453330
1005002293074200
4000098002128
1005002301958635
1005002271246900
4000132615334
4000570153187
1005002363679069
32878735554
4000705344464
4001122505784
4000208143346
32806955458
1005001616821136
32965708468
1005001325614178
1005001538137943
1005001832235451
1005001525287867
32728942942
1005002385023160
1005002316917694
1005002060084749
1005002133801510
4001117925174
1005002393090115
32790646064
4000039060681
1005001640668294
1005002319250927
4000479917743
4001014728173
4000081052033
1005001638704573
32927200648
32940057541
4001038796431
32879240906
33039056528
1005002218124079
1005002170831288
4001212417008
4001280610754
4001080630987
1005002454356842
1005002219397262
1005001504359978
4001294844585
1005002333714129
32959162727
1005002018754317
32829896315
1005001886009879
4000104043033
4000984172409
1005001704223638
32948353634
32898607473
1005002341790769
4001192875671
1005002301806222
32995393639
32833287767
1005002450633445
4001064697662
4000834656140
1005002347035650
4000817423036
32680501920
1005001552729309
4001013524193
32882359614
32836392484
32918292907
4000515243310
32908293021
4000307390577
1005001291031931
1005002245600441
1005001870951463
4001146724062
1005001576824226
32602560925
1005001889737831
1005002376284254
32913178245
1005001695209157
1005001997025530
1005002474497629
1005002258461959
4000260283372
32978788657
4000989052381
4000147683222
1005002233266319
1005002347163745
1005001654761691
1005002387563774
1005002423043403
1005001633784876
1005002377350056
33026825065
1005002295417287
32247067278
32945596620
1005001876859376
1005001438784734
1005002473818869
1005001656432731
1005001889504031
1005001314219322
32809442812
32930548906
1005002301335032
1005002336990602
1005001840954242
32999976257
1934412007
1005002170936844
1005001332768941
1005002205963470
1005002371975157
1005002483037482
1005002292676596
1005002383615895
32917242494
1005002070474240
1005002301955342
1005002344114028
32977182377
1005002213637253
1005001393525586
1005002103749578
32849484628
1005002253713567
10000404570864
1005001482965268
32594621982
1005002071773155
32807558197
32386617008
1005002253758491
1005001502769484
1005002182433918
1005002351761865
1005002282541363
1005002284345206
1005002396703528
4001221390244
1005001377330345
4000367890792
4001130552138
32888775283
32894673202
1005002412306698
32851671835
4000855753927
4000029083128
33023811815
4000635584804
33001928720
33003576725
32848382629
33010237077
32964917719
1005002363322314
4000244272301
4000084798105
1005002161103723
1005002038505528
1005002082709361
33054512788
1005002424799805
1005001726783900
1005002363648555
4001135551961
4000191779223
33012065266
32890352084
1005002377657855
1005001847637212
33050650132
1005002321455339
1005001522834028
32920299424
32997323462
1005002011689308
32651091411
32882578199
4001105037805
3294634522432977667495
4000693812632
1005002340513970
32819864687
1005002398966911
1005001501536947
32320704205
1005002301728690
4000698469221
4000264527318
4001014777529
33025821380
1005002270554121
1005001795920567
1005002396682847
1005001586582675
33007195714
1005001446898063
1005002096259126
1005002315822846
4000459219892
1005001521275646
32919748026
1005002335083123
1005001529060029
1005002335162476
4000222155325
4001003118563
4001221107054
32806601326
1005002283825877
33045562412
1005002326962138
1005001658041907
32807081740
1005002003371871
33025655808
1005002483177931
1005002043043051
1005002395255703
4001339728301
1005002352470954
4000324805934
1005001967955148
4000156497857
1005002413036917
32916465477
1005001639689575
1005002387496418
32810732836
1005002309574743
1005002177619415
32842962614
1005002362730366
1005002309416649
1005002258343752
32955551469
1005002357863427
10000380058387
1005002087367560
32694191870
1005001657708779
1005002310010319
1005001834734522
32981646973
1005001717655155
1005002482947885
32956665357
32826020662
4001042341453
1005002313994934
32895794941
4000758227444
1005001597572707
33055524794
4000505851652
33040210102
1000005756119
1005002130981754
4000070533841
32975627928
1005002412752785
32236814639
1005001785586091
4000529446848
1005002313551522
1005001611440403
1005001758677155
4000061203813
1005002298584228
1005002314274439
32892004904
1005002400937703
1005002329965941
1005002267687470
33032711808
1005002438676931
1719721550
1005002013101015
1005002253508634
1005002439740970
4000220670058
32691642594
4001036656162
4000009482572
4001238488145
33059361018
1005002314667142
1005001890014968
1005002073036261
4000238474819
1005002484880559
4000856980791
33004378734
33022593913
1005001835136604
1005002318925008
4001248043559
1005002383311075
32889536901
4001263959587
1005002293212072
1005002405095353
4000348586586
1005002008186872
1005002080777197
32876276504
32942856196
32797105887
1005002453625476
1005002046290658
4001003416671
33032560189
32960729829
4001110805945
1005002448764086
1005001418151262
1005001478553440
33013818683
1005002466182631
32772115296
33011866931
1005001898874194
4001130364553
4000682461623
4000449883723
32963151940
1005001659192070
1005002388994458
4000839069806
32494020969
1005002114828143
1005002426344902
1005001578979532
1005001748151289
1005001615308743
1005001399129523
4001153544961
1005001651736641
33019689290
33041831606
4000336729377
1005002207446652
4000174148798
1005002261593455
1005002427835345
1005001495325353
1005002129321612
1005001458666226
4001365582647
32946460005
4000825847881
4001294737719
32910652142
1005002432229554
33011359075
1005001616585222
32952042533
1005001373618802
1005002273864579
4000772789604
4000153135658
1005001400658717
1005002265214242
1005001959698989
1005002208119580
1005001980990418
1005002400952718
1005002450198807
32774032876
32695599994
32959691108
4000704146360
32856564250
1005002399102960
1005002111119000
32834843411
32920470119
1005001833693316
1005001803796859
1005002334005846
1005002213087558
4000867595624
1005002417385281
4000711484493
32884438122
32995406011
32957330616
32818497562
1005002413262558
10000149480004
32803149650
4001054448090
1005002312975006
33047798091
32827770141
4001228671304
32848945804
1005001670368933
1005002375303100
1005002357398771
4000335871764
1005002465063945
1005002245493222
1005001953959130
1005002398909047
4000204433058
1005002305704167
4001153536088
4001144355592
1005001803297640
4001178350695
1005001869855696
4000601608297
1005001606187264
4000389523194
1005001834554071
1005002114286392
32868273988
4000242449593
33002064352
1005002241299130
1005002424659987
1005002474306907
32826758019
4000780208213
4001134520679
1005001697905443
4000666357005
32522692122
33006915664
32920215915
1005002361032904
1005002388688665
32911433556
32974805046
4001065613471
32790518016
1005002359352596
1005002305421480
33057806075
1005002346935278
32867885720
1005002281059100
1005002312462533
1005002254891743
1005002476248544
4001046215153
1005001392349366
4000238148275
32853949210
1005002179744866
1005002443472490
1005002342543539
1005001941476232
32526927142
1005001855579663
1005001609195274
4001104295121
1005002500431695
4000053406366
4000092377038
1005002274154147
1005001582556271
1005002125434365
1005001977137717
1005002435842961
1005002261592117
1005002264446459
33055500577
33060631404
4000438415605
1005002376274599
1005002380835979
10000314320997
1005002303520827
1005001906966287
33028041696
4001229748803
1005002296781482
32904403204
32871307944
32637589510
1005002336954202
1005002180331662
4000171770540
1005002333222630
1005002262550258
32955611113
1005002313906147
1005002250645262
1005001316140612
1005001867186842
32909246960
32869259483
1652037855
1005002268118405
1005002161837799
32985693714
1005001645151337
4000225579342
4001296522545
4000331014165
32619662644
32828194334
32967907076
1005002432471396
1005002325149184
1005001608492240
1005002237849230
1005002346135258
1005002141195660
1005001451767612
1005002286562395
1005001923301909
4000298884560
1005002495300569
32261810030
1005002159431680
32936162146
1005002048771450
1005001361005325
4000364091509
1005001717255369
1005002165880631
32955724240
1005002287668910
1005002241654816
1005001351272418
1005001463924435
1444663164
4001248823553
32652255286
32919900391
1005001580463305
32920108155
1005001619934224
32966954688
4000252224506
1005002378339130
32949807444
32981425118
32908075472
32357513318
1005001511300541
1005001983528388
1005002318907648
32862908188
4000996500525
4000555736675
33023467990
32904313737
1005002363533539
1005002317927356
32981455214
1005001418545762
1005001595945735
4001241060543
1005002335155769
1005002310903470
1005002389641595
32988265446
1005002398511451
1005002339539731
1005002323206618
32882877068
1005002043176332
32892384988
1005002104212899
32783050361
1005002419209532
1005001736623819
32883990871
1005002457326890
1005002247284452
4001246326026
4000756388160
1005001411609645
33057487315
4000971023879
4001293376307
4000039041899
1005002312619818
1005001791887114
32965809329
1005002065519394
4000801992836
1005002302282586
4000399685651
4001267130216
1005002262746083
32265372992
1005001858471705
1005002259142975
1005001453792251
32972865015
32789738374
32991944815
1005002457781319
1005002435644715
4001208689590
1005001455926117
32856955743
1005002383671736
32793462741
1005002332683906
1005001397041529
1005001464692818
1005001287875602
1005001992786408
1005002381877799
4001256107025
4000792565779
32923964969
1005002052551845
1005001872319498
4001282839679
4000817390790
1005002380538379
32974431136
1005002022148560
1005002355642308
4001164206948
32811930087
4000469437144
4000039012551
1005002310565804
1005002458089737
1005001640664317
1005002262278362
1000007522619
1005002364290555
32327238826
1005002252968812
4000741815249
1005002394820634
1005002033134532
33048545537
1005002490603188
1005001383601041
33060041992
32855658582
1005002371917182
32844536846
4000109815040
4000818125101
32966196072
32647154146
32772675723
32822791940
1005002122463273
32738151072
1005001702972195
1005002424567735
10000302579653
32919737700
1005002246831886
32879389536
1005001860875332
32963928205
1005002475964930
1005001982802121
1005002077184726
1005002196399030
1005002194012455
32618261695
4000842635540
1005002396161599
1005001556676379
1005001562021478
1005002330436236
1005002111880951
4000712520376
1005002318457602
1005002327567238
32316269590
32973743603
4000703558678
1005001705821518
32650260248
1005002452776759
10000002722895
32990489810
4000613571424
1005001274344328
32948993848
1005002107076858
32968961712
4000862312740
1005002180691659
4001084824469
4001180299487
4001250081135
4000084782178
1005002233824237
1005002317762466
33034740421
1005001741642146
4000711563254
10000118930428
33022876121
1005001733305171
1005002398844429
1005002322170019
1005002466130134
4000410066900
1005001405718240
1005002254711796
32457034935
4001230434076
1005001763657838
32851045893
32890200621
33047477368
33033834848
33002382070
32861709801
1005001763709804
1005002378040468
1005002375175750
1005002319129669
33044684771
1005002466922900
1005002327782277
33042368369
32954121035
1005002360322325
1005001722233614
1005001845586192
1005001659443045
1005001580193397
1005002083877731
32952082439
1005002314033216
1005001562755498
1005001392473808
1005001486977111
1005001967328552
1005001586456129
4000385795324
10000400052236
1005001722132285
32929365059
32885748741
1005002447109737
1005002378045093
1005002413301330
4001339288479
4001104423173
1005001333455883
1005002192417097
4000474013277
32951419053
1005001865014128
4001279043424
32987378252
4001262603851
32976743524
32955432070
1005001604922617
4000591203039
1005001888301192
1005001526044394
1005002253207780
10000343647821
1005001431419065
4000869525478
1005001485640567
32834662678
1005002467649812
4001128037594
1005001297423160
1005001832205461
4000601103658
1005001281359469
1005001526284024
33047116553
1005001602419827
4000794800032
1005001607790199
1005002314063109
4000663870261
1005001671015206
1005002312126641
1005001843238760
1005001343183489
4001133160185
1005002305313434
33049535589
32821607007
32879678415
4000662531027
4000216178827
33035452567
1005001469457423
32803774541
4001156589520
32759802090
1005002265690187
33009637258
1005002381442851
32670137222
32991887712
32818464854
1005001797616917
32887976266
32978189419
1005001761949613
4000570055055
1005002467651331
1005002251865170
1005001789054580
1005002232874896
1005001617143577
1005002132807769
1005001315255905
32972033646
1005002340252300
1005002210256161
4000155084382
10000128198815
1005001399300622
1005002394820650
32988610463
1005002367471200
4000600001898
32708487791
32873112428
1005001688677875
1005002450486726
1005001775369514
32350974632
1005002384979116
1005001677519176
4001084041489
32789194144
4000258819906
1005001465283933
32374843152
32966145417
32730051467
32739235583
1005002284026837
1005002497446730
1005001780756455
1005002316797296
1005002198300669
32864567980
1005002028473885
1005001510316165
32870105851
1005001639214732
4001189310112
1005002232844253
32917839767
1005001458476247
1005002316616751
4000881670926
33051726535
4001211052859
33045938098
33004334412
4001214523286
1005002253097333
1005002344124932
32856859192
32841063265
32891073094
1005002122470525
1005002312606516
1005002466645419
1005002329410873
1005002256335407
4000269707882
1005002314123014
4001027615419
4000759805448
32868487264
33002045713
1005001303529272
4001077626780
4001140669926
4001047325971
32992644416
1005001427136696
1005002207589934
4001281846454
1005002363023493
1005002318944616
1005002400626082
4000023275321
4000217461318
1005002314478117
1005002285939866
33008995478
4000644736648
1005002278444368
33029980323
32853191534
1005002447785958
4000960537377
1005002018950508
33009730785
1005002281821735
32975363704
1005002432815750
1005001652268617
1005001324885651
1005002199082109
1005002441092597
32857279890
1005002419858615
1005002390844286
32981780106
4000816691285
32967380805
1005001948730751
1005002027329200
1005002028712521
32958860873
1005002318769971
1005001695512416
1005001548040725
1005001446343746
32852082361
32893373268
1005002222896193
1005002273474295
1005002271265291
32970597301
32822048685
32832779330
4001359422693
1005002412978609
1005002212357933
1005002312037391
1005002314284331
32989096743
1005002192798620
32828528431
32960638922
1005001943328755
1005002485821374
32920963250
1005002373565406
32864866606
1005002329334864
4000081603988
1005002258923450
4000001931646
1005002374349702
33011374098
4001331089800
4000691181234
1005001698017407
1005002241887817
1005002382575360
32989452569
33058928367
4000741082939
1005002439912941
1005002076911181
1005002132712950
1005002287159008
1005002477564943
4000390824745
1005002171827747
4000940851893
1005001734602146
4000059494919
1005002255191912
4001297282080
1005002206109177
1005001621363386
32961192467
1005002259041980
1005002388700960
4001030169352
1005002126302326
32964690249
32868975722
32950167190
4001276548830
1000007225287
1005001994886331
1005001328804597
1005001337710053
32986472722
4000203126018
1005002477970576
1005001924334873
32804895319
1005001423661084
4000718004630
1005001835518220
4001041833491
32825726130
1005002376324063
1005001634782016
4000542773792
1005001900053676
1005001275425768
1005001387628473
1005001834609085
4000206963083
1005001996851311
32965612553
1005001704080125
1005002316149915
32847747483
1005002361576035
1005002333227150
4001251849465
1005002312560241
32997490709
32903843687
4001225204182
4000340874829
1005001967280266
32950428561
4000050790954
1005002380914905
4000638501559
1005002452954639
1005002314765453
32842909611
4000206309706
32995548036
1005002458742833
32972323189
1005001930433363
1005002314065594
4000666081719
1005002297822958
1005002263302148
4000127059706
1005002292041710
32887047463
4000102755711
32805128133
32719902667
1005002322998635
32999740302
1005001386980425
4000677320247
1005002301197370
4001178622495
1005002252684418
4000844089746
4000283519128
4000199042662
1005002333887241
1005002384885960
1005002466913879
1005001579291326
4000033216844
4000386084350
4000035207295
4001245146263
4000627761608
1005001880049547
32838439522
1005001765053423
1005002276907916
1005002168054178
1005001493415565
33011386638
32818760193
1005002237862472
4001360785336
1005001479820046
32958873277
4000988199846
32845110189
1005002419682146
4000527379768
1005002441393879
32541046958
32464401485
1000008508341
4000852270104
1005002252879147
1005001464399217
1005002431963957
32993854674
32804542313
1005002392033098
1005001850150673
32967098039
32995069236
4000702182114
32805797893
1005002319973695
1005001454456821
4000603968449
1005001871572298
32992792232
4001057285035
4000384350053
1005002471486532
33020535163
4000557809564
32516967452
1005001976446615
4001294401639
1005002328916759
1005001608446696
33036880163
32976512940
32883739182
32647815197
1005001961264853
32819531129
1005002428515523
1005001615926436
1005002219001448
4001067523084
1005002204694838
32906535109
1005002005888297
1005001709901562
1005001698184478
1005002195896813
1005002362223034
1005002244427132
1005001419629747
1005001641014336
1005001882403954
32959927888
1005001483915649
32985086540
1005002223287724
1005002234960683
32949059191
4001202720793
1005002401085303
4000990808764
1005001721567378
1005001506431835
1005001680592404
33015627656
1005001380992314
4001272134003
33031806166
1005002333727576
1005001558303458
4000095395315
32971645252
1005001483499402
1005002398840709
1005002111232823
32752353714
1005002319062190
33053264444
1005001843187105
32876088463
1005001697445929
4000107438787
4000539636437
4000873847437
1005002208348539
1005002343753069
1005001816921707
4000392707682
1005001780647728
32868194742
1005002083992979
1005002441170534
32423924514
4000641369976
32348297704
1005001619234941
1005002218076789
1005001644784031
1005001768581973
1005002413260529
1005002100485451
4000296720524
1005002231383999
10050021226150391005002246356796
1005002161581576
32957752715
1005001409453520
4000959196881
1005002372169855
4001241343411
1005002235468700
4000816782342
1005002139302802
1005002337430894
4000160393883
1005001899671383
32864582805
1005001540018624
1005002372827852
1005001518111955
1005002363607376
33028182132
4000844117609
4000557390752
32665240298
1005001861741013
1005002180916462
1005001736587829
1005002371566729
32749272650
4000333193393
4000320622439
1005002237970867
32878753416
32999984878
1005002448127870
1005001965243658
32832823687
4000604308214
1005002430040309
1005002112778092
1005001270119197
1005002269052122
1005002237616483
1005001813459066
33044839627
4000324312849
1005002440728130
1005001680018100
4000273111012
1005002301369963
1005001424692954
1005001468067491
4001022616787
4001282469194
1005001983814073
1005002328243223
1005002276136037
4000223793644
1005002253030805
1005001849087036
1005002181783221
4001057535795
1005002368963213
1005002326842458
1005002315601185
32860194567
2002282729
1005001722269091
1005001824122987
1005001364129906
1005002400587302
4000794983675
1005002376258750
33059241804
4000906806733
1005002167693729
1005001334794200
1005002070970315
1005002056224121
1005002305279444
1005002449682314
4000342531315
10000334811822
1005002412981866
1005002500566571
4001033616844
4000349751272
1005001476715635
33058638676
32970051847
32727846337
4000781658575
32827680885
1005002114718846
1005002319018437
1005002313959666
4001230057311
4001064669812
1005002287894497
1005002378305106
1005002465424593
4001139269516
1005002242655419
32946250325
1005002206473735
4000545801665
33002894056
1005001267481447
1005002280721019
1005002314535377
4001328632069
4000311902520
1005002377579477
4000032956316
32962628820
1005002218333173
4001166266220
33029423891
32379293333
1005002339040074
1005002319336476
1005002172232249
4000015933585
1005001481582010
32888031194
33057751016
32618520687
32860669125
32913682506
4001225048956
1005001409102421
32807824367
1005001982152990
32976992061
32852930560
1005002328646256
1005001616546726
1005002001476923
1005002395478538
1005001605065746
1005001265948882
1005001731164676
33049119571
4001090577314
32947210263
1005001683067422
1005002489768267
32819885685
32589154209
1005001703980008
32828478798
1005001689005346
1005001340455063
1005002020415392
1005002460577519
4000264004555
1005002431281535
32812376594
32959477897
4000108621705
4001007415041
1005001785304205
32817901021
1005002271353835
4000330174760
1005002472633967
1005001469538734
1005002244248662
1005002316205772
1005001533468019
1005001683208630
1005002095767538
1005001648784962
1005001319847736
33049007264
1005002319092991
32959112206
1005001787226440
4000694154334
32994458375
32844369984
32971056562
1005001633038088
4000547865674
32904631618
4001239209347
1005001280079310
1005001355588869
1005002255398595
1005002439456761
1005002345038676
1005002318970262
1005002122378287
4000544400563
1005001626732989
4000205249666
32744067166
1005002312306666
1005002433233496
1005002084238226
1005002413083463
33029650258
32718660417
32951426820
1005002350202492
1005001825996531
4000177223543
1005001899602531
1005002198679437
4001000898432
4000626485121
32729721112
1005002385298276
1005002214583918
1005002337140260
4000010569510
1005002310589511
1005001266876103
1005001333182382
1005002312604488
1005002347869326
4000938042583
4000852113621
4001234415107
4000459040695
1005002439345826
4000280759260
1005002421495516
1005001887792701
32625466109
1005002361120516
1005002106022036
1005002432891638
1005001834127562
1005001391516838
1005001298863126
32863858815
1005002448536625
1005002226533712
1000005059098
4001021112852
4001075763617
1005001304515729
1005002098436257
1005002161862889
1005002382464034
4000778903677
4001047540943
4001339491488
32991458606
1005002311934082
1005001972665557
4000401687128
32318927172
1005001838256739
4000327042576
1005002357262159
33059093195
33015756495
32967253836
4000046896070
1005001890353645
32990966186
1005001699758250
1005001847434890
4001271837014
1005002381418400
32961187774
33029396232
1005001816742104
4000341083259
1005002421470572
1005001485014451
1005002442252075
32866499402
32831112069
4001251331849
1005002327288848
1005002382656249
4001127694242
1005002401149369
1005002438967083
32979468309
1005001599609864
1005002358287368
4001147924614
32580161672
1005002235273030
1005001935751856
32933251135
1005001816954093
10000004012298
1005001907030465
1005002288251824
1005002197162515
4001205497285
1005001966968920
1005002314361492
1005001940998928
4000960562898
1005002333393390
1005002021399375
1005001967012085
33011209488
4001014634945
1005001572938185
1005002470043380
1005001715160735
32894367655
1005001864277984
1005002485169649
33038614587
1005002359248209
32924950171
33054713461
32867652638
32812451209
1005002465253577
1005002442123084
1005002363851619
1005001521047346
1005001817695825
32963758716
4000883594881
1005001515337527
1005002477724586
1005001670334400
1005002228711205
4000642286654
1005002219549271
4001045810286
1005001468457581
32647675061
1005002330746836
4000726203825
33008166924
32848614906
32959112863
1005001838673489
1005002351061326
1005002476732386
4001104105024
32859332134
4000219345239
1005002346579787
4000056385276
10000343273680
1005001990015666
4001015650469
4000104107586
1005002341563124
32975542574
1005002104629779
4000677646262
1005001764025370
1005002330787311
4000004287960
32819455765
1005001786266388
4001030185283
1005002443432390
1005001652307284
1005001768100600
4001299411810
1005002314335148
1005002441614957
4000602051080
4000709814848
1005001275240915
4000433080348
4000710406404
1005002281903492
1005002137912703
32776199575
32976580304
1005001411568890
32988904198
1005001914698249
4001310791703
1005002389540935
1005001943081183
1005002337842069
1005001521284950
1005002429090946
4001041011857
4001315774550
1005002288843395
1005002475286008
1005002488255188
1005002238518425
1005002071883322
1005002282711090
1005002257969912
1005001839499842
1005001330054529
1005002488509313
1005001703270964
4001102672722
4001187333304
1005001709428178
1005002201989274
4000141130145
1005001763037841
33052188364
1005001558611602
1005002115223104
1005002177968657
1005001656710014
32893435799
4000938232918
4000911476822
4000152735387
1005001603454380
1005002312217958
1005001999724665
32994562622
1005002176135594
1005002172183643
1005002060119873
4000449056113
33030022181
4001313051017
1005001405107532
4000029883966
1005002318556778
33013810680
1005002120037267
4000489398384
1005002333692114
1005002270588892
1005001304837086
1005002467728143
10000002395161
1005002405044533
4001029355437
4000548983672
1005002294360363
32540306690
1005002344935620
1005002487683976
32987716296
33011236427
32869458344
32807509728
1005001950316248
4000817251658
1005001604611577
1005002329639730
1005001642925150
32705786778
1813739984
4000335663779
1005002342028716
4000301293076
4000253266143
32797568434
4000538200425
4000121019047
1005001920514344
32713081775
4000849768096
1005002329325133
32838660240
1005002398925568
1005002236347552
1005002204941001
1005002498753527
4000735312228
1005001922692958
33043551993
33042043908
1005002340904357
1005001865739248
4001319890098
4000312669228
1005001466408106
1005002322520268
1005001409440593
1005001383279249
4000886288035
32989527169
32978230621
1005002364752253
1005002319026067
1005002297646656
32947815046
1005001813350221
1005002325069386
1005002382131480
1005002449368014
4000922099481
33048982665
1005002485702635
1005001614692561
1005001802758178
32975506729
1005002281274120
32982533351
33004283422
32857243307
4000574625524
32961587954
1005002206574557
1005002419201344
32786233951
32904361979
1005002483040153
4001115381843
1005001762355024
1005001502411720
4001025691624
1005002310038636
1005001439014851
1005001670763786
1005001437415200
4001031783195
4001322707529
32908738174
1005002454233466
32979235240
1005002265793345
1005002122366588
1005001862843560
32867930906
1005002463755391
1005002448700705
1005002275346713
1005002439013537
1005002333591842
1005001350229760
4001208900268
4001038346219
32789044842
1005002334120890
1005001303857874
1005002173234997
1005002399446569
1005001867829668
1005002342413729
4001182873260
1005002314995037
32970634034
32778391636
1005002311030363
32953264250
32779417731
4001346066387
1005002198401332
1005001817284282
1005001402939500
1005002052917165
1005002336504816
1005002424938774
4000773531234
4000766742807
32849383053
32654666410
4001218735525
1005002354260067
1005002305653328
4000058055441
32590796035
4001094761587
1005002350148432
4001217974131
1005001620717718
1005001992669079
1005002399453196
1005002143535136
4001244344145
1005001873521077
32896756507
4000829616286
1005002467276759
33027493968
32896286535
32831166555
1005001594880010
1005002301109853
1005002287998661
32944373716
1005002304629484
1005002371418894
1005002353400462
1005001754133032
1005002476225189
1005001495555396
1005001855398118
33054735840
4000493949175
1005001899848488
32901031609
2027602153
32848440660
1005002466256211
1005002345574249
1005002141304494
32952351887
1005001895643940
32958633047
4001118793077
4000010318370
4000406452476
4000268805346
32888863897
1005001581329632
1005002253821927
4001130656157
1005002318278610
1005001670701726
1005002227870755
4001155328287
32919187670
4000112747328
32995031856
4000580160816
32844653768
32852677529
32953636994
1005002322749488
1005001870496869
1005001350635078
1005001309872436
33049235470
1005001453842142
1005001704040769
1005001941186787
1005001952173009
1005001548112983
10000406357528
1005001659175890
4001157867160
33013769131
33005323835
1005002459855657
32863299595
4001230199180
4000627844648
32997609063
1005001736450022
1005001469161457
1005002124258819
4000430357654
4001095383694
1005002311412737
4000416676679
32808665288
1005001963032574
33063058485
1005002268874768
32976787864
4000552296662
1005002424843117
1005002246074305
32822775654
32887499044
32728293285
32379552320
1005002468212977
32890600731
4000859899971
33021024714
1005002212357943
4001230297872
1005001779915247
32793181779
32982547313
32424239612
4001147752816
1005001808991178
1005002234122625
1005001636407917
33030610809
1005001456895239
1005002336169520
1005001745469330
1005002460828246
4000134054582
1005002465134987
4001359810183
1005001360909020
4000825971470
32897671182
1005001669269415
1005002313995210
32852517973
4000781519219
1005002396121563
1005002493801873
1005001854436762
32976922396
1005002317885150
1005002277029489
1005002281880421
32961731817
33041989532
1005002266530617
1005001816537410
1005001821595468
33008617221
1005002433877190
4000990946376
1005001760036472
4000095956679
1005001725924437
1005002467988350
1005002423426184
4000799783039
1005002244863988
1005001877671386
1005002364477589
1005002320271283
1005001665540690
4001317787277
1005002304432776
32907077807
1005001652590164
1005002481843228
4001002403212
1005001640362745
1005002315987722
1005002400030762
10000269624511
1005001889945826
4000324791661
32685682093
10000406370698
32890565592
4000187467222
2022804857
32857340491
1005001350684471
1005002314310446
1005001808576986
1005002033310306
1005002483069368
4000750905258
32860270912
32952971422
32957589244
1005002027868355
32838858971
1005002116569988
1005002350364330
1005002002781628
1005001742686391
1005001393994212
1005001873503882
4000844113026
1005001635584475
33007383055
1005001601903059
4000805344668
4000712509147
1005002320341873
32948237512
1005002262650131
1005002070918042
32931065773
32571594132
33032509567
1005002387727253
1005002298510998
1005002290077159
33011636637
1005002097438094
33024622165
4000270413427
33031449128
1005002475534779
4000935170366
4001041938136
1005002238003494
1005002408916719
1005002032770210
4001125042597
32949506677
4000307099018
32999246872
1005001304351837
4000198474713
33041401169
1005001865192836
4001202764174
4000979608392
32992152076
1005002443099417
1005001581484082
1005001984732198
32816531520
4001149491703
32955091963
1005002043944993
4000807650383
4001152708083
1005002185683570
4000093068050
1005002485392118
1005002267925439
4001192676219
1005002414269779
32992544728
4001259195129
4000654474947
4000127814955
33009984729
32847061777
32900414159
1005002338134298
1005002309260690
32907197813
1005002232456486
4000504330180
1005002367704757
1005002391062404
1005001936489889
1005001331680008
1005002337214541
4001221703299
1005001356262941
1005002330394321
32860707410
1005002303421656
32807901385
1005002351444637
1005002252250014
1005002460137718
32938358970
4001013019481
1005001900896467
32820298851
33052605641
4001293726420
1005001774198240
1767692824
32961509729
4000229246999
1005002359662620
1005002435645257
1005002233051026
32910510068
1005002239795369
1005002066576010
1005001902993082
1005002448778078
32821235609
4001238139645
1005002188050025
32925395592
1005002462035290
32830990882
1005001780451594
1005001685879109
1005002347193596
1005002003392596
1005001897521142
1005001999631619
32349805070
1005002395848081
1005001698778707
33021573518
1005001889496884
32933798382
4000918169554
1005002246054842
4000921846359
4001224411564
4000401896796
1005001868530242
4000921523037
1005001695602574
4000992939285
1005002375813753
1005001566223850
32996643684
4000259607155
1005002490767168
32810391944
32917964517
1005001507639151
4000898937381
4001299290241
1005002314469906
1005002420911749
1005002278744086
1005001504687846
1005002233078766
1005002254788358
1005002295303664
4001212561908
1005001722245949
4001163357035
4001230210169
32965320241
1005002349706134
1005002314769869
1005002304729896
4001327127308
32952845096
32725168983
1005002490564532
32843190849
1005001665105584
1005001982709751
1005001339851687
1005002361609786
1005002302234466
1005001507476433
33031802237
1005001576537522
4000761470906
1005001967175295
1005001333368985
1005001785731166
4000453092555
1005002344761381
1005001877085257
1005002242007635
4000611752101
4000007580143
1005001617740172
4001320196482
1005002259039871
4001291022243
1005002426091250
4000148214250
1005002489965629
32864391644
4001251732658
1005001983147020
1005002358801688
32945188443
1005001489008774
4001259517670
1005001422912199
4000221085391
1005001997299699
4000971816393
32835886737
1005001834413526
1005001736316582
4001225175410
1005002434761333
4000655889266
4001136696542
4001283441500
32578909615
1005002124935211
32803191061
1005002313832238
1005002344876801
33035071454
1005002291792771
32809608380
32985928902
32799526575
1005002416936240
4001060002651
1005002247174705
1005002291473936
32803662313
1946739810
32983124386
32850478458
1005002205729520
32833914777
1005001914527665
1005001477881165
33034618981
1005001603932488
1005001924233605
4000264864928
1005002469981552
1005002369764901
1005002313887016
1005002002259824
1005001290394183
4000083666670
33016938447
1005002241316510
4000439709285
1005001764968048
32959101469
1005002315026438
32918661812
1005001425621138
1005001756224539
1005002358572558
1005002100825103
32923612996
1005002383217268
1005002458965470
32845429969
33013141303
32628761566
1005001462447985
32247487538
1005001515933322
1005002287250282
32976910582
20000004771075
40000776281471005001710351840
32861123389
1005001446541020
1005002003653291
32857426354
1005002211008660
1005001560944381
1005001845095121
1005002320658190
4000878142706
4001123124268
4001131964590
4000270786925
4000304065065
4001289249456
1005001899318813
4000199062691
1005001314407864
1005002262542103
4000903794330
33026328769
1005001566942007
1005001830533478
33059583210
4000918346426
32857864527
1005001309493235
1005001340117655
1005001310908503
32858104787
1005001308870389
4000090194716
1005002369926331
1005001918639829
1005001895706004
1005002492893315
1005001525274930
32608907235
1005001515878788
32823207290
1005002482979484
32981951862
1005002139370114
33051844184
1005001906623283
32811755975
1005002093770207
1005002490450389
4000557124050
4001110275814
1005002089353733
4001112223217
1005001605806799
1005001494867005
1005002320743515
33000115587
33023937735
1005002100344574
4000831277265
4000181292446
32557927105
1005002433459499
4000830186993
1005001644205040
1005002074262610
1005001588258732
4000490043033
1005002378938428
1005002368512817
10000180988258
1005002433884299
32948037320
1005002206177876
4000817173915
1005002237701642
4001362693246
4000177440180
32808332353
1005002314110906
33040904610
4001181303864
4001068248700
1005002310863964
1005002069869239
32820140881
4000149506198
4000294964456
4000083170199
32479604956
32812229743
1005001278224434
32745616696
1005001698493755
33024823988
4001097825501
1005001519503474
32822296705
1005002342096599
1005002435996606
1005002260924250
4000386504005
1005001970252198
32804434098
32577663724
1005002277474600
1005002498635095
32692073465
32895020239
4000546658291
1005002441371238
1005002412804905
1005002004287508
33004085709
1005002368573302
4000213046519
1005002295294687
4000429547456
4000715533274
32810980407
1005001386197401
1005001671473949
1005001346384699
1005002248552538
1005002334341464
1005001882494344
1005002120578912
32963759663
4000282810794
1005002483037433
1005001723538096
33042155362
4001035012654
4000790701680
4001285743274
1005002286295207
32986847780
1005001768742027
1005002285801182
4001267371477
33032560607
32827183830
4000918253120
33042235062
4000015461819
1005001869928117
1005001631890639
33034636274
1005001437654585
32652885857
32853010307
1005001890963008
1005002411563895
32762661104
4001350492466
32919440759
32808478038
33037185315
1005002293988683
32923784016
1005001787335900
32804880701
32711841563
1005001759610154
32951167508
1005002291652725
4001218681012
32997341641
1005001767891352
1005002052683025
1005002320994264
32889662286
32945203756
4000355687118
32652000787
1005002317995488
4001015043613
1005002423336332
4001328667531
4001298188543
32726744378
4000081551634
4000280456319
32947385755
1005002314222948
1005002247877138
4000994559560
32892542061
32880817241
4000849929516
1005002127117493
1005002328237864
33020248732
4001283436442
4000766831540
1005001998189594
1005001591948084
4001063318862
1005001297913818
4001096846948
1005001305323576
1005002460307213
1005002313809320
1005001933701553
1005001851107275
1005001828154953
4000372334311
4001238616468
32971023499
32838793958
520588650
1005001844400128
1005001669615698
4000220696693
4001100661821
4000499458158
1005001556508252
1005002231788697
32722735177
33014120409
4001139239274
4001061002530
1005001618479315
1005002382754617
32629772998
1005002251848728
32919069344
4000511775268
4001140431728
1005001990352391
1005002368145161
1005002305834034
32881396945
1005002352116226
4001234277724
1005002291023605
1005002309154000
1005002266077988
32834573341
4001228683686
4000057894235
4000148077015
32997177825
1005001775670853
4000207958874
1005001659424806
4000987192157
4000807856234
1005001860336567
1005002488303722
1005001475844594
4000436668604
1005002260875411
1005002254843472
1807609187
32949816715
32973355651
32890529983
1005001709832596
1005002084938920
1005001638972128
1005002292115873
4000101021264
1005001496406002
1005001520339097
4000994261064
1005002417368562
4000095638981
1005002314420871
1005002448359538
1005001954829634
1005002211020497
1005001278037304
1005002496158973
1005002245583318
4000866198432
4000349138535
32275442194
1005002327917456
32844245778
4001334817458
33045395792
4001014795865
32902880093
32753585620
1005002293280843
1005002286369450
32836052124
1005002457334868
4000322343777
32921441924
32845611429
4000910356868
32373820747
32976370442
32896571682
4000471157127
1005002408344927
1005001373807122
33055372275
4000059412381
32367089226
1005002428317177
32949958527
4000557695455
4000394103456
1005002243243853
1005001279125617
1005001899470112
1005001993592994
32621059643
1005002430664118
1005001506124525
4001003030818
1005001954857670
10000224325498
32912989214
1005002457964355
4000904041770
1005001580211521
32458407137
32918496026
4000833248778
1005002241393180
1005001632248806
1005002175134056
1005001924722636
1005002398916327
1005001609561210
10000335689362
32961451170
1005002489787792
1005002262298715
1005002384461495
1005001295244834
1005002290620039
33017971980
1005002333557055
32651398340
4001063950363
4000230149538
1005002466999130
32902104858
4000685177594
32625186432
1005001656816865
4001217456511
4001272053303
1005001966416898
33006039028
4000576489309
1005002315224427
1005002042988068
1005002089008795
1005002008061137
4001327265076
1005001994136218
4000545927952
32319149378
4001192733858
1005002442855145
32878578928
1005002328047148
1005001914910241
1005002323158167
4000134802975
1005002262434412
1005001525276882
32799246148
1977089156
1005002210745460
1005002413105823
1005001695061158
32854287770
1005002027103877
4000419534749
1005002267662603
4001218015324
1005002368707169
32809729308
1005002136240587
1005002317476960
4000837582194
32959449487
4000918498545
32935100531
1005002226488178
4001161619710
1005002346040059
32986519503
4001140323640
1005001552054220
32997903279
33009914345
1005002474577364
4000225197066
1005002280400876
4000337281044
32899359351
4001217925837
4000351487844
4001007348891
32858016634
4001189317506
32912750788
32907926785
1005002357854464
1005001704392716
32804553315
32948315477
1005002401848238
1005002474479170
32948218550
4001202862334
32832958736
32842377584
4000441444825
33001067900
1005002286204278
4001193331344
4000074276517
32916131659
1005002491996491
32619803440
33007555207
1005002038431356
1005002323131126
4000749227241
4001275828534
1005002302525780
1005002347213353
1005002143278761
33032006148
32901868571
1005002288398807
1005002428424928
1005001958622975
4000550408709
1005002085954650
1005001436204176
1005001367742010
32451510754
32666926301
32858312698
4001278844939
4000422701499
1005001284918135
4001121384669
32998968635
32843470004
4000935252553
4000589335018
4000269144609
1005001988190330
32925787668
32821346415
32882743653
1005002461052486
4000611043517
1005002254690096
1005002346008515
4000155494373
1005002484813874
4001051313970
32965137940
32996704098
32968309632
1005002322406716
1005002143198525
32862746329
4000247055984
33054743646
4000944592846
32852261774
1005002040665349
4000677397182
1005001491471956
1005002043084294
1005002388214761
4001126380542
4000164607749
4001014340771
4000273861300
32833792230
4001311011772
32884565102
32992157136
32742622543
4000345137648
1005001552385558
4000850513576
32844770046
1005002290130576
4001030877135
33031875051
1005002318734887
4001292376028
33051848796
1855185524
32970644662
1005002264938796
4000296166132
4001198012591
32915732209
4001232957332
1005002240205294
1005002224189837
1005001774944406
4000704355623
1005001860297097
4000228728726
32764576957
32387636313
4001231462327
32229139406
1005001866117570
1005001894299847
1005002280793555
1005002402122951
1005001626632536
1005002346177180
1005002167822307
4001002079801
4000023191267
1005002353517475
33052495876
1005001300375806
4000852289878
1005002162922035
4001146852743
4001143074787
4000677694915
1005001572417121
4000073680589
1005001950341051
32890178605
1005002362822519
32880060219
4001162557196
4000812819102
4001111847451
32909120710
1005001479999595
1005002357576544
1005002248728988
32847421722
32887065046
1005001963324478
1005001682581917
1005002397699942
1005001278463774
32824943135
1005002395997017
1005002044946291
32829612997
1005002272676354
1005002263740774
32807721556
1005002344154195
4000624178018
1005002468041512
4000930485209
1005001539279857
32951423309
1005002378768976
32862666060
1005001680650190
4001059599747
1005001779826690
4001295374682
1005001630861224
1005001708888892
1005002286976755
1005002322637011
32274832071
32986143244
32850204884
1005001405765081
1005002352017448
4001165098582
32836368335
32459475132
1005002220405291
1005002385031553
4000264343265
4000625738387
1005002483349938
1005001614574223
4001155284638
4001214194802
4000203431425
32823587921
32961581512
32898894176
1005002284634673
1005002447448607
1005001802525526
32912305683
33016882030
32945064620
1005001488044012
32812792972
4001341833105
1005002368560465
33026135078
4000346052168
4001308391247
1005001957204571
4000373679518
1005002454320845
1005002065031178
1005001389920113
4000850174726
1005002056614702
32812428954
4001265735648
32973591747
32862138749
4001308981715
4000444622294
1005001850541975
1005002336931884
4000918582753
4000230805352
4001106201243
32981798977
32480960991
1005002428572857
33002423956
1005002323321367
32639173991
32549160310
1005002238150102
1005001379709243
32836828275
1005002318733627
33000694276
4000936686586
1005002365129344
1005001664868203
4001021263038
32971291814
1005001584888350
1005001640093568
1005002443475821
4000026048434
33011107153
1005002276630728
33053900121
4000107118878
1005002012685017
1005002353979966
1005001825290221
1005001332558660
1005001412967511
4001144421822
32823300209
1005001998408402
4001230514510
32861251789
1005002316008719
1005001559764398
1005001882328650
1005001629506749
10000021654142
4001294325563
1005001914347449
1005001392536050
1005002454276397
32969971890
1005002242563609
1005001854688577
32954866621
33056136158
1005002132228852
4000269892558
1005002475851261
4000844985329
1005002429786229
4001161857943
4000896957931
1005002352165488
4001121868168
1005001989450854
1005001556196734
1005002160292754
1005001607710770
4000121442803
32977086744
1005001882512935
1005001631757944
1005002037661452
32983200289
1005001749061753
1005002485261769
4001326002867
1005001999147711
1005002260617037
4001030982673
1005001773205866
33011995121
1005001515971487
4000289588389
4000036291142
4000527964772
1005001790364762
1005002432338255
1005001678436609
4001300281851
1005001494361521
1005001436164926
4000563511102
4000763590125
1005002327804044
1005002287117765
1005001657878775
1005001273678821
32989895163
1005002306203439
1005001518366330
1005002134511553
1005002282682373
1005002345594874
1005002046670037
33000558679
32890050726
1005002359424102
4000641431363
1005001367245493
1005002347357772
4000410678792
32794287800
32741414152
1005002338704784
1005001802534687
32775078870
1005001972086661
4000010149077
1005002260355973
32960989545
1005002439695984
4000181400525
4001113969274
32801427601
1005002461713987
4000955168385
1005002244019777
1005002246980806
1005001971786523
33059431974
4000955397156
32732311749
4000784021262
1005001391093334
4000997054457
1005002323200962
4000560584633
1005001583289902
1005002240589926
1005002399386577
1005002344597017
1005002117204711
1005001869034023
33040696840
33045083551
1005001727573553
1005002400845707
32848335028
4001150068951
32948513691
32965066499
1005002417536266
1005001721073264
1005002467432867
1005002136604090
1005001603832227
1005002074616851
32951361096
4001127421923
32848191862
4001119598621
33051421334
1005002350803650
1005002263122044
1005001825665882
4000387004404
32948448404
32863873922
33036036272
1005002320543322
1005001813495881
1005002233100891
4000546557516
32966886985
1005002279976065
32293116003
1005002414285459
1005002326558261
1005001586620683
32846209977
4000002826194
4001222914455
1005002452914245
32851739304
4000113887354
1005001882284732
4000165200897
4000852692666
4001057703039
33015569279
32958204281
1005001877446752
32913037088
1005001378566021
1005002362422959
1005001624968969
1005002362615909
33055746215
4000153053938
32482973077
1005002387512977
4000144674443
32641276775
4000146368577
1005001731216217
4000345867569
10000402430509
1005001655695228
32572501910
33026757010
1005002287095997
32392317332
4001069864019
1005002219422497
4000703878150
4001147427975
1005002233516419
4001316205912
32965594095
32821022511
4000921296902
4001347642658
32494878516
1005002309852295
1005002221874733
32594218442
1005001458853105
32856717812
1005002074712841
1005002125362666
32920625718
32796017726
1005002482875958
32861537961
33047017504
1005002313098477
1005002428177265
1005001762721289
32883093264
4001180452996
4000418797896
4000926818467
4000850478195
1005001571701196
33025356369
32948632118
33001165797
1005002313932838
1005002481249219
33014674762
1005001644343029
1005002478835898
1569510890
32893026604
4000746161396
1005001502881254
33055377499
1804893152
1005002290024295
1005002271892061
32965843129
1005001866749761
32893639702
4001264920262
1005002476298691
4001071297510
1005002348335053
1005001966899356
4001309107288
32708903102
1005001417821923
4001050911752
32951694347
1005002256394891
4000761247486
1005001817973370
4001249679358
32885848403
1005001933698506
1005001677627021
1005001759923972
1005002443535794
1005001763855833
1005001805824691
1005002377484717
32864526845
32977718146
1005001605187037
4000225625548
1005002039172945
1005002321669789
1005002297975895
4000856244174
1005001488804709
4000419220441
32823694004
4000988940881
1005002259289996
32821263381
32998521517
1005001906976778
4001217079626
32891102847
32956641401
1005001709395161
1005001892508934
32867073527
1005001847680154
1005002043066346
4001295962877
4000910903229
32696022820
33008129836
1005002166097520
1005002386219927
4000313433433
1005002468628980
32412571909
4000694446917
1005002073665504
1005001687951232
1005001748412508
1005002324300233
32449181013
4001227500048
1005001413061699
1005002461416755
1005001298721924
1005002358890562
1005001977228761
32830890686
33060579548
1005001489215781
4000444699649
1005001883233700
4001020311868
1005002288049493
32287922138
1005002162781388
1005002359648921
1005002322152546
1005001982079759
4001015016722
1005002260462347
32834258549
4000670047275
4001212320792
32889981700
32640834835
1005002291547429
4000054831577
4000850581511
1005001347031484
33027562503
4001157515852
32397996870
32785608907
4001036595376
1005002484856861
4000275989779
1005002332103785
33020142332
4000228452619
4000626066170
1005002319053044
1005002059231106
32676433884
1005001375025628
1005002198486289
1005002316054503
32911946050
32692037106
1005002405597612
1005002499850977
1005001869509443
1005002224749494
1005002357225331
4001246343295
32955293838
1005002434914608
328597398061005001292700054
1005002443272504
1005002129890614
32894549662
32847608263
1005002244418672
4001146823581
1005001572553008
32974137568
4000111883769
1005002311159642
1005001834749671
20000003886809
32842374625
1005002245004893
4000532204089
4000944640634
1005002389363895
32956118380
4001278975307
1005002002293080
1005002305543867
4000678241953
32867416296
32977911642
33051316489
1005002420180111
1005001675456090
4001041060558
1005002411144205
4000186417016
32933131472
32798498769
4000662511166
4001192269761
4000287756648
1005001714192172
33034304843
1005001929945441
1005001736757791
10000335948887
32970280113
4001062781010
32817915932
4001315681506
1005001933306274
1005001354670525
1005002326411584
32500567593
33034554219
1005002311381716
1005002439027305
32368814414
32857273228
4000802268997
4000906695100
4001189432080
1005002180883574
4001096514181
1005001913615876
1005002462392665
32691921161
1005002469286953
1005002339528566
1005002268264553
4001142006577
1005001870065873
32816402520
1005002277415214
10000388652341
4001061352234
1005001804090448
4001137462151
4000250011138
32962811753
1005002432307903
32820630736
4000299255422
4001277863992
1005002228315405
4000888901910
1005002491704327
1005001997738426
4000336356871
32829189073
