1000003574531
1005002327933457
33027517951
1005002124775387
4000863114424
1005002361379818
32970609995
33003674525
1005001333479472
1005001423420316
1005002270512425
4001058255707
1005002430603037
32903815024
1005002339686023
4000640883870
32922494966
4001158590884
1005002279524852
4000231202950
1005002225052349
32977082496
33048097083
1005002433963592
1005002375093599
4000642913182
32826003163
1005002315696537
1005002264328462
32951105657
4001216571352
4000174700001
32857227192
32462187714
33008189604
1005001894542699
32843495588
33015178249
4001043674925
1005001356544456
1005002206119788
32701235031
32997936504
1005002423027160
1005001731310853
1005001481626483
1005002359031508
4000197852823
1005002262307911
1005002315110511
1005002250575778
33038741102
1005002328400685
1005002404165634
32927867402
10000400029840
32871715208
1005002337847061
1005001858317458
1005002053871801
4000521798684
1005002252418280
4000409503079
1005002139862271
4001097185861
1005001973297745
33045404303
1005002234839893
1005002273745147
20000004184165
1005001521034833
4000221541394
1005001564899945
4000272314577
33046256466
1005002448970006
4001349605013
4001041849720
32992186729
1005002383473505
4001076866362
33026437128
1005001863652434
1005001844263344
32987190729
1005001968293891
1005002137289916
4001178697983
32734617155
1005001926538042
1005002088899384
1005001551161398
32994848812
32914016679
1005001972862194
1005002297270906
4000262235350
1005002310357610
1005001981548965
1005002350784772
1005002275901628
1005002262380287
1005001878261341
1005002377160786
33049132876
1005002495402591
1005002314363627
1005001982354814
1005002309911156
32980973089
32981718260
1005002113013985
4000986031595
1005002056213481
1005002239188655
1005002482249875
4000488659484
1005002219396245
32835664587
32613724500
1005001720802257
1005002346327492
4001056559689
1005001620800482
32857259913
1005002288879464
33013851262
4000073431356
33053549104
4001079608219
33002736347
1005002189894881
4000546492876
1005001626710932
1005002137637393
4000158807875
32884066627
33009561845
32963042223
4001256237638
1005001341471299
1005002224581691
1005002425329497
1005001722811609
4000927270729
1005002382536182
32959173930
4000458960624
1005002454899444
32878587758
1005002295138083
4000598206935
4001351910138
4001220693968
1005001975219457
32813500770
32849802960
4000154061031
1005002387804794
1005002267448657
2055812788
1005002383592957
4000788454597
32356624884
1005002210877470
1005001793830042
4000221279678
4000829997348
1005002090928595
1005001882410301
1005001693451721
4000310669302
1005002227574847
1005002459235437
1005002406452659
32833344977
1005002294772704
4000760504946
4000484692423
4001009136444
4000199943778
4000546057249
1005002252532160
1005002228698330
32888386759
1005002342477246
4000245682885
4001203926716
4000155806936
4001278935074
1005002253861499
1005002125677184
32888439237
4001260441672
1005001608421052
1005002167541059
1005002299199931
32855283609
1005001544704131
4000631286837
4000993805492
4000900470585
4000803406697
1005001322871466
1005002398660473
1005002418670141
32897425039
4001122389959
32870811700
1005002341791983
1005001992420707
1005001413448008
32826134367
4000479856457
1005001659117900
1005001398800005
1005002348523016
4001278953017
32832334947
1005001937110253
32973436890
4000308993363
1005001882746719
4000328662245
1005002464927837
1005002206586029
4000089821107
1005001479844594
32861116886
4001163423106
4001051105017
1005001703767595
1005002413331874
1005002454289348
1005001614870833
1005002206141391
1005002279073533
1005001482349088
32916807368
1005002204034435
4000898295270
1005001338395620
4000009412133
32955112352
1005002256535606
4000081034595
32822014047
32794127469
4001168011940
1005001413150621
32670821188
1005002074485621
1005002223579346
4000852189313
1005002326954482
1005002465453845
1005001840009135
1005002277708410
1005002284554933
1005002186900777
1005001519518108
4001290426744
33040667129
1005001389091557
32790273292
1005002023803620
1412095461
32902074603
1005001640151864
1005002122276732
32820038975
1005001780443503
1005001321449212
32898542827
4000007469099
4000084591125
1005001899214597
33058699184
32912845002
1005001671869733
1005002003501682
4001118020632
4000183643213
1005002282600430
1005002433130901
4001179513850
4000155702643
1005002433573432
1005001878461738
4001324270847
1005002339935999
4000283773037
1005001920805698
1005001348209909
32978262061
4000911367968
1005002466030059
1005002239113008
33030768832
1005002315643231
1005001839489530
1005002427589060
4000993079167
1005002119174654
32891447545
1005001810743240
1005002167812430
1000007623717
4000893472755
1005002090110886
1005001935272150
1005002337313566
32998584670
32867307851
1005002171190080
32654357495
4000008430111
1005002418152373
1005002345856205
1005002313824724
1005001435404455
1005002023612810
1005002284341496
1005002293134863
1129133933
32959357634
4000717552381
1005001952930178
1005002322618203
32513839964
4001220347969
32858813594
1005001356635426
1005001514753893
32856802918
1005002272194104
33010053727
1005001833303753
1005001742550328
1005001412831968
4001345268278
1005002228355403
1005002239220864
1005001868550410
1005002304690416
32807816455
1005001515770707
1005002132916583
1005002181065533
4000086415440
32823601060
4000977368788
4000462500271
1005002443703149
1005002415755979
1005001907786097
1005001310096910
4000908110514
32979807843
1005001773825151
1005002179403704
32842734522
1005002116043486
1005002496603372
33007129744
32629348449
33011966855
1005001430742708
4000708891042
1005002270730756
1005002080945315
1005002315666535
4001283829025
32955700208
4000081572960
1005001349608596
1005002396347833
32986115990
4001224267146
32912175900
32889056214
1005001970894787
1870098552
1005001930840473
1005002291574678
1005001373746255
32962483690
1005002240667046
1005002283134820
1274669926
4000430894396
1005001387503934
4000795258625
32816955761
32847504655
32720174567
1005002487804157
4000470298250
1005002281007434
33012585571
1005002334371526
1005002485120634
1005002262380680
4000956256015
32653139425
4001219807413
1005002428513754
4000967664639
32816081378
1005002476237007
4000069332126
1005002286692295
10000383766892
1005001570699990
1005002116984061
4001209479734
32805950103
4000302686780
1005001857232214
4000202816382
4000215330822
4001041057963
33024567672
1000007846287
1005002322282571
4001152057828
1005002380627495
4001340890366
1005002498988621
1005001423791035
4000465119511
1005001686237266
1005001789354361
1005002321492712
4000106072818
1005001880735495
1005001614964564
4001103389389
4000982517829
1005002262035095
10000256784147
1005002346143126
1005001650401658
4001235941953
1005001678887519
32973282120
1005001448789303
1005002264631087
1005001528300153
4000696353082
4000537407560
32823640360
1005002305000707
1005002382959014
33000508367
32823889270
1005001890055156
4001199873167
4000468076621
33006887622
32968989406
1005002388267804
1005001942825857
32888232185
1005001972792793
1005002377114009
4001046951458
1005001515946261
1005002166239699
1005002345073924
32890333286
32977867685
32944761086
4001356313529
32916936465
1005001845610618
4000826737572
1005001339652745
33005816547
1005002276882819
4000222144582
1005002258414544
1005002439448138
1005002297646521
1005001678686906
4001256203112
4001047519977
1005002122510100
1005001879652418
1005002412478130
1005002314258513
1005001596920075
4000743555950
1005001381315742
1005001954837667
4001275904382
1005002313042099
1005002378387246
4001272232786
4001215059874
32965695811
4000601178595
1005001677119378
32831359605
4000979850616
4000657020912
32910059629
1005002269173417
4001113777328
1005001629135394
32834515797
1005002323016623
1005002413506253
1005002167536210
33018637542
1005002392335374
33018836242
1005002233931851
32360633562
4000046325365
4000493353997
1005001561823507
4000354366127
4001093542445
1005001513183746
1005001722962353
32856178698
1005001763398513
1005002259069256
1005001488863584
32913279070
1005002294033276
1005002320564119
1005002425451118
1005001689793115
33048283385
1005002225307094
4001118748471
32868002706
1005002286218019
1005002444025950
1005002263085796
32867257411
4000626133107
4000257523699
32857611530
33020041558
1005002240969281
1005001425605413
1005002244599725
1005002468817922
1005002372366601
1005001843561275
4000830207695
32917469461
1005001803881989
1005001570134637
1005002205103367
4000008859965
4001351669674
4001290927689
1005002368784337
1005002304355510
1005002335084708
1005002297833055
1005002196501100
1005002070799295
32825292866
1005002090465120
4000341051815
1005002475749009
1005002193941338
1005002428120702
32948682782
1005001952902469
32977517319
4000606719502
1005002382760051
32525548784
4000081709901
1005002487234416
1005002258725701
4000358105354
1005002337973276
32653366645
1005001793464170
1005002317618642
1005002271610650
4000337280622
1005002400276886
1005002487006070
1005002319300701
1005001335048078
1005001887626530
1005001473915913
32944844070
1000001544446
1005002353336436
1005001438593356
1005001699572067
4001228668204
32516836536
1005002346318028
1005002341846183
1005002336484307
4000593666085
33000471652
4000748350465
1005002395968078
4001152432827
1005002307108418
4000074154737
33046094536
33030022114
32780265510
32821559560
4000074680402
1005002091573839
33025247010
1005001437186081
1005002245515088
4001326725716
1005001792896129
1005002339759902
1759015559
1005002003686097
1005002265120236
1005001444638918
33041723617
4001233400011
4000021912853
1005001447535755
1005002205153848
4001128457579
4000528458907
32763262499
1903578212
1005001770829171
1005002386936423
1005002334892069
1005002340957727
4000098747181
32852465388
32978635840
1005001874172759
33056830981
1005002050543260
1005002120431078
1005001905912882
1005001439137302
32375365745
1005001813519306
32865910813
1005002302277323
32916386274
1005002455701176
1005001572135635
32758750547
4001223545756
10000002736842
1005002315274809
1005002490719865
1005002016855679
1005002424390790
4000998954837
1005001382973701
32282203398
1005001611677661
1005002144592214
1005001848573375
1005002316325272
32976591920
33000349572
1670345353
32837073855
10000358450368
32889222563
1005002408428146
32833133404
1005002400309512
4001340122562
1005002454379438
33009725923
1005001311224765
32809058957
1005002345346416
4000144882433
32919150379
1005002475733677
1005002194747244
32785466549
4000957378220
1005001832471797
32832609287
4001284901474
1005002310931510
1005002317514610
4001197228904
1005001648599261
4000241206786
1005002428446563
4000301099861
1741482437
1005001738080351
1005001360482934
32506437004
4000291519933
1005002482987128
32970174304
1005001645613220
1005001591683587
4000717395666
32973830201
1005002002318360
4000842614975
4001201522955
4000533692159
1005001332934763
4001267985128
4000661002155
4000709121327
1005002233817714
4000969450355
4000359779211
32961842262
1005002264770310
1005002117297081
1005002342365022
4000912981053
4000987096686
4000342514329
4000853904746
32803942218
1005002372748377
4001220179268
1005002275444151
33013400727
1005002387823527
1005001792167907
33007107411
4001047768883
32824841603
1005002327591331
1005001326316098
1005002299354985
4001172295935
4001038785259
1005002425315063
1005002279416348
4000402807892
4000871845201
32810061511
1005001903233498
1005002423736644
32574210551
32708522345
32853299607
1005002314290637
32978949169
1005001741421517
1005001605255452
4000099885008
4001227285418
33023896163
32989073003
32838804210
32820007872
1005002073245402
4000930371105
4001175363341
914867719
4001210642702
30000001152925
1005002275285866
33035213113
1005001494862000
32842472139
1005002224461556
4000971016003
1005002314840196
1005002259743630
1005002450457131
32962186020
4000310292093
33009183163
4000395384899
1005001345728247
4001259309996
1005001690233967
4001237596807
4000345509917
4000955528983
1005002249758822
32920039418
1005002256488121
1005002333210294
4000544380602
1005002357740829
1005002264886477
1005001731481188
1005001881336443
4001031729888
32813892167
4000856594098
1005001359147008
1005002319158291
4001110771432
1005002453593182
1005001843919358
32371341264
4000897897283
32793867910
4001234475532
1005002369410322
1005002323747121
1005002302124811
1005001876849623
32949489270
32800374520
1005001603696506
1005001515982394
32837030171
4000225045924
4000244976698
1005001419103834
1005002414265893
1005002333238717
1005002024065990
1005002085073717
4000073970784
4000062417440
1005002465615572
1005001307346176
4000843002314
1005002306517149
4001029511224
32990987109
33052189694
4000401973656
33037505140
1005001468510407
1005002459178082
1005002098753782
4000807466085
332153266
4001168939009
4001343582163
32816473189
32856648203
4001077782907
1005001677354668
1005001478693330
1005001621796506
1005001441267899
1005002288944356
1005001386491606
32832645677
4001041039909
1005001980315329
1005001670199839
1005001626471550
1005002091401675
1005002220627831
1005002381865874
1005002342593105
1005001402633871
4000731138116
4001118625456
32747445845
1005001505363329
1005002315642120
33032489724
32972981345
4001320581264
1005001467860035
1005002221094403
1005001623554117
32863875429
32512518482
4000085393171
4000602142237
32917526289
33017405933
32989272747
1005001859617167
32918332785
33034020090
1005002275990330
1005002252418108
33021033137
32952947184
32843630581
32867990236
1005001720344028
32882483022
1005002283771384
1005001731327002
1005001560898410
1005002305707207
1005001639777497
1005002333979648
1005002116533961
1005001761714147
4000805837778
10050018932798051005001689000890
1005002480058626
32757001700
4000308794996
1005002466899629
4000756003366
33023989977
32892897121
1005001573038985
4000250813577
1005002314239914
4001167835510
1005002334097245
1005001265504266
1005002259743018
33003787924
1005001693350294
1005002028926753
4000962302161
1005002319100840
4000203874727
1005001584585336
1005002466637393
32810679009
1005002494378153
4001282874411
4000246179015
1005001349474559
1005001765619800
4001235410518
1005002349786062
32266619581
32812756433
1005001946871121
32994510266
1005002100130553
4000729608858
1005001809238916
32971342834
4000467310216
32948174597
4000075093791
1005002311535147
33023936974
1005001380760404
1005002295346026
4000046193054
32957897194
1005002394602567
4001291929977
1005001526341650
1005001682415429
1005001515880497
32654015698
32996454593
486636041
1005002394865163
1005002475434174
1005001450794153
1005002315251155
32805572364
33055867796
32843787578
32742682826
1005002362627058
4001104175560
1005002320279336
4001111690230
1005002293008467
1005001799347871
4000311814124
4000528577901
32964328435
32993072225
1005002293360121
4000702304902
1005002347616489
32457743819
1005001630648914
4001143478300
33007999408
1005002308891440
1005001778897799
32673414155
4001188336481
32881171425
1005001934553497
1005001828459143
1005001315497857
1005002131958969
32974458768
1005002330661861
1005002206574531
1005001793085329
4000174472397
32727075013
1005002352000737
1005002287915537
1005002383189903
1005001756559030
32963133892
4001272561175
33005500091
32983770098
33034213480
1005002192839033
32835504288
1005002388370297
1005002259714916
32893451080
32982816697
1005002219246385
4000516784721
4001228500523
32812904663
1005001287184308
1005002283054012
1005002283087419
32894261100
4001226439341
32706153889
32831102209
4000484111404
4000181123253
1005001934723075
4000835804599
32729044254
1005001736664710
4001112799178
1005002264535308
4000444987253
1005001555856477
1005002467559042
1005002346510363
1005002457763761
1005002130849316
32887106459
4000939128986
1005002275839627
32965605446
1005002268146692
1005001421233658
32940774449
4001097024931
1005001758535211
4000322468919
32968521438
1005002408413121
1005002007178668
1005002375348710
4000910014902
32879601877
1005002253846153
4001226966196
1005002362556415
1005001954998396
32701027516
32951922949
32886168513
32366327026
1005001508274458
1005002324777193
1005002360157168
32974092508
1005002395868195
32979227475
1005002125878659
4001268021695
32647619215
1005002314428293
4000538845328
1005001728205682
1005002353914070
1005002268403397
1005001280173653
4001278970116
32803040658
1005001398579147
4000897574474
10000032025367
4000661045807
1005001677526707
1005001854647980
4000941275096
1005002288431646
1005002088782959
1005002466755401
4001157097179
1005001330034012
1005002377489219
1005001313952281
32906495733
1005001794070110
1005001452865083
33063102499
1005001619495641
4000102288540
1005002243084343
1005002281838736
32952706143
1005002342558272
4001201359123
4001206950915
1005001973426894
4000903152435
1005002212547264
1005001525470185
1005002238208556
4001084889800
1005001961350714
4000181973830
1005001722127169
32995270396
33037455249
4000870184057
4000151598779
1005002147318347
1005002254299556
1005002171286595
1005002396773999
32992839290
1005002180165469
1005002054462582
1005002084998780
32764519026
4001321772486
32904527721
4000857283490
1005002433639977
1005002278978778
32992652941
4001267275994
1005001762385971
32810463038
33004938182
1005002281820781
32950873852
1005002235601519
4000311389391
1005002273719343
32917585907
1005002383028418
1005002231514360
4000011947448
1005001874462192
1005001926090985
4001037105532
1005002272530772
32829761995
33053369881
1005002394975498
1005001355538107
32819872361
4001339402832
32814209848
32287974277
4000855279979
1005002115945772
32981717629
32997204409
4000317622724
4001050505222
32955082345
32960449766
4000076573669
1005002260928206
1005002319936929
4000940867031
1005001530827071
33017409835
32885002353
1005001314715483
32634637367
32839509869
4001347398299
4000523644196
4001094669674
1005002001596647
32704656740
1005002318844874
1005001804070469
1005002300859743
4000340723075
1005002432272783
32977246956
1005002276624433
4001035615535
1005001994091814
1005001775557218
4000155884225
1005001284982185
1005001733045076
1005002359313203
33038234957
1005001695639080
1005001392197652
1005002368449212
1005001850949140
1005002243989427
1005001658863934
1005001580377846
1005002318478514
1005001334369134
4001037697988
33016295699
4000151364377
1005002170674705
1005002452752220
33004813298
1005002283653775
1005002315278506
1005001780472051
1005002256609906
32992802406
4001317437614
33048899025
1005002493482558
1005002322657613
1005001386832879
1005002333540969
1005001388100893
1005002351170793
33021573515
1005002314704919
32923631317
1005002276276880
1005002357923820
32996502492
1005001568848751
4000691627283
32700766596
4000671102612
1005002316936488
1005001930855489
4000928335135
32789484374
1005002272598543
4000247091314
1005002277506665
4000764299986
1005002325357235
1005002322969506
33040816706
1005002383252458
1005001296909374
4000134543328
32818017545
4001294353610
4000266360669
1005002129729649
1005001626405778
32975502103
1005002179770631
4001016185331
1005001772218112
4000625935343
32813144050
32952878423
32892131882
32992656139
1005002367608865
1005001664469521
1005002433531729
1005002313802126
1005002317170018
1005001967458272
1005001494289647
4000525387049
1005002336384394
32860509986
1005001934193878
4001142932821
1005001385009709
4000133344769
1005002459729779
1005002232619340
1005001870589819
1005002096269291
4000282463150
4001204618262
1005001314062645
1005002056271237
1005001868237945
1005001648423573
4001196698917
4001098175791
32823727790
1005002100474648
1005002247494587
32904795703
1005002003119075
32977854947
1328302883
1005002120449857
32844315236
1005002348395338
4001215322972
1005002485205587
1005001844979717
32890752807
1005002328081241
1005002275724325
4000703382834
4000287933087
1889705221
4001181726542
1005002443739185
4000380787404
1005002100335349
1005002461143746
1005002332444326
1005001560388497
1005002226227499
1005002489136378
4001041709687
32959347918
1005002494462661
1005001715084729
4000538033066
32982426566
1005002477753874
1005001593387432
32766247441
32815707479
1005002318268895
32322950694
4001056910318
1005002468017393
1005001927682434
1005001284855684
1005002125525624
32597329094
1005002395061372
32881296952
1005001872556275
32789296728
32986561682
4001165027614
1005002398795332
4001156920003
32264516447
4000867694898
4001195364999
1005002381373249
4001084921105
1005002180085059
1005002122437128
32857043957
1005002136945366
1000008633736
32406459934
32353922771
4000008277003
4001215552118
4000850498928
1005002324170015
1005002228857870
4001157543654
1005002002111448
1005002426833415
1005002221407356
1005002359199395
1005002314352776
4000093641397
1005002465021780
1005002490209084
32837981771
32838936710
1005002350875082
4001278821023
4001097225085
4000863294395
32868766477
1005002286324636
4000049497987
1005001999303045
1005002290427602
4001156430179
32835791960
33012804102
4001015048176
32932982706
1005002092090808
1005001693094175
1005002060710139
32988990495
33041865618
1005001508164911
4000272932433
1005002462194568
4000509618782
1005002262002945
4000747732875
32841929611
1005002492456125
32922779689
1005001344973688
32833874526
4001220234892
1005001829712849
32966644493
4001139147110
4000720586842
32867074452
1005002050851303
1005001753941176
4000908314891
4000359803688
1005001993554164
32870906103
1000006930892
1005001793027546
1005002294235580
32892839287
1005001308073036
4000945176586
1005001768295402
33027541342
4001290542815
1005002382808327
4001340635919
1005002350541532
4000697419986
1005002299221470
1005001694627720
1005002116116167
4000146769364
32829308919
32836806728
32956358191
4000105607383
1005001859036439
32823354062
1005001705678289
1005001284965200
1005002494888741
1005001920747795
4000865404595
4001275147152
33021556129
1005001954422631
1005001909660224
1005001790200162
1005001411928167
33011761378
32809129199
1005002406096898
1005002297986641
1005002250123374
32888803395
1005002310414045
1005001599087580
4001239075628
32693051577
1005002422055684
1005002390305297
1005001720368677
1998412368
1005002264829620
1005002422184586
32905444820
1005002413110864
32834021160
1005002323522081
1005001991104173
1005002229649008
1005001671085407
32955772700
32815592713
4000655783667
1005001802468560
1005001436239725
4000416901514
1005002372264903
1005001731092919
1005001591043086
1005002143673469
1005001392575846
1005001541325894
4000088142635
32900172705
32927116300
33039279566
4001215469037
4001282604025
1005002317155433
4001073132021
1005002025263040
4001200633772
1005001921694441
32900349658
1005001958268537
4000539601310
10000044863270
4001142141772
1005002470166694
1005001470025587
4001157366108
1005002107609664
1005002046187890
4000111358684
33024344288
1005001602242286
4000224205321
4000549524739
1005002332482594
32840034097
4001213852616
1005001464488046
1005002461863773
1005002017255849
1005002245406053
4000036252449
32835508318
1005001705039389
1005002393167610
1005002079785501
32828206674
1005002433175015
1005002295106150
1005001543737671
1005002279150255
33031859744
1005002083562605
32996619372
4000053511569
1005002026996766
1005001339112546
4000273891776
32967441620
4000719989476
32807805264
1005002293727920
1005002177404157
33002309185
33031122673
32903815532
32887490728
1005002382927086
32806000397
1005002325110410
4001100694686
1005001700899273
32921946852
1005001678602342
1005001417798314
1005002259567082
1005002110896211
1005001780041735
1005002401145501
33054836439
1005002175140070
32802957702
32803099921
4000040121821
4000272774584
1005002467722213
1005002383277273
1005001823256081
32849233207
1005002205741656
32837716312
1005001982819835
32837498796
32660630401
1005002384883347
4001208659471
32731880216
1005002278414159
4000838628617
1005002496044553
1005002357719067
1005002336827162
4000038454199
1005002236151445
33043246975
1005001519773762
1005002314294851
4000804124970
32822754240
32833816423
1005002311014810
32896425735
1005001622263404
32891826968
32966084400
1005002468142936
32982366030
1005001844892875
32921717584
4000849841494
32788557245
1005002473651196
1005001593909024
1005002224849483
4001131467413
4000200511892
32730456372
4000242065399
32909301662
1005002310423204
1005002229848909
33056919008
1005001493662444
4000601660372
4000712908548
1005002148725173
32888338645
1005001351791987
4001058888580
1005001650511236
32610986804
4000129381202
32991066391
1005001965624935
4001084872271
10000383869788
4000985301970
1005001386359685
1005002478842824
1005001500521774
1005002074294393
4000744394456
32865691596
1005002466543609
1005002030194508
1005001763458232
33058811416
4000602175250
1005002466958585
1005002027391089
1005001962686093
32691921784
4001042528399
4000857685792
4001125816991
1005002262403759
4000498428523
1005002342873322
1005001362719675
1005001297192920
1005002364890842
1005002125780138
1005001871046809
32951762175
1005002198326282
1005002363203778
4000381525352
4000221163123
1005001264728707
4000170696004
1005002226399547
1005002406739853
32979997741
1005002476815595
33026718557
32837658579
1005002234657083
1005002452985106
1005002314315918
32767210063
1005002374910758
32985895738
4000630892132
4001162665975
32704940647
1005002053510009
1005002295620212
1005001900127312
4001059679772
1951657037
32737504932
1005002334969653
32844742725
1005002228325614
1005001763936020
1005001499130297
4000941613254
33004195981
4001201002016
1005001375324008
1005002266085696
4001117172210
1005001600306291
1005001676968142
4001278954983
4001355940594
10000395183587
1005002233553259
4000960330370
1005001869406698
4000241889839
1005002305121917
1005002114705634
1005001525320616
1005002322290645
32350458316
1005002236221133
32829503018
1005001629041705
1005002468109625
1005001990687381
4001271292269
32622226622
1005001977523143
1005001900765025
1005002119063049
1005001648138880
4000844863589
4000837418075
4001080008421
1005002353782341
1005002052365347
1005002311251364
1005001333990343
1005001688229966
33031226569
4000674231016
1005002122503402
32954560288
4000443212471
1005002324025444
32844269779
33054232314
4000857440727
1005002160223216
33044191562
1005002170839392
4000902782558
1005001999094302
4000945258170
32975931606
1005002485870598
1005002239561704
1005002368500154
1005002449391709
32830898742
4000374329315
1005002331959417
1005002134649940
1005002369306275
4000325026473
1005002362839113
1005002467128945
1005002247851432
1005001810304845
4000313236671
4000545870235
32892307614
1005001355182508
1005002286651672
1005002497103818
4000551772568
1005002325373046
1005002425281562
32241518959
4001163392683
1005001451909689
1005002233829471
4000397621193
32918181206
4001021011996
1005002322457351
32384733239
33000719165
1005002098111906
1005001429967918
1005001625136942
32972733928
4000043919060
4000687941814
4000262430546
1005002329190257
32958214166
33026431216
4001009912025
1005001912906770
32850761676
33006781953
32856531055
1005002397825030
32854002677
4000434112276
32964745760
1005002125799336
32991030711
4001315995246
1005001843943830
1005002311480346
32969968580
32996558336
4001156399031
1005001700905383
4001021954894
4001194240699
4000308934103
1005002334530006
1005001768584174
1005002291537978
4001209637115
4000827014702
4001021391423
1005001830155994
1005001520507804
1005002413497347
1005002453152360
1005001930924345
1005002395375478
1005002427427019
4001235480542
4000439391892
1005002358906637
32998178265
1005002425067447
1005002282944763
4001084911631
4001271752328
32812756024
1005002162094044
1005002299014489
1005001498810341
4000850492851
4000859329596
1005002359347033
1005001333182933
33023007192
1005001730335056
32842308524
32960428227
32924102792
1005002434484940
1005002342615439
1005001534048148
1005002467829838
32830481721
10000354588312
1005002342996763
1005002399829406
1005002253107768
32848395612
32888815186
1005001375397588
1005001621020618
4000890590243
1005001387768891
33002465037
1005002439583443
4000726618762
1005002053774339
32917501517
33003008135
1005002317126007
1005002420592657
1005001728395318
1005002122540170
4001029835735
1005002068390202
4000735946356
1580869176
1005002364391206
1005001603806161
4000916703539
1005002310892851
1005002406791150
32953268619
33028007817
4000049634282
1005001290255128
4001261157847
1005002441111524
4000232294747
1005002073036128
32995223669
1005002467348286
1005002018814662
1005001526085269
1005002383188553
1005002456742668
1005001912482594
1005001929254435
33055297465
32679708334
33013363508
1005002323707501
1005002313597146
1005002278148111
4001056646986
32986531529
4000959232309
1005002207839841
4001315431199
32761552619
1005002322652341
4000368165478
1005002322005965
4000669031901
1005002234604690
1005002260841293
4001230447192
328227590541005001859092311
1005002341669615
1005002219066390
1005001885609219
32800394158
32842077914
4000929225713
33017927064
33032616841
32914358884
1005002371458394
1005001865487374
32982753300
1005002076499203
32857822691
32338405972
32931679474
32802665331
4000270388809
1005002475656126
32933419443
32991792196
32213826543
1005002069348474
1005002465685363
33050803705
4000976084944
1005002050428105
4000005385910
1005002410990388
4001276984424
32982778812
32998976397
32956470800
1005002413064269
32886170639
1005002333478730
32607560508
1005002383915110
1005002327507356
32863596334
10000004353786
1005002334358362
1005001475173751
1005001291394456
32999102276
33024342388
1005001677094304
1005002382419728
32332455129
4000098327348
1005002289389900
1005002350780655
1005001490998567
4000786082519
4000794350015
33060037704
4001208360889
32827523564
32945632244
4001001109075
1005001611640617
4000642028884
1005001473878186
1005002205316217
4001064981331
33023555135
1005001715667047
32854548486
32862996410
32909899327
1005002323223985
1005002398978455
4000249165616
4000072760889
1005002432086293
1005002314336699
4000108351010
4000366605831
4000997927845
4000867110487
1005001861242204
32602826788
1005002409701791
1005001773008336
4000743932717
33037194368
1005002401596847
1005002364055900
4000095949825
32900875651
4000008048714
1005002318920958
1005002106028965
4000140030698
1005002483379658
32436376503
32896489085
32885007044
4000626041258
4001225124429
33035174599
1005002313791731
4000803373536
1005001948516845
32823871018
1005002375924174
1005001784679362
32848786928
32671690985
32989695110
32886926107
1005002359701913
1005001438315152
33059359409
32993473042
32923111836
1005002345636125
1005002324399840
32865813780
1005001899509436
1005001423489760
10000314300395
1005002367510631
4001231523495
1005002362554865
32879794668
1005002353578779
1005001933336393
1005001875414910
32817866770
1005001970144707
32809348730
4000875438117
32859158793
4000209806647
4000078693712
1005002298617906
4000960085191
1005001657922777
1005002351137461
33052969545
4000954971673
1005002481953237
32815765717
32996815855
32835213589
1005001608327952
4000845045814
1005001343115635
1005001987841875
4000096317662
32903313399
1005002358800929
10000399956888
1005002275535027
1005002265032260
1005002042686252
4001058847241
32975427832
33030551081
4001320638388
1005001776655514
32913046906
32828973075
4000038404448
32792848408
32830608297
4000251731450
32979760671
1005002233806613
4000036106805
32729161626
1005002423251229
32982462807
32910787755
1005002322532332
902607609
1005001405455362
1005002258748157
1005002336979857
32964359456
1005002425286393
4001245638156
33001900916
1005001647981725
33008885108
4001153665686
1005002315874460
1005001736634680
4001027899513
32950419155
32926919830
1005002445512542
32655010036
4000073881502
1005002247233312
4000589154591
1005002340837350
1005001556014115
4000278480876
4000267818548
33001088396
32970851113
1005001844438693
1005002273400826
32407499763
32876026943
32494249809
4000546579195
4000778326549
32672251834
1005002310926689
32863490290
1005002296599885
32832031928
4000493029664
1005001926448022
1005002230011185
1005001469391817
1005002253318554
1005002324009527
1005002167842820
1005001510908406
1005002313364948
1005001599475288
1005001494289398
33060774678
1005001438768773
32820688895
4000212249735
33034433378
4000584384746
1005002380705749
32659627599
1005002314187503
4001022268369
1005002295209953
1005001281101711
1005001640310874
33019638238
32905301137
1005001519492978
32913222175
4001075530558
1005001836719519
4000925590481
4000821881862
4000322158304
32999439986
4000029982511
1005001923479399
32826400718
1005001504462339
1005001598340970
1005001888818392
1005001897238330
4001254601614
4000911066199
32870252629
33000419636
10000400044567
1005002388616116
4000715938456
4000313601331
33024764344
1005001764367259
1005002254408573
1005001945975572
32866123290
1005001619839540
1005001843488860
4000287529338
1005001926972853
1005001957434607
1005001731107929
1005002309776834
32536509299
1005001731204725
4000735130259
2021933967
4000819865412
32824532603
32699413737
1005001333390879
32859230798
1000001401788
1005002336439132
4000955156240
4001228257933
4001293020744
32983320290
4000058555831
32912510939
1005002229914454
1005002317116055
4000691850474
1005002277843091
1005002311185540
1005002388742809
1005002305998817
32991989534
4000039797847
1005001329792211
1005001371741511
1005002297747384
1005002017114521
1005002233696774
4000353043670
1000005307573
4000034065170
1005001997320163
1005002317966882
32905017984
32952610401
1005002179859282
32806601908
1005002498764332
1005002304676633
1005001667741532
4000847931866
4000269472121
1005001329702931
1005001953428625
32842187392
1005002487280121
1005002282308105
32833703003
32912945400
33027260264
32864313590
1005001998520656
32840656289
1005002253815069
33057405756
1005001894631226
32914442278
4000883898118
32233950912
1005001504436786
32843201231
32816194740
1005002500490505
4001076473280
1005002062693597
1005002115758262
1005001265349361
4001037883639
33003454688
33016867902
4001161795409
1005001868956306
1005002303563415
4001196941818
1005001269717941
32567889021
1005001416701825
32963830616
1005001333716161
1005001355072724
4000344851499
1005001413821258
1005002224165503
1005002414350172
32784833456
4000743651584
1005002413267617
32898166306
32389449095
32972200731
4001278999379
1005001753864716
1444720565
32798794394
1005001935081083
1005002496941292
1005001354051603
32726986799
32885128269
1005001526391622
1005002084264171
4000048340586
4000102180500
1005001889789654
4000072083657
4001037738032
32861385281
32858393225
32976088391
1005002281245338
1005001785172208
1005002282536600
32845556377
1005002241729331
32747258669
1005002426061408
1005001308501787
32852243397
4001273155873
1005002337146942
32955397343
1005002148610977
1005002223948145
33031269977
32301382916
1005001788635985
32706622813
32853930399
1005002101887888
1005002385310995
33037645489
32878901492
4001208302415
32658849132
1005002354329715
32731320426
1005002245145066
32982651618
1005002459292291
1005002495775840
4001031925888
32804907052
1005002219346990
32947446835
32956439307
4000236454292
4001222012114
1005002351591672
1005001468634440
32904727541
4001237992828
32973493652
1005002251982937
32854383221
1005002253994742
1005001633787896
32994058504
4001228795088
4001160716311
1005002246408805
1005001921000066
33040556069
32997865967
1005001484413340
1005001982927337
340629250
32348333738
1005002497131937
4000411087536
32909394440
32885421943
33017575083
1005001298689222
1005002437456978
1005002489535098
1005002340612143
1005002476222160
33029073783
33056087554
32832491315
4000867311215
1005002326556436
1005001744715670
4000882439229
33051772801
32861014340
10000356680271
1005002228853097
4000209810276
1005001781552124
1005002308956510
32991639154
1005001444262729
1005002481736365
1005001519518556
32833622302
32789706594
32880465128
4000266383892
1005001686285060
1005002314083344
1005002336380846
1005001617161993
1005001325277753
1005002098651964
33042352128
4000559483966
4001176301192
4000600089009
33008200121
1005001581264025
32856787255
32949749140
32918199497
32837118456
1005001889944048
4000837735122
32693517428
1005002210163376
1911845843
1005002311589499
4001125350389
1005002316171731
4001130718068
32974893715
1005001961505687
32891800839
1005002376483865
1913035538
1005002264007183
32847417885
1005001588294671
1005001540873390
1005001427001780
1005001982837787
4000808698318
4000523584997
4001054485409
1005001927600601
1005002383110578
1005002299565441
4001130760590
33057570602
1005001373848403
4000273384097
1005002298254855
4001251458447
1005002337728452
33047972982
1005002312414105
1005002389649135
4000307918609
1005002046093739
4000381645161
1005001807846350
1005002357876649
1005002196746159
32279786449
1005002301418573
1005002246476696
32976779063
1005001367990086
4001218359019
1005002314338460
32841933944
1005001380000755
4000560971099
32478890376
1005002339370974
1005001442748677
32970948886
1005001408640256
1005001419121523
32797786152
1005001487274866
1005002168483025
32977984521
1005001763530230
32739225311
1005002313844547
4000966207263
1005002334411659
1005001625230913
1005001623623661
32458318867
1005001734429301
1005002204854886
1005001733001008
1005002320193043
1005002104584519
4000530125481
1005002256154383
4000387006501
1005002167304087
33060438948
1005001954032390
32854014468
1005002488680849
1005002418453862
32919000289
4001264031690
1005002314126160
32297187721
1005002396522701
1005002331324371
1005002227949613
1005001902157440
4001313413923
4001153183741
1005001723702548
4000966508614
1005001288035767
1005002469202313
1005002388335507
33036757143
1005001455904796
32959437500
32908270931
4001196802992
33011673106
4001237916365
4000171718804
1005002438622999
4000848771095
4001074511615
1005002394222995
4000219247797
4000113776298
32968361102
1005001456635295
1005001525233929
33013020850
32927690777
1005002103106461
1005002050717466
32956340063
4001227521941
1005001856787080
1005001354330354
32853274421
1005001575514644
1005001633032184
32947213921
1005001492968663
1005002212052908
4000315119314
1005001389109622
4000315862553
33013609551
1005002337320383
1005002304105903
1005002360243877
1005002413732608
1005002473445755
1005002357161594
1005001804154064
1005002238086483
1005002497120521
1005002359128906
32405382492
1005002328202069
4000022369306
32970434717
1005002331576706
33022928314
1005001928477708
32667538645
1005001505322815
1005002355864069
32830559300
1005002276080946
4000772806279
32855973460
1005001355077778
32968694911
1005002191062695
1005001425268942
32975428578
1005002061529449
4000642232855
1005001572870519
1005002023332584
1005001955049027
4001100153798
32897120378
32830663755
32386061570
32790622731
1005001274679372
1558504903
32809914849
1005002297823041
4000886872536
4000799088708
1005002263827669
4000535907252
1005001345748979
32950360443
32968246536
4001134530278
1005002351688898
4000329400086
32851961859
1005002358195392
32887486769
4001138024689
1005002281770614
1005001709000968
1005002484973570
1005001487576569
1005002495465079
32844802378
1005002316133674
4001032099223
1005001621998342
32601176466
33001440320
1005002442398849
4001183787652
1005001753916476
1005001936255302
33004682913
1005001576856070
1005002314355992
1005002260875354
1005002264555669
1005002254238293
32533892246
1005002262169041
32998479981
32904717558
1005001552258380
32878169499
1005001588831362
1005002430411892
1005001520321095
1005001859190433
1005002375369618
4000048299529
1005001441383658
32982681227
1005002111577215
1005002435049065
1005002465028414
1005001396977463
1753611109
4000828527607
1005002187343549
4000342965595
4001207183030
32731357563
1005002443709118
1005002319089406
32997406847
1005002277213533
1005001858439791
1005002368979186
1005001747903491
1005001658893262
1005002206111359
1005002306966237
32912384939
1005002450526246
4000233972901
1005002203300977
4001145773540
32757796576
1005002042975489
4000245818198
1005002023879225
1005002279013865
1005002413203964
1005002323853196
1005002434031904
4000722957569
4000969258546
4001288733299
33030989652
1005002292388504
1005001564689046
32983352979
32959488262
1005001930850668
4000096593465
1005002317655161
1005002454201971
4001314585730
1005002224818621
4000265639452
32831492704
1005002426461205
4001156526843
32835240665
4000011798116
4000248604288
33002327954
33036343186
32444713294
1005002219420331
1005001410912518
1005002371471762
4000011947661
1005001566462396
32876366613
1005001948048409
1005002281977962
1005002373042624
1005002323643592
1005002481111894
1005002314304432
1005001285210796
32890298393
1005001603621240
33040250510
1005001867232826
1005002394255165
2020942243
1005002424119887
1005001357290104
4001107693443
1005002064831619
4000340820917
1005001775332926
32975860081
1005002288740499
4001109247373
32981821105
32956301503
4000421641556
32514047123
4000398130324
1005001632945868
33030458653
1005001845284180
1005002307329937
1005002367245444
1005002266096429
1005002278919285
1005002351246529
723927364
1005002281571118
1005001569581595
4001024723610
32276309761
32818081245
4001332402931
33030981995
32839168241
1005002425391628
1005002223648200
1005002341569087
1005002253484024
4000075218943
32873749822
1005001883346644
32237525526
32981170038
1005001515797869
4000299807097
1005002314408405
4000894571220
4001234644668
4000859675213
1005002475187232
1005002301855357
4000222392737
1005002210959621
32654210409
4001332024576
1005001444341881
4001359653323
32697140974
4000666086684
1005002395144815
1005002105898483
1005002484556428
33045739440
32955728357
1005001822856483
32970899014
1005001352129977
4001015252179
1005002323271232
1005001835551165
4001095421190
32820342617
1005001307447351
4001314411031
4000393562484
4001364436105
33022859141
10000401502734
32890177434
4000944745378
33049624269
4001333625466
1005002055269918
1005001320657606
32997092252
1005001546714716
1005002496532138
1005002382910213
1005002450555810
4000893877393
33006759133
4000225007086
1000007671267
1005002446841449
1005002310734941
32719647762
1005001779916201
1005002308088121
1005001318882721
1005001952400697
1005001877057998
32852028001
1005002406468068
1005002154071926
4001128879877
33010118133
1005002350575762
4000170405370
1005002440248694
2044530796
1005002240540071
1005001779792673
1005002085346522
32738159119
1005002330799167
1005001411767297
4001330640756
1005002183178770
1005002358094168
1005002382559730
4000721062713
1005001858622848
1005002399314471
1005002458264507
4000893872789
1005002306507425
1005002351742755
33006103774
4000049363186
32353687934
32834884534
1005001471012700
4000661068455
32704063401
4000905707273
4000203301572
32978394075
1005002096046146
1005001998673948
4000130263844
1005001848509403
1005001611599810
1005002217186995
1005001894804099
4000099138956
32917541896
32976390445
33049522032
4000988997436
1005001568652396
4000997192330
1005001593998210
1005002285919715
1000004530722
32533922509
1005001779546069
32813441162
32829242021
1005002381509850
32924922965
4000196247146
1005002296538260
1005001664800301
1005001597668677
32247038476
4001221622188
1005002314590599
32837418140
1005002399500708
1005002376902222
1005001525492295
32754161603
4001211105852
32790496731
32915665425
4000710321989
1005002466142330
1005002253239891
32982935778
1005002288177119
1005002383315352
32907462374
4001154780623
32819240061
1005002292520189
1005002438356965
1005001387219446
4000207816285
1005001873304044
32439856092
32682307633
1005002176671691
1005001510695556
1005002256141978
33042654500
4000554790288
32904889119
4001030437357
32885400931
1005002477595690
1005002251818819
4001039892433
4000682959157
4001142002958
4000394326510
329065751971005002289941481
1005001373299376
1005001854425615
1005001495767734
1005002094162642
1005001316034595
10000185218427
1005002497451138
32820649250
4000989918041
1005001971334401
1005002308917340
1005002432402433
32851281433
32800357245
1005001344124517
32986807165
4000528790037
1005002363644827
33010716116
1005002007957511
32816767486
1005002314303021
1005002356948057
1005001389483765
4000990877226
4000126454122
4000132489565
4001241043990
1005002482365026
32987134370
1005002444385700
32956845997
1005002317405039
1005002275635650
4000641800704
1005001565296939
33001158346
1005001674372680
32886212885
1005002368871862
1005002286924901
1005001705256360
1005001808360300
10000228565995
1005001957567551
32954584083
1005002314507004
32989496508
32901558381
1005002439804652
1005002315473627
4001247935957
1005001891555216
1005001629053591
1005002410878487
1005002404465525
4000794480407
1005002426426405
1005002240412427
1005001973230222
4001031280829
32869101286
1005001443807579
4000835971394
1005001764107061
4000902254650
1005002259761517
1005001841136928
1005001464973358
4001179117301
32849290718
1005002381441594
32628447426
4001174946973
1005002374383559
1005002336138771
1005002337920256
4001252233313
1005002334295151
1005002349747045
4000356023017
4000927403744
1005002399006916
1005002313560111
32915150581
1005001784655233
1005002420778838
1005002245519221
1005002246761040
4001037837121
1005002196737545
1005001937596390
4000546572140
32809221840
32723891798
4000663876666
1005002364169378
1005002276839943
1005001437798395
32929281673
4000626200172
33007279738
32848164253
1005002200028831
1005001913031708
1005002319039794
4001241113242
4001327110894
1005002352752461
1005001423377867
4000144970661
4000033419868
32981454891
4000311476145
32851234173
1005002304090535
1005002488316218
4000918401149
4001077011554
4001345572410
1005001500784653
4001121471865
1005002389300498
1005002347916776
4000200706481
32803663128
1005001537324258
4000994128765
1005002259367549
1005002268075001
1005001286988527
1005002336179070
10000002856652
32856150333
1005002289148620
1005001873411374
1005001970769764
32830830390
1005002060849709
32821505623
1005002316575027
1005002497559140
32880149732
1005001620174116
4001271105383
4001057257731
4000233328933
1005001560742304
4000029882905
1005001829940810
4000407007962
1005002434514649
1005002268238077
32889613061
1005002416652026
1005001656903509
4001025159685
4001158691856
1005002428101176
4000770273683
33027517518
1005002315663322
1005002280831231
1005002382094932
1005002466027490
4000826052712
32997428900
1005002203567678
32816372192
1005002386722291
1005001762005709
32980083649
4000028661338
32908727116
4001093621415
32813593003
1005002257821644
32962667572
10000101624585
32812240210
4000387229487
1005002412557603
1005001286297078
32790343679
1005002346676467
1005001531901763
1005001604002844
33050854344
33021513055
1005002314078474
1005001537922090
4001225128604
1005002309115223
4001116491777
1005002362754375
4000006762144
4000546071214
1005002408163781
32703859566
32955468297
1005002420767732
33060587030
32973200946
4001258727895
1005001579710132
32843739829
32962076131
4000867863588
4000222779895
33026105468
1005002420508280
1005001381388308
1870102324
1005002338000533
4001267203290
1005002200239029
32845323616
4000544347896
1005001338826031
1005001933768433
1005002297430168
1005002253163533
1005001750083751
32808935470
1005002393902473
1005002245459124
1005002260103135
4001296784548
32948032943
4001171795464
4000230356439
1005002239245316
4000009801072
32967804469
1005001976600251
1005002283031250
32866662463
1005002026328902
10000052728403
4000242860012
32979081342
4000865477516
4001298288346
1005001774721165
1005002498945518
1005001597416055
32894410658
33043134685
32766255440
1005002382678449
4001188826723
4001084902312
1005001808222778
1005002302313048
1005001810598990
1005002037250992
4000335553587
4000140567474
4000764428714
32888892258
1005001661063281
32964172734
32827619128
4000256532660
1005002405396262
4000786565043
1005002456670981
32885800790
1005002378160834
1005002467237184
4000073022332
1005002350716239
1005002490366682
33002078217
1005002264463790
32903001461
1005002351291162
32643272185
4000549550175
32849279209
1005002265432019
4000158683768
32962380442
4000770222378
33034264632
1005001670913276
1005002223522617
32863475409
4000029313790
1005002431616443
1005002383228590
33034614797
1005002459609236
4000145750118
1005001791838245
32857248181
32714627374
1005001681644815
1005001303752690
1005002099991971
1005002359687732
4000489509067
1005002425702499
1005001561282929
1005001694506500
1005002351865110
1005002476261987
1005002420269897
4001218039747
4001035654443
32840744767
1005001343989726
1005001930949403
1005002438339321
1005002462677260
1005002466246270
1005002015169637
4000330022395
1005002117376634
1005001355231295
4000804052663
1005002269251288
32833916223
1005002358785934
32995106255
1005001597563496
4001103793812
1005001401580816
1005002226187491
1005001667197970
4000682353517
32832332171
1005001995814255
4001223973613
32956948293
32815381725
1005001768042653
1005002314319330
1005001406866966
1005002263538975
1005002244040114
32948292490
1005001424591148
789395276
1005002311287426
1005001868552362
4001228641932
4001131302111
1005002338564819
1005001930842785
32954056259
1005001520488301
4000861461196
1005002466263102
32973871591
1005001670978874
1005002367950109
4000931649110
1005001679893434
32954285013
32844016993
1005002297531306
32834463774
32836492239
32832299406
4000430507713
1005002476745383
4000082677476
33025771800
1005002467315496
1005001843426428
4001229538093
33021485803
32924514539
1005002442831265
4000449177317
1959228930
1005001957419743
4000058090963
4001270308433
1005001812031507
1005002272895402
1005002488669052
33051812293
4001031672517
32951017824
32692149839
32872083660
1005002454259792
33019252813
4000279766432
32787991695
1005001639076528
1614644369
1005001603851415
4000404396690
32890365804
1005002012421002
33050784994
32962545311
1005001967941730
1005002277075801
4000829703512
1005002305339220
1005002227943142
1005002073553415
1005002347246431
4000976395653
33044736479
1005001880505155
32889683191
1005002253791543
32771189818
32838346870
32988034131
1005002357538358
32708261152
1005002314982533
1005002340270098
1005002340718923
1005002434446314
32695957598
4000281829848
4001257920856
1005002436142270
4000080370418
4000892023715
1005001913359128
32796358516
1005001405665224
32910013764
1005002232867530
32961566233
32250891245
4000693556463
1005001451154464
4000159811602
32805260573
32956245048
32672306598
1005002468604034
1005001694887708
32974356613
32855886890
32878769914
1005001803932894
32992597331
32846311493
1005002281200064
1005002318913708
888945965
32824497718
32968201250
4001010682715
32837814943
1005001584703810
1005001948030376
1005002402837089
1005001923346577
32697020246
1005002037260604
1005001835114671
32661552977
4000354457098
1005002160423626
32907905324
32818379117
33030105921
33055881802
4000512679365
1005002265903583
32971475892
1005002334928117
4000983584437
1005002297007945
4001163453400
32577008110
32987617036
1005001909411585
1005002220398787
1005002317450014
1005001489485017
32827299529
4001027409643
1005001581184540
33041804610
32773831579
4000068117035
32958795171
1005002015388798
4000701928014
1005001339088737
32966881131
1005002043399334
32981727818
32492225379
1005002461950322
1005001566992857
1000008042628
1005002363750874
4000186037750
4001171219872
33010369666
4000613949799
4000799830265
4001244278101
32853633249
32817082493
4000462900040
1005002282057827
32893073897
1005001422982442
1005002030354297
1005001958132642
1005002394056948
1005001771106416
1005001458486931
4000329559309
4000549984250
33009570020
1005002433718870
4001186119739
32945392929
1005001320288075
1005002240701254
4000626318540
4001031829975
32857386999
4001280756481
33030006714
1005002220397161
1005001729348469
32359049693
1005002039021966
1005001515768860
1005002167275318
4001127377841
32854460479
32808468339
4001034622659
32376834107
1005001423758449
1005002340205318
1294235919
4000846373059
1005002273179240
4001212429451
32364832971
1005002497184734
1005001474781620
4001305696633
1005001824948334
32974899635
1005001935315780
2023847741
32356668580
32861910235
1005002028555741
32895241109
1005002350428359
1005002330922703
1005001582114092
1005002324900791
1005002488486341
4001224627416
1005001978132350
1005002284495008
1005002309822955
1005002115163597
1005002218487142
32866083936
32845212777
1005001930922325
4000100159477
4001085481098
1005001727603511
4000093193914
4000290538620
4000781018002
1005002483044117
1005001823220706
1005001619578399
32648926230
1005002138051649
1005001566776374
4000280749389
32996571706
4000625581236
33031214131
32568002142
1005001848899071
1005002254343829
1005002422826281
1005002357376258
1005001882534002
1005001791678774
1005001793193247
32984478965
1005001940826295
1005001329736867
4000035575985
1005001990184875
1005001500440424
4000926902873
1005001952542666
4001039286566
4000960554779
1005001273100958
4000208282858
1005002340031334
1005002020703106
4000042527868
32991759777
4001228128464
4000524548965
1005001586423175
32959045894
1005001487809138
1005001355898668
1005001387427580
4000429800039
1005002382138869
32407136549
4000626117367
32894329470
32880666518
1005001876484926
1005002466927219
1005002037794127
4000051626086
4001120254453
33031910777
32963266845
4001243553046
1005002260115700
32811739964
32864350352
4000411831357
1005002340578182
4000672700889
4000429068082
1005002359236223
1005002345859845
32884732775
4001199477785
4000549698677
1005001627323277
4000763851947
33055446284
33002106782
1005002465990837
1005002341126179
1005002296564797
4000126238488
1005001704560306
1005002281174088
1005001577338576
1005002275136657
1005002288041138
1005002344502229
1005001955018070
4000498556523
1005001525374237
1005001972991230
1005002369715605
1005002315966642
1005002442286149
33022355471
1005002033563337
32939606117
2054931981
1005002448187269
33041363294
1005002206820175
1005002278337841
33005252846
4000566998741
33004055554
4001053461527
4000925856435
1005001721342104
4000478850664
32332283788
4001268330853
4000035737350
32374624765
4001197039483
1005002333032216
1005001603739908
1005002355947878
1930232643
1005001988576980
4001109212433
4000911848132
4000442242001
10000158444324
1005002313467648
33012318158
1005002052172072
4000221829242
4000307808600
1005002270393253
33025394834
1005001698128472
4001115383436
4001285890854
1005002350300207
32911760794
4001310641063
32939505486
4000584886492
4000981190151
1005001504020936
1005001506814550
32990174497
1005002237719437
32804858506
4001016527604
4001149478076
1005002071069943
4000837635728
32813960143
1005001664558125
1005002298739015
1005002348905530
1005002358449597
1005002260348827
4000341547679
1005002055765804
33048059335
1005001348382018
1005002350551069
1005001988646655
32917508370
4001349441708
1005001580524956
1005001325407071
32816560627
4000691214680
32973752647
1005002220826778
32620328800
1005002323290900
32916865741
1005002320719321
1005001822864881
1005001946541650
1005002389874137
4001159688153
1005002314467317
32809060198
4000599202060
1005002382048320
33042924359
1005002368994663
1005001409708939
4001054145540
4000405866139
1005002133996049
1005001689890151
4001240633168
1005001935882150
4000811628340
4001141990692
4001150142063
2045903421
32832492604
1005001337809206
1005001751854776
4000672437651
1005001943670958
1005002330066672
1005001791976246
32972892314
4000096311651
4000377659409
32582838438
1005001425973508
1005002372656991
32835337046
4000294849812
1005002022827846
4001270465308
1005001320405793
1005002314298909
1005001807900363
1005001689434941
4000836562811
1005002485023743
1005001438619563
33006681644
4001306022003
1005002315588388
1005002367401852
32849536315
32944644954
33038192318
1005002191562821
1005001900578085
4001334139804
4001271717212
32878789783
1005002091693417
1005001530427356
4000331071915
1005002340914134
1005002314794098
4000631501396
1005002340190651
1005001782626622
32811088595
4001337861371
4000626971660
4001268257663
1005001730688505
1005001849567812
4000667933320
1005001495461308
1005001878587052
1005002307538086
4001189050823
1005001594468000
1005002487039319
1005001436144666
32972023091
32690484385
32970693659
1005001624894284
4001221814057
1005001612258735
1005002223845294
4000063507015
33029432478
1005002356627462
4000129432026
1005002191882713
4000322273458
1005002185795454
1005001731609433
1005001379746098
1005002383308421
33008104194
1005001749385297
4001148805161
4000218926793
1005002299569669
1005001862841703
4000959285427
1005001729026174
4000911703170
33023135740
32857306712
32952027135
4000704659682
4000829981773
1005002306733125
32957528758
32982614303
32966315985
4000853198020
1005001466461397
1005001656886416
4000283821053
1005001475728593
4001107776700
32789229078
1005002388293505
4001286732303
1005001424091776
33052981465
32988472724
1005001966424710
1005002483005689
4001061928822
1005002094420997
1005002318044092
1005001762234974
32963487448
1005002394104970
32873616887
1005001270376257
4000930591123
1005001477028277
32830004479
1005001885225431
1005002333859160
4000165891978
1005002289632150
1005001921517385
1005002208245072
4001114901756
1005002476018324
1005002206520143
4000990855095
4000889230409
1005002335409177
4000997055451
4000494072334
1005001346192002
1005002450422811
1005002384149467
4000894630149
1005001763955836
1005001501615357
4000366027386
4001314514883
688124431
1005001501650233
32883162446
4001149899200
1005002199941079
4000739112350
4001147239678
4000247968557
1005001418085298
1005002347354039
32843384245
32850910776
4001349299059
1005002264595434
32991247381
1005002441505355
32913806926
4000459655091
32858094126
4000663855219
32991482546
32989163494
1005001873736545
1005002387698587
1005002297384880
1005001458868819
32918232945
1005002413176630
1005002465620023
4001257193043
32857205828
1005002336304586
4001220601833
32699009648
1005002378792582
1005002288262925
1005002087788640
32983967226
1005001975266293
1005001504264546
1005002064412462
1005002101245379
33029786657
33044243563
1005002469959353
32917056594
4001330641919
33050158392
4001309151228
4000137987857
4000575449468
1005002412119760
1005001681910267
33005847006
1005001698096418
4000174768526
32268363624
1005001326272333
1005001762052879
32667253022
1005002460885162
4000405988352
1005001425803874
32993130192
1005002307757576
1005002074717674
32876090485
4000468724692
32838852987
1005002431972748
1005002475989063
1005002388134576
1005002416122715
4001052891652
33008343158
32949585849
1005001359548542
1005002319067548
4000902960766
1005002280635646
4000904170181
4001099058153
1005002382877164
4001012527910
1005002442787936
1005002373009466
1005002435818032
4001090427476
1005001831647629
33027792949
1005001562619081
1005002476589290
10050022973418384001176088169
4000533762072
32683937711
33019688175
4000583393986
4001164451734
4001167493438
1005002147886510
4001273362465
32920266258
1005002314627741
32901846568
1005002368739064
1005002295254979
1005002406188256
32998397351
1005001677555615
4001200580247
33029680858
1005002187319505
4000226139953
4000415032978
1005001868891646
1005001878966244
32993280820
1005002014275080
1005001920936723
32963080721
10000402347491
1005002476774803
4000160823780
1005001525543050
1005002278088146
32980472801
1005002232088957
1005002372874588
1005002288132947
1005001469950085
1005001860523752
32902476432
1005002364187499
1005002393903043
1005002317071299
4000911369382
33012825692
4000945570555
10000402420012
32863775971
1005002294343188
1005001868769908
1005002246525814
4000530684233
4000393135897
4000690817378
1005001987577734
1005001349307686
32990002361
1005001644514596
4001220046318
32958503843
1005001375898974
1005002292095911
10000397880270
32854663264
32949052475
33017555245
1005002340360905
4001117324163
32652627823
1005002459572909
1005001907572633
1005002490772935
1005002006431424
32848527699
1005001884674671
4001275105366
33017764492
4001322043843
4000902351485
33008323957
1005001939577357
4000202187284
32829506385
1005002225014791
1005002273675535
1005002358343901
4001356636325
1005002406133186
4000801731758
4001228593775
4000150257167
1005002441422578
32862541743
1005002418338945
33053161832
1005001529864286
1005002339534677
32462250296
32807845228
4000113585697
1005001561236162
1005001349968973
32890584663
1005002413254537
32846178655
4001057383546
1005001976104172
32634858060
32906103724
1005002357738241
32908074313
4000735708802
33059765201
4001261534686
4000268955508
32991600405
1005002247320057
1005001890238636
1005002165525864
32752829588
4000434164499
1005002495494493
1005002256766938
33020055058
32974678097
4000072651263
33005395550
1005001536616864
4001206180113
1005001322874688
1005002362921831
4000990860490
32555050962
32628948375
1005002353302106
1005002150255076
1005001966225878
32620932611
1005001793052484
32998470643
32888809103
32252658978
1005002292898516
4001230280957
1005002306378354
1005001896973202
4000534082972
32799124198
1005002339756260
4001225211750
32843559435
1005001438045316
1005001499843559
32959348885
4000139846769
4000999231363
4001026472889
1005001700015388
33057713021
1005001580216901
33023713641
4001156954199
4000523074283
1005002320457788
1005001490435382
32992621895
1005001437052569
1005002049654230
32452020624
1005001675555250
1005001600512810
1005002340539120
1005002315903009
4000534612354
4000073666681
4000626150072
4000427030860
1005002218048346
32995457113
4001080507317
32747588815
1005001752086728
4000515790445
32366578154
33004253791
32791686275
1005002278388542
1005002377378797
1005002301577756
1005002090704168
33053459745
4000575665372
4000964938746
1005002319552019
1005002369798545
32964867505
1005001577631994
4001129359872
4000940219520
4000708460633
32769223241
1005001380230072
32953612431
4000709443995
4001264870379
1005002433876119
33058844311
4000047346128
1005001588265266
1005002255989147
4000335553582
1005001532043668
1005001747794519
1005001368899054
1005001972525546
32846424617
4000905895161
1005001445909200
4000752018290
4001033743843
1005002052488728
32779423757
1005001889151300
1005002317359098
1005002348643028
1005002233024359
1005001988795534
1005002461363714
1005001424539596
32793779206
32975323886
1005002388710365
32293470972
32954028455
32942542320
4000757519837
4000250840408
10000397748438
1653068603
4001133877030
1005001373557966
33044568024
1005001645275932
1005001343135917
32916560612
32861428767
4000004640560
1005001587025488
4000799274627
32268872949
1005002224961600
32954293659
1005001762552032
4001345136645
32810188079
4000116704359
4001234205290
1005002314516498
4000263984890
4000801935363
1005001474237933
4001139979873
4000944020348
1005002252559350
32819548122
1005001710375669
4000971458234
1005001957339987
1005002081136080
4001115274353
1005001878117372
1005001935951730
1005002145114455
1005002329985151
4000208262617
1000006871335
32971191045
10000259927385
1005002383166695
32977030228
4000189221346
1005002393129197
4001038929666
1005002410857447
4001007363075
1005001821407153
1005002381501819
4001179693491
1005002319171351
1005002142824400
1005001340001288
4001079987951
33030419350
32877531359
4000549727505
1005002477875760
33009044533
4000194868973
32630584656
1005002485304952
1005001810229421
32906243091
4000411654687
1005002453231948
32979446015
1005002323371384
1005002108522869
1005002073972405
1005001890457677
1005001570373791
32974360943
32966339458
1336251870
4000039118018
1005002439195254
32690726581
1005002040887102
1005002317665036
32617764939
32809085766
1005002092437696
1005002398739312
33013664758
1005001788835905
1005002462312888
4000129546556
4000987347921
32616490979
1005002358186338
1005001971505608
32973036847
1005002310073970
1005002308975672
1005002310528674
1005001694081111
1005001867379396
32830658984
10000003229706
32814767206
32976378761
4000405683497
32988384483
1005001350488330
1005002016115818
1005001798161583
1005001439108716
33023985722
33017652318
1005001394818611
10000212129498
1005002179387704
33007813460
4000504836770
1005002286543658
1005001439055802
4000049120768
1005002418559362
1005001466322734
32623358792
1005001617286862
4001065127811
4001215893825
1005001469371083
32953276662
4000085225782
33045517851
1005002007842498
1005002229044261
1005001341216565
1005001320961491
32967652694
4001203935204
32309863955
4000440237138
32910160835
4001250904055
1005002417693370
1005002243058357
1005002330663946
1005001678954889
1005001966536112
4001272389666
4000707477801
32809432949
32873639875
1005002365688511
1005002363475722
1005002277412624
1005002306808565
32823995310
4000059657151
1005002055518641
4000530526546
32590132769
1005002427808904
1005001888298498
33057104512
4000419747030
1005001840024774
1005002105714816
4000863371031
4001230400274
4001270517224
1005002291709886
4000464628236
1005001447108767
4000833508452
33032250043
1005002293777738
32996234018
32980560290
1005002212425285
1838476036
4000874655396
1005002330884091
32970346286
1005001530447824
1005002182088857
32744956226
1005001315658269
32818420230
4000786530563
32809109954
1005001798894838
32808442749
1005002351885708
1005002033836654
1005002448435481
1005002459274254
1005002318740000
1005001399777987
1005002334973564
1005002033496005
1005002454733098
32817268196
1005001838266640
1005001438822774
32775122504
4001278921494
1005002148161215
33037856680
32995765790
32969107887
32993921055
32881214810
4001161852986
1005002376443838
4000782074915
1005002097429957
4000574585528
32959063552
4000480788997
4000718267421
4000143065411
1005002327747712
32952051382
32961995046
32957495500
1005001465660597
1005002339899331
32545025585
4000768976341
4000797685854
1005001678868258
4001235188057
32681579112
1005002270875566
32768226166
1005002291064141
32853385479
32858602804
32894973254
4001145304326
4000543580515
1005001337951146
1005002259711063
1005002387597307
1005001666280667
32963917100
32990597692
4000939779948
1005002332152836
32904118100
1005001500992915
4000672171078
1005002333603792
32904416990
1005002359440623
1005002077230876
1005002277380591
4001213630765
33000392108
4001014947344
4000262140648
4000259883712
4000784245982
33016306595
1005001403227167
32588994377
4000034131168
32998324206
32952043062
32882784646
4000345970731
32946663170
4000264227238
1005002482486453
32966190683
1005001860747842
4001296917178
1005002166232832
32977805077
1005002286292641
4000401447678
1005002458197469
4001278045128
1005001624890129
4001228059368
32883039478
32770328537
32853632148
32862297197
32834444644
1005001516580982
32913014588
4001155777761
1005002377279271
1005001460908393
1005001798745608
1005001876509529
4001129283242
4000056295336
32870361810
1005001775435475
33011362491
1005002206314041
4000341470527
1005002313141210
32974951672
1005001503381196
1005002258575077
4000771484502
1005001487504837
1005002101889115
1005001870347494
32908307188
1005001423283931
1005002089225739
4001228763102
1005001895217154
4000548890231
4000557924844
33049097554
1005002291984779
4000448836972
1005002212212617
4000296520086
1005002439978570
4001208808759
33022756514
32792918350
1005002299517559
1005002124419866
32534900173
32918845313
4000212692437
1005002281288079
1005002369600041
32857413290
4001322340821
4001173342376
1005002424311204
1005001529784313
32849921031
4001174618085
1005002268294537
1005001981926835
4000352784230
32982640636
1005001670763334
1005001326467573
32848978461
1005002442009743
4000955576484
4000941785261
1005002344562266
1005002406103177
32807717573
32991015917
1005001387322786
2013328129
32970238825
1005001670999818
1005001333649124
32961240120
1005001552341646
1005001407857778
1005002122489225
1005002397827189
1005001304397392
4000370806401
1005001645664778
4001248299643
1005001418786403
1005002194057273
4001112068736
1005001441494013
4001355047770
32825477869
4001307519073
1005001793714502
1005001297942888
1005001646087023
32862439860
4000935676818
1005001750311679
32682841623
1005001763701002
1005001629256077
4000694076037
4000353698660
1005002004223650
1005001468653374
4000812343390
1005002405296852
1005002404092041
1005002115009634
33009521733
4000213001227
1005001867252762
1005002288983859
32560391171
1005002444344076
1005002293858192
1005002328427479
32859551335
4000997057413
32819957122
10000395963860
1005001644346487
1005002239433795
1005001511968609
1005001586121890
1005002250337075
1005001885039325
4000544752829
1005002496553831
4000516127554
33042277123
1005001417601825
4000583124939
32918940247
1005002264216613
1005001957658443
4000943151018
4001065023576
1005002277599843
1005001553168772
4001227206722
1005002276295476
1005002315188330
1005002327591664
4001228593233
4000408700631
1005001350211288
32958647347
32906972938
1005002314440310
1005001344894214
4000698209315
32934587391
1005002304483271
1005002246813944
4001018174548
1005002337458627
1005001884623260
1005002069842163
1005001599738179
1005001962783329
1005002080793094
32762318131
32965814616
4001171855390
1005002069798387
4000849992844
1005002466925488
4000390717914
1005002258233225
1005001682881663
1005002324767164
32882447592
1005002442632394
1005002291282996
1005002338516707
4000703439191
4001049681838
4001278739120
32854453000
4001277777640
1005002480807323
32988726279
1005001798370765
32977010828
1005001665046929
1005001439072855
1005001418892700
32867299540
32980950565
1005002114369895
1005002293143874
32901101406
32620836738
32867780804
32917774585
1005002254893371
1005002311284999
32969687973
20000004261521
4001288000638
32890414237
4000794883831
1005001726547976
1005001627619286
1005002289727814
4001275893439
33038169743
32837921850
1005002310942506
32425645801
32843909987
1005002275588772
1005001895567479
4000781482820
1005001940472444
1005002105087414
4000920301457
4000466081095
32852328733
32881853201
1005002254207636
32814281431
1005002166302315
1005002467671019
1005001954769680
1005002176654455
1005001699009603
1005001658508102
1005001877682983
1005002388970745
1005002427599693
1005001864266575
1005001874211713
33021542640
1005001632641572
1005001567824033
1005002056430672
4000704867029
1005001841515238
32955685667
4001212273314
32548881447
2046453649
4001304648885
1005002397789578
32942852647
1005002227820026
1005001457447216
1005002356531035
1005002383174344
1005002387848356
1005002256095768
1005002123432193
4000664270154
4001043348197
1005001722269344
4000760716295
1005002341587293
32678212824
32554116422
32535083858
33020205766
1005002168802848
32976850338
4000311900642
1005002357595237
4001027650898
4001174846092
1005001823982891
1005002407928533
32755218610
32905385697
4000283934652
4000905477254
4001131499066
1005002400693026
1005002170710696
1005002316423205
1005002241550272
33003278815
4000268097456
4001260952800
4000199237930
1005002320798017
1005002313392651
33036613933
4000217512259
32298919429
1005001990213501
1005001481493050
1005002334965953
4000107219754
32907929410
1005001515908400
32908012418
1005001525409709
1005002441004709
1005002346628514
1005002286103192
1005001749413114
1005002452614897
33007661021
32964186243
1005002324504647
32956293631
4001113400584
4000522449446
32829268777
1005001982810412
1005002387441659
1005002314336156
1005002468920493
33000550658
32889896791
1005001872949319
32951757859
1005001726783500
4001056518917
4001242727502
4000114471959
1005002283812015
32988777865
1005002235276028
32333495853
32797911666
33024125149
32819033789
32817156337
32988768736
1005001593375460
4000041664121
32959153508
32971629020
33046752017
1005002339009898
1005002225974868
1005001389361367
32886119250
1005002317234482
4000201094787
1005001515935324
1005002387662788
1005002444125184
32864458570
4000893567438
4000102200178
4001208055439
4001108635010
1005001705530263
32975273126
4001229345175
32893729539
10000355115304
1005001611525238
32851407353
1005002419646489
4000625973726
4001258093417
1005002211448930
1005002277744390
1005001755987882
1005002243577638
1005002378470823
32857110474
1005002284504638
32433775481
1005002485060221
1005002311003074
33028596890
1005002433720237
32848814869
32909912317
1005002089733862
1005001985020237
4001100937645
1005001774674117
4000784099131
32659140850
1005002363461636
32820222996
1005002489011143
1005001438934112
1005002387207952
4001344189537
1005001848696426
1005001526130365
1005002015636657
4000036562505
33026224584
1005002247511096
1005001327422696
32764933647
1005001268087692
10000177683558
1005002388607140
1005001441288853
1005001543287747
1005002319246739
1005002342448774
32429677330
1005002383813478
4001068741709
1005001845572370
1005002245604059
1005002239604117
4001364002835
1005002369667697
1005002387626404
4001039780343
1005001848547844
1005002287875896
1005001774902795
1005002263804434
1005001611843087
32990760913
1005002003007457
4001080813867
1005001971805062
1005002133001177
32982518097
32878756008
4001112998086
1005002046206674
4000427131769
32916686379
1005001896531010
32538660359
32975159225
1005002122067297
1005001902358403
32824174670
1005002317550239
1005001285012497
1005002357572970
4001287425016
1005002327245204
33030924277
4001279854951
4000017122088
4000784510048
1005002118860465
32908616214
1005001650412997
1005002368137353
1005001839546431
4000800731594
1005001993157447
4000986779002
4000149319079
1005001317209396
1005001618100705
10000128334369
1005001446143677
4001193895906
1005001658570501
1005001636240450
1005002103319696
1005002453683032
32918793294
4000659829741
32733878977
4000040976656
1005002425924483
32570867749
1005001757634758
1005002306132894
4000203356237
1005001988878323
32949751520
1005002306158935
1005002318863081
4001352392967
4001177412584
32891327104
32965436568
1005002024797558
32991375486
1005001475507408
4001333415056
1005002337391090
328261791914000036673495
4001228643854
32945633683
4000032179888
1005002428374194
32926531150
1005001946150130
1005002206728214
1005002314294605
1005002399308072
1005002421574589
1005002291432004
33009706970
1005001845944711
1005002235967367
1005002242434095
4000061161425
4000410556874
1005002319174975
32844688338
1005002324311589
1005002316330041
4000437508796
32638444638
1005001881631331
4001343999794
32892206085
1005001877445290
32819965701
1005002313574282
1005002475838497
33049429821
32940310121
33060659130
1005002256028077
1005001680378827
4000709112748
1738928347
32872433097
1005002069219790
32868007177
1005002302320406
1005002266525794
33003032241
1005001935456659
1005001646191046
33010063803
4001082800888
1005001793001503
4001132957650
4001192929844
33004364380
1005001869230551
4000110458122
32567507985
1005002489980074
1005002321297458
1005002277849548
1005002357576379
1005001880369087
4001208544443
33061595296
32911880194
32441484591
1005002104731456
4000542349731
4000264055084
32992306317
4000929723683
1005002476057228
4001335545992
1005002454416312
1005001839685137
1005002428131602
1005001867889298
4000210290563
33060241660
4001292849716
4000145463268
4000691102668
1005001581095229
4001324047663
1005002278574073
1005002347728217
4000863201010
1005002015348676
33020236815
1005002494784394
1005002375102660
1005002050330714
1005002302622279
4000196473881
32862800758
1005002350265391
4001293104145
32553765897
4000481344969
4000918697802
4001053590323
4000461434330
