32646185520
32960071068
33000793356
1005002468241351
4000131008830
4000948316412
1005001480263092
32956715473
1005002122288792
1005002345960583
32920167148
4000401475861
1005002103156313
4001265944081
4001365752827
32387872647
1005002011630130
4001356250398
32973597126
1005002214872995
1005001989934824
1005002363065643
32982545810
1005002288108520
4000739063728
1005002253989987
32592804527
1005002340844469
4001271657609
32213574176
4000887900644
4001041038724
1005001818235870
1005002289580382
1005002032636208
4001340208849
1005001406256490
32983400261
4000993916788
4000692942815
1005002258519213
4000384256845
1005001561011008
1005002289643127
1005001992081569
1005002395120331
32836456139
1005002100047010
1005002277861802
1005001702215259
1005002245319374
1005002322788102
32608987475
32993003785
4000053112696
4000682322708
1005002201425923
1005002269113344
32859500744
32894880064
1005001325346564
1005001626457387
4000197191190
32770300803
1005001733166788
32797846999
1005001525466390
1005001652095671
33020969991
1005001884960097
32919986696
1005001720791861
33003502937
4001014942922
1005002394169332
1005002259656162
4001032223071
1005001730690617
4001365309904
1005001800669407
33053557601
32966729379
10000395944687
4000110321011
4001217678990
1005002320935596
32995554386
1005002364911674
1005001451936496
33011214151
1005001556661559
1005002423895437
1005001403148288
1005002425307017
32836881615
4000037776804
32998488281
32915883303
4000186000095
4000788283079
1005002196731928
4000361726187
1005002028462883
4001338319714
1005001908669055
32994077723
1005002258740521
32572361159
4001010483596
1005002340875545
4001083961514
32752681713
1005002314457258
1005002295420269
1005002008333017
4000580912153
1005001700165001
32960664165
1005001976299227
1005002124491676
1005002281565566
1005002375050823
4000589433405
4001173837909
32982643068
4000466045241
1005002377684856
1005002263114491
32973666822
32984739842
32260076947
1005002432238082
1005001468528901
4001236917427
1005002368967428
4000458633938
1005001826819982
4001224758143
4001081653662
1000007442583
4000166221372
1005001956128352
1005001514748072
4001282411863
4001321235314
1005002122478270
33009593544
1005001362403359
32611918796
1005001526644715
32741759408
4001278372269
4000710501361
4001214104950
1005001763135624
4001166153504
4000397528466
4001139165052
4000580697287
32978383494
32834649558
32918902773
1005002267694615
1005002411275917
1005002122479007
1005002252729261
32847794001
32899534477
32880297946
4000099586518
1005001792964828
33047622582
1005002312397321
1005001935437497
1005002262571233
1005002261527623
4000593582318
1005002404151678
1005002436020113
4000314997770
1005001469924619
32352357557
32975144109
4000390245175
32836620848
33010311934
4001104022057
4000463182339
1005001882088089
1005002337328327
32964419012
4000278454622
4000509249810
33009894749
1005001965154449
1005001813152664
4000100460948
1005002334370437
32516326629
4000709041833
33024495753
1005002419791122
4000610225766
1005002357586477
1005001713461387
32868116370
4001316125018
4000015117949
1005001520838427
1005001786027319
4001230661848
4000562001482
1005002196826356
10000399957272
1005001316202836
4001268896482
32791936923
1005001389145712
4000544738663
1005002377607766
33024389946
33001727465
1005002457476026
1005001626530131
4001359149351
32845347055
1005001468763565
1005002239977252
32796670516
1005001594842708
4001003383915
1005001966859455
4000883817591
32810520377
1005002393832915
1005002319179958
33000181833
1005002413576588
32742264757
32812190547
1005002234469450
32710550453
32674614532
1005002378054078
1005002315727593
32821071314
1005001710320337
1005002246881097
4000802358036
33048263252
1005001686062763
4000335866099
4001053625588
33030526193
1005002433869396
32860587642
1005001341202485
32837377648
1005002344176222
4000956163481
4001047655460
1005002433657393
1005001499487780
1005001517084609
33035529717
32982852234
1005002334296361
32796711693
1005002200422160
1005001387304657
4001320741219
1005002017056523
32980232435
1005002378009097
4001068569832
1005001694162137
4001306535922
32970288440
1005001689306357
1005002316128293
1005002476437624
4001332615725
1005002438414437
1005001793161344
1005001376097355
32872958456
32966592412
1005002115318610
1005002319243015
1005002278804674
4000865411379
1005001848945819
32322721376
1005002413434725
1005002247830619
1005002429138639
1005002467468304
32831708180
1005002259967166
32910755183
33025220595
1005002494462124
4001069508365
1005002232517606
1005002316798175
33011966882
1005001670849312
1005001269542628
4001163339981
10000395948571
1005002335346682
1005002382978184
1005001444214602
4000286467973
32379296727
1005001717428447
4000364240614
1005001659720446
1005001460610538
1005002293892310
33048127555
4001360882384
1005002245642461
1005001280762889
4001272583260
1005001284464183
1005002301889723
1005002423402264
2005939370
33015634731
1005002466927969
4000384491794
32747636502
1005002260265241
4000538510640
1005002477100111
4000745124065
1005001304439197
32899491144
1005002453860184
1005002464903142
1005001617953264
1005002291543355
32820038650
1005001446462871
1005002471638897
1005002388457224
1005001501826217
32989930023
1005002211195093
32904098310
4001079064424
1005002198104603
1005001695460828
32920561311
1005001902222126
32580815656
1005002298593642
1005001896860254
1005001859346534
32944913568
4001245615696
1005002400931108
32295273300
1005001877916681
32766149665
33034814483
4000327023480
10000358569542
1005002171105474
1005002141433101
1005002462182917
33014228990
1005002357961300
1005001913370294
1005002319278552
1005002356380057
4000102261234
32932328321
4001159759345
1005002338551687
1005001703758965
32608369197
1005001529149280
1005001519340289
1005002427981837
1005002043409256
4000960628980
4001333363609
32968930015
32601601553
32919369115
1005002314274624
10000027352344
1005002353082258
32909421289
4000870223216
4000954991925
1005001695419698
32902781547
1005002432471972
1005002398446953
1005001709039978
1005002352153798
32857483482
1005001881881925
32834977976
1005001627273339
4000449656541
4000891131665
32819005926
1005001556590248
1005001464870654
1005002334878438
1005002337719290
10000209164280
32820466311
1005002347233682
33051614415
1005002174918471
1005001657812617
4000864847710
4000159891880
1005001423380648
1005002016900340
4000097304133
33049736706
1005001570872234
1005001962161919
1005002261996853
1005002481429114
1005002268889222
1005001636227666
4000114598213
1005002406476654
4001130782470
1005001661262631
32898050986
1005002368676148
32861740501
33056838394
32954250730
4000319691275
1005002238000462
32916397997
33008356522
4000393674044
4000152072221
4001269011399
1005002289155232
1005001818676282
32951852334
1005001616219927
1005001774274533
4001228675506
32996016527
1005002438834446
4001069178187
4001210665519
1005002486011618
1005001619465125
4000264561778
1005001430545185
1005002467168394
33046913158
4000277495025
1005002232724777
1005001986970669
1005002327520169
1005002309122048
32814344945
1005002433928111
1005002275869473
32392848415
1005001495359242
1005001482748601
1005002477857223
1005001560058840
4000063783025
32721257518
1005002313467603
32926530607
1005002120456791
1005001666065793
1005001525316888
4000177300005
4000773086371
33036084022
1005001943234564
4001118899963
32875150654
1005002233150956
33060226828
1005001759578577
1005002245550971
1005001868621397
1005002313774300
32977466287
32859206953
4000964507619
1005002317231304
1005002316021925
1413519922
1005002166132519
4000579116331
4001083636174
32924330782
1005002318417911
4000741100548
1005002305086306
1005002226466913
1000008501883
32602834998
1005002442984571
1005001889751737
1005002038609019
4000072792709
1005002122381913
4000826245070
33031879020
1005002400625981
1005002387991759
1005002220701483
33025481188
4001150665595
1005002376844389
1005002433151985
1005002395197237
32963913171
1005002298865692
1005001314771443
1005001670934473
4000432821544
1005001337632333
4001021428237
32617681267
32647659155
32898816904
4000180970085
4001228486533
4001111465445
1005002150759579
1005001924804130
10000356431957
1005002400551458
1005002176774816
1005001380854763
32879633383
33057952619
1005001676721954
4000552913000
4000515335229
1005001580406637
1005002023703777
4001358767667
32999760336
1005002273934541
4001153460073
1005001987296810
1005001772807665
1005002282004199
1005001929326362
4000189744446
33009275953
1005001850654047
4000539544943
1005001687667481
32902792328
32847809860
1005002276703502
1005002004112738
4001036648331
4000295223315
4000849926790
1005001898869250
32838486351
1005002068253352
1005002466910974
1005002349716510
32504869036
1005002277848679
4000876938052
32832736555
32700987670
4001230987643
1005002191537766
1005002333999293
1005002477845195
4000274572281
1005002266649632
1005001689002447
32922291209
4001288795915
1005002467878772
1005002406044101
32999935444
4001031238289
1005001768938984
1005002453528898
1005002319247813
1005001839732606
1005002010644508
1005002340778162
33051659639
1005002220906234
32648266962
1005002350758245
32888116392
4000755796085
32978726112
1005001951481363
1005002338715977
1005002463453697
1005002318063381
1005002011451646
1005002418077608
1005001525528205
32504095353
32789667633
4001365576839
1005002275991578
4001022994623
1005001974628192
32948658511
1005001364406393
1005002354055290
1005001929794848
4000108395170
4000729756850
1005002281403754
1005002276179467
32885043865
1005001967075634
32912805762
33009006034
1005002247111695
32858469531
1005002119871891
1005001952612536
32858247022
1005001880164487
1005002485156797
1005001274175096
32790137073
1005002327569942
1005002271681019
1005001398152365
32984562228
1005002318913489
4000723221983
1005002341803894
1005001778988392
32932859392
4001294132425
32945272321
1005002283086848
32623612383
1005002100310065
4000626015513
4000544422769
1005002363188345
4000230125927
1005001317407766
1005001615289857
33001292701
4001276740754
32835731776
1005002457876539
1005002054189872
32249993377
1005002219344743
4001037683063
32864487855
1005002224329890
32960462206
32967862098
4001058443569
1005001730794201
1005001343353202
32749235725
4000645204578
1005001645561829
1005002252732513
1005002467240624
1005002432930210
4000534528346
4001177650956
4001290665263
32882514786
32969421690
32869997921
33026500968
1005002417841571
1005001405624989
4000747860556
33044074894
1005002237746982
1005001976181757
1005002205698235
1005002365606075
1005002330506124
1005002028450071
4001230320737
1005002307699807
1005002377555316
33021257844
1005002459865073
32970187793
32956314166
1005001837572494
1005002288554046
4000555594774
32816921348
1005002260931801
32981438900
1005002246573220
4000545181185
4000416015830
32922663569
1005002190484452
4000130799887
1005001552727145
1005002312533726
1005001330665268
32609911741
4001270511221
33057396777
1005001949160932
1005002172023168
4000627028123
1005001581937283
1005001500194394
1005002406188498
1005002100973302
4000035308311
33001727118
1005002282482880
33041306500
32296756165
4001278799803
4000028605617
4001049933802
4001085605685
32870424663
1005001286510248
32847553637
1005001426246335
1005002337702600
4000866654309
4000023127608
4001057025907
32947067946
4001089132796
1005002377882872
1005002294094736
32862616351
4000928088232
1005002099217749
4000196374440
1005001670778901
1005002317190209
10000404569810
1005001726334856
32782651030
1005002409770757
1005002423459227
4000397506657
1005002363081472
10000293528950
1005001501487264
1005002431215068
4000468750695
1005002046481261
32993605829
1005001689490504
1005002210714963
32900235989
32929880001
1005002309511198
1005002030123859
32997392242
1005002327240909
4001211854341
1005001774468449
32963759105
1005002236377889
1005001688992322
4000963513021
1005002267748252
1005001354873986
4000168639226
1005001634994210
1005002323555106
1005001417718678
1005002467816900
33007952971
1005001747787971
1005002425704059
32717837012
1005002389507321
1005002413422398
33018443234
1005002341283544
4001162773913
1005002315087603
32860302458
1005002476414335
1005002388637133
1005001883777502
1005002021586401
1005001693634489
4001131092664
32976923095
1005002460141767
32905055728
1005002464919088
32828478297
1005002420867051
1005002260210840
32852383820
1005002384177136
32972104082
1005001610085987
4000935295250
4000857462509
1972986470
1005001670803637
1005002268891555
4000505804515
32918481839
1005002271211635
4000954593963
32843129882
1005002388914748
1005002357425910
1005001506501691
33040652149
32793505024
1005002231949891
1005001817960468
1005002312128325
1005002401463393
1005001838958481
1005002444089411
1005001645611111
1005002126659889
1005002402216127
32995134332
32777292430
32994682504
1005002229721083
4001038825006
1005001543379040
32855901837
1005001903300093
1005002090301077
1005002477628355
1005001487227372
32966717133
4001257514871
1005001727135487
32827058359
32914389945
1005001850695280
1005002381510936
1005001685228465
1005002286692748
32733096541
33033114973
32862965955
1005001787152306
4000269222483
1005001833250788
4000054936044
32846664753
1005001703407004
1005002125461926
4000987430568
1005001989063201
32981982838
1005001566778459
1005002357180928
1005001913080241
1005001291361738
4000798186277
1005002338442999
1005002323465462
1005002180452318
32919113271
10050024133028001005002219676632
1005001797896212
1005002139647839
1005001512979347
1005002307298422
1005001605032587
4000020592839
4000122050813
1005002034664791
32913040588
32986203494
1005001657236501
1005001604709047
1005002003642091
1005002485379755
1005002461651128
1005002363679270
1005002136423940
32819054670
1005001614504872
4001135171244
1005002187902467
32946764125
1005002323517205
1005002287402819
32649858995
1005001863455732
32833988448
1005002193715986
32368708049
1005002348504569
1005002259661895
33019569644
1005001581157601
4001339958841
1005002482848030
4001139443376
32918725086
4000606384743
4000039339221
1005001473823390
32993262789
1005002388109695
4001193078969
1005002325003723
1005002448263072
4001156173769
32965963010
4000799387157
10000106873658
32880756187
1005002395749240
1005001315857338
1005001843340980
4001154665190
32931437831
1005002248571860
4000071275731
4001192667149
1005002330859185
1005002358048979
32954852506
1005002291121779
4001273875770
4000099949999
33051730153
32872663632
32918857660
4000266124997
1005002488991408
4000116762627
4001335592107
1005002286740250
4001344869480
4000089711449
4001344077496
4000029226111
1005001691179473
32995220994
1005001913163792
32304305744
4001219120561
32894907631
1005002293121647
4000264055766
1005002355961258
32770300575
4001162519545
1005002336481211
1005001652428289
1005001498932170
32831832915
32917960411
1005002312559417
4000100392990
32624300248
1005002074044137
1005002184119606
32971313344
33050165177
33057642407
1005002321527343
1005002084797752
33001481784
4000804829397
1495276002
1005002449201768
32525487630
1005002256471726
32965086638
32644726381
1005001902402266
32997048996
4000966931042
1005001446018384
32855359614
2040345186
32644201360
1005002303798719
4000888644142
4000802276944
1005002390489448
4001294365243
4001321976477
32932986315
1005001715657846
4000232130441
1005002006736315
1005001797396665
1005002357299749
1005002430820536
1005002107290051
1005001854085550
32956611155
4000960924673
1005001609059333
4001327349666
33039552693
32976502799
4000126215676
32221135419
32999099101
1005002322217292
4001327287460
1005002440256912
33024717029
1005002007034232
33044736190
32972263818
1005002337145179
1005002222073152
4000283633801
4000989436853
33031344365
1005002051459473
1005001611815242
1005002467203015
32962328852
1005002363637224
1005002306527951
32486280296
10000423254129
4000263448415
4001066416259
4001241978770
1005002211161853
1005001525388551
32863396993
32796274117
4001234132687
32863069167
4000157034276
32875020446
1005001988697687
1005002382607863
4000960525578
32840405009
32940700602
1005002358309893
4001242757053
1005002443525144
1005001350296790
1005002353499438
4000089978206
1005002414240788
33032062448
1005001336018528
4001061074809
4000473413282
1005002259654013
4000837714065
32976667365
4001221620551
32965278120
4000825737383
4000575223054
4001174451667
1005002315358170
32839176339
1005001938075025
1005001820639394
1005002282733555
32868838158
32986131092
33043912237
1005002246313870
1005001338713773
32787099587
4001282694726
32894441737
1005001847466884
1005002448858723
32669999061
4000725276116
1005002263953056
1005002120920486
4001150405360
1005001803216008
4000333813280
1005002168141752
4000895881880
32963215171
1005002337320477
1005002481446182
32312617239
4000465064420
1005002351671073
1005002447349881
1005001468748678
32942142187
1005002015762896
1005001985099536
1005002462239899
4000149392298
32946085364
1005001411399264
4000415621074
4001053892074
1005001958805787
1005001961062029
1005002146751345
32824982104
1005001368929827
1005002190036622
32879526476
1005002484987601
1005002292666972
32983213005
32825437173
1005002254713397
1005002457401265
32973860339
1005001717605965
1005002235349424
32995290623
32982351493
4001037405584
1005002207846882
1005001672392740
32973837998
1005002307386120
1005002431691468
1005002263730523
1005001759288861
1005002384678173
4000863226288
1005002359967342
1005002027352811
1005002412423229
32860127916
1005001579075897
1005001566359231
1005002266576164
4001090794176
33004014695
1005001665128390
4001114126554
1005001268845369
4001173789194
1005002182369562
32835531313
4000680943558
4001116380675
4000274625316
32947076194
1005002387440523
1005001981166790
1005002058875656
1005002114545200
1005002324520060
500231170
1005002326005914
4001177643815
4000627718343
32965048689
33061431068
10000023175621
1005001580314513
32885553410
4001221279183
1005001408738317
10000399950599
1005002281054293
1005002267817210
1005001947033242
1005002267683312
32962556517
1005002432996377
32925998626
1005002475074275
1005002228770728
4000798494267
1005001407844835
1005002417692167
1005002018461954
32646563225
32903555812
32994544543
4001238887349
32903002431
32953033123
32804287245
4000099379700
1005002460697850
32970071024
4000197667599
4000764250138
4001216752677
33012585007
4001012256357
1005001479963020
1005002314878362
32859619676
32833204196
1005002051945236
1005001887641739
1005002427785967
32990446045
4001208389371
32831333689
32961906045
32962488903
521846934
32960125042
1005002323847097
4000777564072
4000224709768
1005002368928027
4000592928540
1005001948171927
32847617794
4000416767026
4000495245358
1005001678066798
1005002281367003
32967793345
4000776156285
1005002314292963
1005001658147181
32916621251
33051502138
1005002224317049
1005001392779916
32992351982
32525580170
1005002497489227
4000234226414
1005002233634164
33012674780
1005002364814246
4000334499243
1005002363954858
1005002481641888
4000983941854
1005002500522223
1005002124583606
4000104153362
1005002226249257
1005002068886413
32844922413
4001297685094
1005002383815860
1005001274213695
1005001843758682
1005002277691687
32860155784
4000744967853
1005002334391991
1005002371712007
1005001823452156
32868610105
32990104940
1005001627944907
4000557544972
1005001762278321
1005002425786805
1005002463582808
4000774539507
4000960913302
10000185388755
32941606254
1005001402372476
4000195736099
32865888517
1005002384712705
4001057296601
4001300274961
4000132609997
1005002038079951
32955729240
1005001779749984
1005002491150761
1005002490000867
33025116921
1005002263460770
32390254199
4000431188561
1005001994511963
1005002350778549
4001150622263
1005002312462306
1005001984885146
1005001929001930
4000593882979
32981076007
32853049999
1005002264063918
32293309651
1005002380882564
1005001851433407
1005002384079340
4000256029379
1005002467554622
1005001992646452
4001228648595
1005001412491149
32726784569
1005002276603182
1005002406339174
4000810835142
4001230563862
1005002156533961
1005001860685261
1005002390896044
32861548831
1005001440752308
4000153332169
4000828742741
1005002262005661
1005001793811104
32827352710
1005002473641712
4001188446367
32818977307
32968350742
4000003342490
1005002350287368
1005001798535248
4000668375774
1005001515947286
1005002399262634
1005002249014594
32699490544
1005002433665365
1005002073525062
1005002129310746
1005002453987234
32490284978
1005002126437287
1005002413153114
32992724387
1005002168007351
32806326831
1005002167308271
33035979538
1005002358814651
1005001643815126
1005002218632259
1005002376379904
4001142642658
1005001896816416
1005001845816585
1005001388306385
1005002277212794
32921242837
1005001458555427
1005002323262464
32819727905
32746713083
1005002316071143
32857991817
1005002007153081
4000522753501
1005002063337732
4000057018761
32297022190
33057224329
4001197694811
1005002328611136
32959175126
1005002330457359
4000497821449
1005002056296217
4000856706084
1005001626694448
4001021306171
1005002368810439
1005002363358129
1005001870464060
32864026167
1005001354146459
33002194126
1005001928875303
32984586315
1005002048568959
1005002309435363
4001178393275
1005001896850658
1005002132905747
4000314255737
32952313697
32778259850
4000746168803
4001027115740
32960543147
4000003171758
33007453170
4000739974054
1005002344944370
1005002250558644
32931449565
32851126162
32997989897
4000695184134
1005001534588943
1005001308530054
1005002032003754
10000282368255
32818750489
4000716785745
1005002023925615
33017341471
1005002469269417
1005002289656857
32967744547
32970145289
1005002191288385
32753203814
1005001833951770
1005001704746099
4001262649220
32867375920
1005001859905060
4000415974347
32824445837
32616909802
32998661326
1005002353983774
32712934572
1005002337640514
1005002254403120
1005002060520963
1005002186106593
32972145733
1005002274866155
4001350356144
4001037367439
4000266356211
1005002377621936
4001265006501
1005002037285697
32861752918
1005001987653733
32951443269
32929553397
33017774096
32953658632
1005002050821179
1005001494616821
4001021799264
1005002013414888
4001139180409
1005002212371846
4000143815424
1005001271640545
1005001287945604
1005002276206443
32957604330
1005002294141389
1005001475253979
32918230813
1005002422785960
4001230866258
4001181772052
32732685617
32849698318
1005001500355713
4000788687633
1005002370586209
1005001291313653
32834982454
4001078766837
1005002447152909
33028319976
32227124463
1005002476466831
4000804417431
32870012434
1005002368905533
1005001444563877
1005001664981415
32979860270
4000581322814
32816698887
4000392590720
32904376087
4000888923660
32825068121
32961434140
4001200013077
1005001768531378
4000452266052
32792993579
32637141405
1005002286033209
32985995669
1005002270634686
32910533078
1005002282281009
1005001454679114
1005001894976039
1005001933876681
32939825225
1005001966405692
33047048708
1005002070089787
1005001398964848
32925942775
32683571789
32825195508
1005002246657645
1005002466193035
4000598624776
4000994279091
4001088903009
1005002045714595
32907397609
1005001581334677
4001088065409
1005002411034927
1005002333468801
32965834618
1005002282713695
1005002337861640
32918257168
32947281790
4000842985531
1005002425912524
1744028983
1005002081984840
1005001823694169
1005001467931186
1005002033236959
4000480371297
32910101782
1005002302712422
1005002369448525
1005002434369186
1005001715237270
32880764751
1005002034532406
1005001985476146
4000516786357
374992006
1005002197758608
1005001365466625
1005002406297032
1005001750757048
1005002285832337
1005002330745692
1005001800339442
1005002008038363
1005002289640638
1005002306205167
4000359895623
1005001665902414
1005002020225158
4001063619795
1005001517417788
1005001664750100
32969142061
32874777570
4001215939341
1005002457327315
33036630955
1005002323222894
1005002011754435
32986520553
1005001408399233
4001230778573
1005001705019138
1005001626298467
1005001618069347
4001245820200
32976384037
4000203736853
32794538019
1005001832217780
1005001869428274
32525468516
32275916479
4000215608078
4000400862087
32903293037
32917981855
4000018700157
32923283624
1005002221753807
1005002314365720
1390487203
1005002034420843
33040109240
32828766947
1005002320648101
32844547752
1005002475669622
1005002434665804
4000111345166
1005001808852609
1005002368671925
4000382046507
4001268428219
1005002306670388
32762361121
1005002465198819
4000172690501
4000252726599
1005002068073864
1005002298120710
1005002091412254
1005002291679219
1005002315373912
1005002315171723
32860154204
32978895596
32924767509
1005002107374172
4000223528396
1005001438580919
32899067206
4000688989446
1005001423105022
4000796748640
32372043691
1005002369520396
1005002018295531
32881758701
32779792955
1000003826108
1005001935267422
1005002384004883
33033348626
10000032929226
1005001629122280
1005002150251017
1005002302580800
1005002498520991
33048057155
1005002323410685
1005002463000609
4000789373085
1005002122258924
1005002321076237
32615114192
1005002177552032
1005001339540008
1005001567197966
4001218815956
1005002287267765
32957190623
1005002376413174
32699389596
1005001913284314
1005002055569123
1005001367804088
1005001665910786
32727317798
1005002376052854
1005002112323445
33012843708
4001099134354
4000505177929
1005002232330693
1005002397767161
33049641167
32904159969
32955937145
1005001520036679
1005001465428547
32808869875
32962558589
1005001699516759
4000001660613
1005002392977662
32870032875
4001233891737
4001294427907
4000675709107
1995271837
1005001643632679
32887953067
1005001667168026
32920766359
1005002342625386
4000261613555
1005001469385525
1005002467201385
4000219017525
32883459418
33020880501
1005002303247419
4000691686089
1005002268675026
33001297608
1005002322495391
1005001397772259
1005001329777760
1005002320553179
33003165718
1005002317815131
32900920871
4001166327560
1005001858005757
32962129977
33028024334
4001189514727
33030659187
1005002454621164
32976459849
1005002268114931
1005001836253671
1005002260582014
4001041112139
32828570915
1005001794654754
33058319925
33026807188
1005001909869493
4000843825983
1005001728437377
1005002180117297
32309044575
1005002310919992
32971839446
1005002339453935
4001107750502
1005002253110106
1005001804233729
32865806895
32678873978
1005001998436260
1005002414202748
33042138970
32846859806
1005002358684247
4001271222523
1005002134438270
33001729485
1000006866221
1005002239563953
1005001352010008
4001294289217
32870651682
32763201284
1005001531596635
4001215178256
1005001424619901
1005001550646587
32891406908
1005002303733480
1005002405999309
1005002345964998
1005002187860209
32986543394
1005001732310886
4000742802392
1005001272812485
1005001560720519
32822949659
4000411582807
33051964981
1005001586785635
1005002344984419
1005002090936091
1005001843600405
32394256032
33026605537
4000475559455
33038441641
1005002449709796
1005002137570981
1005001883431636
32588166886
1005002377259965
1005002381114744
1005002500329865
1005002468341239
1005001844703811
1005002381230488
32575035531
1005001799040235
32971998126
1005001326088680
33027804800
4001088802673
1005001343777875
4001118587866
32905948291
1005002273647630
1005001848612180
33021508385
4000223113839
4001171340143
1005002314211183
32954237326
1005002026465733
1005002069463948
1005001270144673
1005001405933002
1005001308310803
32805858256
1005001972318728
1005001877307432
1005002483951342
4000378580274
1005002344849569
4000088006158
1005001905503621
33014426625
32519298865
1005002130959363
32854578337
32785347040
1005002304024819
4001049364222
1005002198709244
1005001909098896
1005002284562962
1005001519980399
32840016629
1005002239159903
1005001369092262
1005002088556879
32836542010
4000373243280
1005002276413619
1005002286627972
1005002307229762
1005002314453044
32919310276
32603852799
1005002387796367
1005002320165725
1005001694585922
33003239842
1005002355349160
1005001702481713
1005002304821600
4001245326608
32908051590
32922741219
1005001339397192
1005002490036128
4001112019479
32885799892
1005002378748918
32916142234
1005001506711494
1005002314985876
1005002401504885
33010713868
4000247335624
1005002478941971
1005002379183859
1005002307479798
1005002397698586
32998911603
4001041128779
1005002335227007
1005002008461169
32842569384
1005002217173489
1005001728104766
4001083598218
690401984
1005001401741915
4000686778291
4000852457949
1005002318898041
10050018025458811005002405376069
4001006985325
4000186197374
4001179735312
1005001570840359
32824952008
32744591328
4001112523852
1005002233375068
32997586392
33027726266
1005002034288312
32936116430
1005002262289928
4001123479074
33057522487
1005002356605342
1005002272860502
4000641435076
1005002256146365
4001248107550
1005002246834877
1005001513005099
32312916931
1005001589922832
32990991473
1005002272184728
1005002384820797
1005002346255759
33004166650
10000046562728
32957225388
32808513645
1005002357755117
4001026356271
33048553750
1005001565369351
4000378209852
1005002318733953
1005001386942271
1005001299334512
32824322365
4000418471193
4000429778499
1005002490746789
32954508304
1005002262323870
1005002375496875
1005001604037591
32585344577
32993722738
1005002311394028
1005002428374592
1005002068816943
32937649124
1005002259969448
1005002032489274
1005001425362352
1005001631258354
1005002282280343
4001212474961
4000586085332
4001178245585
1005002013579214
33033494368
1005001752344340
4000601886612
4001332630206
4000176413495
1005002217244832
33027800894
4001149836132
32696576881
32855025942
1005002314312425
1005002297975578
32824837341
1005001432424397
4001139495883
32901771347
1005001935634594
4000381740226
1005002468456851
4001360893231
32819733252
1005002377135012
1005002194037849
32465160072
1005002380406869
1005002273006425
4001054360383
1005002302817995
1005002447136035
33044933903
32800813169
1005001998461828
1005002267499963
4000303177522
4000837986080
4000346952105
33007670837
4000674847770
32350057258
1005002282477826
1005002337059519
4000890549508
1005001282727699
32952511065
4000111856564
1005002358458847
33001062084
1005002282880436
1005002334276226
1005001403014123
4000777553285
1005002322477745
33003286971
32923627290
33046548190
32873772452
32411140869
4000369789167
1005001980746917
32922478251
1696362191
33045599203
1005002272576789
33050189947
1005002355879072
4001165922460
1005001389613044
1005002115279008
32918992228
32917465384
4001078127807
1005001494925570
32892770630
1005001830197554
32443321959
32607797894
33014475375
4001157808654
4000708064875
32875909951
1005002003417602
4001341424204
32803193035
1005001863020689
1005002467722139
1005001413010854
1005002442433894
1005001741055525
32824883215
1005002291878458
914822517
1005002292563675
4001094532236
1005001632781480
4001013136140
1005002007233442
4000140030939
1005001966174911
1005001996700720
4000473630113
32859440586
1005001748522200
1005002454284643
1005001808595425
4000299954207
1005002103969786
1005002359604175
4001147783279
4000005446041
1005002347182886
4000309584298
1005002315388220
32905156107
1005002329694867
32908249132
32962674644
1005002384310982
4000744967277
1005002033795598
1005002352724410
1005002459557901
32825853050
33020003503
1005002237834260
1005002007835880
1005001393456849
1005001495638057
4000542003793
1005002418595233
1005002255395599
4001219537926
4000906681117
1005002359118225
1005002346306735
4000843273858
4000019741473
33046184633
1005001274615436
4000453446254
4000987183921
33010889707
32959881602
1005001638956743
1005001689301710
1005001863494284
1005002490274365
4000472277442
1005002460505125
1005001640789033
1005001664480041
4000406056848
4000966446606
32826550705
4000944879718
32261579078
32907733670
32961196976
1005002408254020
1005002344879536
1005001817275624
4001192134826
1005002411542820
1005001334576063
4000159948186
1005001809169963
4000428711995
4001288853903
1005002312610580
1005002433817648
32869626521
4000067979067
32836114516
1005002332521879
4000672365926
1005001716798118
4000130699334
1005002428480619
4000929150994
1005002284287377
4001275142037
32952589649
1005002330920182
4000320818123
32887454511
1005001936312186
32804304615
1005001525320806
1005001820857206
1005002097276289
1005002383924256
1005002359441854
33003246366
1005002483013275
32734431328
1005001763346387
4001176004193
1005001780070949
32824046685
4000093276851
1005002488768946
1005001518837925
1005002313476557
1005002367690344
4000831280092
1005002286091153
1005001621440742
33011064291
1792003288
1935052995
32987136491
4001220307021
4000286721662
1005002246465629
1005002326751547
32800975162
32935104451
1005002483334163
1005002226811814
1005002318466530
1005002223893713
32975908605
1005001305855456
1005002339518752
1000004717496
33010417108
1005002409395769
1005002167730689
1005002338066009
1005002265343190
32622983708
4001233677793
1005001793260775
1005002338990189
1005001506796282
1005002314536070
32726956752
33009922942
1005002452952084
1005001646113426
4000315185708
32678655343
1005001648110308
32850994085
1005001724321546
32632455984
1005002226031673
32970478376
1005002346109763
32236958695
1005002342356802
32956043446
10000417940587
33008589377
32921464441
1005002256603356
4000269481545
1005002234703632
4000370068258
1005002314960488
1005002443438605
1005002239253991
1005001580371112
4000715746918
1005001916906280
1005001587548800
4000722377317
1005001670730131
1005002454516581
1005001694038339
1005002435338349
32837620053
1005001642328797
1005002474815264
32979755735
4000999366009
32892546693
1005001700332325
32773394340
4000544685833
1005002305156440
4000688732282
33048753036
1005002282576223
4000868443054
1005002318820465
1005001659349977
4000877958005
1005002288977152
1005002423589415
4000324398222
1005002318230533
1005001341262707
1424138820
4000028390502
32349219498
1005002063643055
32788820081
4000008815847
1005002394784337
1005001766475091
32831556817
32958342665
1005001567098207
1005001829707043
4000516910484
1005002167002482
32929507348
1005001846277717
33011046292
1005002448637830
32887645077
4001315098814
1005001298218808
1005002265086405
4001121774881
1005001813750542
4000385727919
32854140885
4000381176734
32599684808
1005002439622095
32828176297
1005001766305393
4000845852769
1005001406507045
4000022811568
1005002304106110
1005002333591224
1005001989437392
1005002355959597
1005001927566785
33030006561
1005001851109226
1005002347521370
32989686220
1005002192230951
1005001516038122
1005001419114363
4001221477625
1005002393881430
1005002307830180
32856736063
32813907109
1005001477899654
1005001715228567
1005002003766547
1005002373924278
1005001576137723
1005001265530223
1005002239823281
4001127728420
4001123803119
32836597704
1005002144398943
1005002290211458
1005001649354525
4000114754793
33023823181
33010840025
4000955438482
32963180542
1005002094245880
32705827605
1005002345922234
32915854573
1005001295337955
32829434015
1005001354784056
1005001302595763
4001345743043
32991729892
1005002383356749
1005002352061655
1005001450932769
32921091857
1005002304110449
4000734825265
32821181297
1005002066212546
4000426522029
1005002044658347
32717172072
32877885951
4000850723040
1005002364236453
1005001644471325
1005002414171199
1005002119654396
1005002270462467
4000043301195
1005001329766766
4000293656649
1005002492011561
1005001639220523
1005002377251088
32781613156
4000843049010
4000348602707
33044469979
33020281027
32919493019
1005002474829033
32845576701
32740671126
4000399243583
4001268862732
1005002335230962
4000842909386
1005001694497870
1005002318433651
32688807131
1005002440149226
1005001419547375
1005001926660472
1005002398944734
1005002433536199
1005002085149698
1005002282356976
1005002307677591
1005002365192004
32379751465
32977494010
4001339517287
32976429987
4000660465028
1005002234786642
4001262195038
731826348
1005002384227410
4001295091995
4000266716679
4001183135864
33028811785
32885781593
32827035343
1005002079004514
1005001466640180
1005002372465521
4000858927556
1005001450299895
1005002315046448
1005001889855525
32966632154
1005002051675598
1343429017
32947616403
4001276822863
1005002395185425
1005002363081983
4000577038458
1005002314724612
1005002319029452
1005001584944880
32904416433
1005002329813516
32844126918
32960901959
1005002473317571
32970161214
1005001525434633
33052628660
32951855417
4001263879049
4000349365258
1005001670236587
4000484117303
1005002289075011
32983887155
4000057288480
1005002288669184
1005002176899995
1005001899518648
32899178385
4000122957331
32984010261
4001220286465
32913228505
4000147557300
1005002081833238
1005002296020539
4001105597892
4001220156107
4000626561424
1005002413474452
1005001807893990
1005002354318473
1005001484023073
33001332099
1005002438952199
1005002446278268
4000466022389
4000171917457
32809928839
1005002352861067
1005002318071171
1005001614943219
1005002366113898
32938333967
1005002253942010
1005001769190232
4001112648046
4001226874080
1005002334026772
4000096073940
1005001525426528
1005002370259451
32953992710
1005002324967753
1005002441953745
1005002310435047
32853767442
1000008094427
1005002368284575
4000466131724
33023270683
1005002210043423
32606349572
1005002044743170
1005002346601314
4001180094846
32974216419
32797047133
4000334376235
33007931230
1005001377639174
4001218865025
32921219521
926238850
4001278939590
1005002476460660
1397742349
1005002219966650
4000098815017
1005001518996693
32582748326
4001228546455
1005002304982422
4000233672974
4000332294944
4001033979490
1005001802617840
32802596985
4000555663939
4000240519768
32718589740
1005001873973313
1005002246023932
4001183894964
1005001333338903
32932788525
32992431600
4000850687253
4000296045311
1005002350707820
4001264348332
4000410948359
1005001671509388
1005002327289718
1005001985317831
1005002175608523
1005002431034365
4000079868591
1005002372130846
32884833157
1005001409553243
4000561529211
4000338172240
1005002099276608
4001326879285
1005001641059777
1005002262404747
1005001685425792
1005001942891428
1005001494800373
4000165810949
1005002447963506
4001214222654
1005002309310080
1005002397932150
10000108004659
1005001813903182
32931449538
1005001742468913
1005001367983620
4000272204175
1005002345979728
33039796006
33043207291
1005002224543002
1005002182363952
1005001417321344
1005002392707053
4000711418362
1005002393948804
1005002218872436
4000268089335
4001203496089
1005002298474527
1005002187285012
1005001972204084
1005002271617234
32816291899
4001259929685
32989603962
2019878123
1005002327597773
1005001605632992
4001160104096
4000091368091
32860041213
1005001598924628
4000185762599
32784685511
32951200508
33007017918
32921532934
1005001284621985
1005001471109285
1005002181417675
1005002126396767
1005002478495373
4001189037267
4000702127096
1005001843273610
1005002347181186
1005001993691032
32782014158
1005001763562117
32729212520
4000326520952
1005001640552723
1005002206967700
1005002291612101
32996574440
32980956188
32655966846
1005001835582125
1005002208477470
1005002071746326
1005002427932002
32949012511
1005001769981179
33029101447
4001127764455
1005002332128271
4000133278733
1005001718805125
1005002304365371
10000013445508
32799744758
1005001676482882
4000545774245
1005002205034547
4000117484162
32858634052
1005002278876396
4001152366177
1005001971919914
32924247134
4001218024955
1005001354708240
32215132183
1005001841644194
4000241238483
1005001807832258
32216971589
1005001685550243
1005002350863660
4001345467601
32976843508
4001036590592
1005002207440571
1005001441106563
32967441665
1005002359883226
1005002381065490
32736843375
1005001518555908
1005002251815425
1005001382826700
1005002425926433
4000772829411
1005002281131515
1005002305756796
1005002225259560
4001179125477
1005001939526236
1005001359834430
1005002191922483
1005002427858471
1005002402382214
1005002278036951
1005002037126636
4001185828374
32872551813
4000080854795
1005001735129345
1005001566050491
1005002334160181
1005002372614981
32991271463
1005001292336131
4001047277514
1005002051909032
33028761494
1005001951139058
4001078794394
4001085181906
32991304814
32951439448
1005001367729239
1005001882333514
33003078526
4000044743247
32911860825
1005001620179387
1005002018714665
1005002166685231
1005002049501387
32971611391
1005002475360567
4000865495305
1005002387328322
1005001645413059
1005002331512990
1005002358028661
1005002408380383
1005001633268814
1005001451918380
4000203003656
32946400861
32971083355
1005002315332657
1005001515812866
1005002452713230
1005002260220218
1005002466405628
32904863607
32986072270
1005002418298045
4000915707413
32881194652
1005001308160367
1005002072153953
1005001960088030
1005002335087694
1005001767869350
1005002279013650
4000480286972
4000598758830
1005002092018483
32626968485
4001103919260
32302164900
1005001721989127
32996716208
4000723364766
4001248467051
1005001611592632
32584001817
1005002278834159
33023845120
1005001584913946
1005002491746567
4001111862758
4001029505545
1005001582663065
1005002412773694
32806168112
1005002166235467
32914216716
1005002292071295
1005001695510160
1005002288251184
1005002301172764
32950543702
1005002465385871
1005001627678210
1005002337491489
4001294151959
4000810068279
32980259048
4000677541038
1005002314273627
1005002339287714
32869717016
1005001566943018
1005001310566168
1005001949077075
32841475799
4001190056551
1005002433836385
4001196729836
4000322767530
1005002059444291
1005002490035851
1005001530839572
1005001392957970
1005001832075699
1005002096748217
33000904654
1005002483890439
4000917269272
1005002264296286
1005001857149800
32800596044
4000141421105
1005002371637946
32979820288
4000642396490
4000110954601
4000132969874
1005001787298381
1005001313209192
33036131255
1005002220662503
4000377976387
1005002315562419
1005002361744551
32617421388
1005001586136549
1005001915620901
32616910555
1005001786605009
1005001902024589
33019107446
4001155829591
4001250372264
1005001518237915
4001078639724
4000369189822
32846603247
4000666943897
32837124552
1005002239425007
4000594004231
32956855708
4001315262571
4000027528634
32231801544
1005002443767501
1005002350762017
1005002051945978
1005001421009090
32899785156
1005002304210799
1005001621245190
4000229612960
1005002496703500
1005002432873509
1005002276177558
1005002277613662
1005002369575861
1005001343537493
1005001386090378
1005002357333861
1005002481984308
4000371392165
32898511781
4000432761609
4001017202529
1005002395181940
1005002359889980
1005001963732396
1005002185714919
1005002475958694
1005002304405900
1005002448559748
1005001636159906
1005001967977045
4000065607950
4001186853555
1005001775457261
1005002103933197
4001259330867
1005002447533893
1005001994207348
4000193279879
1005002122269641
1005001736267732
1005001931010051
1005002467810252
4000459961435
4000467755500
1005001576515470
1005002458090294
4001045971033
1005002371655520
1005001813668490
32791599084
1005002349989517
1005001348278068
4000978946393
1005002175346204
1005002478006370
1005001526422779
4000364143696
32696162037
4000168642249
4001248540394
1005002237988220
4000642005561
1005001971212853
1005002318349067
1005001972767954
1005002002936840
1005002301719125
1005001476450992
1005001934457812
32900585594
1005002345334946
33007206696
1005002440220204
32883036848
32617871853
10000420524636
1005001320087147
1005002439909589
1005002318508450
1005001420644082
10000412983076
1005002124808347
1005001616703821
32974228994
32903758076
1005002310448501
1005001966538069
1005002240543662
4001040101413
4001039332124
1005002385786446
32897091673
32973176054
32934990809
2021102454
3296506724532807003286
32953739917
1005002314340087
4000712337768
1005002299400165
1005002441491642
32798006502
32952818080
1005002419110207
1005001762899439
1005001587708705
1005002363395359
1005001682119807
4000601278569
1005001604535132
4000641422311
4001271110648
4000882877843
1005002332834461
32850831131
1005002021709575
1005002331002404
1005001682562488
1005002320543790
4000990969416
32859893288
1005002233357880
4000473284963
32960776353
32733786457
4001108679088
1005002307165358
1005002280968908
1005002330006880
4000523987845
4000776554263
32617159714
1005001607710545
32890525231
33041212919
1005002226094347
1005002231500373
33038069423
1005001367885163
1005002498975739
32855351801
32869246735
4000944416846
4001233065968
1005002361727366
4001037410426
32845149528
4000026405405
1005001741326088
1005002004799299
32969947392
1005001398648062
4001346586285
1005001572673814
1658431532
32827067886
32287470806
1005001671461946
1005002299775048
1005001414809740
4000155615643
4001018618204
32989650542
1005001496194055
4000833615560
1005002393778171
1005002314405168
32988232020
1005001814297059
4000462459985
4000445331915
32842927373
1005002461065644
1005001615355369
1005001659211160
360409982
4000003062551
4000128578769
1005001407690704
1005001775588108
4001158520044
4001080278688
1005001986181111
32888625460
1005002375425004
1005001737878868
4000327381835
4000112106883
1005002394851116
4001217638771
1005002317934366
32849310185
32976428290
1005002178165495
32859824242
4001192278043
1005001560798097
1005002327875317
1005002357874479
1005002444334495
32951942423
32878622677
32764430711
4000938975105
32850234724
32847599425
32763535033
4001306508810
33024064896
1005001761731785
4001013576114
4000419989798
32826652638
1005001334097550
32836715614
1005002094965190
32949598830
32998091622
32765022359
1005002317843619
32989069271
1005001562372312
32985026189
1005002427997845
1005002491319037
1005002322788052
1005001415526106
4000337935232
4001122450753
1005002346009837
4000955732977
1005002459188190
4001359579559
33025769822
1005002358808732
4001072973672
1005002393482764
4001154116496
4000538126893
1005002055780006
33045225066
1005001558273180
32761918238
10000286615394
1005002319152810
1005001335670894
1005002271027818
1005002286240935
1005001841621149
1005001867411133
1005002452201862
1005002419585903
1005002339235163
1005002344227171
32375319371
1005002376620179
1005001874033965
1005002239999079
1005002298715956
1005002256817450
32951449852
4001292515942
1005002260375298
4000797906526
1005002332153390
1005001568362025
1005002362684595
1005001320898579
4001155752231
1005002294253372
1005001450423227
1005002337697848
32882440048
32976398166
1005002363076858
1005002310288639
1005002413344701
1005002373018276
32864954956
1005002314327304
1005001570824619
1005002311059531
32826821621
4001015053167
1005002065041614
4001178687526
33012757744
4001055839524
4000095018575
1005001736623844
33062614602
1005002343872873
32823994507
1005002064858791
4001240388774
32873451571
1005002314100079
1005002224381939
1005001315547474
4001110285404
33013973428
32827137495
4001121301252
1005001939819569
4000988074872
1005001997912083
4001152276823
1005001826945589
33046751056
1005001781460382
32934283668
32797295378
4001365369388
1005001562693738
4000427583406
32822784650
1005001731879664
1005002387448182
4000843026074
1005001596284593
1005002281270385
4000857318896
1005002319973210
4000742200257
4001006115589
32998414334
32898224993
4001023099510
4000282654902
1005002313280927
32671855505
4000985774144
4000123842504
1005002401298774
1005002357745569
1005002390732779
4000203726164
4000231588204
32949812281
1005001900146586
1005002395356889
4000199728059
32881659559
32885861798
1005002299828427
1005002384330291
33010315865
1005002363806185
1005002337006296
4000310393739
1005001577088560
4001028167529
1005002358799543
1005001898735943
32967125131
32798093877
1005001556438510
4000089231026
1005001969981624
32980792485
1005002456777313
4000708820674
1005002335012067
32593580294
1005002074992939
1005001864035819
1005001874723352
1005002431855191
1005002248892231
32457446123
32976748127
1005001693643289
32708747493
32991829201
1005002350631090
4000069245809
4001014700073
1005001987696420
1005001810439827
1005001280210293
4000523658443
1005002306522972
4000941010399
1005002111500468
1746234171
1005002282954984
33010555798
4001272489614
4001229156518
32876860885
4000161034538
1005002413750537
32844604006
1005002512067394
32891959338
1005002432811016
1005002390941781
4001273319040
1005002371631951
1005001736857069
1005001329888143
32952623485
1005001817758952
1005002311554058
4000816873599
4000755582431
1005002159162746
1005001806686997
1005001321282972
1005001867342705
4001225191334
32870211466
4000903798240
1005002460059662
1005001757898717
1005002329867918
1005002196719173
32963128846
4001332730959
1005001640474513
32988851720
4000035576887
1005002287578565
4000642251702
4001199151644
32802786790
1005002279516876
1005002253074067
4001128022170
1005001759539591
1005002461421029
4000593585297
4001298090426
1005002457320467
32652566205
1005001519090538
32820730267
4001024860272
32896641729
4000534168492
33003398378
1005001441369363
1005002393049054
32874824337
1005001869506014
4000104644957
1530343968
4000897689630
1005002478792693
1005002028259600
1005002294269065
1005001834470801
4000310720394
33043289711
1005002228289747
1005002420068844
1005001697605090
4001287968661
1005001817527965
1005001894130235
4000098583022
1005002454473834
32960166322
4001274632476
1005002376830495
1005002264795168
4000275153915
4000007197415
1005001930372315
4001238056800
1005002245717215
1005001997165706
4000898181209
4001240304958
1005002269659383
1005002427815748
33035324099
4000062780301
1005001405364580
1005001558304973
1005002425692380
32306924690
4000557768798
4001253761081
4001106155337
1005002337332462
1005002465563050
32966218583
1005002417063889
1005002046640461
1005002466935515
4000047547060
1005001580194096
4000922269799
4001240058898
32809342229
32959331609
4000691304892
1005001593101942
1005002440221431
32618994865
32988780717
32815044206
4001350554631
32884597135
1005001693333938
32956078427
10000212614959
32997037961
32861276117
32925631541
1005002372453309
1005001633676399
1005002350482512
1005001406695613
1005002467531208
4000955036367
4000226327796
32803194936
4001352564793
1005002475173322
4001216585468
1005002314976514
32985824091
1005002314253873
1142796665
4000025742797
1005002476117310
684852559
1005002244021547
4000906482611
1005002318471255
32911906072
1005002447573792
32665146729
1005002343580312
1005001334396110
4001110139604
1005002314435261
1005001666254428
33058282910
4000244223551
32887832017
4001204971733
32729478826
1005001277739093
1005002312990888
1005002112730680
1005001557390227
1005002310981190
1005002129258895
32982589367
32774021031
1005001835792083
4001116261106
1005001515758286
4001134176246
1005001992450500
4000943540646
32868623652
1005001863572447
1005001719132875
1005002232485696
4000808169281
1005002283403970
33013814999
1005002393735193
32875739981
32963215091
33012480538
32790284125
4000187177712
32709009323
4000493212351
1005002268385885
1005001908377303
4000398080870
1005001789836185
1005002393360909
32899050069
1005002357511027
4000121214390
1005002340075259
1005002393844210
1005002323828310
1005002375669088
4000194192767
32815359651
1005001570288792
1005002374636850
1005002362133982
1005001524092108
1005001408925736
1005001736647707
32348122563
32700478419
4000999287308
32992668383
4000941403541
1005002167961620
1005001321162125
33055488934
1005001656710266
32926394294
1005001908306378
1005002353200863
4000200106620
1005001870927893
1005001918971109
1005002363204839
1005002292185954
1005001502898949
1005001580783394
1005002372427203
32797847969
4000726177013
4001247349727
1005002349616104
1005001595097754
32823527368
4000718270604
1005002363506787
1005002219913535
4000794776817
1005002373273985
1005002252811206
32887237583
1005002260435819
1005002191866882
1005002226045949
4001030882458
4000970657556
4001193662424
1005001652198498
1005002052458618
1005002316453249
32847785563
1005002204294587
1005002304404137
4000700849940
1005001658508280
1005002187323294
1005001840576406
4000800882594
32970858065
1005002356437956
32673917934
1005002288948880
33060320806
1005002399851567
4001156316051
1005002478485884
1005002309440452
1005001339547587
1005001844030384
4000571642555
1005002316951280
1005001594248757
1005002268801648
1005002291763340
1005002326439837
32859924120
32647607617
1005002258824160
32866592881
4001292393433
4001215095614
4001244516256
32795243208
1005001607968118
1005001813433564
4001121465052
1005001883661027
32972346868
32853283999
4000454437960
4001264793837
1005002059541740
1005002271780040
4001310558368
4000082294740
32921024603
1005002122243806
1005002277368526
1005001578692198
33057957342
1005001302851282
1005001670764740
32959436447
32956555382
1005001934990014
1005001850209751
32953554932
4000738361269
32389087389
4001296966234
4001231491392
1005002259015733
1005002413332697
4000422966617
4001080749898
4000729859535
32925839513
4000943226411
1005001930972102
2045927566
4000790600265
1005002420202623
2035761546
32763800819
32982824503
32922203810
4000438108811
1005002146502927
32997019218
1005002431352396
4000126934053
1005001885119346
1005002384581422
1005002305882746
33011074266
32865014907
32977889838
32801798314
1005001438892105
32921623406
1005002395563653
32968347494
32856603326
1005002211729847
33029888264
32930347952
32905954340
1005001618070520
1005001457252073
1005002431107180
4000870492056
1005001826846600
32776298590
1005001700307779
1005002497343864
1005002229357984
32838092069
1005002401139373
1005002245863614
4000235848314
1005001718279357
32701643965
1005002459557256
32920664844
1005002122419133
1005002383752763
4001235381667
33024204409
32969164618
32954480731
1005002075257729
1005002497105424
4000353882864
32484090156
1005002406538960
1005001425213764
32837638488
1005001862358966
1005001524086658
32990874412
4000751557729
1005001987798198
1005001694564009
1005002345153345
32827997360
1005002205391544
32981709099
32315532520
1005001838837001
1005002270063862
1005002471411241
4000842948917
4000768176585
1005002314048325
4000818379608
1005001947824544
4000157064796
1005002298242190
4000761831749
1005001775690859
1005002261154074
1005002129671070
1005002439572525
32954797023
1005002317556564
1005001656785788
1005002466762570
4000711584978
32219465804
1005001632652832
1005002487493315
32791397040
1005001809517182
1005001841510034
1005002119366331
4001272463480
4000661105097
1005002444297098
1005002439811613
4001075297621
4001040506891
1005002446863627
1005001982305487
4001174070051
1005002292028521
1005002465834040
4000176392971
1005002259712493
1005002351452575
1005002076333335
4000546186910
1005001604002019
1005002350723262
10000306494927
1005001877735278
32836817643
33056493826
1005001432602095
33014105098
4000106392021
1005001934185094
1005002207224747
1005002398326708
1005002022321941
1005002234019092
1005002281318731
4001060952841
1005001626045003
1005001518590661
4000474633952
1907105572
32706012834
1005002307563561
1005001526171593
1890810568
1005002428408640
4001278820944
1005002232821874
1005002442776137
1005002483792904
1005001423224659
4000726382934
32970224586
32842419932
10000342210718
32960257267
1005001541276933
1005001922185481
4000093220638
1005002201970200
4000035327150
1005001617282870
1005002389107700
1005002313668720
1005001711191172
32904982808
1005001889174854
1005002273512721
1005002212045102
32985908845
4000594745082
4000298229899
1847754079
32924122037
4000006944544
32907719875
1005001498926886
1005001644988502
1005001343662037
1005002433649479
4000694519374
1005001637712326
1005001905660241
1005002405290469
32955177140
4000842215176
32975468234
1005002238863940
32911480619
4001244679242
1005002080917395
1005001698974088
1005002260088504
1005001834801987
1005001842750811
1005002314739333
1005002448287649
33045491916
1005002382175712
1870059440
32834884985
32324447364
1005001424491964
32961882143
1005002335108562
32702521688
1005002394045767
32841259475
1005001823017889
4000373247683
4000346006609
33042931365
4000302404122
1005002428115109
1005002256714056
32841088699
4000843799828
32805531120
1005002346967155
1005001550210049
4000544858594
4000368102771
32890074745
4001049907477
4001053350025
1005002258132759
1005002351664575
1005001781735400
1005002438363886
32871044821
1005001625653735
1005001695291912
32752673858
1005002271647065
33000814013
32909014974
1005001967279678
1005002266185109
1005002453546761
1005002465125404
4001293078258
1005002067632832
4000555942339
32749182964
4001249854134
1005002474181451
1005001618177466
1005002348283181
1005002314039086
32833621358
4001129272540
1005002281631905
1005002297928311
1005002484574311
1005002295541173
4001247832074
1005002158589605
32739506418
1005002439967565
32978185212
4000271774504
4000732834906
32802783293
32866552912
33000132833
4000327550568
32849299536
4001039425176
33003213989
4001003862408
1005002263451913
33000885842
4001103156982
4000483854067
1005002494572815
32844996742
1005002358557624
4000942764569
1005002340621041
32793726139
32814439425
32962077767
33008547374
1005002051566970
1005002388021268
1005002354647643
4000742014238
1005002392946412
1005001782828546
4001041027922
4000196913133
1005001622088616
1005002039160623
32974724658
33005355832
32933387256
4000173619223
1005001507021983
1005002289092437
1005002323798711
1005001289675637
4001244472163
4000246894001
4000226790208
1005002028407120
1005002386507297
4000755872630
1005002120047334
4000466400939
1005001564728413
1005001525408677
1005002312609456
1005001813092540
1005002221136840
1005001525316869
1005002400102952
1005002379470555
1005002426204023
1005001655142851
1005002430376634
32373084007
1005001793803235
1005002340228056
1005002386354971
33014356815
1005002376809649
32940652874
1005001622288579
4001218096612
1005001940071616
32886944275
4000387968751
1005001929031956
4000002392892
1005001633853669
4000863076321
33055609080
32743962174
32993174830
1005001777076394
33032162925
32979536481
4001219142633
32920045342
32778453455
4000504068737
32920613529
32996765772
4000528249660
1005001315406748
4001332454899
32886420523
32835108352
32607448949
1005002433714834
32719977399
1964462202
1005002238031735
33022373601
32900903826
4001307911844
4000332073557
1005001920508752
1005001929563342
4001233535943
32990880769
1005002250858622
1005002302775094
32796139810
4000239638293
4000960678118
33001415979
32804289272
1005002148158533
1005002389097867
32894980871
32812091857
32861529254
32985723589
32772905697
1005002380995536
1005001491176928
33032624705
32852465319
1005001862307702
4000075233013
1005002313468515
32963715796
32878262973
33004168391
1005002158952663
1005001382486158
4000552707886
1005002454321919
32918457446
33011718486
33004668299
32823363895
10050014512650451005002021547467
1005002431887965
1005002476251562
1005002443105444
1005002382323783
1005002138088055
1005002458427205
4001188406824
1005002467780500
4000414679901
32973788603
1005001742935533
32841049935
32851497626
1005002399818944
1005001550911549
1005001885769298
1005001686177448
1005002474769904
4000786931990
32848794533
33047802802
1005002459292186
1005001402922987
32824095764
4000236532923
1005002317310701
4001225301137
32838779896
4000749967324
1005002047495826
4001011089695
1005001867328824
1005002468288084
1005002302618441
1005002289719594
1005002298595438
32856083294
4001018526795
4000977818703
4001150280610
32728378444
1005001867101981
1005001753439299
1005001950258340
1005001691282161
1005002388691148
4000144502535
32980085439
1005002001519204
1005001917316436
1005002270836713
10000417684402
4001162184253
32950867513
1005002413158132
4000989788578
4001283785386
32922024400
1005002236229542
4001223988717
4000326692666
32823941759
33008357811
32917129233
32788920921
4000206262568
4000071014007
1005002395959324
32838665524
1005002170869653
33014866996
1462121311
32850869314
1005002314459252
32897845895
1005001562649297
4000930799943
32844859244
1005002314352618
32708385392
1005002376293970
1005002488318630
4001147807636
4001163045574
32917132763
4000165650740
1005002398743444
1005002491824567
1005001905044354
33008974493
1005001290869684
1005002095907361
1005001525080410
32777399386
4000955495751
1005002339724355
32887379002
1005002122402453
1005002078695490
1005002194897151
4000144098988
32866684616
1005002313267440
32931638208
1005002332719326
1005001269981683
1005001947814935
1005002380789177
1005002295544775
32932364627
1005002398756543
32901845613
4001247208999
4000419864887
4000902579556
4000343903192
32916053883
1005002323332402
1005002315125312
1005002037533259
32651736905
1005001966549451
1005001567340373
4001291742997
1005001362157106
32969944216
4000850487280
1005002449104739
1005002450435734
32852102475
33001667914
4000290962196
32574746844
1005002483123099
32808580373
32784968136
32991297387
1005002066156752
1005002286604708
1005001305080587
1005002453227125
1005002245004794
1005002004667213
1005002340308538
32892286849
33016127455
1005001621572421
1005002325304900
1005001626779991
32967331292
1005001915161874
1005002176821222
32589052757
20000001069737
4000822804701
1005002287206376
32747601661
4000188113050
32952342959
4000262788808
4000282479304
1005002350893055
1005002291444431
4001260311678
32946392269
1005001875136645
32825347113
1005002217764496
4001101447837
1005001711427574
32954745918
32605399196
1005001464489974
4001147427428
1005001457097019
1005002363268742
1005002425795507
1005002254844259
1005001702505682
1005002392590257
1005002313743647
1005002452997540
32775736155
4000751706945
4000371397114
4001157043494
1005001688332083
1005001484360585
32622639152
32846110267
1005002316560417
32622384860
1005001303467820
1005001895332030
4000546026579
1005002432089382
4000852454655
4000144985075
1005001815297835
32810506332
1005002414838173
1005001382223049
1005001688951974
32896724265
33004811732
32856788319
1005002168321062
32960177628
32298092914
1005002382012697
1005002491378369
32994036377
1005001489574246
4001139741110
1005001369075448
32916270724
4000838026163
1005002291393535
1005001742484347
32687445494
4000841789658
1005001293499519
1005002326138839
32796147059
1005002206442811
1005002328696966
4001220893455
1005001973556177
32627621987
4000983873792
32825434555
1005001994043312
1005001895932571
32910910696
1005002258168972
1005002027491676
4000352726647
1005002452835439
4001270844149
32785347183
1005002315771783
1005002389579627
1005002289622295
1005002181407183
4000616575739
2048252880
1005002405463393
1005002413217897
4000144484450
1005002426038068
4001020359278
1005002316583262
1005001833932450
33033791645
1005001957679109
1005002364613069
1005002382220156
32974728484
4000670717318
32853945208
1005002125511635
1005001354087763
33009651465
32635565352
4001225223277
4001231541529
32516265868
1005001979639493
32824072374
1005002252044626
32918016681
4001260248082
4000837434025
1005001324542321
1005001758474088
4001156110995
32879570525
32815996266
1005002272009289
1307468485
4000196493597
32948183071
1005002238743452
4001228582993
1005001626365811
1005001997042840
1005002347050643
32571992994
33027521590
32967230812
4001031381021
1005002426344158
1005002054745584
1005002000170861
4001305010980
33005974169
1005002418344786
4001009739368
1005002316320442
4000764625823
4000985403835
4000768822859
1005002449030907
32990060270
32973421496
4001270357308
32657565890
32897476954
4001235482125
4000484946447
32450475404
32947626351
32996124829
1005002165495655
33040942751
32887632761
4001116842283
1105163665
32908583375
1005002107644766
1000001534936
32485833032
32593367044
1005001839817827
1005001323235930
4000315485933
1005002352300008
1005002271899624
1005001284793359
4001271149101
1005002305871892
4000380690457
1005002357786811
1005002475414504
4001256365809
1005002337374591
4000396019279
1005002459693519
32898821197
4001032734173
32212898889
4001332923529
4001184284967
32585021475
32396627396
1005002294007108
4000842614833
1005001726680485
1005001849618488
33005986072
32576804928
1005001705392472
1005001927904993
33043578865
1005002192556203
4000156682740
32250322782
1005001971573166
4001084987220
4000648653994
1005001880946565
4000242217852
1005002409614573
1005001550685507
1005001736415420
4001120186369
4000173064526
1005001458374390
1005001962830009
1005002037166617
4001228788076
4000057281340
32954831353
1005002371519880
1005002383117955
32769575803
32911534083
32850259130
32648473024
1005001779564429
1005001889722786
1005002281750897
1005002430628383
33026551757
33057863491
1005001612732484
32887285069
4000533258193
1005001519273254
32990961341
32534421144
1005002010819223
4001241255224
1005001453360718
4000354313833
32880034122
1005002050472248
4001153199394
1005001854498623
1005001381347072
2029971238
32866247533
4000232646751
1005002466054879
1005001525273833
1005002008030699
1005002205733836
32929082158
1897552845
1005002208207060
1005001265191410
1005002062247355
1005001638993789
32530160549
4000243275432
1005001769786810
32909878410
32956332309
1005002214337315
4001017131379
4001226937271
4000809296050
1005001305371221
4001086557652
1005002207904388
1005002326263172
1005002069536531
1005001616393102
4001167968041
32649991745
1005002467955817
1005002314342465
1005001353691997
32789925208
1005001380792795
1005001851142267
4001220788339
4001205885140
1005002326410065
1005002433939273
1005001525245000
1000008133486
1005001655484554
1005001370184386
32896700489
1005001558523206
1005002314929712
1005002347359907
32860775543
32503590942
1005001586319954
1005002346758675
1005002387215929
4000726682819
4000349105834
4001350372870
1005001411929488
1005002423822243
1005002483735696
4000576217746
1005001330742094
4000436791198
32872307925
1005001835024119
1005001745365698
1005002243888243
4000171389191
4001175631560
4001088935181
1005001656751066
1005002350673741
1005001971515044
1005001798374046
1005002301205816
1005001889747080
32921031539
1005002166348357
1005001984809433
1005002322584699
32994073858
1005002411496339
33008655005
1005001754522172
1005002166969945
4000259254902
1005001540774997
1005001325791233
1005001501388292
1005002306440829
4001085304480
1005001855525229
4000183316007
1005001560149509
1005001888094174
4000011222945
4000223806970
1005001779576542
4000341781839
32965178922
1005001576395620
4001042536572
1005001399223098
4000185911763
32888941246
1005002117281462
1755218379
1005001365617627
4001115269645
1005002233658073
1005001882188119
32966973688
1005002423464977
1005002388718772
1005001719104503
1005001972744479
1005002301217931
1005002497760625
1005002170856082
1005002162213330
1005001810834814
1005002337570917
4001238469252
1005001369836032
32974675581
1005002317834333
32919274635
4000437485947
4001299581502
32795826576
1005002321663988
1005002316379483
32837654173
32855880031
1005001972494527
1005001976822392
4000443147437
1005002197848327
4000003617864
1005002424214862
4000548426807
1005002206405849
33016746254
1005001333078873
1005002110949810
4001162674327
4000505106319
1005002434783891
1005002259131986
32985179041
4001294159808
1005001474387214
1005002113577541
1005001774245517
32888290601
1005002449007448
32969061818
1005001389345564
4001125838907
1005002052403757
1005002482652655
33052812731
4000662692701
1005002393173140
1005002068518924
1005002468106241
32842946685
32971977268
1005002247049571
32391606125
33030093637
32898047590
32675666377
4000964429188
4000118978832
32848300146
1005002484881435
1005002340240412
1005002272348360
32820087984
32882427639
1005002047452326
1005001364688206
1005002215558681
1005002398833363
33046163157
33001341660
32830338743
32810148408
4000116425923
1005002329690356
32363516313
1005002192330707
1005002292174182
1005002081995135
32855001544
1005001789678277
1005002300245984
1005001425420204
32970670613
32890574715
4000495228635
1005002378007124
32888887894
4001275660942
32977988122
1005001656901163
32697949743
1005002414405061
10000136491610
10000055719197
1005001429133061
1005002383096769
4000507165193
32858676116
4000019822504
1005001966622207
1005002161371720
4000955702238
1005001477958853
4000429737968
4000443982472
1005001780961601
1005001602399298
33047712730
1005001728431155
1005002327697761
33051332950
32257788202
1005001337587833
32902367019
1005002228249572
33017230146
4001218903978
1005001930810589
1005002027037445
1005001868491666
1005001990583508
1005001470035486
32816730433
1005002428009884
4000715683446
4001226128256
32349260406
32763577624
1005001495114104
4000365705412
32875014822
1005002474904830
4000203746292
32861545337
4001257852314
32888714348
4001263672170
1005002453465046
4001108811442
1005002404542957
1005002128112556
1005002348205712
32821770326
1005002368239699
1005001688223781
1005002484858889
32937150568
4000958840917
1005002482959875
32655270393
1005001664493710
1005002316316865
1005002274055062
33011893467
4000522187633
4001339840177
32749060400
1005001530218217
1005002282752271
33003072500
1005001315382018
32831436469
1005002331770934
1005002310571376
1005002119052049
1005002449279626
1005001408373207
32846966112
32690345682
33029131874
1005001666213700
1005002315844675
1005001546976766
4000953916161
32492346413
32880449384
32887635101
4000840318279
1005001656847390
1005001430232266
1005002231693384
32888057020
4001238036601
1005001314528303
1005002311921762
1005002283468751
1005001966366264
1005001309366871
32975786789
4000777806921
4001209332464
32867486600
1005002448572550
4000893803772
4000131616150
4000483937153
32913566032
1005002453032312
33048144951
1005002246120164
32653550816
1005001812510393
4001171642861
1005001286328800
4001177315429
4000505334046
1005001463693571
1005001537103463
4000192831767
1005002023931118
1005001490846193
1005002371943407
33038933347
1005001587474118
4001173805162
1005002413406529
33048349887
33064035031
32789082679
4000262553825
1005002280578951
32859355274
1005001455964538
4001339613485
4000857380082
1005002330169199
32353957158
4001263077354
32836477436
1005002070598819
32838555642
4000240727049
32280375408
33023193811
32983920981
1005002484229793
4000380829304
4000022432512
1005001452785868
1005002333288829
32714764415
32644080373
1005001447079956
33015188834
1005001511002027
1005001989163461
1005002381934439
1005001780112851
4000034707386
4000203564523
1005002389181361
4001326956486
1005002331201344
1005002350750134
1884049768
32289124095
32962231226
4001230259850
32916152707
4001100534197
4001179304020
1005002348448828
4000843652970
1005002453247565
1005002440570839
1005001901116074
1005002350110837
32717918635
32881550070
4001091424362
1005002434371990
4000308155485
1005001775379114
4001103940560
1005002143115004
32855730363
4000402454571
4000983143561
4001174462613
1005001942805972
1005001891175969
1005002413320825
1005001585266253
1005001670732990
1005002350811186
33027009687
32811196605
4001239803227
1005001948549018
1005001487928550
1005002370535471
1005002323330062
4001051868541
4001023949363
32883229954
1005001519697167
1005002207021420
1005002312490588
4000888849094
1005001736630020
1005001878536654
32812928715
10000002340042
33021520582
2027428958
33046997308
4000685891101
1005002072601018
4000278936372
32834825871
1005001616186399
1005001627009317
1005001339025667
4001239202516
32816998630
1005002109098183
4001080193706
1005001893462386
1005002499238884
1005002390668393
4000897658963
4000990985382
1005002467274051
1005002499225253
1005002371926271
4000096468044
32981946415
1005001480016649
4000777670536
32857084777
4000558073993
32856818915
1005002006428950
33012968588
1005002358755064
1005002380848263
4000865429166
4000928413353
32793328556
1005002164933189
4000990485381
1005001826866710
1005001931915743
4001095090993
1005002340006261
1005001901137017
32737245070
4000784513093
1005001325439747
1005002482706091
1005002272946099
32946384904
1005002191419723
1005002190628241
4000842962716
32420800286
1005001937501916
4001118385737
33006746212
1005002479504767
1005001374535275
4001119960104
32376098272
1005001953453044
32802825860
1005002420810268
32950710642
4000306581638
1005001737993074
4000704115365
32763483038
1005001842935484
1005002399627255
1005001685782031
32959980783
4000758760528
32932352664
4000330090126
4001232582849
4000595731414
1005002459333962
1005001586421348
1005002318814180
32787084449
32903456689
4001229102801
1005001556038693
32995052358
33013867214
1005001474743229
1005002064830979
1005002260353096
32923227529
1005002253804259
1005002425165277
4001278628391
32977199908
1005001765066300
1005002316043659
1005001459633691
1005001615928460
32962404959
1005002258570286
33026630761
1005001716700739
32812238967
4001107200762
1005002419686271
32845111998
10000308690716
32983222355
1005002390051833
1005002490718489
1005002357930175
32953868172
1005002394747454
4000054648842
1005001889672661
32843061211
1005002170728546
1005002304475778
1005002231681355
32999563678
1005001959939405
33003779670
1005002450583408
1005002355709105
1005001533858028
1005002293471229
1005001732252046
1005001553771100
4001340180696
33016049764
1005001619822225
33027816704
1005001828277516
4000763530741
32895090012
1005001639974732
1005002488435063
1005002022077820
1005002094023844
32782232814
32878437988
1005002311835184
1005002015489278
1005002261955937
1005001783096294
4000543364678
4000319221828
4001045303418
32380252711
32793621586
1005001732354600
32980756371
1005002302368136
1005002254865723
4000986980179
32893733744
1005001831644176
4000937773836
32949355594
4000534392292
1005002459881509
1005002432660870
33030002790
33012350697
549304011
1005001580130062
1005001393513232
1005001988911369
1005002455124994
1005001935096965
1005002240041656
1005002003354635
1005001936240349
1005001514563986
4001253029166
1005001770132764
1005002463113807
4000382114029
4001282564063
10050020599740281005001597650336
32845542631
32849254492
32642483687
32958441141
1005002035067198
32909945886
1005002315544891
1005002244610148
32529742474
1005002264924872
1005002370589115
32821443296
4000488733990
1005002287321432
1005001616169436
32230027966
1005002235250026
32806565110
4000934264253
1005002214903104
1005002396762382
1005002310889979
4000492447357
1005002413616571
4001162054240
4000773092057
32864104496
4000301281682
1005001998316760
4001089699260
1005001792136006
33056191740
4000928594253
1005002344287743
33030158351
1005001351511762
32715423275
1005001946678161
1005002294047316
32666465787
1005001560648107
1005002314348520
1005002396113070
1005001603367423
1005002238213138
4001243405814
32904380466
32953718927
1005002395162989
1005002442779380
33003780707
4000427691112
1005001814188238
32993348907
32886308061
1005001598251016
32868110043
1005001523730306
32847344010
32831207898
1005001333916862
32891132235
1005001498903802
1005001441390138
4000859975857
1005001983228009
1005002427866463
1005002247595452
1005001637503671
1005002390036151
1005002363393245
1005002314252812
4001014090335
32954957824
1005001693349106
1005002079568327
1005002199375555
4000865066105
1005002323527343
4001212213916
1005002175208180
1005002037353029
32789670585
1005002447911662
32810179590
10000413981611
1005002473213146
4001147514265
1005002314294845
1005002347155543
1005001914969113
1005002180287456
1731971632
4000100272285
33027509725
4001280547437
1005002179669742
4000193289110
32485746242
33006458766
1005002314232040
1005001411687174
4000999812384
4000241766224
33004813299
4001106233840
1005002100119843
1005001426667283
32915364444
4000561752074
1005001995839121
4000211263783
1005002275571702
1005001368214239
