1005002452873859
32895130692
1005002039783067
33005368137
4001331520190
1005002330373328
32407132094
4000786573098
1005001386431638
1005001929407788
1005002295297650
1005001609237156
1005001316214884
32940604111
32586227113
1005002317075203
32841040713
33037408508
4001009357628
1005002350681758
32951673369
32983503885
1005001406737144
1005002322611933
32585662276
1005001976328982
1005001934648109
32981419078
1005002354268562
1005002454288274
4001314372331
1005002118962284
32805348186
32877096094
32957147887
1005002050565246
32857189013
1005002051169700
4001239882257
4000585521813
1005001947626174
1005002346186351
32701511331
1005001325340493
1005002273327698
32887685064
1005002052143577
1005002361963137
4000969251505
1005002446687204
1005002228370782
1005002324285222
1005002230101872
1005002340853267
32965345709
1005001814774314
32842947009
4001254544522
4000084551390
4000498339981
32918114152
32956088258
4000849944530
1005001633780459
4000015377546
1005002336191811
1005001907094395
1005002261283977
1005001834280645
4000889590718
32724443293
1005001326191292
1005001813585016
1005002438693279
1005002336513679
32814200732
10000383510936
32894370152
32676212171
1005001906095298
1005001707686596
32919502407
32917607749
1005002484146013
32825270625
32957741371
4000019002688
4001158296720
33004339703
1005002426306807
4000410859257
4001256959949
1005002122251452
1926012907
1005002276734471
1005002347385894
1005002147493027
1005001565553725
1005001994321812
32620344958
4000160465024
1005001726532835
1005001530711188
32700122083
32953484256
1005001305413130
1005001350114455
1005001698620766
1005002244188773
1005002376488588
1005002466108571
1005002465763826
4000203729724
1005001489279907
1005001953131309
32963896374
4000368152405
1005001632651335
1005001878774286
32851162315
1005002356749400
1005002361913195
4000768870222
32966898583
1479938080
1005001626090717
4001235874911
4001272291324
4001035312471
32888717415
4001165863504
32899721915
1005001789292738
1005001699521883
1005002268005004
1005001470930727
33017102228
1005002255108357
1005002264153321
4000537970902
4000453464247
1005002360155399
4000341519965
4000683766529
1005001833612938
1005002383063243
1005001850019299
32960326639
4001262815854
32982127526
1005001893441249
1005002410873452
1005002470046567
1005002263616134
32628666484
1005002313188658
1005002387851607
4000009594241
32992170629
33032850235
4001331533425
4001324896399
32567064329
4000272140945
1005002383933063
1005002370081867
32982247217
32592394771
32346623160
4000294617600
1005001943060316
10000415924195
32949227768
4001189092101
4000744358770
4001137757334
4001313947574
1005001687456606
32938067901
1005002287160639
32904625467
33008652503
33038600214
32821745609
4000691290357
1005001298815232
4000492332362
1005001639623663
33019958247
1005001934461842
1005001325433091
1005002252152840
1005001725716091
4000812503556
1005002409601478
1005002353371550
4000626122364
4000157524450
32899399714
4000570032676
32982560171
4001058030280
1005002271188121
4000597338224
1005001441344541
4001228664527
1005002311788580
1005001878048924
1005002492386085
1005002337634570
4001052111128
1005001324461710
33006924101
4001188721661
1005002339444628
1005001818854111
32818030802
4000726739495
32891084935
1005002070120631
4000773789688
32871955046
1005002315707937
4000492720208
33000249376
1005001503717786
32921930019
4000739452521
1005002264565508
32919482538
32833783724
1005001834449875
32989673531
1005001990213617
10000374516880
4000579697174
33051068331
1005001506441951
32906205050
32796282017
32591173234
1005002381153291
1005002377174268
1005002034801348
1005002060589739
1005001937452948
32884780475
1005001942846909
32934367009
32319893650
1005002306693412
1005002085044783
32574401912
4000252743957
32595689430
1005001700284854
32810459466
1005002323839125
1005002378671813
32918090406
1005001908627221
4000396105252
32566779780
4000009585936
32966096349
32789576764
4001245734232
1005001867259772
1005002371960301
4000335550634
2020875042
4000204371628
1005002245861544
1005002362612432
1005002362950492
4000789109270
1005001987168386
1005002312056795
1005002433879881
4000176715454
4001123331207
1005002011579146
1005002276408349
33007986748
1005002245977775
1005002202087028
1005002315021934
1005001958812334
32982803121
4001201463223
1005002322423571
1005002292722749
4000927272230
4000803497154
4000122153206
1005002460526901
32861576170
1005002313871439
1005002295620076
1005002459712050
32993482370
1005001818462570
4001290476892
32374359520
1005002348164967
32974941618
1005002258683057
1005002256611391
4000917351172
1290447158
1005002311494091
1005001763731513
1005002395398946
33012211830
1005002315219361
32813280935
4001268942711
1005002485203806
4001037059891
1005001781763352
32918894910
1005002204293724
1005001982816065
32914902799
1005001836348696
1005002327719559
4001045120979
4001299188828
32529152407
32888244370
1005001650901822
4000346131573
1005002457940299
4000050372984
1005002428445216
32990593506
1005001867331402
1005002310908404
1005001756444834
4001094954696
1005002405459463
4001275636119
4000340706151
1005002004328363
32921892142
32942879225
32655225561
4000296668658
4001249827497
1005002367754955
4001178705253
4001335424692
1005002435493139
1005001895278498
1005001906607553
1005002219942986
4000569620527
4000703965258
1005002470016819
1005002387157746
4000847845462
4000214901654
1005002191774453
1005002001285987
1005002170845984
1005001987466234
32780784660
1005002394352215
4000313550488
1005001570325302
1005002317376511
1005002250699104
1005002112756285
4001321519061
4000018974734
33052837997
2017511573
4000533117699
1005001630858108
1005002021949966
4001096235969
1005002278777620
1005002191395176
32907597854
1005001334085558
32886106393
1005002333575843
4001250464591
32882486423
1005002112531681
4001291497692
4000574776299
4001109950368
1005002438605378
1005002466987851
1005002253342554
1005002006172424
1005002271856304
1005001954839731
4001139492418
1005002424633631
4001300624849
1005002345688624
32800407729
32814937864
32602917933
32833577155
1005002329056595
1005001269936122
33027509723
1005001592211869
1005002314175297
33063143288
1005002259336920
1005002282647411
33021042102
10000162794922
1005001705643661
4001274363081
1005002366149073
1005002281934353
4001239897566
32664256577
4000155662319
1005001463346395
32947949782
32891391141
1005001286801390
1005002000486528
1005002012974030
4001098585181
1005002159498910
1005001556102460
32915678747
1005002336582811
32855597705
1005001860481694
32997088450
1000008316227
1005002241665486
1005001660003914
1005002233308406
4000005387222
32819278923
1005002475311316
1005001928628158
1005002336970834
1005001297412124
4001161683284
33047922206
32967399044
1005001894124155
1005001566020211
1005002114946224
1005001981101028
946955662
1005001631016282
1005002047607550
1005002314341282
1005002091480933
1005001580202734
1005002275643238
1005001733867369
1005002381330866
4000836206698
1005002021628682
1005002281891437
4001327901497
1005002277426689
1005001640268767
4001085118443
4000475489519
4001061589867
1005002054290223
1005001854966682
32922136169
1005001955032087
32859157498
1005002424229654
4001248551730
32819531995
1005002314343974
32965347543
1005001759832066
4001080342054
1005002180926602
4000247469412
32975713400
1005002280966448
4000491891693
32871881957
1005002298740959
4001045229066
33020805223
1005002199227314
1005001731427945
32884876101
1005002352156747
4000864612918
1005002413391633
1005002288531490
1005001635585395
32896753279
4000976645313
32850937504
1005001450969343
32883898258
1005001375912152
1005002399821259
4001192365225
32978706261
32848730251
1005001780568187
1005002246109784
1000008448851
32819509665
4000268825831
4001035465204
1005001973630113
1005001947641833
32906436302
32717743436
1005002394849340
1005001692225723
4001204647560
1005002399542514
1005001982459049
4001274475959
4000849902418
4000054168301
1005002433703524
1005001310229335
4000819902365
32859426904
1005001704082289
32918796984
32949166461
1005001640338572
32669545597
1005002382044596
33060044107
1005002108303746
1005002287713769
1005002283068665
33016070421
4001225112796
4001365407457
4000372429259
4001107474701
32911101799
1005002337806335
1005002375219496
1005001380269862
1005001382381750
4001081630183
1569515655
4000912978866
1005002305056127
1005002323825525
1005002499934734
4000142090199
33045796451
4000837646548
32245635797
4000320267354
1005002321883063
4001233472921
1005002276246277
32967150195
1005002304663323
1005001302873566
32673156788
1005002372141862
1005002454263248
4000009562134
1005002247746083
1005002058957876
1005002465516242
1005002234830979
1005002352191266
1005001988784900
4001272586059
4001136095448
1005001518166845
32252571596
33040153514
1005001724941359
1005002316093242
1005002436441526
1005002022585977
1005002081899356
1005001686196325
4000074061989
1005001934926913
1005002269105667
1005002268165599
1005002428368698
1005002328628771
1005001332940128
1005001488831317
1005001934685528
1005002340430454
1005002346364461
32883653279
1149541575
1005002019121777
4001145820518
1005001304235307
1005001738272568
33051210671
1005002240723230
10000262165639
1005002059024122
1005001521563902
1005001509910129
4001100421969
1005002066540689
4001247479680
1005002331347189
1005002311490024
1005002283843693
32877650365
1005001968395054
4001179805310
1005002233908219
4001050268477
1005002070680545
1005001948818859
32920405606
32566912929
1005001654850020
1005002448889897
1005002215323955
1005001441376174
1005001333982523
1005001295507112
32921828473
1005002356615666
1005002208595479
1005002239962388
1005002314408182
1005002304691277
33005934791
4000836126412
4000743922483
32951675188
4000976795552
4000410123214
1005001344773462
1005002291820855
32998650427
1005002243254765
4000087703585
1005001379612490
33008825544
1005002325317763
32819769393
32272692385
4000966214713
1005002433574128
32975577668
1005002323254972
4000022408682
1005002108756310
33030026187
1005002396115771
4000067322196
1005002341646651
1005001921145141
32993961839
4000975809207
1005002419590728
1005002292127782
1005001851598493
32808916476
32963771198
4001048105462
1005002254489867
4001062386398
1005001566306321
1005001360458465
1005002292260530
1005002473576723
1005002244027655
32866814665
32993461712
1005002316616290
4000922215455
1005002289383287
4001179345911
4001017521766
1005001453238234
1005001577040644
1005001693101540
4000691110830
1005001493310400
4000609418508
4000990860630
32951269398
4001194117744
1005001451434748
4000923511288
33023485474
1005002259366855
32904340273
4001153218288
4000890367758
32822182444
1005001901166030
32848136050
1005002253462665
1005002259248488
914815911
4000076932808
1005001603856911
1005001821558013
1005002239430068
4000346463830
4000158153637
1005001975238274
1005001421399217
1005001286699908
1005002395227699
1005001607480819
4001009541644
4000863836189
1005002309961065
32959513665
4000193201022
1005001274057745
32984746650
4001059163835
32844368980
2005108822
1005002372876064
32955455248
32828182223
1005001816946604
33031526512
4000171534128
33030860406
1005002363187610
1005002232344975
32833695319
4001099213270
4000837340189
1005002314390631
1005002316822920
1005002398504274
1005001798755221
32965836526
1005002323169426
1005001688831306
4000546008875
4001124783964
1005001494349416
1005002315471352
33034156514
32678373765
1005002391432337
1005001270846145
1005002125666082
1005002028866073
1005001355453010
4000229773437
1005001666306063
32229108946
4001156553087
1005001738108486
1005001762109388
1005001478159905
4001199286171
1005001431169083
32418986512
1005002488242088
1005001525354536
1005001786673847
4000941535363
1005002491013025
4001023399289
32777445394
4000222294614
32982925815
1005002361348272
1005002272063835
4000205603381
1005001439126726
1005001527043958
1005001493321883
1005002468456107
4000987329988
1005002237931975
4001203162492
1005002370655389
4001111720769
1005002289050597
32997358294
1005001445908165
4000995316824
1005001983154818
1005002291539279
32921412553
4001346005147
1005001793165343
32616562610
32953624777
32891016605
32967504701
4000282835608
1005001680488796
1005001749084752
32374278876
32779691226
4000273855636
32929376429
33038859345
4001130558355
4000383454136
1005001833745735
33025454960
1005001621593931
1743741337
1005002199361614
1005001579447204
4000366126761
1005002355469121
32954073360
4001299048571
32859284715
1005002385845606
1005002046558564
1005001286196421
4000365026698
1005001839513572
32854855663
1005001572760209
1005001868535769
1005002500442313
1005001562593292
1005002056935588
1005001470787062
1005002388427112
1005001812512515
33009125386
32841915915
1005002377596088
33006720028
10000336093123
32818190872
32963767457
1005002119020577
32753832484
4000974461128
32901014407
1005002175950252
4000077189610
1850039762
1005001278274750
32937419796
1005002266438124
4001262425525
32845632095
32971386410
10000402129365
32983734239
1005001844013446
1005001521644487
1005002277923850
32989430926
1005001863981845
1005001366191090
4000832297820
4000945220478
1005002277544658
32854150734
32768885066
1005002475373218
1005002372456530
33056599645
32925655290
1005002008494189
4000055295262
1005002151695439
4000342253787
13609600351005001584456770
1005002245233375
1005001889243569
32994526532
33044672471
4000406259159
4000322323493
1005002122079181
1005001456745686
33004788550
1005001763114816
32950709175
1005001781956584
1005002357661042
32755771822
33052445818
4001344204272
1005002366483888
1005001893329282
1005002248775174
1005001954819872
33004149204
4000792894398
1005001695822012
1005001907341783
1005002165148635
4001335495533
32898085166
1005001591871450
1005001859419483
1005001591192876
1005001329659948
4000398431820
32828392200
1005001644472663
1005002478782698
1005001998501721
2055445311
1005001780665013
1005002324016119
4000540894520
4000777708524
32801051594
1005002295061179
1005002437506969
1005002477618820
32963897182
1005001789402485
1005002326492882
1005002267549397
1005001450372159
4001296190617
4000525834266
4000811247430
33064291863
1005001802811732
32914284417
32844459596
4000719435388
1005001975726638
32875369831
4001238812087
1005002346020205
1005002211575787
4001021792631
32922358489
32914960027
1005002490472227
32960143341
1005001863929858
1005001847101472
4000248800237
32955052125
1005002388527223
32864495121
1005001693526883
1005002282325716
4000459640619
32321432038
1005001337855591
1005002080362938
4001212190667
1005002224167962
1005001534385042
32836307680
1005002397934430
32842971535
32901105983
1005002219404361
33029593473
1005002462413731
1000006646752
1005001525391635
4000503945764
4000627157996
1005002219468581
1005001803670250
1005001626490277
33026206390
4001165940131
32947913506
1005002376490801
1005002480497388
4000726188926
4000576483175
32834975388
32303897271
4001212569434
4001078338244
1005001303298635
1005002122440472
1005001429600733
32951671835
32898442127
32558860357
4001271718338
1005001639773059
4001155415943
1005001429200078
1005002408493777
32890198042
33028394635
4001150784265
10000138620449
1005002411221132
4000960657058
4000642266576
4000586053581
1005002296643538
1005002065972063
1005001688127402
1005002233341521
1005002461828425
32310631750
1005002359784474
32828611785
1005002347928090
1938230430
1005001813127698
32289004998
32946004455
1005002367514357
32334549884
32808513734
1005002324051742
1005001324919700
1005002404788715
32847933279
4001239919786
32864638189
32842836763
1005001670993049
1005002314224760
32898711221
4000857111985
1005002115849453
32671602325
32756806422
1005002024624701
4001156378000
1005001297343318
1005002371338291
32442688378
4001002484812
4000176412873
1005002413708513
1005002259943141
33057811121
4000383150024
1005002428402013
1005001267407893
4001251145705
1005001994600479
4001111366886
1005002348163794
4001151123321
4001130792464
32988020960
1005002072298436
32908404870
1005001848809770
32896954905
4000049227170
1005002210724951
32862464740
4000843342482
1005001592728601
4000670188495
32961555686
4001271308149
4000040190786
1005002016742671
1005001992113275
1005002487769712
4001228546671
1005001666377268
1005001623038425
32869593609
4001132815601
1005001653161300
4001237885362
4000849908424
32894873176
1005002212898115
4000780023341
32849342644
1005001626281401
4000407367240
1296824719
4000474207419
1005002052217910
33032006602
1005001441441291
1005002227437670
1005002190120943
4001132626019
1005002233742922
1005002329963317
4000248639306
1005002314313386
4001054226982
4000249789868
1005002245897707
1005002363293091
1005002372706589
1005001354241163
33047149309
32842703050
1005002283631765
1005002356132863
1005002333960244
4001281057203
1005001779244920
32967020931
32952970824
1005002268961353
1005001273325278
1005001884756868
32915626270
1005001627638550
32930668291
32781076341
32881441349
32963830911
1005001305253934
32894830792
1005001653499733
1005002482709014
1005001742163571
1005001747888355
1005002311861309
1005002399806063
32893827805
4001199625050
4001308149082
32961794006
4000418474160
32877208352
4001027689223
1005001460496371
4000258061925
33007802430
4000892961376
1005002345752653
4000415012446
1005002124968623
1005002468849327
32996686607
4000699087536
1005001941041496
4001201008680
32941708066
1005001474147919
4000966661138
1005002372742485
1005001333527237
1005001727565585
1005002267475149
1005002133709511
1005002037485239
4000638404773
4001228509955
1005002241267948
1005001441332660
1005001715361296
4000905721062
1005002314511001
1005001872959031
32810984453
1005001303530289
32844146365
4001211890243
32702897249
1005001464966455
4000064017795
1005002196865700
33057050053
1005001506510386
32853555977
4001032684699
1005002286512126
32977048328
1005002418916741
1005002275735353
32570553918
1005002420266136
1005002342675021
1005001329859260
4001178423680
1005002353583566
4000776769816
1005001643506561
1005001855374997
1005002070551326
1005001726135245
1005002321200576
32842118567
32957488548
763305377
1005002332149671
4000768385059
1005001403921190
1696535750
4000807416162
32860483431
4000865367870
1000008312528
4000642817160
1005002008522699
1005002417738390
1005002110091880
4001088928496
1005001457373427
1005002206282322
1005002318864287
4000471635940
4000107379565
1005001900191528
4001277677648
4001248447593
1005001482657066
1005002395168424
1005001762878683
1005001672561063
33036288001
1005002110838791
1005001296258783
32993105963
1005002262461327
32741909646
32946620595
4000786475675
1005001580847522
1005001579110558
4001306556870
4000996710705
1005002313709446
1005001588642710
1005001453527143
1005002425847135
1005002304221340
32904209811
32804924483
1005002392211705
1005001345342330
1005002419109688
32558006940
33057122447
1005002448205768
4000131350166
4000920410407
1005002297359165
1005001926728374
1005001515520574
33018797181
4000339662335
1005002460943457
4001178236648
1005001850004418
1005002323385121
32989215253
1005001646073267
1005001448864864
1005002078493857
1005002454040302
32803955163
32819381320
1005001979450391
1005001652167354
32979329703
1005001439123459
1005001640432984
4000190901318
4000545745480
32856808175
1005002488978363
1005002390871590
1005002424519293
1005002357201705
32949129555
1005001952520880
4000234155663
32892279061
1005002386763653
1005002443521069
1005001405544239
10000314353227
1005002466245223
4000511655364
4001031993932
32811272273
32846757168
32731557867
32467149323
1005002150839569
1005001367861894
1005001583004594
33022989400
4001347240658
4000704810023
32700360679
1005001632736808
1005001780517046
1005001736638854
32770804766
1005002420757872
1005002285527987
32906276546
32877650320
4000334827322
1005001585445153
1005002495715762
1005001830342197
1005001998595775
1005001406997578
32949986532
4000126725826
1005001695513369
1005002327055954
1005002336547081
4001263761261
10000125936960
32854939013
4001083792464
32963605806
1005001594142713
1005002472094749
1005002018526914
33027539414
1005002384587258
32961819376
33005885803
4000189602541
1005001468382984
4001150805371
1005002021437686
4000167714376
1005001470863766
1005001844027663
1005002287322163
32951208063
32907926724
1005002314238491
4001214293167
1005001495740776
1005001603347843
1005002362905137
1005002356679690
1005002082292666
10000384981585
1005002210849034
33015130582
4000763656510
4000933479035
32846270620
32851853019
1005001957161401
32703334019
1005002342762391
4000078513340
32793105494
1005001557212889
1005002322404061
32914502982
1005002295420700
33046216782
1005001330819427
1005002369396096
1979321314
32689411999
33006180749
1005001270191012
1005001814069394
32987952867
1005001619634423
1005002310618383
10000128108200
1005002287595396
4000315250978
4000934133210
32950640514
4001147904763
1005002316735637
32977446649
1005001298380065
1005001413064073
4000915552894
4001171789644
1005001860020159
32701403846
1005001631307909
4000967103102
1005001953141220
1005002364844904
33000050106
4000682300119
4000548794918
32970110438
4000849995011
32944161810
1005001355872706
32860115636
4000776822075
32615917151
1005001405312552
1005002282498009
32844594070
32749757375
1005002180023310
32988089639
32889365725
1005002110609517
4000179829371
1005002229511356
4000955899386
32736279181
4000231989891
4000840973256
1005001983042281
1005002313663426
1005001807406689
4000003955551
1005001876637517
32854240941
33002877980
32818458168
4000867371448
4000979068498
4000021872493
1005002433326677
4000788132054
1005001476128212
4000011424216
1005001598974634
4001214157150
32836165973
1005001927242889
4000013958952
32815836184
1005001835423764
1005002388946448
1005002281304221
1005002315240317
1005001700822251
32867548004
1005002353877414
32918525525
1005002320291150
32820434247
32995612945
1005002408411095
1005001587538477
32832610061
4000294051474
33048774875
32784569387
33009653613
1005002307474667
1005002143466217
32900445281
1005001632489630
32837720669
1005002351915193
1005002346429586
4001125628413
4000516050505
1005002468977366
32968124989
32920370635
1005002288980165
1005002062090011
1005002038788926
1005001477809278
32851035479
33011391897
1005001817845456
4000801577459
1005001864204576
1005002211154257
1005001417412151
1005002250165856
1005002204090097
4000842620810
1005002443108319
32702223825
1005001670324965
1005002059752447
4001358786048
32761544955
32967412577
33021271813
1005002434817064
32909979341
1005002305697907
1005002363555893
1005001402144109
33012431150
4000258362652
4001227397880
33005863025
1005001296317933
1005002425736835
32883737102
32863979809
32846824523
4001297214797
1005001497467150
1005001567314051
1005002062904775
4000302095957
1005001891708433
4000698309551
1005002307369520
1005001525413451
1424204156
1005001380846185
32435339604
1005002399829749
4001349653063
1005001883311954
1005002223971291
32979522116
1005001315342615
32715610374
32992822529
32981160842
1005001817061459
1005001809140775
1005002278000633
1005002196601752
1005001882374458
4000308360866
33025454041
33019291680
32638944487
32830091138
32708587046
4000608092115
1005002244747651
1005002401476375
32575773394
4000035620857
1005001657049315
4000291654203
4001225268449
4000567654552
32885129307
1005001704243287
1005001436416280
1005001685491530
1005002246351373
1005002285948092
32943361291
32299838462
1005001795824710
32863489787
1005002289679433
32875691702
32795525679
33014118638
32900791218
1005002324718165
1005002427519877
33009994873
1005001928271563
32950716151
1005001646199381
4001065966634
1005002260998143
1005002489903575
32813746134
1005002355649913
1005002292973885
32609870042
1005002462562599
1005002170782451
4001155210957
4000989898479
1005002482902914
4000766620331
1005002038211453
1005001280120452
1005001587459568
1005002125100084
1005002398727980
32972284807
33005483058
1005001901200096
32724712466
4000192272504
1005001966421331
32863366672
4001163015456
4000906790633
32862100748
4000275129912
32899770761
1005002409864293
33026570627
4001002572445
1005002258358411
33042071232
32688885274
1005001355049208
32834360526
4001209952923
1005002357284023
32813438708
4000859150009
32571069917
1005002325078955
4000264159083
33040232632
32951799857
32790209474
4000320577115
32812911186
1005002258664819
32806399913
4000068536309
4000463909035
1005002129110243
1005002483401956
1005001602155033
1005002428246986
32854122838
4000625733438
4001112580480
1005002344606701
4000725233714
1005002368374010
4001302411408
32852514206
1005002233861105
32967801088
32796411059
4001131111151
32997999608
1005002267926803
32794215938
1005002260369428
1005002267931429
1005001600027518
4000975521331
1005002122094061
32790377780
1005002393604212
1005001864195032
1005002344214952
32961845115
32799803031
1005001510437680
1005002467034425
1005002288775466
1005002316881390
4001278395873
1005002262463110
32958340177
1005001561523341
1005002342477562
1005002450824048
33011019699
4000793551237
4000077780306
32955260516
4001290322523
4000899196746
1005001589091867
32483252061
4001010984001
1005002324820421
1005001315965024
1005002265087945
1005002239796559
1005001818348976
32822206476
1005001988498279
4001206410982
4000824394707
1005002313908953
1005002347237166
1005001425051114
32598703216
912695825
1005001736403452
4000785251215
4001335890264
4000781056310
1005001556946882
32891555695
32870743836
33060204180
1005001682877293
1005001265554379
4000926860826
1005002277717181
1005002244485597
4000876983780
1005002412852608
4000742339427
32912698402
32350886546
1005001450905809
32896895962
1005001657558122
32729184911
32957373263
33024106667
4001187043184
1005002434314204
1005002120844025
32983346307
1005002361972301
32809744625
1005001461931384
4001176153784
1005002206843037
32800376222
1686926592
4000780096909
1005002328522500
32973904014
1005002443930399
1005001502010261
32889584126
1005001405801088
1005001541213087
1005001303871872
1005001724197178
1005002380924440
4001203166860
1005001348543779
4001060897393
1005002329332390
1005002427620052
32945195250
1005002039339370
32931630368
32899674768
32934603527
1005002288664922
1005002109941659
33009846631
32810912085
1005002398908736
32319357532
33021109119
1005001954873659
4000939718491
1005002281363057
4000758618732
708445530
1005002428269481
4000127333822
32960913563
1005002306241657
32857240676
1005001566357631
32973587279
32954195747
32984115630
1005001836767193
1005002203860897
4000939054972
1005002420890103
1005001906074055
4001142980589
4000496540595
4000413993816
1005002420326966
4001275687763
1005002395090140
32994580268
1005001775370100
32771154474
1005001476654303
1005002273053711
1005002344581995
32791547939
33002084702
1005002368174634
1761061268
1005001704708980
33060197734
4000495523515
1005001444773960
32753780736
1005002412848442
1005002307324703
1005002246534725
32956034120
1005001465356397
32682856777
1005002388815690
1005002310881345
32763527360
4000120534176
33026966598
4000118899761
1005001300048766
32902734331
1005001519462549
1005002266161165
1005002047507464
1005001687867386
32968875781
1005002377912310
1005002371481914
1005002319318724
1005002304796621
4000709071489
32897722884
1005001894888027
4000684668549
1005002115829553
4000160702161
1005002081278426
4000939744791
1005002481967985
4001054669802
1005001692436053
1005002381951103
4000721119406
4000940808052
1005001828810059
1005002329107606
1005001371734803
1005001633266626
4000828916583
4000988372343
4000410034004
1005002395504662
1005001865544051
32908815341
1005001960976800
1005002219293689
1005002270454850
32971513999
1005001764597101
1005001340976261
1005002463037042
1005002204332880
4000204723540
1005002139309033
1005001606461852
4001192831412
32853918917
33034485492
32979969775
1005001968617575
1005002334541167
32903627149
32647575807
1005002323732203
1005002314811851
1005002364484785
4000162448911
1005001813219643
4000596629636
1005001926498502
4000265697053
1005002042455655
33009186274
1005002398713875
32952149754
32847450644
1005001974996713
1005002305976088
1005002058069364
1005002472744050
1005001658042327
32841666685
1682614826
32781029323
32968681511
1005002321651404
1005001812161835
1005002088500459
32763658761
328532063644001238254632
4001141600834
4000507085361
1005002082498478
32958150622
1005002287012127
4001340137794
4001365655779
1005002481762026
32807954135
32868030250
1005002356135346
4000693256140
32857338640
32986292115
1005001300064774
1005001580527562
33060582596
1005002320839764
1005001999790453
4001186702085
4001268896108
4000709646863
4001136418973
1005002263757774
33049155547
4000821704472
4000379439858
32856104761
33021717138
1005001910197452
1005001465507539
1005002258858854
1005002435820042
4000927428135
1005002246140715
4000330220953
4001347323609
1005002423428414
4000695541361
10000334043622
33050079083
32687573925
4001174574628
1005002219368771
32875247339
1005001286768579
32836566552
1005001474270999
1005001831535908
1005002352849399
1005001890465068
1005002024127101
4000334319347
1005001502142104
1005002424019282
4001014260497
4001228734260
4001001974667
1005002226010334
1005002408293969
4000997085144
1005001608909855
1005002264985363
1005002438507361
4000382305992
33058523169
1005002483053465
1005002214865452
1005002291042284
4000575893158
4001358385291
32885787155
32666392177
1005002273719481
1005002267654791
1005002348423249
32430669804
32967879486
4000308269514
4000570240484
1005001406664585
4000074089026
4001015448821
32941875149
33021345852
1005002226158091
4000760902851
1005002399970283
1005002300137325
1005002377434234
1005002065098591
32861122241
4000453578269
1005002290993857
1005002345972777
1005002091365817
4001187164464
1005002175876402
1005002079137491
4000575885265
32962347193
1005001907762891
1005001494886392
32700966134
4000849877025
1005002220010117
32948454427
1005001762735352
1005002386554549
33001559136
33002562683
1005002350731883
32606918025
4001022588025
4000944279412
1005001332963356
1005002289451386
33027533466
1005001962700149
1005002265477406
4000495122770
4001097451206
1005002459073614
32977956437
1005002322383971
1005002329248016
32849002515
32952431683
4001228659102
4001287453759
4000710017208
32242062773
33002198619
4000920244760
1005002383143262
33006925915
32915042169
4000738324581
1005001870093634
1005001809776361
1005002328307261
1005001822288101
4000365164239
1005001705705356
4000349856432
1005002213465294
4000124274921
1005001873977488
1005001869442965
1005002374558613
4000210935769
4000180186077
1005002398916131
712804000
1005002273814745
32918003430
33017938097
1005002281720775
1005001656742910
32771717412
1005002301567150
1005001518634451
1005002116515812
32840914116
1005001889708969
1005002368559686
1005002362502937
1005001670850530
4000335571383
4000510369945
1005002358499250
1005001630527501
1005002224476638
1005002206830842
4000181051620
1005001859968696
1005002256668852
32813847290
1005001736388553
32950593675
4000118148679
1005002214735936
620594587
4000546069392
32709358589
4000044702890
1005002249424314
1005001930870612
1005002216057491
1005001726538551
1005002370601759
1005002462733282
1005002353399441
1005001830251784
4000030523762
32808079102
32617789745
1005001994035250
1005002333519028
32725845387
1005001640889178
33023038304
1005002129493097
33004859163
4000087392195
32994150718
1005002215458479
32940045823
1005002337380292
33042340771
32677471061
4001294327063
1005001808573103
4001307875937
32687912501
1005001821795321
32749785638
4001341909346
32580915879
32890018151
4000133186853
1005002167706801
4000039380929
1005002396786482
4000689204729
33047997697
1005001757636194
4000726058567
4001263623812
33023524055
4001251176689
4000598844707
1005001405339064
1005002330792037
4000990847547
32997620605
4000071491209
4000983398617
4001259783675
1005002084941944
4000202211843
4000218321639
4000302903401
33002123324
506629356
1932891510
32977810426
1005002314208587
33027524442
1005001980997229
32833658324
1005002359116565
32698480545
1005002260565332
32846520940
32803215034
32963398417
4000059686403
1005001639845794
10000132910038
1005002315755028
33031788048
1005001834892745
32948998069
32800647153
1005002055182807
1005002089173803
32883034670
4000295717850
1005002413471030
4001276700624
1005002496644942
32798720614
1005001564778525
1005002323225506
1005002263435136
32793085151
32755942942
1005002442540997
32920314149
32716533658
32992936787
32575873451
1005002372153818
1005002233547616
1005001459722277
1005002224689225
1005002430268592
1005001994627691
1005001998382296
1005001502360529
1005002416260125
1005002136110406
32955925965
1005002314286410
1005001541424185
4000390889091
32858438493
33027179592
33008203886
1005002416663739
33030026160
32835902099
33048281292
32999456782
33050508071
32821717583
1005002278720362
1005002298676329
1005002332059525
1005002316838276
1005001991752544
1005002045770730
32855278372
1005001437317716
4000803995656
32804297483
32822817098
1005001693602438
4000401526504
32794516609
32902343593
33016795003
32728272793
32608829145
1005001716163114
4001014248129
1005001603577145
32891262061
1005002350575777
1005002240108848
32863695991
1005001381520935
1005002331976786
32966878150
1005001365162255
1005002513380406
1005001299118867
1005002291118069
32852127067
1005002413539287
1005001648908091
4001189713447
4000295806181
1005001709034434
1005002273485137
1005002030613414
4001157062385
1005002060077638
33036611026
1005001329432230
32914116841
4000693892279
4001287009083
1005002298605064
1005002258976016
32846613916
1005001642807168
4000245647853
33050572068
1005002314807032
4000895267030
32869577166
4000850198719
33046258222
1005002322274483
1005002346595256
1005002325163210
1005001392662200
4000349866025
1005002077271583
1005002465644264
4000170247572
1005001423117567
4000493446261
4000009467746
4001296919957
4000342338311
1005002378142678
4000371038197
4001181572456
32956893211
32907392532
4000850539158
1005001572278013
32857490140
1005002314301420
4000309650212
1005002314468219
32988106206
33055759775
1005002388140842
32802806953
1005002138411655
32981742365
1005002155976521
32841711427
1005002226148040
1005002253043812
33013878539
4001317049468
1005002435588861
32948393696
1005002309660660
1005001954277622
1005001412483119
1005002243860837
4000580780871
1005001441078602
1005002171168024
4001350257351
1005001982344051
1005002259832724
33055112247
32837599523
4000155521876
4000165487678
33026770890
1005001686007279
1005001725982574
1005002348730239
32830795131
32962693731
32227833925
32810489249
1005002363502118
32999685334
1005002361919665
32886475847
1005001571689459
32851991108
1005002367237859
32979169385
32858106792
1005002412514081
32963740275
33056729410
4000960628539
4001068332411
4000045987225
1005002010222986
1005002220369308
4001240903747
1005002330497621
32406155461
1005002351229355
1005002337626818
4001133998942
1005001876832498
1005001670688377
32724947757
32793134941
1005002292504206
4000690943159
4000177949525
1005001793714055
32959086029
32643079627
1005002287375869
1005002337796468
32897828924
1005002346672789
1005001301637921
32850934340
1005002251120547
1005002412410570
4000925900033
4000923372441
32867148242
1005001588109776
32776398154
32978631097
32987804700
32828290261
4000304015188
4000627010222
32693815837
32969147476
1005001843806440
32772300822
32857952108
32947715983
1005002327925465
32975835913
1005001697690175
1005002312500128
33031554710
33021660606
4000110939350
1005001861271186
4000730505621
1005001632773597
1005001369919140
4000114204792
1005002457210386
1005002293414428
1005001824851864
1005002268341723
32822376067
1005002242483811
1005001452321075
1005002334720227
1005002443844572
4001090063679
1005002500522789
1005001835598097
4001259894254
1005002055966790
1005001977737687
1005001901796260
1005001633608536
1005001439100564
1005002085510334
1005002367633774
4000333448174
32924074227
4000816378502
32780222518
1005002122408416
1005002291307152
1005002468214443
4000041644498
33045596822
1005001532089141
4000402054168
32959647027
1005002359741740
32641399952
4000709456898
4001351207090
1005002314438758
1005002317242549
4000895562432
33059903936
4001258927791
32396663173
1005001651685097
1005001410642659
1005002074438763
32295675201
1005001646495295
1005001804247347
32797157499
4001270683256
32884631946
1005001850173899
1005001332190839
1005002494321813
32741188997
1005001893400651
4000284603982
1005001273698984
1005002443738016
1005001721906453
1005002239230588
32856331043
1005001949908450
1005002272474581
1005001309133199
4000955801353
10000395933260
4000483556280
1005002390521726
4000199565546
1005002413448359
1005002435102431
4000037289734
1005001429943388
4001230345653
1005002404378472
33037421555
4001331604599
4000058755431
4000308283976
32828930872
1005002331039034
32847954352
32971779386
32975297106
1005002072568323
4000040191303
4000186366824
32678568985
1005002383496502
1005002465895387
33004075423
4000876921603
32395596087
1005001493906256
1005001630868939
4001024662191
4000192402730
32838946110
4000106370166
1005001845383539
1005002083888751
4000152236170
4000637731419
32851600149
4000548398471
33027456653
32997360855
4000031159756
4001195498397
32882767437
4000378595164
1005001354106792
32958180880
1005002450249784
1005001302757664
1005001441367330
4000965876214
1005002401263722
1005001838537057
1005001677375851
4001220389409
4000983427751
1005002291120685
33057151027
32957498005
1005002288215202
4001029429550
1005002363213169
32676492477
4000201078004
32929170276
32891773012
1005001451506354
4000264358472
1005002425771043
4000848184299
33015811117
4000547948169
1005002498766276
32956775961
4001021018782
32894651792
4001312794731
32969402624
32958515703
4000901899175
1005002338999874
32871909630
32960097890
1005002314232871
32897836077
1005002476146201
1005001526346225
1005002105468401
4001290883488
1005002322463646
1005002200881261
1005002382439367
1005001608110905
32858750291
1005002388398176
1005002233112324
32860361016
32915182687
33045539033
4001365741469
32418030106
1005002225488766
4000213452436
4001157619204
32362339044
1005001808005643
32859474046
32647587588
4000185739963
4000960622673
1005002319370007
1005001861070884
1005002265152686
4000783114934
1005002392767369
1005002365153694
1005001929341814
32604767699
1005001489713872
1005002248473752
32901093810
4001023597256
4000202856596
1005002404528892
1005002359279964
4000829692186
1005002292612428
32860219740
1005001678371889
1005001364735159
4000888919128
1005001514273767
1005002306392578
4000670927542
33040899111
1005001787485046
32790811681
4001212960369
32923584464
32990824214
1005002038025830
1005002295532042
1005001678510918
32892347803
4001237435319
1005001347124596
4000921649854
4000954450821
32895002015
4000031905476
32975675000
4001340208974
4000400903313
1005002212550104
1005002037121419
32625064693
1005001402242574
32780145739
1005002281901630
32382233850
4000125257853
32965891134
4001317391495
4000037500006
4000685165925
1005002314427319
1005002346243369
1005001315084547
4001171335571
1005001873465977
1005002417616873
33024266280
1005002334706921
32980030786
1005001901849765
4000857281259
1005001578962064
1005002320468188
33035635016
32889816260
1005002246893176
1005002279246526
1005002426012748
1005001926894542
1005002162222383
1005001541061473
1005001355299913
1005001983017610
4000471256568
1005002333458783
4000544983100
1005002456805001
32954888692
1005001996981151
1005001423438670
1005002069747527
4000265469169
1005002232154664
1005001468088910
10000259112061
1005002271756921
32270448447
1005001558426708
4001351662895
1005002273127512
1005001682830984
32827544310
32989088747
1005002002306161
1005001411272684
1005002054888261
1005001370338346
1005002346314542
32974353183
4000209638723
33037330532
4000733988901
4000078109591
32975498912
32919553627
1005001695709841
32856758359
4001292766121
1005002468652690
4000648725185
1005002224721394
1005002091131733
4001212451608
1005002347500817
1005002240078621
1005002166581486
1005002376487899
1005002417178581
33017389666
1005001860017078
4001349755360
4000906888143
4001333500132
32969671894
1005001609531310
1005002278147211
1005002367113417
1005002224484113
1005001617107644
32921054688
32656798345
32993038114
1005002058606709
4000469786137
33054035072
1005002297960511
32984555588
32763770395
33022522148
4000308546129
4000162319346
32218373215
4000309476258
1005001808840908
1005002272318577
4000881168205
33013842438
32896640730
1005002485737215
4000709376695
32607276897
32966214463
1005002205705302
32943873957
4001039436333
33035567361
1005002283164488
4000214149972
1005002007210585
1005001284966164
1005002082442542
10000328921361
1005002448340716
1005001851148930
4000961048598
32354955723
33027015232
32950681688
1005001483213535
1005001703643324
1005002338830868
1005001725654879
1005002225968662
32961341008
4000982639485
32974832651
1005001844680852
4000397494497
1005002310202618
1005002008067057
1005001984497681
33019039177
32919756450
32811224300
4001193927317
1005002435729259
1005001898404652
1005001936776872
1005002301401482
1005002101975614
1005002413412182
32732071724
1005002394304130
1005002127767997
1005001779583512
32992509800
32851673454
4000504300576
1005002322140989
32907572421
1005001882402700
4000693682564
1005001954089407
4000189062731
4001179744937
33013405556
1005002458843758
1005001781489473
1005001577729075
4001110298115
1005002111996298
616305964
1005001868972971
32817465660
1005002347142442
33032515733
1005002264697220
32877131644
1005001775571937
1005002033549447
32278635989
1005002363788850
1005002167446374
4000404424440
1005002454475067
4000848397983
4001234358008
1005002016984310
1005001599936773
4001240193953
1005001739736043
1005001452293716
32883435913
4000570404489
1005001602250053
1005001460489499
1005001943110562
1005002258260935
32920041389
32828037990
32950335831
4000267736319
4000822654381
33049933742
1005001727722743
4001108329021
1005002103204015
4001025370768
32756874003
1005002265226980
32978238269
32889974066
4001152811580
1005001632053489
1005002237585194
32874966364
1005002443449575
32807013862
32882504026
33002647802
32997298986
32959888566
1005001357619024
1005002171996115
32762745085
32782485659
32825218075
1005002275892413
1005001698722122
4000064527700
1005001564916982
1005002254734691
1005002381479803
4000283608097
4000018131011
4000043047422
1005001373531082
1005002070684311
4000278260751
4001230331725
32666994875
1005002454697135
1005002354305515
10000257830616
1005002272504873
1005001602053079
32888685431
1005002167707882
4001011274287
1005002448899481
4001334816531
4000655856780
1005002421579266
4000975067328
32844643148
4000096345735
1005002435720049
4001062634145
1005002244321387
4000591233651
1005001325537248
1005002376060005
1005001315934150
32845463433
1005002129083649
1005002167709767
1005002069267354
1005002412328339
1005002316001608
33005909029
4000280424765
1005002383168265
1005001826185822
32684657147
1005001824713507
1005002311233772
1005001705608583
1005001604607617
1005002453326058
4000498710226
1005002068536467
32853991249
328105372341005001651277910
32960426376
4000730577919
1005001579560844
4001237752657
32995029136
10000399957127
32692088742
32300455739
1005001785057504
33008057739
32953085189
33011477207
1005002473642980
32995765697
32850492463
32970312666
4000337186706
1005001884569610
1005002253988523
32901895444
1005001497050278
4000910013455
33032634865
1005001429595598
4001253526893
33000404200
1005001859299197
1005001835583099
1005001545099254
1005001615947487
1005001598281868
1005001709339455
32844963486
4000982884626
1005002073291262
4000022177785
1005001552716066
4000234873948
1005001918613273
4001272173676
4001253634422
1005002490414431
4001248691786
1005002290949149
1005001878631529
1005002260274433
1005002417987608
4000021947520
4001245982904
32888523817
1005002477012235
1005002348581078
1005002008215772
1005001304932136
4000181883490
1005001592738937
4001134344443
1005001664170953
4001350896396
4000430583543
32917486843
4000020273036
4001226871620
4000067816557
4000201912973
1005002314590246
561271154
4001186665566
4000060457199
4000937752682
1005001586813958
1005002341556778
1005002467475393
1005002012338446
32968685286
1005002359837802
32887490775
32932276752
32873894130
4000227613823
33056092983
1005001915755633
1005001966451775
1005002379045659
1005002304586535
1005001579747948
32946587758
1005002322686146
1005001408610470
4000052708060
1005002147152293
1005002483955101
32852896949
4000048523305
1005001775706734
4001250783368
4000957137987
1005002489313595
1005002340391621
1005002382382935
33030054293
4000100907521
4001294665033
1005001528724625
1005002432102091
4001356862005
1005002217384225
32854690111
1005002382887939
1005002382466504
32974874227
4001015352425
4001338150188
1005002320942977
10000397732761
1005002298955088
4001252031201
4001203325014
32836391668
4000595845525
1005001375713705
32626835264
1005002328005623
1005001990465733
1005002348025005
1005002481449985
1005002073940900
1005002448337181
1005001265735987
33042407510
1005002372444196
1005001727962369
1005001281422596
1005002204980414
1005001835076661
4001080993397
4000917545292
4001275202193
1005002399781416
1005002316782083
32920420834
4001271878844
32824444090
1005002315546774
1005001645111589
1005001775507402
1005001807163442
1005002258926990
4001041001910
1005001813225379
1005002357871713
1005001942947149
1005002128662308
1005002474066591
33043934425
1005001563603222
32736210407
1005001568758212
4001025393307
4000926387604
1005002217264521
32828953053
1005002319860531
1005002434173456
32971795933
4000328312603
4000691635418
1005001670908167
32255333255
4001209870926
4000004727571
4000023627483
4000219482831
33029450146
4000892951918
32806673761
1005002314233508
32859941237
1005002336396921
1005002357247833
33001303025
1005002286656172
1005002327403481
4000227527403
1005002315320299
4001287209645
32871240481
4000850508748
1005001628395017
1005002281271357
32990431880
1005002143446237
4001347238564
4000054311527
1005002357149886
32863710186
1005001983159538
32952032781
32986060046
4000549160754
1005001494723282
32903634706
33042529671
32889382010
4001030833727
32990051948
4001365605145
32798515817
4001296126108
1005002224277317
1005002392401754
1005002315265962
4000172879158
1005002271319645
1005002306455166
1005002277715339
1005002000297432
1005001287203420
4000381253449
1005001591072807
1005002453645501
1005001841822871
1005001767772789
4001255422430
1005001845296860
1005002413319066
1005001764358104
32897204826
32800522601
1005002470433839
1005002288366181
33012763244
1005002279024559
1005002372367432
4000760916688
4000071009085
32990074323
4000075128561
32974808009
1005002443433566
1005002425286605
4001355724285
32958568721
32957540456
4000721143112
4001187766780
4000845235602
1005002267670205
1005001981498947
1005002357840619
32918021285
4000387044302
1005001817676335
1005001899461791
1005002497368060
1005002021555758
4001227022384
1005001728897939
1005001873314422
32711159020
1005001609971787
32629746034
1005002281872638
1005002053383160
4000073846123
1005002244645786
1005001614499338
1005001779031624
4001143193224
1005001971763890
1005001686031713
1005001870397421
4000071063390
1005002399962205
32792827907
32948182668
4001039482069
1005001308848738
4000070345018
32820892891
1005001652501052
4000071657476
4000529892720
32816154178
1000005791516
1005002317584242
1005001948049286
1005002356325847
4000035914902
1005002107573713
1005001900165805
4000990831346
4000828918029
1005002292952393
32909040475
32826459416
4000437564343
32855399179
32996412140
32629439185
32969035361
1005001502097852
4001270293211
1005002277379251
1005001844648321
32296298177
4001058017756
1005001914728628
1005002290041375
32842676883
32976127816
4000516171543
32906245236
4001327387249
1005001577016303
4000453018237
1005001900528354
1005001493715289
33061202965
32630783899
32704232491
4000222397719
4001028380435
1005002466602467
32978560834
4000166003187
1005002368340573
32931611223
1005001510774368
1005002468427729
1005001397002105
1005002170888103
32792488861
1005002122382502
33008965291
1005002016900133
1005001285004057
1005001715842210
4000841733824
32719745707
4000314084100
1005002360125070
33006869568
1005001968747416
1005002332525872
33014041025
4000848202362
1900767168
1005001465964493
32857313159
32948431453
4000966181885
32824196435
1005002400216276
32961965220
32881141921
1005001593328602
1005001648822470
32859601774
1005001356156474
1005001994098797
1005001447230471
32932059289
32293731048
32919725610
1005002313012391
32991284117
32905596573
1005002346247358
1005001349744687
4001302756686
32994333349
1005001813630470
1005002305978791
33015323837
1005002408581982
1005002050642351
1005001625308604
1005001858195276
4001027560042
1005002358203783
1005002288811200
32828044113
4000218238983
32565207032
4001233053172
1005002347084031
10000407888780
4000879257818
1005001933407753
4000437801762
4000197711686
1005001547506343
1005002385242040
1005002420518764
4000994587624
4000940463344
32947764644
1005001889962497
1005002282018703
1005001912988021
33003744955
1005002459842529
32849035440
32856866518
1005002044004491
33012780606
1005001549258216
1005002124373891
4000635848585
4001237934221
32608681151
4000182772949
1005002485230377
1005002313390334
1005001536785451
32681330000
4000193895573
1005002311154234
32959166519
32983774646
32828045407
32555068669
4001107696025
1005002190971504
1005002287265917
1005001895179499
4000677391458
1005002305786724
32983322947
1000001542432
1005002344607005
4000636511692
1005001998697103
1005002466190395
1005002272827455
32700116561
4000017537203
32931297372
32910328988
32892564552
4000979173672
1005002264671192
1005001695718811
1005002318499066
1005002494737693
4000773237255
1005002168149770
1005002318814103
1005002360209662
32731317812
1005002306188513
1005001337702465
4000320590969
32811495603
1005002297022591
33026322151
1005002259962451
4000461088803
32977831512
1005002317100182
1005001722351360
32289269867
32787951413
4000207387196
1005002069211692
1005001364238039
32932847997
1005002260262235
1005002386861577
1005002090285272
1005002095687177
4000692007781
1005002026843810
32984982873
32895856504
1005001680384681
33008211506
1005002266287829
1005001835245024
32994999556
4001175362586
32876806650
32971188262
1217530509
1005001773809451
1005001656975075
1005002164499969
33010966324
33010793566
4000239875495
4000993728197
1005002110246342
32822483189
4000234421518
10000301111086
1005002002301944
1977812596
32958072378
33029837192
1005002287007786
4000560657373
4001119563587
1005002085152138
1005002235322965
1005001396889956
1005002378031322
10000354285250
1005002358525591
32843795850
4000119639840
32960592008
4001263432737
1005001928301271
1005001970437515
4000120608297
1005001521462942
4001341193120
1005001895990366
32756852781
32866570661
1005002271070361
4000990967425
1005002011844519
33046760556
32867126868
1005001567326237
1005002319358790
32954642173
32820463348
4001349720427
32818670729
1005002090954199
1005002413820741
1005002108627359
4000926713533
4001275830175
32914998392
1005002307243969
32795974892
32956085260
1005002101075755
4001188906504
4000843220869
32822514160
1005002256628743
1005002122338670
1005002460058376
1005002288250695
1005001546860272
4001174798024
1005001482670930
1005001493208098
1005002483003723
1005001570425793
1005002257936376
4000281180315
1005002382802281
32700033482
1005002277633279
1005002332615733
32886010454
1005001704380521
1005002404151956
32992922726
32994436097
10000305360467
1005002241186306
32954121264
1005001942722381
1005001514169804
1005002299498979
4001114522433
1005001499559931
32362975012
1005002281125839
4000987492219
4000597281968
32845081200
1005001633015634
1005001993565234
1005001588126566
1005002347606001
32974824549
1005002233672015
4000668623084
32785315427
1005001561725397
1005001670921261
1005002322299000
33046472765
1005002034959574
4000995546207
1005002377487359
1005002306733649
4000206184178
1005002481027374
1005002305623091
1005001992843516
1005001980391970
4000371306576
32776807242
1005002449615088
1005002360744305
1005002177531836
4001230335691
32960734919
1005001288064291
1005002431931494
1005002362907759
1005002198842273
33040323419
4001007711771
32869800138
4001214312215
4001043723072
32779933804
1005001971888842
10000334704293
1005002226026331
1005001968571468
1005002416529025
1005002322909569
1005001680037172
32963844634
33002997009
4001139042218
1005001620547665
1005001374497731
4001210123008
4001251163617
32805148289
1005002328177631
1005002003043472
1005001913422243
4000385643402
1005001670738825
32974805277
1005001699511838
4000062657045
1005001426077366
32875701306
4000456805881
1005001510864641
1005001696206085
4000531963139
4000849938028
1005001309198505
4001257271629
32790118243
32797742055
4000720884393
4000879899757
1005002351300273
32952590880
32827688185
4001103916860
1005002261644663
1005002318425589
1005002275810742
1005001599993971
33058824548
33006974682
1005002372443565
1005002314399883
1005002337249269
4001294106731
32968383496
1005001439087633
4000429523944
4000755365715
1005002255924775
1005002293540751
1005001976574110
4000987436839
4000051002391
32815385249
32859526656
4001228500741
4001214421843
1005002020070420
1005001436310272
1005002075014534
1005002022440615
1005002040986642
1005002192173815
1005001463062134
4001065642345
32852393151
1005002310440508
1005002167550805
4000284222146
32651962733
1005001670830466
1005002205328668
1005001488168867
4000730541720
32872588414
32503837075
1005002292789173
33015510734
1005001376539568
4000801119812
32426326357
1005001881056318
32238345685
1005002030362728
1005002383042606
4000290579432
1005002324432296
4000585354712
1005001625620068
4000108525556
1005001749394584
4001178177263
1005002337075815
4000206372225
4000071437764
2026630832
32976583736
32922869171
32872631248
1005001854102450
4000083329417
1005002472762891
1005002430534971
1005002483188919
4001358961193
1005001615190941
1005002233955454
1005002288076967
1680505126
1005002484183965
1005002203845976
1005001859588093
1005002292153585
4000670197775
1005002187174767
1005002480324598
1005002260013001
1005002496398860
32957842207
4001053357661
1005002416914765
1005001737587296
32995260723
32880581504
1005001636522900
4000666521730
4000233572562
1005002134478895
32960065690
1005002291469958
1005002328079746
1005001857047071
1005002315639751
1005002237996056
4000625419274
1005002413809835
1005002324123166
32830705833
1005001348439927
1005001406387151
1005002205780239
1005002239731784
33045268161
4000042253217
32329578536
1005002248694594
1005002218017242
1005002265392410
33034035671
1005002244615013
4000023996729
4001228634783
4000859421721
4001271886150
4001350121913
1005002288149237
1005002496144310
1005002416757311
1005002038165245
4000850474328
1005002206943594
1005002323230810
4001253323122
32866941793
1005002375884254
1005002089062873
32855276358
1005002017492343
32378204232
4000390269078
33008423975
1005002115974605
1005002381485275
32950352319
32832696577
1005002452674172
1005002169108639
1005001918308780
1005002031652947
1005001510279482
32894244537
1005002244963782
4000261968509
33017430405
4000594759331
4001305869244
4000737046440
32841989376
32869547984
1005001632909436
1005002123200917
32894013398
1005002335265130
1005002318044086
32391498963
1005001781802440
4001270937289
32993939886
1005002283268517
4000674813818
32409685535
1005001297137649
4000178161677
1005002224599052
1005002350733178
1005002378358737
1005001463933307
1005002297381723
1005002268774726
1005002289593204
4000740458862
32826511548
1005002290989613
1005002287327394
1005002012133359
1005002069957343
1005002381540562
4000497036693
1005001697538766
4001217287229
1005002323661009
1005002023192124
4001068278619
4001272386340
4000735899538
1005001397828136
4000142139364
32761345706
2017070628
32953402798
4001077110982
4000307119769
32798241132
1005001972504263
1005001782410370
4000911845342
4000628792575
32823032985
1005001915823308
4000221768520
1005001850154812
1005002276228207
1005001286294841
33012705634
33014577136
1005002341375656
32436773352
32814691181
1005002287971975
1005001386592238
4000833421562
4001141972249
1005002015511082
32946084719
2047100043
4000511934034
1005001907488970
32793071866
4000308979746
4001190050565
1005002375336053
4000415321697
1005001360135118
1005002312544469
4001267788197
1005001388734277
4000570465929
1005002265397058
32995728847
1005002429169292
1005002310317617
1005002293809007
32946474141
32791334916
10000395921170
1005002400739087
4001263906837
32989635585
1005002325400524
4000723418297
32503072717
1005002412557742
32478268456
33043654149
1005002065041789
1005002452967605
1005001572207093
32899728846
1005002279090484
1005001338647881
1005001579791421
1005001632098356
1005002092517880
32771166265
4001184118858
4000975369574
1005001732272207
1005002219544291
32869723240
1005001893884437
1005002314234185
4000492669352
1005002337727378
1005002395335985
4001203703286
1005001319377896
1005002100241628
1005002434932152
1005001888515635
1005001529872084
1005001371562144
4001083628080
1005001748703506
4001109278309
32988274158
4000794736497
1005002395276944
10000384977870
32911084577
1005002360130558
1005002413067503
4000499143299
32961976754
32851889478
32957745630
4000450994437
1005002460766230
1005002468855066
4001290299376
1005001862708192
32975072713
4000677375891
1005001889404982
1005002283391273
32863637332
1005002383016421
1005002166067517
32954656049
4000978876000
1005002400725558
1005001669433046
1005001941743130
1005001835436660
32910206971
32903484985
4001159471785
1005002339888707
4000725647026
10000089165463
32663359947
33031875148
1005002428701199
4000955756737
4000121082718
1005002286756636
1005002328962437
32671581114
32699505011
1005002363813138
32861156132
1005002449668757
33003101585
4001262835393
32859824767
32603824923
33057698860
1005002199292030
4000936572886
1005002298382881
4000748863698
1005001620025337
32438220707
1005001882235269
33048786264
1005001980651214
400083541789132889144727
1005001720986466
1005002401035617
32829293433
4000192925457
1005002304399180
4000552339611
1005002449807130
1005002351788537
1005002456822800
4000308261808
32974764742
1005001860731810
1005001278403618
1005001989797516
1005001495855013
32763699863
32838802932
1005002132811334
32862652517
1005001942021430
1005002292691408
33051450017
4000212045018
32831060560
1005001460943329
4000366308562
4001133239564
1005002330430041
1005002388374303
1005001300693211
1005002382413082
32847010290
1005002112545199
1005001601304514
1005001624946584
4001276770536
4000035035887
1005002087709623
32858838349
1005002314351080
32608647875
1005001726763502
1005001467781203
1005001525343653
1005001714895259
4001181163204
33047884925
32804421665
1005001452096357
4001202526473
1005002492750152
32926951508
4001267755572
1005002226367752
32885346400
32846847900
32849056317
32772949538
32840502286
1005001608645559
1005002254475276
1005002400274855
1005001451387375
1005002383293153
1005002347243288
1005002426363897
32981094929
1005002431677567
1005001579769181
4000861146689
4001304803374
1005002297982816
1005001967730097
1005002313788756
1005001720393907
4000240060996
1005002428509390
4001271103893
32860233791
32619461027
1005002259703127
32459707941
1005002467902049
1005002108269033
4000720317187
4000034601416
1005001522342045
1005002060567672
32936290599
1005001499069175
32919449164
1005002352245995
32601500962
4000020397321
32860799688
1005001851356784
4000077394502
1005001280170304
4000270559965
4000767860308
1005002096545912
32951951844
1005001850724678
4000926708149
32872656825
1005001721601620
1005002346122275
4000095971264
32703761893
1005002023808372
1005002432562767
1005001710375375
1005002389773343
33003560090
32800021918
4000669085226
33009135091
1005002248868537
4001317684004
1005001642276849
1005002339768009
1005001326140536
33056241151
1891706755
1005001600129998
32851608734
1005002248450801
4000430717216
4001202816108
1005002278720739
1005002192211565
1005001571873621
1005001429169759
32848061521
4001035746781
4000338445865
32979984879
1005002245074624
4000357055625
1005002310953983
1005002447474354
4000468583799
4000745487185
4000251092034
32880328029
1005002077428529
32293975152
1005001675452508
1005002302227546
1005001997637379
4001238021001
4000873089158
32880224684
4001241468546
32409240640
33008266386
4001204211981
1005001966976124
4000229709364
32892414790
1005002433684329
1005002469146904
4000850550080
1005002428035084
1973611547
32855092889
1005002334128915
32995590678
1005002278071679
1005001752127424
1005001681437582
1005002000872354
1005002258041464
4000112946409
4000253891797
32984650207
32972268783
32945136588
32369378717
1005001652016848
1005002368550621
1005001335136776
1005002237923934
32697677510
4000994407851
4001279007143
1005001854695833
1005001958763896
1005002392365726
1005002192664556
33004909835
1979548888
1005001425514393
4001058587953
32838497264
1005002426721776
1005001570234834
1005002287203082
4000926073072
1005001804257352
1005001959924127
1005002423454638
32924358024
32334999948
1005001584673789
1005001908121559
1005001337554843
1005001407675791
32900755583
32918412269
1005001547818908
33036102367
1005001720753343
1005002475677275
1005001854789985
32923555027
1005002213491749
1005002261281083
1005001942347747
32953160119
33027509810
1005002237823099
1005001912912819
1005002365159158
4000182997058
1005001594569727
4000102733158
4001156588819
4000410647320
32886240055
4001067000065
1005002311811589
1005001288798746
32964089577
1005002393846457
4001085491845
1005001478787611
4000174145623
4000284065041
1005002243360995
32871166927
1005002482973594
1005002207093594
4000740925306
1005002341592174
1005001608297529
33013982163
1005002059310661
4000391030858
4000542341863
1005002365697591
1005002301353369
4001005424553
32646136011
32983737492
33001479125
4000955019262
32950688948
4000093765911
1005002076706613
4000379379725
1005002402378024
4000214049996
4001174911003
32997339259
1005001788977764
4000270958647
1005001592226063
1005001354156830
1005002309878144
1005001853368254
32818583634
1005001525504763
1005001896085459
1005001619691910
32851673474
1005002070520552
1005002052421586
32977246811
32811777087
4000134245055
1005001359075080
1005001561960309
32738071892
33015687611
1005001600129151
1005002225064040
33052467674
4001238993678
1005002290125540
32806064763
33031327065
1005002356064187
4001142870808
1005001773845665
33020672898
32789982846
32997294762
1005002278976886
4000913228894
1005002310223938
32959005511
1005002346260923
4001349557987
1005002313815514
4000853352084
1005001694689099
1005002129618388
1005001867372290
1005001389509179
1005002440299126
1005002314375363
1005002344759054
32824786864
1005002442628430
4000258376267
1005001999202961
1005002394798857
1005002300800184
4000574646556
1005002318672884
33013269125
1005002320953063
4000955179985
1005002333841525
1005001952915049
32673712341
4000418068835
1005002068506706
1005002321626263
1005002396682010
1005002026532953
4000250784104
1781158633
32963961473
1005001838959842
32797772469
4000989149571
1005002004584898
4001011198709
1005002350761452
32817807278
32967960396
1005002474205776
1005002458909553
32889833353
4001271633800
4000388944976
1005001470256441
32844688098
1005001544183549
4000247262015
4000436750341
4001010716066
4001283657163
4001209356701
32863519644
4001314818805
4000972291203
1005002466115441
4001134972421
32825871722
4000932436828
1005002312705485
4001240378811
1005001594832343
1005001458387660
32943913960
32827720192
32585084687
1005002441056641
4000031815520
32992737730
1005002303097477
32976867293
1005001265691401
1005002174979055
4000291320470
1005002212753529
1005001817797871
1005001686152200
4000456677639
1005002337604663
1005001779734826
33036755669
1005001796635573
32896302389
32976198422
32885806196
1005002329476363
4001080720219
32825315315
33037840598
1005001453515510
1005001670089653
1005002384457289
1005002376188108
32918325655
32764441345
4000252821709
1005002088914827
32911221995
4001106003799
33063979941
1005002280008004
4000308343879
4000709578365
1005002349721037
4000085128003
32955865960
1005001405157270
1005001698378872
1005001615694667
1005002497145584
32917715219
32728746780
1005001519679721
1005001393275317
32973031428
1005002233743983
32828298377
32975847793
33004785661
1005001722062969
1005002333972006
4000114085330
10000202956781
1005002440625233
1005002367382218
1005002388277855
1005002179547524
33002141376
1005002336916374
32752480767
1005002281416774
1005002472811585
4001013951375
32957608412
4000786810052
4001023073874
1005002065231527
4001127346932
1005002428305693
32843735917
4001365366943
1005002313154717
33007326158
1005002460876352
32907528299
1005002400917353
32999458319
1005002392411926
1005002348296751
1005001868083406
1005001656927533
4001230738822
4000966101911
4001306351391
4000745281288
33005988170
1005001875552994
32477115517
4001264682925
1005002316981021
32857344612
4000024380993
33042317332
4000597869552
33020011172
1005001423003325
1005002264676950
1005002351700564
4001218827945
2051300031
1005002331845210
33023097359
1005002372009324
32855462170
4000625635597
33017811641
1005002280574491
4001152481854
4000276782295
32976272145
1005001657367273
1005002243140970
32975397448
33036944088
1005002423276262
1005001423515255
4000250067954
32865048808
1005002319171740
1005002051402216
1005002238227309
1005002361764117
1005002258451045
1005002471306096
1005002286211274
1005001665484072
1005002237836720
32602789743
4001218136870
1005002368304487
1005002293185992
1005001961734002
32810475561
4001086299201
32983381711
33022876782
4001360041797
1005001957324201
1005002268431360
4001163143403
1005002431865022
1005002365226296
32982989235
1005001525449586
1005002474190988
4000720597353
4001358669302
1005002278625195
1005001475436909
1005002260617975
1005002293068337
32976890455
4001075712260
1005002295434545
1005002206297911
4001053682520
32893333129
1005002345025544
1005001638433992
1005001387891077
32697808139
1005001435777022
1005002066545738
32934950547
32993099221
32919925728
1005002297495684
1005002363205498
1005002336995072
4001123044033
4000532466917
1005001472001257
1005001742231838
1005002305918015
1005002468353970
1005002417405744
1005001856792235
1005001719154331
1005001645837233
4000362462928
1005001970904016
32956282691
1005001494039337
1005002318695502
1005002328970403
32820763606
33015342566
1005001300708479
690659024
4000566172731
1005002336539214
32838293209
10000410135345
4001038459313
1005002224996139
1005001856015685
1005002276622837
1005002462692193
33004913290
32965877623
32890698637
4000282227535
1005001388034069
1005002308738823
32910161062
32946354956
1005001587604864
4000603255389
1005001947582188
4000410511094
1005002344636054
4000785280402
32914672099
4001252455098
1005002393084675
4001221090904
1005002369703786
1005002351866052
4001232006663
1005001748381962
1005002284375436
1005002298984518
33046192061
1005001812284274
1005002466067836
1005002027983880
33036738488
1784995703
32779339205
32964835423
32990495982
1005002132660234
1005002481797618
33063270945
32842924661
10000293516836
1005002287675304
32974481355
1005002304973390
4001222428783
1005002450282842
4000017822248
4000273008319
1005002484003939
1005002235991202
1005002317955954
32918912213
1005001971224778
4000532975650
32963857577
4000007261281
1005002395292602
1005002449753577
4000023499925
1005001568085023
32952943750
1005001830624363
33002424786
1005001898931352
32875158751
1005001424332622
32798673838
4000959624390
33012196562
1005001707797375
1005002322536272
1005002389556985
4001072141305
1005002388093487
1005001469612812
1005002315166353
1005002351573684
4001278930573
32793726941
32805331713
1005002396660226
32810688160
32838368786
32859038746
32987062213
1005002246251970
32820620922
1005002095211956
1005001727819934
32647200423
4000960597135
1005001344919331
4000592508720
32820695289
1005002068347932
4000852111672
1005001502865197
1005002314032990
1005002219789889
4000168734483
1005001692445400
1005002079651154
32892741336
1005002358090193
1005001809388332
1005001908970358
4001230861105
1005002102503894
1005001305254910
32881668138
1005001958726226
32843761426
1005001422582919
4001104643159
1005002240754687
1005001500958416
1005001870592623
1005002404852738
1005002314439332
1005001712710772
32969272844
32888361239
33037905754
4000926443293
1005001381732200
1005001490506112
4001365550815
32991944528
32863069100
1005002435381845
4000455717799
32838319361
4001047281697
4000135377763
1005001954970315
1005002396319469
32996881856
32851553076
4001364258797
4000729966265
1005002138220239
1005002293261410
1005002055621167
1005002272989400
1982085037
1005002275528536
32872110001
32863164548
2014037514
4000955865728
33053628704
4001221353350
32932941046
1005002220886095
1005002394576261
1005001694703609
1218679760
1005002053320387
32812269271
1005001452188042
1005002397448239
1005001727444833
1005001429595439
4001119388795
1005002174856567
4001038891109
1005002368546450
1005002371503741
1005002043399701
1005002467809585
10000049514474
1005001946581487
4000809484064
4000288344730
1005002314199694
1005002270656089
32618663752
4001170648561
32907965431
4000901489601
1005002286685011
33001559844
1005001803178996
1005002475105764
1005001865117677
32954534605
1005001471261608
1005001610133654
1005002237655157
4000589046183
32963389222
1005002364879162
1005002468010498
1005001640394902
1005001613092187
1005002219947279
1005002072431547
4001271668881
1005002345083036
1005002339005201
1005001946638353
1005002242884600
4000796273255
1005001857982693
33031453453
4000175054602
4001240229044
33054087685
1005001785998175
4001227871366
4000123498949
32950983591
1005002352982280
1987882772
4000289207147
1005001325558424
1005002344069213
1005002400349337
1005001668165000
1005001511980501
32800133176
1005001849569634
33031391636
32817410138
33042765032
4000843116066
32777745068
4000385832990
32602724151
4001155187584
32961187309
4000666070928
1005002223380988
32849685160
1005001838892989
1005002468412765
1005002239681885
4000321816133
1005002334207857
4000886040808
32795546741
1005002030054614
1005002314342619
1005002172117805
32691601790
4001161457324
1005001817111190
32970541847
1005001556442578
1005002069909536
4000413808600
32860994813
1005002052777183
1005001597368763
4001193269483
32813466646
32684792473
1005002302244759
1005002288912708
1005002408130368
32367543041
1005001442750557
1005002452278912
32892504200
1005001575816432
1005002105254883
1005001882396914
4000828209498
1005002364543785
1005002342739879
4001061963784
4000786945304
32755678563
32968794403
1005002220792047
1005002305217397
4000087547528
1005001723335737
1005001965224064
1005002350204502
32908439503
1005002314238568
1005001597174024
1005002319384254
1005002304613364
4001260489410
1005001527510300
1005001525399484
4001240925324
1005002165887809
1005002265945501
1005002362730340
32874261137
1005002334505086
33049912578
4001014735696
1005001998440770
32964627933
32990919666
4000510037566
32857660979
1005002278934540
1005002254724042
32957700057
32388438885
32960714106
4001241815037
4001275487699
1005002458560317
1005002400089478
1005002368060986
1005001828463225
32846845497
1005001855138885
1005001731764725
32924751940
32973911816
4001104331349
1005002321480442
32591944816
4001060939796
1005001326424143
1005002305062587
32883120458
32819682640
1005002207469776
33032186687
1005002474231608
32537744684
32851941105
32563553426
33058663432
1005002277690892
32958085234
4000696181484
4000525375411
1005002333945006
1005001759708785
1005001989510588
1005002241169387
1005002310957259
1005002306775236
1005002401484219
1005002280608337
1005001749643662
1005001429270375
10000022108643
1005002443535376
1005002362583619
4001010762348
1005001825358171
1005002449093402
1005002392952574
1005002313407578
32977726268
33016687924
4000668927819
4000638099424
1005002382436940
4001190765794
32557896732
32833131373
4000549236916
32777948468
1005002000412632
32958783981
32862027897
1005001495374170
4001207407889
4001065543552
1005002187934519
4000153010472
1005001432779314
32789766110
1005002404695319
32603190425
1005001659098429
32975516732
1005002368934258
4000777155230
1005002000009481
1005001645531057
4000024372901
1005002443795243
4000756384474
1005001645813332
1005001966296693
1005002267603696
1005002101359400
1005001425559636
1005001671282895
4000669360851
1005002219041136
1834788185
4000409994206
33009438114
1005002443059740
32934020205
1005002239608899
1005002315810963
4000558394212
1005002454218838
1005002437591312
1005002342284692
4000820359800
4000310693345
1005001790009229
32580396617
4001029190435
32868677723
1005002406579838
4000378758515
33013898519
4000504691470
1005002340213646
1005001686143309
1005002312030482
1005001802210451
1005001344755759
4000175613411
1005001442620965
1005001362162978
1005001566681242
32535867947
1005001603475460
4000756205244
1005001742991824
1005002298943277
4001130905766
100500204636824732826469683
32915364486
1005001346999350
32799382135
4000580050891
32852941207
32667405850
4001228578925
4001044438605
1005001489603683
32822547989
1005001748402292
4000904319957
1005001687613752
1005001322516156
1005001590625529
32861683251
1005001371831037
4001130903944
1005002104893449
4000424263732
1005002426068484
33030078624
1005002032815169
1005002340447315
1005001882922168
1005001375262751
1005002371796004
32971449688
32857275218
1005001491402426
1005001431226391
32804944979
1005002423661089
1005002362186061
1005002209783952
32979991885
32850903731
32973091652
1005001966321750
1005002033041250
1005002334144393
32827313932
1005002425267635
32584036613
1005001515995346
4001015402574
32577336225
1005002263846069
1005001346849902
4000258785404
4000292499475
1005001993590219
4001360239110
32918039796
1005002321993563
1005002074058128
4000966519365
4000074846979
1005002432738350
1005001625586972
32978049428
1005001279102014
4000401874890
4000324860729
4000903734832
32958868429
32686886826
4000000998160
1005002299242240
1005002349219263
32887139947
4001076845273
1005001382259678
1005002238805234
32905167140
4000429722888
1005002324781168
32919538229
33018509104
4001038798249
1005002193006185
1005002363293510
32911737519
32579920937
1005002292960394
1005002116500167
32903615264
32835636374
1005002314303724
1005001648247825
4001133901434
32999716154
1005001843250752
1005002316575002
4000505355365
1005001413168513
32915432910
1005001452810375
4001070667559
1005002484023659
32784651017
10000353293439
1005001525367466
4000156760285
32773552762
4000801690189
4001148321931
32857298005
4000237066994
1005002276305674
1005001965545039
33017821809
1005002251251695
1005002124251033
4000172729662
32993085971
4001156763959
1005001469848112
32845872016
