1005002287560916
32668076645
4000116661575
1005001892353042
32251734040
1005001657760617
32893991995
4000164262309
1005002352697673
4000703861324
1005002280571516
4000866335809
1005001980031977
4000406186461
1005002115416351
1005002144824832
4000798137374
1005001596762336
1005002333920690
1005002333529790
1005001995895310
1005002379243207
1005001918218635
4000742052221
1005001916057294
1005001599089560
4000210574234
1005002281138987
32653214747
1005001367698256
1005001474445107
33037061120
1005002311664022
4001215095751
1005002100638792
4000912708833
4000990863876
1005002167169887
1678542877
1005001552848234
32968793962
1005002476110248
32925669852
4000804299904
1005002363459149
1005001362823180
1005002499000234
4000545727710
4001359074894
1005002254140978
32948816159
1005002258123835
32971156017
1005002405322356
1005002283970223
1005002340317057
32924226867
1005002296654770
4001256968104
4000558416505
1005001839631094
1005001616259890
1005002292651685
33043205387
1005002283126375
1005002450443292
1005001793089388
32957637314
32830971892
4000175783087
1005001941303553
1005001520109001
4001223947715
32971570298
1005001788928569
4000941654306
1005001828575631
1005002423968353
4000753636764
1005001343477320
4000852662571
1005002279694446
32671923286
1005001385673339
1005001703926911
1005001572155563
4000239793649
4001096547313
4001258775930
32917459432
4000739398506
33035843762
4000849973093
1005002011154299
1005002275794049
1005002276798318
33036852985
1005002277690640
4001128282924
32855685419
4001194998416
4001263898828
1005001984281842
33058293346
1005002223537424
1005001823532872
1005001781065490
1005002101634785
1005001434073355
32315341276
1005002218076474
32849989264
4001157111332
1005002306532854
1005001457504816
1005002207970047
32979129190
1005002469079968
4000029957827
4000402120508
1005002063001284
32873277945
33045482805
4001078622978
1005002277964078
4001139693843
4001261562640
4001214255447
32913794833
1005002352721651
33024673691
4000275742729
4000170761170
4000392879213
33003645125
1005002235400804
1005002467109199
4000918116707
1005001743041606
32619727792
1005001631072197
1005002271201915
1005001526057631
1005001512140425
4000460949317
1005002122601030
1005001405108838
4000621684151
1005001320342621
4000730632768
1005002313339493
1005002372689612
1005002104032874
1005001864848087
32360222451
1005002482800230
4000895582554
1005002398183556
1005001997632665
32867640195
32845437504
32913060569
1005002347798713
1005002346989405
32369022960
32907549261
4001022290640
1005002079857522
1005002377978787
1005002356511458
32911918781
1005002197782471
1005002407858315
4001159999744
4000507156309
4000220474596
4001123164564
1005002046562757
33022857656
33046428396
33002216623
32895406472
1005002108506948
1005001608227310
1005002307296922
32959768116
32906479878
32850771551
32821247744
1005001402650919
1005002011344538
1005002015312381
33030002939
4001150142696
1005002421972520
4000005992324
32437149972
1005002336834156
1005002301036520
32836615718
1005002259416494
1005002478110178
33051374263
4000171065356
4001192848676
32815068013
1005002436458633
32833338036
1005001576443926
32991245948
32992301893
32637999480
1005002217962943
1005002423146487
32892243409
32959607226
1005001770057799
1005001287583519
2005678939
1005001309530156
4000086654043
1005002270887970
1005002272625291
4000045329708
1005002309015534
1005001511610375
32603251492
1005002271505826
4000272257547
32718172852
1005001580199261
32913051566
1005002219536047
1005002262480368
1005001988869657
4000735732116
1005001670872459
32792206967
33032966224
4000704670294
1005002419929917
4001091126141
1005002357610396
33011944984
32967964004
32926835006
32859208047
1005001963513566
1005002120484814
1005002341047585
1005002078825877
4000469376735
1005001779939060
32861592932
32886884976
1005002080411045
4001316684102
4000333704712
4001322380876
4000029777043
1005002373445805
1005001644063276
32976398019
4000260760476
1005002468325901
32900258292
1168140522
32773530610
32849834981
32983574150
1005002270235424
1005002060527089
32855988550
4000550241416
33010978368
32996813002
1005002458656980
33042133054
32948828795
1005002125380485
1005001500348465
32992486597
4000067476940
1005001385420976
32315052013
1005002055073605
4000999382149
4000505886514
32988326038
4000191640420
1005002231965488
1005001671126186
1005001722488334
4001283533462
1005001804878123
33040039305
4001335675597
4000057119739
4000425102926
32831283153
4001052594239
20000001161401
1005002334155760
33030977191
1005002260836667
32631224138
33033590828
4000259889648
1005002453924605
1005001949095280
1005002167047835
32734829860
1005002425987743
32588210085
1005002276159110
32859950329
1005001295572190
1005001528834944
1005002252324983
4000928459116
33009675422
1005002242965036
1005002049514952
1005001836213467
32860302258
4000072198555
1005002378833325
32943011225
4000308122945
1005002226653307
10000395879288
1005002244177210
1005001814710631
1005002323576311
32863440045
33011437725
1005002460432837
4001190067786
1005001928057046
32853511288
33027425307
32830330804
1005002467964609
32975190863
1005002358599463
32822430064
1005002439578379
4001345547022
4000292219991
1005002051619409
1005002489781080
1005001433731456
1005002266599811
1005002392380073
4001058919245
32968201590
1005001368846836
4001305196179
4000598589689
32989852884
1005002218767947
1005002476161344
1005002252920058
32976156665
1005002245121532
32892794623
33014452837
4001255510213
1005002429493825
1005002259259975
4000588913395
1005002427375195
4000652317161
4000333149110
32853809881
32734245408
1005002459248308
4000753958270
1005001894218228
1005001860779346
33004194123
33043694827
1005001525405626
4001275187057
1005002458896435
32703224395
1005002457327827
1005002462578188
32343431194
32836139811
32824846253
1005002314292535
4001221289486
1005002185421867
4000336963122
32953566496
1005001730891762
32880050791
1005002033253945
1005001602021020
1005002314418550
1005002095070104
32918491787
4000347245860
1005002416615607
1005001488911436
1005001570895125
1005002224159998
1005001465651349
32665195155
1005002492305050
1005001719187277
4001169062930
1005001625224552
1005002265163918
1005002212644717
1005001709545805
4000209876890
1005001728737637
1005001666923942
4000100025405
4000065441354
32918596054
1005002388855344
32829895996
1005001657138023
32858427810
1005002283411736
1005001838732824
10000012620087
32913973570
4001216790850
4000938561712
32898894919
1005001784444970
4000279340282
1005001707501809
1005001516446046
1005002286175573
32757196961
1005002392356719
1005002179671492
4000104196880
1005002189937218
1005001421838204
1005001734376583
4000670339025
32854880614
4000117656354
1005002323995779
4000117467543
32869444915
4001079778724
4000424812928
10000254392424
1005002212320521
32753322515
1005002311584836
4000695876142
1005002297854707
1005001608972294
32975835731
1005001518522148
1000007583446
4001031512405
1005002185379423
1005002399188645
1005001653794427
4001043408331
1005002037749242
1005002207444890
4000642459514
1005002339491776
4000330227933
32953312091
1005002422070681
1005002392776153
32976822791
1005002269183009
4000695949257
32975532191
4000202219813
1005001840848473
1005002284793108
32989351721
1005001930343450
1005002469178883
33009367616
1005002295108195
1005001845535482
1189686630
32996855847
4000985405210
4000966753876
32794563708
1005001694591753
1005002398057992
1005001929815253
1005002331912927
33020405780
4000442946264
32883994635
1005001559611034
4000718572067
1005001520514553
32844408235
4001176003276
1005002306210912
32919948126
1005002424473792
1005002466133578
4001113204281
32889780550
1005001666213910
1005002395798589
1005002257932510
32993476477
1005002355798286
1005001826259625
4000975334532
4000742600208
1005001301524794
32946032440
32972500859
32968187986
1005001977171514
1005002413567394
4000811969876
1005001615356240
1005002227933468
32974694546
4000122966361
1005001651076016
1005001314921108
32973109781
1005001525461464
1005002434628782
4000196148138
32314201204
4000429552737
32811683540
32962304459
1005001380727295
32795156637
32515523892
33004123848
32892079254
33056412545
1005002328500799
1005001652785027
1005002357265175
1005002136764223
1005001297238897
32961511642
1005001818164089
10000298623516
4001228664028
1005001732559198
1005001872410591
1005002467883103
32975703534
1005002449807056
33042566582
32948986506
1005002324076164
32962293953
4000852314237
1005002213556773
1005001797067181
4001186353675
1005001418088138
32811188592
1005002074040156
1005002321278284
4000345701988
32990878442
4000756913935
32860540036
32965437160
1005002500362841
32784914115
1005001502407895
1005001808959858
33004414741
1005002243427663
32974288014
32864915692
1005001457396874
1005001893623274
32862998393
1005002375450137
4000617534865
1005002258805058
1005002220656630
32957074768
1005002421146689
32962622354
33049081795
10000203484242
4001227622123
1005001639456106
32970065386
32696117065
4000174527494
4000589529954
4000537168876
33046035897
1005001835601159
1005002351029796
4000479749343
1005001566123273
4000921178934
1005002327410390
1005001986225554
1705286591
1005002222304079
1005002328237708
1005002187420921
1005002283755860
1005002346869858
4000708169525
4000972326057
4001226962364
1005002307511541
4000207472768
33006778518
4000958940151
32918426514
1005002171128133
1005001928976989
1005002378579792
32554199883
32588020668
32959976354
4000004828236
32992573844
32882105386
32999848292
32810561176
4000107148224
32791263069
1005002409093373
890688863
1005002185221184
32965409750
1005002193969546
33014999953
1005001355306758
1005002121174369
1005002298572386
1005002333127192
4000907338470
32957870885
1005002125745190
1005002267893957
4000853763037
1005001305332826
32250776012
1005001780488856
32904925615
1938533867
32973895242
33009639650
1005002343380137
1005001833403896
1005001616856806
1005002363300501
4000739831634
1005002252702162
1005002428106295
32756015560
32358610403
1005002314440652
1005001566751013
32822148592
1005002280722435
32860804507
1005002256447452
4000954936752
32701517867
1005002271910211
4000067051229
32889522551
1005001826000443
1005002350350602
32907433894
1005002358179340
1005001432215280
1005002219418545
33043364815
4000207125484
1005001636307804
1005002427828689
32855880373
1005002317715007
32950061455
1005002350191162
1005001776547218
4001230302833
4001345472296
1005002351729112
4001175347677
1005002453361300
1005001728153757
4001168967463
4000345538063
1005002316571265
4001255690356
1005002341815272
1005002247631609
1005002489872136
4001364156858
1005002235163122
1005002390179134
4000174653735
1005002287572844
32706433900
4000287110908
1005001686063708
1005002339408303
32965295451
4001230402263
1005002435112839
32994450345
4001099959589
1005002171207171
1005002382594218
1005001884702166
32893597627
4000313414416
1005001869494865
4001279355895
1005001779785657
1005002030872848
4000075436467
4000873172915
1005002316669710
1005001907884300
32996258859
4000416697395
1005001529879601
32969797665
4001358886609
4000689779558
4001261203801
4001217107076
1005001725945978
4000806277708
4001114671872
32947547631
1005002474318320
32789056572
1005001621774130
1005002016992995
4001127326292
4001279504538
32638221122
32855690381
32819526058
1005002229107083
1005001437357654
1005001877892549
4001200771393
1005002225726816
1005002358441344
32860198660
33012445773
4000025594518
1005002443473930
1005002369381990
1005001866150596
4000990737778
1005001380113257
32702891554
1005002212155393
1005002461664772
1005001736757343
33029646257
4001044462271
1005001714638648
4001058318134
1005001888432942
4001064607951
32623059218
1005002085979145
1005001423230601
1005002373129204
1005002363371882
32849675326
4000353420154
32956157927
1005002474592330
32725502789
4001061587556
1005001736229946
4001090126796
32956148535
1005001763650547
1905146888
32976895420
1005001359669741
1005002277012070
4000051220213
1005002404388605
1005002465795939
33012184410
1005002361555434
1005002434721917
32922575625
1005002156441598
4000252219620
1005001326230165
4000584948172
1005002336776519
1005002339926002
1005001830130136
4001307336587
4001315910063
1005001561975682
32797661041
1005002199662838
4000744012026
33034117649
32680596348
4000819602231
1005002496006034
1005002220898778
32975956353
32790741890
4001156397006
4001344382945
1005001704337802
1005001848463446
4000223344793
1000001530334
1005002322973403
32955971166
1005001458553883
32703928130
4000708324876
1005002305834303
1005002482636327
32739201589
32976160846
1005001688534643
1005001763284225
32983455714
33019926462
32514923584
1005002262689032
33008544150
32981605291
4000504866678
4000460034264
32983380515
1005002027309845
33036829534
4000289247235
32900581137
1005002346192713
32931538703
32804864546
32994893661
557119618
1005001582350996
1005002213638567
1005001770255926
33006797381
32963647240
1005002257491888
32842009674
1005002292915660
1005001867991388
4001075695196
32953631456
33048345038
4001288247605
1005002047101498
4001355318277
329654834514000474582627
1005001803799994
1005001960201770
1005002265116456
1005002329200839
1005001998741041
32989810984
1005001600324548
32857308372
4000306766243
4001211545670
1005002323804974
1005002390385156
1005002462543460
1005002414360853
33046009353
32987894668
1005002186990676
4000607105785
1005001867230778
32981217226
4001080026273
32243271043
1005001824686373
1005002288893919
1005002286568544
1005002313963498
1005002441419685
4000834410363
1005001652773804
33018531672
1005001893947520
1005002306838474
1005001495631152
4000362932259
1005002333997497
4001089593534
1005002388877100
32610755468
1005002460188844
32855709347
32800983542
1005001705281633
1005002256178760
32975340083
33057844986
32962370485
32852202951
4001214297145
1005002277600953
1005002007483507
4000576133667
4001078643318
4001125229246
32978261107
1005001525249365
4001294956249
1005001653883124
1005002500561290
33009243477
1005001302435563
32909179155
1005002435432516
1005002004635605
32982473104
4001314623122
1005001732626829
4001051094806
4000626553039
4001334142212
1005002345033038
4001039370792
32378744808
32432749314
1005002095114429
1005002388820916
1005002104574238
1005002022077361
1005001643594744
1005002474438380
33009501668
32905739058
1005002428099870
33005910444
32933598559
1005002318572195
4000961340642
4000529572894
1005002111564817
1005002418409617
4001246544054
32662727114
1005001704423272
716666952
1005002303922724
4001039470397
1005002267528521
1005001650734827
1005002215756288
1005002328669781
32863762585
4000267745452
1005002233784204
1005002347417656
1005002367419676
4000991931754
1005001795657740
1005001362334795
4000594859040
1005002212953221
1005002327126208
1005002396447812
1005002314429284
32836329099
1005002032528370
1005001864959458
1005001873930772
32905613890
33025722511
4001058122826
1005002027748833
1005001883830830
32318593223
1005002306141685
1005002296335175
33055815641
32858016914
1005001998276661
32890360179
1005002314512250
4000348249143
1005001304497044
1005002314863651
1005002448858610
32329326336
1005002276609975
1005002466738643
4001216831803
1005002280963370
32944025639
1005002277169644
4000349770453
4000190554793
1005002352513272
1005002333208048
1005001517924947
32764920165
1005002287748709
32890557065
4001111989751
1005002233796900
4001360873634
1005001611384417
4001214161898
1005001854753946
1005002326706492
32919236192
1005002323281825
32794088686
1005002175398000
1005001671000045
1005001845640220
1005001514516170
32970567188
1005001763384510
1005002482008763
1005002206235272
1005002457496982
1005001721631104
1005002339273885
4000321501299
1005002059746465
1005001805680662
32920174385
32974461540
4000842662440
4000192944672
32861303415
4001170699531
1005001741554570
1005002388590207
32788133639
1005002254104275
4000401866752
1267155705
32672680583
1005002467076503
1005002360394274
1005002303636284
4000057041061
1005002462137947
1005002352072625
1000006997583
1005002413362661
4000001757258
1005001495595705
1005002072241598
32841332708
32921932263
1005002239533643
4001270338984
32829013562
1005001669984415
1005002406652952
4001175185379
33043731854
32834096592
1005002133792725
1005002323893994
32869940953
32914888438
4000072274267
1005002050835132
32390916980
1005002345929484
10000313385754
1005002014549449
1005001762320451
4000032280963
4000061215061
1005002406114230
1005002357583351
32860181642
1005001826412556
32945593919
4001241564739
4001112187049
33046205199
1005002403798519
32931217792
1005001359710161
1005002330731307
33005500279
32750338749
1005001285139312
32941807527
1005001525369737
4000411252865
4000250390011
1005001490739760
4001283694005
4000185881908
33047948818
1005002490493352
33042019179
1005001998130619
4000849253488
1005002070189332
32899386695
1005002315199262
1005002347307582
1005002337616982
32824762887
32600288543
4001350415630
4000904538093
1005002340712482
1005002396636336
32489844671
32977831721
4001175184866
4000990849167
1005001651268953
32817421374
1005001285066297
4000625767336
32926113488
1005002301214158
1005001373674947
32571706490
1005002297183868
32904318182
1005001288102020
1005002182392933
1005002354622961
4001096284788
1005001983440343
4001026310413
4001101139520
32846853074
32869521784
1005001458823031
1005002339369481
4000960918103
1005002483311130
1005001533974242
1005001588693053
4000303332609
1005002426476034
1005001727186855
32717371212
32808845576
1005002004520050
1005002061577415
1005002002525189
33015014109
1005002483887415
4000180395642
1005001985443325
1005001689329047
1005002257239591
1005001515925314
1005002176506963
32811064969
1005002412712441
1005001672641580
4000188395565
32379281349
1005002245776283
32846307558
1005002258533453
32861480976
1005001656890837
32965490284
4001071651294
4000756323643
1005002345534218
1005001379169215
1005001555137032
1005002221970786
32951446379
32826152260
4000385496162
4000665082831
4000810903046
32905442996
1005002333694183
4001294967953
1005002470280621
4000260165657
32970584349
4000348040768
1005002012752771
1005002383310133
4000248142674
1005002490992134
1005002277544935
4000205868639
33050017026
4000004790664
4000173761858
4000603075924
4001136962051
1005002396288603
33031269789
1005001772117311
33016842062
32781509158
4001129348470
32957127527
4001128302190
32675564665
33057991424
1005001602362391
32826749575
1005002312665742
4001145783718
1005002491662666
4001108667912
1005002314273814
1005001559893883
1005002290076882
1005002431903347
1005002315609298
1005002100943274
1005002220058013
33013598377
32968956469
32672274384
4000024567552
4001121898326
1005001698502810
1005002071144557
33034367432
1005002399065273
4001275150043
4000776404828
1005001361887463
1005001950197910
1005001452335215
1005002340696888
32820926807
32830973935
1005001593023171
32891612973
1005001346458044
1005002461996933
32994692386
1005001671476419
4001355488473
32917195826
32232818618
1005002341163511
1005002259991506
4000287550674
32841424695
4001039414639
32831591402
4000332725111
32830771826
33049271065
32841301825
32822189028
33040989157
1005001877025616
32834647402
1005002466269084
1005002471019393
4001315026787
1005002380414130
4001102135271
1005002377227531
4001036669831
4000913096867
1005001763663073
32748919122
32858877166
1005002134072545
1005001562620652
1005001427204810
4000702285929
32701331464
1005002478267546
4001075723249
1005002474883355
1005001895422787
33038046527
32892897861
33007943548
4000180138837
1005002323678748
32966423367
1005001360962204
1005002060391250
1005001714656048
32988348637
1005002342578147
1005001895357028
33026299471
1005001572431404
4001091202513
1005001731567598
4001356553381
32933578612
33032591031
4001178885430
4001116075523
32889452092
1005002359769865
32266828951
4000434208231
4001040898531
4000060497588
33061431447
32982167441
4001149037519
1005002192094242
4000076911530
1005002255222036
1005001394146729
1005001703291815
1005002208546811
32908095685
1005001273933765
32852378814
4000381306630
4000603943227
1005002439830094
4000959711309
33000896941
32753466281
32836989377
1462142773
32965116565
1005001872620410
4000934086339
1005001470995430
1005002287593030
1005001905657498
4001140407589
4001199332247
1005002374331969
32950538233
32962048367
4001365491527
1005001788922001
1005002219557012
1005002475212404
32969436395
1005001972650661
713436532
1005002252204180
1005002468153160
4000182074525
1005002206951909
1005002313989275
33012390587
1005002180902258
1005001977123260
1005002291408379
32951913471
33056228534
1005001590617130
4000627319395
1005001517013110
32845742865
1005001645059378
32922546189
1005002396394573
4001220672265
4001275500166
32811798547
1005002268034593
4001165461135
1005001891739470
32700067536
1005002443141305
1005001658140521
32812111714
4001089718518
32788343428
32977091527
33053721224
10000395834921
4001089952794
33005324815
1005001833310255
1005001871866519
1005001749136808
4000106422556
1005002292670828
4001222331892
1005001872729150
1005002377028404
4000163441024
1005002317626312
1005002268968735
4001228582950
10000012608534
4001038774638
32987905275
1005002215436980
2045550255
1005002101259259
1005002224000467
4001207117626
10000089297118
33005713550
4001052449615
4001037144397
33030083289
4000039105497
1005002009709016
1005001603447042
4000420060270
1005001860432169
33004361629
4001021580053
1005002436895614
1005001625166706
1005002392420365
1005002442242773
1005002314329769
1005001648646003
1005001894644973
1005002321134882
1005002443555138
1005002266835268
32404440812
1005001555538602
1005001509850539
1005001670704987
1005002375713469
32888888034
4001175833688
1005001445054912
33015323161
1005001639478059
1005001999989253
1005002303093562
1005001608638167
1005001951104944
1005001797539098
32835508899
4001237652362
1005002146165290
4000148336988
1005001900301630
4001050001438
1005001355366014
4000973367042
1005002244404840
1005002313171041
1005001878687360
4000114696948
32777429716
1005001844680151
1005002321873110
32928068677
33031851709
1005001397769465
1005001934702825
32851705572
1005002292011972
1005002344937602
1005002448338475
1005002318435670
32945449597
4000554925478
4001150171199
33053781223
1005001315898841
32799176410
33045195559
1000007623590
1005002251708734
1005001778795720
1005002262183852
1005001856597615
4000042928000
1005002390820236
4000689636661
1005001681673939
1005002400482101
1005002237910057
1005001813465617
32959226646
4000448596213
32869268012
1005001813029672
32922172815
1005002377453205
1005001710150526
4000182074217
32918302441
4000806490526
32829899031
1005001706302879
1005001529886686
32947884027
4000286349681
1005002168657795
4001156812382
32602020638
1005002171537424
1005002318397670
1005001773455714
4000215714769
4000749246721
4001130909920
1005001596987826
4000981443880
1005002367200771
32852587278
1005001467624286
32952143371
32840248372
1005002449936403
32903460438
1005001954936522
1005001465495585
1005001359064778
1005001882963506
1005001480414285
32959938494
4001090668427
1005001910608396
1005002355945358
4000716850604
33034383734
1005001782261791
1005002270218394
1005001291185759
32809773060
4000445562033
1005001299447340
4001220157814
32823684388
1005001702960448
1005002475582580
1005001450940164
1005001624817944
4001011351417
1005002370036713
33023009095
32867517646
1005002288982485
1005002260422176
1005002457271890
32954114382
4000619215859
1005002466938963
1005002431062764
32822735506
1005002282931349
1005002253963732
10000084784112
4000905767977
32694302748
32913166079
1005002467028475
1005002321896492
32818404744
1005001345604769
4000038848214
1005002238048315
4000801462126
1005002466084770
1005001977356536
33047329097
1005001290497391
32362331532
1005002253203800
32887411678
1005001881065145
1005001670796119
4000712528726
1005002376109061
1005001332703594
4000006162636
33062871732
1005002210638610
1005001494322029
1005002032000820
1005002491619141
32829585932
32920375874
1005002466184275
1005002485691145
1005002147196209
1005002220929513
32973861431
32350667736
33008543386
1005002219417873
32973311828
1005002398751852
4000825723071
4001197320583
1005002013970932
1005002314330608
1005001638729075
1005002334144259
1005002376921663
1005001494654816
1005002191703771
4001083792207
4000315741481
32730854538
4000873968803
1005001718223058
32971446850
1005001993804785
1005001821815086
4001330524905
32996093506
4000415460386
4000546585937
4000985561738
1005002381160185
1005001546462194
1005002440062985
1005002266188995
1005002259152050
1005002342514607
1005002363386654
1005002254206639
4000810423328
4000171375299
1005002018754719
33014219805
4001255573689
32919678449
32961130995
1005002171161380
32837624065
1005002278993114
4001214610839
1005002052560820
1005002444170952
33006401523
32809304130
1005001681222917
4000348968612
1005002278207273
1005002072340920
4001154306878
32957966446
1005002370565024
1005002397874890
1005002040734676
1005002353682162
1005002233578348
1005001990853795
1005002465083073
4001202785057
4001039464002
32952064252
33027408701
4000704330171
1005002485303524
32898606157
1005002267924365
32955692344
32311255163
1005001771580803
33041819591
32847342274
1005002447227290
33046202483
1005002421431955
1005002291137760
1005001970585011
32807366071
4000052816634
1005002060065747
1005002498964015
1005001953759747
32947793956
1005001710909010
32963562636
4001307273892
1005002382961847
4001299952422
32948782649
32388632438
1005002374603163
1005002373228545
33031934724
1005001469562389
33056204300
4001165045983
1005001695926154
4000830522031
1005002364975656
1005002482849090
32717849253
4001194265944
32766701268
1005001955087697
1005002334316677
4000985285602
1005001958712212
1005001534355242
4000090378507
1005001462874432
32864003502
32962225492
1005002001109545
4001291557924
1005001540985986
499796966
1005001523510711
1005002334210976
33033542236
4001241296657
1005002018836513
1005001586038205
1005002235466133
1005002460970682
4000077693802
1005001321645539
1005002339288262
1005002409786889
1005002396732283
1005002411340865
1005002198067202
1005001582300946
32868086748
1005002333962755
1005001326866425
1005001307913477
1005002304466831
33004718141
4001278963941
1005002314384645
1005002064710948
4000001399836
1005002364135755
32996775936
4000542891386
1005002460183630
1005001955590158
1005002388574483
4000377371951
32871002683
32800075208
1005002438869583
1005001796792819
1005001994668821
32964906601
1005001953277761
1005001529413030
1005001590980750
32994795328
32933860743
32676504533
1005002287416962
1005002493850949
32558130597
4000618754724
4000599558052
10000059640077
32909192224
1005002278772083
32760511730
1005001326273021
4000937996115
4000125133627
32800678543
4001109041441
32994912554
32463295111
33003032957
1005001767894217
1005002263879070
33029795043
1005002074198660
1005001387736716
1005002353297134
32883982152
1005002454639580
32795348681
1005001445923970
1005002253219196
1005002277337112
1005001557865714
1005001574918283
32981800252
4000114900348
4000357633060
33031388172
4000795252054
33052079042
4000976626552
1005001817588232
1005002182081917
4001215251890
1005002282266532
1005002205137193
1005002381584291
33018207517
1005002416713258
32818754654
1005002275243998
1005001470577924
1005001768462502
4001073095003
1005002256667551
1005002074736285
575218570
4001228714170
1005002253292264
4000382127249
4000231770003
32842709573
1005002489539191
1005001356043271
1005002394768549
32756645855
1005002016567466
1005001370938762
1005001467411697
32944140482
1005002418625076
1005001966304468
1005002270925088
1005002303977365
4000441947717
1005001548962313
1005001627340805
1005002449483773
1005001949260698
1005001878502372
32982330221
4000758636581
1005001809772648
1005002299196991
32881866279
1005002362829480
1005001499623389
32995255015
32981450016
32834989376
1005002485300030
1005001621137078
1005002485442329
32920723631
1005001628332092
1005002260095708
1005001692244861
1005002314456061
4000192925381
1005002385190251
1005002244695310
1005001737725021
32988594641
32625573598
1005002254117341
10050024672717301005002252722715
32811340789
1005002072475521
4000214730757
1005002489192985
1005002240003697
4001359751920
32998469642
4000272356859
1005001845512614
32883666170
1005001678604180
32854119624
1005002383178114
33020850703
32881551421
1005002244641572
10000235885734
1005002370899816
4000001890003
4000839792820
32893644669
1005002378995172
32658368205
1005001489009023
32847315988
32785026977
1005002343169997
32821745798
4000581146406
32811359924
1005002341023336
1005001577113690
1005001926683141
1005001848711345
1005001949986420
32824537235
4001294451534
4001225114747
1005002373144165
32820598838
1005001913712953
1005002415954201
1005001980322197
33031103622
4000291195352
32947279617
32935034043
32919390134
32634637816
1005002330832041
32964440279
1005002254688347
1005001278305700
1005001834665564
32904749351
1005002402828702
32884468972
32916659773
1005001980157028
4000123885153
32844753924
4001036272142
32844095784
1005001616671470
1005001665306855
32982669999
1005002180612137
32808354544
4001220581957
4000970842546
1005002481161800
1005002457050234
4001362238966
1005001649016403
1005001308078568
4000201062902
32802641365
32801409505
1005002168822260
4001021610693
32809408013
4000130697612
33022885103
1005002027468806
4001005201828
32776787289
1005002302731475
4000199966292
1005002357103882
32947699233
4000595563249
32964494810
32978389992
1005002314669566
1005001966273747
4000810035262
1005002349636239
4000246048740
33007656019
1005002490362662
4000377912806
4000687110655
1005002453006204
1005002260432499
1005001884644014
1005002237704853
32966374240
4000003848134
1005002053405566
1005002339505273
1005001499516346
4000929510227
1005002314366772
4000990615021
1005002422052218
32896883990
1005002002726738
1005001672642818
32582050577
33025960333
1005002357231313
4000964034118
4000170283423
33063867712
1005001798767890
32963161165
1005002221220632
1005002343218015
32844845768
32966910800
1005002256534447
33022862292
4001318029802
4000241782414
32864626638
1005002361368961
1005002315897362
32795693768
32816928735
4001238046170
1005001518807794
32806809350
33000333900
1005001550665985
32751139572
1005001530653794
4000071020576
1005002315390343
1005002279373022
4001114251307
32799757931
1005001495460140
32720585767
1005002450420112
4000397540420
4000397566059
32668700248
32958497245
4000842197545
4000043771159
1005002421214411
1005001848953624
32957483315
1005001572181607
1005002484336655
1742930415
1005001645363994
4000843011399
1005001591711538
1005002120657623
4000176919684
1005002297909195
4001263921527
1005002263954300
4000291498478
32585971250
1005002462556554
4001355477762
1005001869683215
1005002291950771
32819182611
1005001349596969
1005001571635210
4000365873957
1005001956682058
4000084311299
10000146578701
1005002363935204
1005001970326398
33037397751
4001226834385
32881571364
1005002462430094
4000170631216
1005002056744313
1005001848483454
1005002427837573
1005001531268202
4000210821995
4000961372225
32824501435
33055532083
1005002413319039
4000930930805
32902277434
1005002233003501
33005875875
1005002454012078
1005002401929433
1005002131017159
1005002345421125
1005001461947296
1005002166124953
4001257056175
1005001525361684
1005002265474974
1005002393935848
1005001622026460
4000953659274
4000104047147
1005001804185400
1005001560309782
32949884010
33002256977
1005002478036457
1005002085477901
1005002314939467
4000940898702
32921818427
4000770156480
1005001957298099
1005001954274149
4000814918253
32913901799
1005002362475713
1005001463390999
1005002297953373
4000065877860
4000554959922
4000190889134
4000955740847
1005002323437258
1005002080720195
4000957428931
33027820558
1005001438865570
1005002016909228
1005002240103820
32914385705
1005002310516540
1005002340873529
4001267173936
4000368312513
1005001351920457
1005001431567297
1005001839053816
32973250189
1005002369117473
1005001622216021
32953134366
32976074999
32735747304
1005002185443949
1005002298182739
1005001704352814
1005002286751885
32990572060
32962727204
4000216122055
4001165551601
1005001863856764
33044796512
32533586361
1005001868699269
1005001615026513
4000443875943
1005002394534814
33042659637
1005001393871311
1005001436867861
4000237508051
32870373160
1005001319592936
32990228275
32957199739
32933303460
4000102751347
1005001461837623
1005002490072388
1005001973452865
32792134962
1005002304424951
4001090442322
1887242980
32833012991
32864955266
4000881609246
1005002267778976
32957382234
4001085680617
32997863857
1005002333278904
4000837025234
1005001339645265
1005002385170190
1005002045851592
4000207231998
1005002357546402
1005001425784290
1005002347562785
1005002448702375
1005002150685960
1005002207414323
1005002229501567
32991495386
4000307203946
1005002463243875
1005002116744470
4000071632773
1005002055114820
1000001386852
1005002206669117
1005002498810647
1005001903017164
1005002425526966
1005002204140098
1005001586339190
32899644247
1005002355654623
1005002387549822
32890767594
1005002372983883
4001135351194
4000817035604
1005001795791359
4001076843469
1005001916133810
32848364170
1005002370821806
4000677739160
1005001652911994
33050255825
1005001862916771
4000002047593
4001026923445
4000682846930
1005002147877222
32985848035
1005002233239469
4000777938870
1005001656934613
1005001434445240
1005002314292420
4001123659167
1005002171091155
33034440084
1005002271104630
4001231542989
744014543
1005001416804916
1005002467242862
4001204209256
1005002012766544
1005001619782970
4001101585023
4000108752454
4000344256682
4000462854751
32323452335
1005001710335627
1005002309314300
1005002302248910
4001312966419
4000362526007
4000847820898
4000661091225
1005001887801980
32593147157
33042001192
1005002496092318
33053617124
1569521561
32875274811
4000730270811
1005002340476541
33047853923
1005001978130801
4001198218781
4001221566204
1005002419326772
4000704202506
4000267523877
32890341895
1005001514563314
1005002451085203
1005002167910747
32354906177
1005002388632608
33002789395
32912642235
32632523554
1005001508216911
32966869596
32968337194
1480402834
1005001830283532
1005002359609974
32248951035
4000119273786
1005002395087951
1005001749360527
1005001652648182
32657766905
4001054477184
4001183408165
1005002301629648
32737946528
32845451548
1005002399587458
32867681957
32872158650
1916057298
32997561892
1005001710144114
33022931576
4000302942940
1005001946459926
4000768595706
4000460329626
1005002475034097
1005001381301345
32916352878
1005001750850395
1005002428326692
33042856625
1005002065531412
32969054495
4000944056179
32944800351
4001132009796
33029605319
1005002266898104
32991307305
33046586513
1005002456817648
1005001459518894
32940931826
1005002180477251
32914036652
33044356263
1005002420392369
4001154056868
33051150899
4000235343342
4000932277175
1005002466943730
4001228640151
1005002020069358
1005001901862691
1005002488664395
1005002284755076
32480038510
4001230973346
32925903339
1005002353933987
4000322583086
1005001841926383
32742528535
32862986156
4000433801360
1005001971962842
4001195555677
1005002287148698
32842436560
1005002012296482
1005002064692570
32468359394
1005001792811042
32866495460
32807587011
1005001548928683
1005002351662856
1005001645698248
1005002253292227
32882404918
4001335728108
4001234642150
4001271568956
32924074825
4000781297186
32775012828
32991627036
1005001946963254
1005002160588498
1005002112358297
1005002460638710
32842291900
1005002090629196
4000732358702
32768785508
4000133850228
32962201785
1005002080205102
4000892129923
1005001725531993
1005002011444036
1005001354978556
4001078144940
32894543102
4000921916414
1005002346124048
1005002232244767
1005002297696210
32897890372
4001221496543
1005002483027554
32969442317
1005002386777176
1005001320771637
33040342997
4000914623589
1005002483914854
1005001491419932
33001545826
1005002323186259
4001019269745
1005001737309485
32914691000
1005002317383222
32923391875
32884461071
1005002327242858
1005001875174939
1005002340640806
4001278893682
32903863818
1005001837026154
1005002372200670
32850060223
32848126737
1005002294025408
1005002314373369
32972664090
32998515858
32890147656
4001140179278
1005001768550326
32722977950
1005001918615756
4001103595655
33015330258
4000878422410
1005002388591130
1005001846613667
1005002278245166
1005002398162440
1005002030105145
1005001544468534
4001187261109
1005002263555493
1005002482168047
1005002372830110
4000311600609
1005002244523845
1005001657282023
1005002228642588
4000241357146
1005002432645400
1005001404955167
1005002292691116
1005001625599912
1005001628393081
4000772355832
1000007384190
32945603710
1005002318861565
32334377275
1005002455122094
1005002176446806
1005002344941510
1005001975131156
32327803477
1005002306636161
32413740231
4001110320264
1005001310015966
32939664587
4000960704542
32793127467
1005002279053748
4001241485231
1005002347788287
1005002112049473
1005002347869663
1005002010478647
32974673951
1005002430495011
4000604228717
1005001859926722
32971273573
32988388079
1005001585865380
1005001399027992
33046698730
1005001912871547
1005001311242091
32898913407
32918256016
32789266896
4001068749585
1005001906786166
1005002301334898
32991083016
32651751781
4000737096225
1005001884273950
1005002477341109
32989005826
4000959644509
32694071087
1005002114681785
4001192151274
1005002388843212
4001165969905
4000242637795
10000214779444
1005002339653775
1005001727014241
1005001965970866
4001225271385
1005001968925030
32958372163
1005001682102933
1005001686217094
32805019105
4001252180396
1005002292407256
1005002303719621
1005002372430714
32946488473
33049308615
32466178785
32387612397
32991381922
1005002327889334
1005002431187750
1000006288891
1005002192735947
4001112021173
1005002319577345
32473543251
32968577424
33043457721
1005001518725442
32805885770
32866215093
32454905230
1005002313188629
4000150328685
32971947878
32842419839
32855290985
4000206260319
32959650111
4001252725726
32861440679
1005001508631198
32919347110
4001042378382
4000231742183
32557625883
1005002412241760
1005001464728770
32838868253
1005002482996855
32978904970
32955405796
32860960800
32896611975
1005001935762375
4001145461457
1005002344738578
32901628114
4000522159438
1005001580609775
1005001791962491
1005001555970873
1005001411651022
4000783571630
1005002397135430
10000321539536
4001251897289
1005002346840670
1005002400235799
902564805
32795028181
4000665905322
4000063334762
1005001567049341
1005002342524548
10000032307902
32835335847
1005002333629186
32944349380
32848600353
1005002407013769
1005001333531754
1005001808897596
1005002476561256
4000701234310
1005002331109836
1005002052459676
32948721103
1005001543236752
1005001418801574
1005001773866102
1005001746581545
1005001478428816
32899813797
1005001998813231
4000029843986
4000964606947
1005001501700930
4000141242833
1005002347028932
4000909581512
1005001423696606
4000606252950
4000685091512
1005001698706343
33014163285
1005001631355747
1005001529072805
1005002478850250
32972042963
33001076382
1005002159631384
33039502272
1005001525421600
1005002399777880
4001290564515
1005001316984854
1005001982150752
4001019675419
32852339928
32856612819
32908984792
1005001559900968
4001031511992
32251291629
4000205688227
4001348516533
32989839243
4001248992715
32985808606
33054057690
32814814640
33041321037
4001230640255
1005002342625024
1005002289119098
4000282859816
4000972894025
4001021157567
4001261381112
1005002237722441
4001148796434
1005001948549178
1005001924119264
1005001891619466
1005001343634454
1005001779443878
1005001464487070
32852663885
32833823816
1005002393208149
1005002182427060
32976060610
33006566591
1005002473233428
32897796171
1005002354461328
32535833735
32824974449
1005002440738725
1005002318812609
32947936507
32835798354
4000007122561
1005002467612504
4000808299231
32979870080
4000243378560
1005002254226535
1005001943794875
1005001579805662
1005002423980592
4001064996109
32719683162
1005002225910977
32876053504
4000905702348
1005002342195409
1005002213371973
4000418872838
32901505351
4000361819920
1005002428298447
33030240114
32999296804
1005002436052693
32861286932
1005002371729091
1005002314244439
1005002491101270
32773588339
32975222548
4001177467480
1005002077853518
4001220161853
4000825534634
1005002308855149
32769611992
4000850150935
33000920762
4000846368466
1005002314816158
1005001809265540
1005001411784797
32820865973
1005002388358485
1005001586895738
32857392603
1005002327799471
4000429747747
1005002416205116
1005001626262146
1005002297929122
4000046679364
4000598721203
32943371631
4000766095119
1005001848929761
4001290590988
1005002233592594
4001222871706
1005002070497537
33009968233
4000666086674
32922255295
4001234470496
1000008347811
1005001585833668
4001076603710
1005002314356847
1005001780432480
33000534586
32961986073
32918467708
1005002400143374
1005002304239403
1005002454324278
4001146209184
1005001445822615
32817986720
1005002315324313
32550960981
4000838007076
4001294690259
32815323919
1005001644138993
4000901298720
1005001354933457
4001223811394
32780192478
1005002342528462
33041008286
1005002381149201
1005002398416185
32840292271
4001180001866
32532756357
33013039404
1005002390371215
1005002400728902
4001262561355
1005002454344820
1005001373889420
1005002482081209
1005001942101300
1005002024074007
1005001588841351
1005002346980227
4000203058318
1005002192479132
1005001525477066
4000990639486
1005001477995029
1005002213079504
4000829708073
4001313371589
1005002310145594
32856670442
10000351291377
1005002339126026
4001295342348
32438609372
1005001864796348
4001050620471
1005002253238396
32860497576
32801719599
4000626988447
1005002245532701
1005002346558870
1919717477
32719568429
1005001818851584
1005002466121342
1005001878953457
4000202552841
32945245204
1005002418176583
1005001570160665
1005002359176571
1005001933868037
32925851671
32888295971
1005002074158457
1005002288187586
1005001940188155
1005001518266232
32810378181
32615261323
32650776180
32844869666
1005001326382164
1005002381359918
10000095377641
4000734529022
1005002058539256
4000209913830
1005002089109852
32828797701
1005002172255536
32955647041
1005002425516652
1005002388837425
4001273201682
1005001810796706
32961525439
1005001350092613
1005001737823549
32919703202
1005001950265642
32961566798
1005001723831942
1005002329921476
32870130672
4000302189676
33054539324
4000842619386
1005002312655143
1005001639693251
4000226526210
32993208536
4000465204419
32525055094
1005002314425839
4001024946390
32708502312
10000088321052
1005001846672564
1005002433264905
32980276027
32779026809
32994691536
1005002382681332
1005002313740670
33038216034
4001065518674
1005002365731485
1005002186717073
1005001502607849
32799428971
1005002324020584
4001293954445
4000097291365
4000960595260
1005001337760514
32958563918
1005002096538775
1005002443650682
1005002490106132
32334634010
4000804340407
1005002490462371
1005001983721305
40008149360024000850603317
33007279582
1005002312447014
1005002376763295
4000054547007
1005002358591204
4001189239454
4000641450373
32951953635
4000881146172
1005001441266936
4001161926519
1005002063521648
1005002254971137
1005002398832275
1005002470602421
1005001556900383
1005002404391710
1005002212460615
1005001656864701
33013826723
1005002323185281
4000216695016
4001096169364
32737091006
1005001976660556
32346416582
4001157661584
32234095783
4001082068997
1005002264610132
1005001399047791
1005002211878835
32379276134
1005001461991599
33027804106
1005001326524452
1005001576412399
4000937499480
4001029534229
1005001845673108
1005002361441436
1005002344968813
1005002243562408
1005001748732494
1005001769018727
1005001922604522
32816702898
1005002352851439
4000545020173
32810066438
32904111993
32647235157
32829421387
1005002332826692
33059650566
1005001606858543
33038244379
1005002367459470
4000179858675
1005002428068364
4000058708543
1906920913
32956010184
1005002309962119
32813152952
32852200771
1005002378819281
4001227902225
1005002314180837
32831234562
1005002426207382
32743404566
1005001840246267
1005002051772752
4000705709431
1005001790675160
1005001399802940
1005002364040209
32806655687
1005002382835147
32315297267
4001142841997
33056615236
32807956529
1005001448794116
4000895094455
32886343214
4001148904335
1005002304462276
1005002167746628
4000470163517
1005001841684204
1005002336267244
32894570347
4000642556702
32956870564
32818416739
32249093838
4001270943128
4000823579042
4001326118222
4001313417596
1005001308473522
1005002296719353
1005002362883722
4000808420654
4000894089028
1005002316994692
1005001334503532
4000173211677
4001289097348
32927232455
32978615911
32812174823
32842841032
1005001439070966
1005002124725439
4000531983914
1005002281134848
32317276206
4000351091508
1005001560577870
4001270511037
32990193811
1005001808847878
1005002129836138
32824777955
1005001942950640
1005002092535475
1005002197149452
32879601144
4001358369914
1005002325373234
1005001874590824
1005002488224417
4001150118616
1005001931056082
1005001999596061
1005002191452638
1005001500547674
1005001742495876
1005001952830746
4000396054756
32963264237
1005002367838364
1005002026806927
1005002239166729
1005001639644413
1005001505367236
1005002359150326
32861844648
1005002316334078
4000849686329
4000062674180
1005002401683546
1005002172129574
1005001803179462
1005002466176129
4000990764512
32807289530
1005002432734499
1005001838700717
1005002425612561
4000429597479
32790227768
32904544564
1005002312083243
32849816336
4000025742970
1005001458188059
1005002248518321
1000008118760
32655067093
1005001298591610
1005001620523865
4000473406836
1005001773189824
33036561579
1005001285712378
4001232689470
32981043209
1005001939752745
1005002291655261
1005002477126397
4000523652118
1005002375115234
33025735897
1005002251873382
1005002363002088
1005001670804673
33036795542
1005002003546902
4000841653180
1005001917681445
1005002435964870
10000131429870
4000822062411
1005001572806866
32978619088
4000506293890
1005002224269506
32855427511
1005002386800594
1005002363320679
32920014075
1005002354061438
1005002420876308
4000263486701
32990768851
1005001505490860
1005001805222114
1005002208313996
1005002466663065
32880740634
4000469184307
32957881006
4000943192643
1005001628374137
32972751003
4000970469610
4000725274129
1005002487736562
33048357426
1005002322121003
1005001594881354
32705239378
4001010476484
1005002182445442
1005002059006206
1005002171044446
4001027585162
1005002427836687
1005001773893230
1005001813237973
32900999926
1005002419573348
4000409496876
1005001456267326
33050322807
1005001288726616
1005001907886145
32671254327
1005001764411267
4001231960994
1005002357185307
1005001929069547
4000987101452
1005002299852021
4000085172651
1005001890809728
1005002321798376
1005001987013826
1005001590442290
4001038378780
32922571963
1005002448493316
32897568819
4001225234524
4001093864960
4000035787066
32281325021
4001236854795
4000317593418
4001005215249
1005002315054146
32843607330
32977587292
32856010793
1005002378040678
1005002069404262
32812851750
1005001689331888
1005001888141008
1005002254103054
1005002297291469
32761980038
1005002073699331
32905579082
1005001980276526
1005002385218263
1005001956350531
4001322709272
4001217060574
1005001415503762
1005002488438799
1005001997165521
1005002312534045
4001239360510
1005002395988323
32892043950
1005002313776679
33022301036
1005002190047107
1005002275464024
32916990819
33010499991
4001271423453
1005002333957169
32983039480
1005002335011911
4000811005532
32786710399
1005001631155362
1005002500464727
1005002187764550
4001007342851
1005001686104386
4000511797956
1005001732083808
32823998596
32838194058
4001036796223
1005001877270203
1005002421429903
4000619192214
1005001890158705
4000410831072
1005002349197022
4000627475555
1005002382539677
1005001759580661
1005001894474363
4001177715779
4001339232713
1005001385569271
1005001418786172
789132996
1005001792178909
32951320771
4000726992789
33007086511
1005002289726169
10000284275217
1005001508018332
1005001933675695
4000780484458
33004829840
1005002281965146
32969156910
32737240925
1005001869358553
1005002157353009
1005001877639508
1005001754692191
32843079631
32807433751
1005002288907029
32593134128
1005001287023885
1005001718566307
1005001606093677
4000274082204
1005002263144603
1005002000118705
4000176926208
4000720651774
33004390641
32812206610
32854704532
4001283585538
4000163010791
1005002296794573
33034863148
32892255576
4001174646092
1005001295147204
32873505625
32891189288
4001002969996
32893613130
4001219645770
1005002027535428
1005002317579997
1005002383092924
32994889643
1005002387586806
1005002341407062
4000155801542
32847460227
32805366357
4000240429279
4000661094251
1005002121309677
1005001452671741
1005001726710826
1005002326767571
1005002433563460
32893146518
1005001503956499
1005002175699694
4001062637475
1005001900818007
1005002382020913
2034218324
32335366659
1005001934696500
1005002312182813
4000731273314
1005002207742703
32976978781
32868133056
32950389971
4000147774169
1005001611221786
1005001589078644
4000207951484
33032472592
32991642813
1005002235746869
4000150936411
1005002376584146
32974733808
32841414436
32884378579
4000975792297
4000722268030
4000508684237
4001219901759
1005001552523186
1005002298238955
1005002375638508
4000886159870
1005001678568187
1005002265818863
4000945729842
32962634355
4000207091409
1005001850716023
1005002423726499
32826827711
1005001768819429
4000492075742
1005001502926037
1005002285791834
32977758864
1005002440522110
4000420104368
4000594284644
32848798529
1005002400403887
1005001761429972
1005002404981660
1005001572815156
1005001808738881
1005001329715608
1005002287380019
1005002394304395
4000202933908
32833644936
4001165732123
33017644362
32867064476
1005002235788056
1005001483368774
1005001803797029
1005002315050202
33024638996
1005001721394918
4000080564479
1005002375084543
1005002497439285
1005002420123908
4000870100620
32695660558
1005001270069180
32607568212
32805112301
32799824521
1005001446186710
4000522590861
1005002394596266
10000397749656
1005002412523004
32706301718
4001203468857
4001288983202
4001224135003
4000614065619
4001260782824
1005002413478220
32468396798
1005002315522896
1005002314388313
4000836827019
32796679518
1005001364517045
1005002360472052
32816463380
32882176460
1005001598901901
32776136382
32819547114
4000921818230
32266144100
1005002122473535
1005002196699772
1005002314290836
1005001665013994
1005002404334194
1005002365211046
4001012561216
32859298666
32792001815
1005001988644693
1005002111221314
1005002353648231
33027541263
1005002292686075
4000053025324
1005001407010124
1005001694255324
1005002342645929
1005002279047581
32967946447
1005001677803896
1005002275340975
4001340318375
4001286749506
1005002242556570
4001305504941
1005002289566873
1005002367822731
4000118731502
32859138768
1005002312131708
1005002315073080
33047164340
4000155136776
32968487997
1005001769195097
32986235306
1005002358838704
1005001772257067
1005002256908145
1005001394929178
1005001929318553
33002085072
1005002449675751
1005002289048897
1005001889075440
32757980924
33031622989
4000264867589
1005002321129251
10000005105872
1005002313841486
1005002435179507
1005002303651430
1005002361425312
4000935253966
4000566967935
4000058608939
1005002416816061
4000644576407
1005002446948833
1005001266050258
32935006121
32917379235
1005001813626253
33048121408
4000028539362
32842148274
32871727913
1005001431218498
1005001726233222
1608004184
1005001607706073
1005001972178599
1005001793642426
32905600763
1569520575
32362175095
1005001278268674
33030741499
1005002105204318
4001248785457
1005002246289680
4000140994529
4000035793289
1005002199403137
32715614761
1005001534374529
10000386631261
32875983979
1005001913617781
1005002104073491
1005002065860085
4000503681054
1005002299587946
1005002395856062
4000959948048
1005002359722165
1005002298404464
1005002351976105
1005002407730512
1005001385918822
1005001442762678
4001083990652
1005002289968627
1005002225554159
1005001958668636
1005001946498747
4000736317702
1005001704149477
1005002495171814
4000382531081
1005001869455998
1005002429322467
32847557115
1005001525400431
4001269838236
1005002337030442
1005002352711226
4000669392481
1005002371963277
33046481021
1005001853867002
32972360798
32970387631
1005001704755975
1005002002493671
1005001999122202
1005001313257598
1005001693771885
1005001656842980
1005002258587707
1005002443185752
4001127714247
4000388888188
1005002214814105
1005002347476693
1005002033450013
4001128656413
1005002320619592
4000340153930
1005002240722059
1005002368017844
32979636990
32971536396
1005002086182665
1005001329814720
1005001442104688
1005001438808929
4001081118556
1005002277459101
1005002235628851
32778042689
32790827892
1005001998758304
32910326395
1005002454704963
1005001575692608
32909322291
1005002180973374
1731091282
4000087835095
1005001699286346
1005002337249272
1005002294165033
4000552785739
32985226754
1000007623742
32836132108
1005002078913892
4000987554210
32819650801
1005001834721518
1005002246066118
1005001694738581
32928459070
32816893090
33062010011
1005002364580528
32884215800
1005001426772198
1005002197828975
4001031254690
4001272619099
4000709167651
1005002239823144
1005001670722830
1005001469896965
32335743715
4001272879826
1005001960831034
4001214031588
4000183754673
1005001481889071
1005002460527168
32975749149
32728278693
32736430628
4001314320481
1005001952856902
1005002289185601
1005002429773756
1005002337237370
32951566576
1005002442833541
4000640120517
1005002450632072
1005001370459059
4001008756019
33027824410
32724239778
4000641378976
1005001265663272
4000432781090
4000224641938
32721639409
32737828744
1005002320484931
1005002397851093
32827152455
32724155701
1005002333857570
4001226886956
4000223555268
1005002288695125
1005001822286309
32886372159
1005002069838764
32952746863
4000464005947
1005001670886335
4001275970987
1005002110603663
4000526363188
1005002293959174
4001213982382
32344405065
1005002500548427
1005001865786010
4000479406584
1005002467787678
32626461343
32885289800
32922637473
4000132508666
4000877065611
1005002315117682
32844958148
4000337311073
1005001638679910
4000783133499
1005001769949591
32889826560
10000294688098
1005002315650534
1005002344428496
32997494462
1005002033544980
1005002333321017
1005002193134423
4001271149720
32972015722
1005002314635571
1005002365780689
1005001627220331
1005002469758416
4000625770041
1005002443176446
1005002489768863
32831640616
4000224296102
1005002171036401
1005002290109085
1005001265960632
33015710615
4000244837439
1005001439137614
1005002309151025
1005001718547824
1005001516039039
1005001507661333
1005002365636835
32810944928
32666190664
4000774785231
1005001857090169
4000867652359
1005001761730263
1005001670513845
1005001859628047
1005002052084314
33045148241
1005002458082830
4001279768785
1005002495277033
1005002253109289
4001156205532
1005002122354408
4000462882996
4000328276125
4000687081488
32383052476
1005001562041160
4001289292505
4000995128366
4001232819628
1005001478739936
4000662646384
33059777125
32890286353
4000309477259
1005002468147506
33005829321
1005002337360230
33037054887
1005002427786992
32233079702
1005001425591722
4000698854336
32896623601
1005001968827324
1005002328570923
1005001664415516
1005001756602680
1005002476429932
4000502877597
1005002358119974
1005001303614020
1005001844402204
4000955046197
32963386238
4000574531830
4001099337034
2043971282
1005001803846934
1005001815048187
1005002377645763
1005002359824655
32853757519
1005002288375810
33027553051
32662756537
1005001852391432
32842713084
32951434561
4000239877683
1005001842095015
1005001929436422
1005001640012633
1005002246621316
32843988438
32914552277
1005002322834662
10000146529794
1005002323463186
1005001803193730
1005002343332576
1005002214019996
1005002327185330
33046228191
1005001894608282
4000149372092
1005002294006064
32830694575
4001345843792
1005002434387200
32861305512
4001312949830
1005002352837715
1005002304411669
1005002314425447
1005001484849884
1005001755695670
1005002345861610
32859333660
33022982240
4001178048523
4000909255753
1005002252821384
4000865399458
1005002467682504
1005002099792794
1005001836049205
1005002312831889
1005001333181550
1005002388408648
32920484241
1005002269200136
1005002416463546
1005002270104927
1005002200864996
1005002245261741
1005002349920152
33040400798
1005001493132234
4000692668992
4000857235055
1005002275644257
1005002115046824
4001092317363
1005002406471653
1005002205735606
1005002490430234
1005002315405361
1005001355737984
1005001461890402
32939550176
1005002218452199
4001039150526
1005002359756645
4000253235571
32998208690
1005002438574317
4000550686041
1005001878481927
1005001849564980
32880409415
1005001448976571
1005001705739252
32669847127
33014815161
1005001350355437
1005002284872298
1005001653086188
1005002465063160
4001021292196
4000683190559
33046793647
32994808667
4001170987989
4001055306016
1005001666858681
32638964668
1005002301989586
1005002390911542
32671365251
32867526516
4000961388086
4001293841792
1005002240503055
1005001495128989
1005001596221950
1005002498653984
4000939176815
1005001834927053
4000580443171
4001130814377
4000104618261
32967415367
1005001287243885
32385628992
1005001551850108
4000229828067
4000983137594
32407553756
1005002223247335
4001055826582
4000109336745
1005002310163703
1005002434134524
1005001599021084
32438451136
32838065151
4000403453846
1005002486284552
1005001549318135
1005002263784142
1005002347518962
4000623189912
4001276710480
32951390971
1005002381143382
32983022678
1005001983136358
1005002403989659
4001184013063
32859006989
32953324967
1005002325471626
4000177634072
1005001731421737
1005001638737604
32550839617
4000537337524
1005002070109726
32601454543
1005001738042352
1005002265325774
1005002444093753
1005001592905791
4001173316084
1005002333697587
32700145051
1005001982563560
4001264313129
1005001732569065
1005002095127654
4000466102646
4000534677873
1005002317366450
1005002394798771
32991531060
1005002314488193
33040558187
10050020331556114001052598734
32826007064
1005002266384071
4001228452684
4000918190895
4000020452495
1005001888420294
1005001284832498
1005001519603873
1005001551656455
32959875217
1005002059310583
4000770183968
1005002259461256
1005002254357066
1005001689183698
1005001895182967
1005001441272706
1005002427574464
1005002466861993
32857524333
4000595531132
32980248329
1005002264481655
1005002319456398
2053004508
1005002267857259
4000203448955
32858781383
1005001882452306
1005002238643544
4000939429217
4001246878027
1005002315753094
1005002083722985
32907412211
1005001441380836
4000780014128
32811221371
32837342563
10000356722721
1005001992354153
1005002465868010
4001152081885
32998838854
1005002482943851
32831836895
1005002418952044
32863164864
1005001464627994
1005001612710302
4000249091891
1005001567902611
1005002307208351
32925652047
1005002467922890
10000415896596
1005002256719414
4000932345701
4001064645698
1005002332451190
1005002172566321
32887820931
1005001555328165
1005002007808631
32637855395
4000580319663
4000432584471
32904555882
32960017529
4000326245609
32826236376
1005002310936811
1005002371484873
1005001855400509
10000047873937
1005001676624147
4001241749310
1005001284834619
1005002468446420
4000025116832
1005002288159378
1005002207582407
1005002172275331
32958077784
1005002364184599
32880635105
1005002418443452
1000005390957
1005002279902359
1005001980208282
32823045349
1005002122305628
1005001780200318
32861951100
1005002048794369
1223033564
1005002307791261
1005002259182162
32966810816
33034845784
1005001617509450
1005002108585501
1005002078598875
4001362021719
32908944840
32928451783
32822918962
1005002310516879
1005002441742209
1005001648486692
32847780078
1005002291022986
1005002421691752
10000015998586
32900477667
1005002057818041
1005001377612038
32713424988
1005002383424154
1005002448821065
1005001650506334
1005001914577973
4000773500642
4001228657222
1005002385710528
32832509911
1005001626996547
1005001407952383
1005002499090615
4001128242862
4001214276274
4000935034088
32920654975
33003076757
1005001779539667
32954190289
1005002287026448
1005002309037675
4001024497642
1005002350526605
1005002340559045
1005002348440869
32835259447
1005002167372330
1005001971935558
4001057736425
32810901118
33041594132
4001147456811
1005002115775031
4000059671630
344807539
32829567641
1005002395726806
1005001559852710
1005002199216814
33059672910
32954323053
4001205070222
4000868474042
1005002064362904
1005002071483667
4000228617334
1005002314197374
1005002197060834
4001160680655
666447468
4000907654609
1005001677378152
4000814823272
32987706233
32873796254
4001148018143
1005002305066934
1005002356844306
10000032391994
1005002336454081
1005001465252686
4000082445426
4001174336604
4000716911115
4001359969001
4000483586093
1005002116264365
1005002385084906
32599541826
1005002310536238
4000049334448
1005001419224839
1005002289877838
1005001798511422
4001115549934
32902546379
32951128832
1005002409907703
1005001313043058
1005002385066986
4001280387337
1005001594609267
1005002479259718
32861204403
1005001477958386
4000850177885
1005002314458420
1005001344154644
1005001678972611
33010566349
1005001475256803
1005002384397869
1005002144957114
32585691725
32932310163
32953676534
1005001814486316
1005002122539342
32362335342
4001142063893
1005002388307436
1005001640674315
1005002310912576
1005002314364681
4000239013060
32464752525
1005002359699566
1005002433826324
1005001429948557
1005002180663571
1005002361841142
33044522372
1005002145898759
4000260994268
1005002393442945
1005002314310514
32853323717
4000723397267
4000484976926
1005001417481435
4000193880806
1005001517288252
32896972363
1005002074804590
1005002260757238
1005001982567393
4000253203346
1005002313381373
1005002405389086
32473782500
1005002443128392
1005002174872558
4000187127285
4000941464244
1005002282402346
32718160106
32970594181
32856580999
1005001566067535
1005002319060860
32976662037
1005001364003712
1005002428074299
32951691850
10000411920105
1005002331970129
32999987113
1005001406975254
1005002460860295
1005001540499747
33023135005
1005001999712443
1005002325959720
32992266747
1005002322480551
4001201119129
4000545702864
4000990972187
4000642671704
32543999133
1005001406064646
4000129394578
1005002226284703
1005002319141224
4001326321369
32834184111
4001060737842
1005002292574692
1005001859940748
1005001896719054
33012208938
32844858412
1005002388413300
1005002086306189
10000395855613
1005002357017229
1005002405822470
32905393502
1005001992869418
1005002253889191
32976425398
1005002340681896
1005001756907215
4000801082989
1005002400027379
1005002142751698
1005001882464106
1005001586669361
1005001882809458
1005002500493411
1005001923176840
1005002319248151
1005002120309602
1005001458261166
1005002285931570
4001292389991
33059049061
1005002244867246
1005002342695994
32988835333
33056679041
1005001607290181
1005001849140088
1005002319572352
4000276299973
4001089232643
32991241165
1005002272058902
1005002058288816
1005002355944003
1005002304364574
33000039067
1005002363558323
4001330945822
1005002357991136
1005002329683061
1005002411187140
1005002314284968
4001308259216
1005002450065300
32963714605
1005002004215578
4000437417236
1005001667894132
32859284984
1005001557543815
4000544446887
4000311890622
4001268519029
1005002359703982
1005001367645284
33026794001
4001271048135
1005001923964306
33012478016
32835554305
32831973742
1005002391066481
32608478283
4001057734111
4000834384257
4000167831069
1005001511440445
1005001922181792
4000132414816
1005001405329143
4000022338927
1005002267899585
4000001525908
1005001989876366
1005002038191674
32861512113
1005002122577174
32859361714
32860108812
4000181874475
4000207893955
32857315025
32675358221
4000849858686
32870280687
1005001303985466
33028253021
4000740094948
1005002072452486
1005001893273426
4000580450149
4000383800406
1005002458959077
1005002303871199
4000484268648
1005002491026424
1005001412714928
1005002361939855
32774570141
32629698430
1005002211195937
4000529634650
4000144942824
1005002271202605
33012793378
4000378468936
1005002497167421
1005001882448082
1005002315486735
1005002031965965
32611137393
1005002219489857
4000933601343
1005002372697099
33025209423
1005002193268904
1005002140114267
32874676878
4000529086172
1005002313984173
4000379907361
32858831511
1005001682835379
1005001741228544
1005002408430963
33002373726
4000534537173
1005002384716879
32979069623
1005001794039047
32919817824
32899943081
4000199450393
1005002330940792
32827617371
1005001953753340
1005002443354352
1005001275124010
4000659992362
32982935537
1000007966296
4001159447013
1005001686094366
1005002001583633
32846873815
33004801773
4001131720435
4000789277066
1005002277238312
4000201978797
1005001703911879
32892568194
1005002158769678
4001202985934
32977278028
1005002314090384
32955096322
32954605453
1005002448621670
1005002336922052
1005002467795487
4000967625124
32934199150
1005002139999763
32809109231
4000689176534
1908016105
1005002473665561
1005002122435407
1005001432248364
32239963047
1005002301659638
4000113654360
1005001541408148
1005001843218355
4001193997326
1005002301559737
32577466814
32919333055
1005001404902954
33012756387
32847750252
32891662879
4001018714845
1005001803575930
1005002295160480
4001245996784
1005002264854566
1005002212071769
1005002149113243
1005001766222631
1005002244921303
1005001499490263
4001009391057
1005002198263705
4001179914865
4000369319238
1005002475187024
4001292937540
32948123722
32378826751
4000504020064
1005002400284649
1005002373066310
32912163545
32807500712
4000650606453
33047225385
1005002212947597
1005002229055442
4000902668084
32300457203
4000325017886
1005002434132494
1005002136976763
4001279005753
1005002084336574
4000935118175
1005002252890103
4000414689702
33021227290
1005001991727616
33061774741
1005002332855881
32971004939
1005002021690336
1005002313846601
32870848676
33047900388
1005001445715768
1005001819487174
1005001315808881
1005001868806914
32999828583
1005002353555759
32812879496
1005001525437489
1005001949655473
1005002309251374
32698640971
1005001731250649
4000345447732
32523496234
1005001922867917
1005001769405856
1005002039058476
4000322124100
1005001936340847
1005002193692837
1005002077015160
1005002063320159
1005001374567953
4001334170354
1005001830674212
32962750726
32947263834
1005002046835038
1005001793092268
1005002466064932
1005002328251592
4001281348520
4001224494951
1005002383602114
1005001841135722
1005002290200398
1005002342621542
1005002315464514
1005001758004971
4000402038743
33000538870
1005002309244171
4000104978221
1005002453788064
1005002236254427
4001116949870
1005001678637487
1005002267512247
32981290168
32960065688
1005002394880518
32464334368
1005002459714002
1005002401827893
32857244345
4000525340643
32816688551
10000120895038
32906621741
32978963710
4001287232177
33008589823
4000956040423
1005002323428563
32808566930
32815640868
1005001281203239
32953754533
33062222262
1005001416907718
1005002116322395
33060358042
1005001894500295
1005002475690171
4001076616695
1005002322245212
1005002336714114
1005001846397625
4000967817784
1543033939
33026843744
33006796523
4000517559595
1005001388000517
4000857183585
1005002351023895
1005002309729652
1005002341348678
1005001664800331
1005001739411514
32376581988
4001266910975
4000050051714
32960469038
32971844596
1005002314287591
1005002337765653
1005001490168530
1005001625065698
33012346983
32955209467
32999499222
1005002238811321
1005002220200429
1005002248613183
1005001591713152
4000183919470
4001356416648
1005002104169634
1005002210131693
32977654854
1005002363815071
32959550090
32778104037
1005002388056166
1005001732457614
4001345306713
4000063979116
33015139598
33059439843
1005002165768047
1005002319136647
1005002449862096
32998733667
32909200665
32894411224
1005001302642699
4000377043168
32514930026
4000967791857
4000661038886
4001326228334
1005001369080722
4000833774892
4000781195361
1005002356160429
33008105065
1005001594386008
1005002326610895
1005002249682131
32884069801
1005002439012101
4001080151909
1005001398264378
32989949497
4001155329909
4000427050966
1005002358282850
4000145769520
1005001286375447
1005002336590561
1005002352102699
1005001586441342
4000492651367
1005001818020276
32655832296
2004179152
1005001578816724
1005001316439426
1005002357301927
33032602867
4001185437764
33010005909
1005001594760996
1005002083358574
1005001974822956
4000532018004
32961666180
33042038741
1005002160575145
4000115992144
1005002268518157
32868404921
4001066559154
32968516740
4000227592547
1005002420215241
32812348934
1005001882700148
32949327143
32826164415
1005002023545694
1005001580808722
4000092594374
4001219164773
1005002032459980
1005002342970984
1005002288233910
32741965585
32961901714
1005002395522224
1005001290906252
1005002252670504
32969337755
1005001957898323
1005001943001207
1005001935634238
33016376318
1005001429654265
1005001645168516
4000843243498
4000585736872
1005002246986241
1005002492726178
1005002336918269
32983004841
1005001975019806
1005001976420673
1005002003090534
32745732836
4001039000200
33045534476
10000389370544
1005001893201904
33058795151
4001039444201
4000949977643
4001145227344
1005001343249532
4001216646817
32767102327
1005002405295112
4001214535536
4001047267146
32983251634
32948894318
4000820523378
1005001923007650
1005001590435586
1005001509816067
1005002460927638
4001143188511
1005002301467830
1005002236463529
4000224293150
1005001878695549
1005002426733823
32883646448
1005002022512397
1005001460247897
33002086208
4000868664628
1005002280629296
4001046017105
4000963535650
4000348155111
1005002318626196
32980001086
1005001512671308
1005001579104264
10000285610212
32899730256
32970650139
4001362159287
4000077501414
4001203458390
1005002306667824
1005002325367095
1005002345162724
32856060607
4000434333494
1005002318975309
4000910116264
32963935951
1005002147888308
1005002382317478
4000737298069
32940874321
4001107595560
1005002363473394
1005001878695142
4000826627472
32954985684
4001239194133
1005002021205898
1005001636690017
1005002386799076
10000251174442
1005002245366085
4001181452029
32999147691
1005001679861117
4000863798245
1005002279159168
4000981174527
4001265788280
1005002108409604
1005002197314087
1005001982259636
1005002392389744
4001132042551
4001130796469
32677701332
4000981752599
4000557803573
32619821356
33010272384
33016970977
1005002352400931
1005002299276789
4000597635786
1005001829612684
4000922937226
1005001871791278
1005001573512094
32855352178
33021582098
32848806040
4001197492117
32972198210
4000905585600
32973784613
1005002413868392
32635974764
1005002384970502
4001175556661
1005002227945312
4000942782689
1005002344869893
1005001647890842
1005002382237593
32898063280
1005002276429359
4001216610394
1005002272102878
33007756036
32638944889
1005001899422946
32997962986
1005002201038884
32962814128
4000297397558
32904561630
1005002308562889
1005001616262533
1005001459160722
32933034437
4000935274181
32424587282
32874748323
1005001448512412
1005001404889682
1005002460054768
1005001847747282
32393893628
1005001349062854
1005001512747961
32940580553
32866058291
1005002500345955
4000630658381
1005001730658938
1005001722671820
1005002292773273
4000423241780
1005002090513188
1005002017010107
1005002329071853
1005002346063650
1005002304704067
32812772237
4000748347903
33047196159
32379507346
1928315721
32976935349
4001214438339
1005002468428907
1005002304208007
32662824539
32938215251
1005001893453517
4001180129141
1005001441277812
1005001829865915
4000961959011
32821761260
1005002263962464
32589536345
1005002116604470
4000791091691
1005002424506467
1005001620293346
4000516875649
1005002340690996
4000934436576
4000698055703
1005001801423367
1005002011449593
33005667622
1005002038728624
1005001995720219
1005002008209768
32892156778
1005001543832898
1005002322734549
1005002318834341
4001086798536
4000169162404
1005001620744553
4000810055737
4000715854512
1005002344995405
1005002365415818
32845435181
33003607011
1005001537837612
1005001929240198
1005002282708953
1005002283564242
32843759503
32985147224
4001294546145
1005001455574988
1005002323476968
1005002237696984
1005002220753116
4000118469565
32919622697
4001207582588
4000679496177
1005002398841034
1005001411682343
32919833650
1005002387732250
1005002368819635
32953091676
1005002307555965
1005002421014708
1005001573955470
1005001743387857
1879149169
4001286156788
32841369053
4000608636068
1005001689850248
4001108193943
1005002316187981
32800725062
1005001998705830
1005001685856457
4000483594709
32959657074
4000628518754
1005001523639777
1005001323098074
32377309751
1005002438602972
1005002454332613
1005002315327256
1005001972483255
1005002182329813
1005002338208572
1005002276679267
1005002339279932
33001807234
32818829553
1005001926236690
1005002274261090
4000927923556
1497158750
1005002416893170
4000204821590
4001007020178
1005002265494837
4001203630422
4000821565972
1005001594250520
1005002395161038
1005002389903059
1005002253738378
1005002439892771
4001330899390
32915594849
1005001505821536
1005001563013602
100500237324105032919338948
1005002317563816
32835399394
1005002191921166
1005002401786879
33001308106
1005002497457315
32835626241
1005001286371123
1005002293653972
4001276415564
1005002319122411
1005001423411558
32798931338
32798447977
4000971290571
32798577693
4000987407315
32863859862
1005001439120393
4000114804067
4000019751390
1005001792926375
1005002400805503
4000259641034
32823753887
1005002323554152
32916315669
1005001495554516
1005001813845926
1005002413535959
4001074627419
1005001658029937
4000229724827
4001075968891
1005001571526140
1005002401488010
1005002360518186
4000473730057
32805765549
1005001481310390
1005002369294284
32802779721
4000015023746
4000717335126
1005001604617771
4000012044348
4001160142151
1005002107199946
1005002241524452
1005001860990882
1005002322967390
4000704186817
1005001604996024
4001317929709
32985341877
32907259840
4000029463976
33012439071
32881249781
32836634859
32992966430
4000849814292
32948052438
1005001511369246
1005002297885685
1005001411526921
32912489387
32893775010
4000984121188
1005001915216733
33001820612
1005001346863900
1005002467141967
1005001270210004
1005002361592198
4000304622099
4001298047489
32946504415
1005001936229685
1005001430927047
1005002460136503
4000583194332
1005002271786615
1005002170706362
32906543881
4001288930186
33042268966
1005002089070827
32956719592
1005002233574110
4000029298877
1005001646788086
1005002467189688
1005002350838324
4001090470969
1005002340244462
1005002182613022
4001065857101
1005001922343174
1005002268873168
32956464273
32453685077
4001218941215
4001298851627
1005002476186218
1005001914452418
32836735344
1005002444075528
32949021440
32985691968
32955474970
32914123439
1005001590407682
33049145144
1005001599712453
4000926123005
1005002311857486
32975001861
1005002147984811
1005002354396022
4000783938211
4001274339226
4001095319579
1005001639228925
