1005001633478685
1005001343772766
32917568758
1005001382041822
1005002060147798
4000927210391
4000464665281
1005001965264948
1005001671102390
33049935600
32688670726
1005002302133356
1005002136445077
1005002473189945
32619503946
4000656414194
1005001860322510
1005002350761645
1005002484763179
1005002287533599
1005002291205463
10000197185189
4001280803496
1005002265386631
4000803364942
1005002167831332
1005002111461811
1005002360439205
1005001498706251
4000901406068
1005002353377471
4000551321661
33010309224
4001179768399
1005002389252664
1005002449539166
4000424902775
4000387153184
4000291359877
1005002253809363
1005002388253445
4000255859192
1005002306519726
10000372618257
32591669238
1005002319144248
32214025296
1005002255001062
1005001779963005
10000306567739
1005002378239416
1005001541866619
1005002084051496
4000043997504
1005001726421132
1005001516136599
32828364579
1005002303955614
33059030410
32665016593
32868099580
1005001931840855
1005001495275564
1005001530482911
1005002336629788
4001321886605
1005002341247885
1005002443654599
32863474018
32863798550
4000284418699
1005002111726811
1005002260950359
1005001888443119
1005002258083667
4001061209809
1005001885870156
1005002473352567
32952713378
1005002494742365
32950218712
32844421057
32969834842
1005002286901520
32977730832
1005002289740270
2031873110
1005001640924272
1005002482143464
4000016174124
4000386848580
32901792961
1005002072185870
1005002435128158
32951386579
1005002247760211
10000397752404
32973025360
1005002400647995
4000803855737
1005002381954801
32974880454
1005002357233217
1000004511037
32994296779
1005002285828019
32863663695
4001233180575
4000644830311
32915764896
4001192727895
1005002077263025
1005002405636933
1005002413358506
4001277785023
32565790155
32947669719
1005001632054671
1005002431795156
1005002343070876
1005002287382274
1259966102
32898051153
1005002474156314
1005002401705698
32988707642
1005002180096202
4000611460808
1005001289815440
33039775303
1005002324082185
32386794671
32954269818
1005001381631478
4000063225251
4000236346627
4001248749817
33048088322
1005001516880985
4001326919923
1005002224333730
1005002364953901
32884991326
32869654586
4000687940453
1005002406952787
1005002089796975
1005002197428028
4001271958800
4001173744317
1005001405912108
32772366896
4001128611159
4001222736255
4000188489732
4000450888082
1000006899947
1005002317748497
1005002392033451
1005002362557548
32988897088
1005002288457790
4001294515712
1005001290907936
33028669741
1005001599525849
1005002227837657
1005001471074908
1005002203860379
4001086981847
1005002489144736
1005001831713743
1005001940748130
1005002433233746
32931625900
32955140116
4001211184426
4000666868036
4001322042531
1005001659450837
1005002490010363
4001193687011
4000079766492
32657597549
1005002238653498
1005002317844807
4000385964652
1005002333095651
4001347193291
1005001307337991
4000235139804
1005001432103636
1005002288068827
1005002096747017
1005002387741898
32848282157
1005002268924141
4001142518572
1005002317009531
1005002303643336
1005002417821110
33054069977
1005002160374085
4000054504732
1005002204452585
1005002281129732
1005001765436013
1005002325530490
4000558335469
4000876134024
1005001716613673
1005001992662086
1005001325605119
1005001398284425
4000994032482
4000704577307
4000479590304
1005001913626907
4001037102417
1005001780635535
1005001874708027
2029793282
32868776136
32681499989
32849506293
4001131613605
1005001441494075
32914236513
32981239848
32981140294
1005002245308860
1005002386481011
4001075016071
1005001895464810
1005001587766818
32888679026
4001364255506
4000672640731
1005001415461394
32707699891
10000399998406
1005002454283762
4000273054935
1398465450
1005002291602469
4000268096225
33041068420
1005001863821514
1005001270953702
1005002167786756
33058883693
1005001319510466
1005002125056532
1005002428959493
4000784618267
32893644491
1005001591800832
1005002394520423
4001093621633
4000771231190
1005001793040274
1005002334065300
1005001381776906
32870927494
1005002291831834
1005001737240050
4000174813056
4000285303742
1005002258490847
1005002372226431
1005002200145396
1496032905
1005002428959163
33035424599
1005002309091323
32262029880
1005001299007977
4000156713849
32669631902
1005002333866578
1005002443724083
4000604305349
1199591023
4000717843057
914850402
4000789784908
32958549242
1005001769757228
1005002165898481
1005001895566721
1005002448121029
1005001388965073
4001172513752
32815985059
1005002467900132
1005002291011284
4000874653403
1005002311542020
4000384697016
4001022680081
32951053822
4000025157955
1005002277097329
4000437520545
1005001731256954
1005002239187217
1005001997386473
1005002383189135
32953637747
1005001561058578
4001099053012
1005002323739515
32670225196
1005002228218835
32696044268
32925819263
1005002032987327
1005002303596189
32957552313
1005001849788011
4000943259670
32657619686
32794525026
1005001824517364
1005002419939465
33006877152
1005001436749520
1005001430589067
32843543641
1005002319330248
32793531023
10000420111684
1005002450213945
4000320120545
1005001619489108
1005002226038316
4000917045968
10000029281349
1005001838762568
1005002357495005
1005001950509755
32966560173
1005002293559939
32857654824
32798555428
4000499615093
4001166464594
1005001636530756
1005002367914741
1005001848928947
32799344907
1005002312569002
1005002324126483
1005001798919109
1005002377110634
32561506502
32953460687
4000151101890
1005001499029909
1005002225034573
33025505230
1005002050660611
32770591831
4000423121305
32365601913
32797874923
1455074970
4000768863345
32897309110
1005002478852964
33053054194
32697785145
1005001425881585
4001283332799
1005002329320102
1005001682080762
4000905889587
1005002277004270
1005002313743346
4000706987232
32966849747
1005002314953622
33053183721
32833142415
1005001680678063
1005002323592072
32630887173
1005001705973270
4001350695789
32970937147
1005001286185902
1005001671129233
1005002239055059
33043275335
1005002006455523
1005001302621033
1005002270574604
1005002426565174
32384202498
4001197670302
1005002317630243
1005002297707703
1005001913651562
32894553247
1005002233761204
32804333010
1005001895834787
1005002492634798
1005002333437658
4000764749682
1005001411337853
1005002482958470
1005002467477427
4001255214436
33013229668
1005002210615514
4000954100704
1005002276951061
1005001437427124
1005002264056204
1005002435099825
1005001666362848
1005002288260099
32859266942
1005001504382088
1005001678371334
1005002376848732
4000107464445
32926193078
32952832759
1005002083870356
4001000212202
1005002395005390
32857073058
1005002322596032
1005002080129115
1005001454282445
1005002133178399
32613139282
32829726084
32973961492
1005002242246999
4001038002096
4001232594920
32581743617
1005002448824779
4000169552729
32886698525
1005002192631307
32964456897
4000842545232
4001143070357
1005002459418996
1005002033804335
32843526391
1005001373306778
33032565510
1005002394432477
1005001304105549
32800363563
1005001329595380
33050145195
1005002245398652
1005002204492374
1005001994129861
731158003
32898417236
1005002006571209
1005002440848718
33051883720
33039175698
32345709025
1005001660152423
1005002428758697
32867099801
32887098357
4000220139726
4000788962690
10000395861497
1005001270199237
1005002205337915
1005001279410563
1005002382661935
1000006055822
1005002015735324
1005002292498275
1005001381207255
32581844943
4000938397636
32958348903
4000478887767
1005002291675107
1005002287741495
4000921367448
1005002382757581
4001220690844
4001291989938
1005001793977619
1005001579766602
4000083704019
1005001431967341
1005001585324399
1005002368856509
1005002369613470
4000668245219
1005002176442822
1005002203911974
33027452448
1005001802681626
1005001476961710
32892691840
32833401699
32959065254
32928305919
4001039256664
1005001494559011
32757068101
1005002318125830
32963470370
4001036272421
1005002276095944
1005001873745157
4000136661064
4000954821207
1005002414196663
1005001360131751
1005001636537969
4000675337428
1005002330358654
32966140703
32828515303
32867262820
1005001323320324
1005002334702262
4000112732467
1005002056489183
4000687417748
32984723656
1005002357700112
1005001463332445
32999568745
1005001451528778
1005001588043860
1005001873512294
1005002290100192
1005002204415956
4001031918709
32918805761
1005002273735283
1005001324507495
32300601137
1005001296869767
1005001880541011
4001037739223
10000027074452
1005002284421174
1005002322988514
1005001726836531
32869180872
32855988565
32841622020
1005002068626168
1005001413696437
32655970236
1005001475737649
33049181044
32824957750
1005002336431653
4001025985561
1005002278214366
32823363461
4001122484274
32997541769
32971260922
1005001764016138
1005002256463036
32475230653
32826064413
1005001958868017
32400940850
4000940788479
1005002420488193
1005001837156474
1005001677533048
4001110961749
1005002311018793
4001000023545
1005001469005366
4000057238168
1005002286956115
32705168274
32880186762
32985294799
32799357075
1005002486016396
1005002232447277
1005002023545974
4000033635312
33001044160
32819693438
1005002074782326
32968653601
4001274918853
33003120413
33018931355
32674969690
4001262836327
1856201612
4001107925758
1005002322760131
33043661640
1005001365611700
4000773882922
4001282910483
1005002115700135
1005002272374568
1005002406025550
32953981849
1005001664149769
10000399944764
32993701078
1005001768563184
32856429882
1005002275439661
1005001689553855
1005001308906947
1005002497307227
33055897650
1005002205561907
32918079333
1005002065550615
1005002481191502
1005002306914156
32887514763
32896023830
32864895367
4000460201650
1005002393098123
1005002388599771
1005001666533621
32739657610
1569499185
32808386032
1005001581276372
1005001530709110
1005002475643252
1005002387791411
1005002305766213
4000575580469
1005001689237252
1005002331044642
1005002213403298
1005002279142121
1005002147221107
1005001821883284
1005002366157267
1005002082421538
1005001388108078
4001013181595
1005001322780481
32681017208
4001204893283
1005002201965327
32903263033
1005001939936082
4001258803645
1005002319195197
1005002467280217
1005001413959246
4000738965238
4000251178927
1005001701110286
1005002371936621
32970859888
1005002265182511
1005002352175552
32982293685
1005002395874076
1005001975011753
4001010605026
1005001867227874
4000223327647
1005002281767833
1005002321836516
1005001521053986
32954083021
4000858571345
32741295193
4000419196364
1005002275062646
32908651761
32855272094
4000098009330
4000474042356
4000929192761
1005002364686036
32984647698
1005002404188475
1005002312132838
1005001955106622
33004477134
1005002162986313
1005002048968776
4001274240529
4001324329408
32959018150
1005002482670750
1005002330523879
4000558409949
1005001825370936
1005002350725350
1005002313652672
1005002292788622
1005002316305187
1005001610554259
1005001593442385
32818383875
32827824872
32935237983
1005002323370031
1005001557588449
1005002399290864
1005001585506371
1005002055580283
1005001934218582
32830351329
32988294170
32967493400
1005001409184753
1005002321188411
1005002376891627
1005002307869669
32902357657
4000270840773
1005001996740506
1005001741619524
32972965128
32948804453
1005002260711325
1005002316841856
4000061429128
1005002496240203
33045548545
1005002395195429
4000790325683
1005002119309090
1005002247555363
1005002429357586
1005001928863342
1005002253323634
32901037685
1005002513502489
4001179399829
1005002313759373
1005001636291427
32873438396
32974012524
1005002419986417
1005001646898801
33021433240
1005002360312075
1005002488143238
4000714581434
10000152721027
4000769263603
1005001900208282
1005002367691983
1005002348145761
1005001561384597
4000705087771
1005002355562565
4000828386385
1005002394808961
1005001867555946
32961728559
1005001471885216
4000924106052
4000035101601
33022174868
4001196479432
4001226838707
1005001860561301
32805350479
32825486045
32963482448
1005001525420526
1005002350148127
10000397726391
4000757975992
1005002398714540
32924266194
1005001818999548
1005002347169203
32800936052
32995117610
4000079803421
33042569791
1005002332182384
32641619886
32990387936
33005187308
1005002364589665
4000989256892
1005001666467143
1005002007673061
4000249475117
1005001452275204
1005001586672889
1005001506103031
4000633071038
4001174616711
1005002225082015
4001225097624
1005002310487908
1005002072787616
1005002364049979
32674134748
1005002339515027
4000318236216
1005001582540508
4001253337260
32971561818
1005002059797724
33008459703
1005002058462089
32567833943
32859031815
1005002413936559
32880959552
4001254519540
32836390707
32979755917
1005002355911138
1005002268553265
4000483434326
1005002312441614
1005002046160710
4000388297040
1005002322256414
1492622288
1005002289040482
1005001462974557
1005002421504524
1005002324080777
1005002420920180
32938437873
32897801085
1005002477367783
1005002383541524
1005002352811799
32839285803
1005002482483486
33038135881
1005001601071310
32816258868
32836894152
33004759688
4001131974474
32976046884
1005002456916697
4000081811878
1005002003163268
10000402350324
32932823908
10050018492151364001136019291
1005001958626960
1005002490332919
10000026657500
1005002014551150
1005001878098890
1005002292086061
4000907438795
32728028302
4000696885689
4000475363066
32888983649
1005002315321113
1005002210265016
1005001723240885
4000709598029
4000945258103
691032741
32963818587
4000533365565
1005002288284325
32860367663
32817219624
1005001658746105
1005002350682306
32739629826
1005002330278407
1005001798602178
1005002065876816
32784928485
1005002309336746
1005001446435610
1005002279016683
4000345414911
1005001525884639
1005002363869169
1005002315860818
4000630536815
1005002165882308
33006982786
32667472014
32965246905
32839810689
32625532441
32813396480
1005001371332344
32824111085
32628465345
1005002314926347
1005002034366393
1005002350662319
1005002459398260
4000569311737
33029371571
1005002433432206
32696050126
4001114291558
32859863516
33054697407
4001135719822
4000860103344
1005002368633113
1005002345580099
32982601434
1005002369705196
1005002395436956
1005001587604990
1005002167899449
32858546306
32917685125
4001144853355
32372973053
1005001771874479
4001202199158
1005002296324391
1005002322200046
4000182116450
1005001405035808
1005002214208531
4000389732206
1005002390493971
1005002131199582
4000767503296
4001244501160
33004768540
1005002304681305
1005002061658033
1005001813463485
1005002325323915
1005001515927258
4000845286294
32792835139
4000848870361
1005001443430072
1005001515892509
32821368512
1005002137040985
4000889472662
1005001918578007
1005001670969837
1005001553752740
1005002289521606
1005002372725581
4001153279595
4000748407282
32869712742
33024736679
32970998517
32991919250
4001219558452
32960301669
4001106402969
1005002329842896
1005001882295778
33009442950
4000583030592
1005002384219409
4001008998977
4001099094478
1005002428315349
32241139801
1005001864361688
1005002350636997
1005001285229622
4001102334691
1005002337247959
4000842627691
4000929510561
1005001899615068
1005002394047904
32920355072
4001056843823
1005002261163253
4000336917235
4001178365881
1005002382561957
4000848503830
10000029386800
1005002030409732
33021887470
32815881583
32892531899
32837688418
1005001829765548
32981958469
4001284485094
1005001802994785
1005002301765611
1005001432548104
1005002074493594
1005002371628257
1005001364100281
32416796033
1005002449847117
4000045743803
1005002499535405
1005002429081901
32639576395
32566528438
1005002011022743
1005001431874509
1005002261267965
1005002299622962
32922155133
4000538225001
1005002450180913
33005520098
1005002412216621
4000977332138
1005002334116726
1005002351298890
1005002172819585
4001174369570
1005002443128820
32992676519
4001195139211
1005002313965198
32977271609
1005002434145893
1005002351153806
32971786404
4001270434693
1005002333657267
32965117895
4001120987442
1005001722089663
4001156553479
32847643776
1661883012
4001297197769
32794093033
1005001903088933
4000426557189
1005001393164396
1005002244392869
32755834601
1005002384560682
32848329828
32654350231
1005002260088152
32825930875
1005002074595361
1005001596425357
4000190383631
4000166383505
1005001617850467
1005001929573324
10000423736537
4000067552259
1005002383041438
32660994431
33025210238
32794363774
1005002199332272
1005002071529697
32973252654
1005002108437413
4000903840748
4000376067324
4000784825509
32988935237
1005002181434453
1005002353693411
1005002375659127
32949045732
1005002401323349
1005002198175421
1005001686900588
1005001515881511
4000028511537
4001240699482
4001270484573
4000763799639
4001283721213
1005001694506007
1005002352985138
33029680600
1005002308917223
10000395852358
1005001392906890
33014216212
1005002002693078
1005002399859949
1005001666855537
32813404180
32871118303
1005002341123449
1005001889451259
32850431664
32981850413
1005001531875373
1005002373338047
4000810477837
4001170155389
1005001789771052
4000138063892
1005002117260534
4001138941302
1005002332464463
1005002388766796
32954282324
1005002314791483
1005002283039384
1005002417835563
1005001485147601
1005002230244594
33034666453
1005002465928039
1869175195
1005001829611648
1005002016602449
32917101278
4001345116392
1005001779968166
4001028961195
1000007740938
1005002408883248
1005002263380507
4000703669289
1005002315646070
1005002393748485
4000043402300
4000264852949
1005002319419311
4000124767148
1005002295476051
32914110320
32949772784
4000789255204
1005002291717421
4001157315559
32965397830
1005002292018394
32826062024
32766471580
4001062605112
1005001503195877
1005002473050102
1005002345178389
4001306461235
1005002262380143
1005001486797782
4000662899563
32912678216
1005001921275145
1005001698027832
32981155873
4001034176195
32817358287
4000789281263
4001120166243
32728944273
1005002115777759
32538677342
1005002316821328
1005001726150571
4000415263794
1005002285688231
32951429314
4000545717695
1005001991123024
33047019794
32791410055
4001260738161
4000507284518
1005001630519268
4000811947740
1005001463849860
1005001915304353
32890408845
1005001329800603
1988124734
1005001631563089
1005002436033963
4000097062087
4001116106995
1005002357001310
1005002201414398
1005001763756544
1005001585931658
32658895315
1005002367612020
4000994164271
1005001322873692
32958728087
1005001835331952
4001224153764
1005002425541201
32887534069
1005001311724768
1005002282491664
1005001834214580
1005001639809354
1005001408725211
1005002167126343
33011555686
1005001749240121
1005002381163923
1005002314467380
4000191482353
4000406205541
4001234384459
32743153563
4001134669991
1005002414563091
32812199327
4000833843865
33007982481
4000972703758
1005002453043074
1005001400820539
1005001797977089
1005002258031768
10000122343615
1005001736410267
1005002272249902
1005001863034713
1005001800313243
33020153497
32892587044
1005002366666159
4001116713089
33040713782
32676305528
32823529742
1005002065778975
4001114829551
4001103342467
1005002190229428
32827449707
32961691285
1005002408619309
1005002273482829
1005002470793539
1005002072363834
1005002246251661
1005002291116616
1005001567281107
1005002054972764
4000846474514
1005001469147604
1005002428113132
10000402344556
4001028692973
1005002314212918
32918773926
4000096281290
1005002313883419
1005001954662808
1005001890101825
1005001460272796
1005002228479928
32739645764
32858325767
4001126541361
1005001551035618
1005001632538381
1005001820246512
1005001470337876
1005001874135440
32799424991
4001240426945
1005001373428831
1005002439036959
4000990930621
4000835957677
4000750697712
4000114336814
1005002346249319
1005001297584956
4000773628948
32728122625
32888658788
1005002458424943
4000956262062
1005002362805592
4000755205272
1005002059206634
1005002337027510
1005002418872709
4001219982889
1005002350752000
1005002328305838
4001042548629
1005002267925579
1005002347363451
1005001656916329
4000306114650
33025094810
1005002357318719
10000423747345
33039287341
4001271328282
1005001961911271
32748559168
1005002167168941
1005001429059021
1005001420012511
1005001933379519
1005002446630100
1005001666453897
33024966175
1005002417467671
1005001441514119
1005001914959509
32600131421
1005002014612992
32818441334
4000300026413
4000960552882
32855012326
1005001367549305
32981251789
1005001507454349
1005002179144989
4000561946562
32850126142
4000288812343
1005001757438322
1005001364095820
1005002312276750
4001211195888
1005002379049819
1005002196578037
33007106696
1005002314327582
1005002220464473
1005002464809676
1005002288893986
1005001489046771
4000715156550
1005002213439111
4001093518462
1005002352145229
32951837672
10000399957970
1005001715556978
33013937144
1005001568990969
33022200877
1005001836471726
32706843029
1005002295414295
4000177831152
1005002280670709
4000072873585
1005001833177950
4000398191637
4001108454857
1005002429429218
32888799998
32528164079
33029748211
1005002361480579
1005002334122082
33028120180
4000174153645
1005001465450230
1005001657265059
4000102351488
1005002498688216
32953908058
4000154237697
32829816354
4001264466099
32727839364
1005002179927314
1005002443842895
1005001770813922
1005001877460833
32846332638
32807014636
4001283106009
1645552414
1005001899041799
1005002413443695
1005001334433596
32597304241
1005002345475921
1005002450498081
1005002481604486
4000955089371
1005001845943456
4000500466439
1005002064010352
1005002081781330
1005002266053306
1005001714593156
1005002376954921
32668338047
1005002343476168
1005001764331318
1005001309725391
32840078740
1005002265713976
4001192526982
4000858936122
32968386017
1005002454282892
4001280333420
1005002293839070
1005002490870604
32960720961
32945488142
1005002449863047
1005002395078152
32853845874
32797640066
1005001418216276
32723652670
4001221675435
1005002287546590
1005002239406900
1005002465662706
1005001487467423
1005001617070425
4000691583529
4000033916318
1005002344783766
1005002431452210
1005002267553254
1005002191739863
1005002245152787
1005001741925711
1005002315726598
1005002196261966
4000873905980
1000007921851
32450303578
1005002307685518
1005002107279633
1005002342419718
1005001707940760
1005001297096022
4000459903198
1005001636516857
32864195140
32827492278
1005002225846352
32887046845
1005001720746313
32959851643
32843254788
4001221463213
1005002346347576
1005002319308142
4000145057372
1005002124565717
1005002276633623
1005002368233477
4001206324114
32916143377
1005002014836259
1005002293480510
4000688797652
32754779797
32947998704
1005001514001467
1005002310956413
4000209826867
4000684520295
4000857156874
1005001714094123
1005001814270622
4000693266500
1005001310150668
4000223477551
4001142751244
4000475197460
4000067220758
32798045138
4001178789128
1005002005926237
1005001560600480
1005001656790903
1005001642814500
1005002150338332
32890293214
32972412139
1005002302204795
32957967014
4001029053578
1005002476762511
4000714492273
33023461937
1005001929627692
4000171350442
4000257635319
1005002333005719
4000175065941
1005002079783646
32885097536
4000071736858
1005001883456049
1005002320938272
32890452643
1005002129438114
32952750922
1005001981810989
32860232612
4001272472904
32949460121
1005001329535942
4000943283373
1005001870295578
1005001615393203
1005001407547254
1005001640040778
1005002493916571
1005002320805702
1005001339680622
32839848224
1005001447108396
4000039941461
1005002497367438
4000588203624
4000715539877
1005001807835632
4000288234300
4000624099075
1005002185884057
1005002412856885
32885968795
4001029464523
1005001853967579
32864528444
1005001379812050
10000032778136
1005001511979475
4000173214074
32890880830
4000097234839
1005002359621888
1005001464725538
1005002342057791
1005002393862142
1005002370116900
1005001708905864
1005002170865933
32824042240
33058382023
1005002462070382
1005002219410891
1005002319179081
32962905776
1005002473146053
1005002433655382
32886030739
1005002431670989
1005002454306817
1005002418056851
32472594853
32868689108
1005001913151538
4000009364532
1005001669837968
1005001665011707
1005002130183313
1005001909162625
1005001457991241
4000168862272
1005002433604329
1005002004014877
1005001612871979
1005002323228454
32985908999
32844096593
1005002305418825
1005002482110304
1005001835471334
1005002323146501
1005002390884330
4001259584669
1005002314549389
4000039245946
1005001560111313
32795521628
1005001273217358
32803454922
1005001999470075
1005001594534879
1005002477503069
1005002476984860
1005002191785128
4000393624938
1005001736087855
32797140768
1005002288208985
4000262818784
32826186619
4000257269678
1005002499860515
1005002243657995
4001231329467
1005001864305865
4000025050712
1005002315404135
1005002205278864
1005002400066986
32953486341
1005002326747449
1005002330707108
32908100594
1005001595922579
1005001833643949
1005001910632109
32971869898
4001138515932
4000784785023
32474007919
33057377340
4001054578137
1005002345093715
1005002272340059
4001175164608
1005001798674321
1005002489860109
4000925954139
33005051975
33011108564
1005001669509732
32888546578
2026269779
32889469765
4000269896425
1005002260827364
1005002038647915
32670362828
4000725215868
33014937155
32853632144
1005002346991833
32849910356
32831773816
32790995202
32968885458
1005001338676757
1005002467687389
32808391696
1005001304798833
1005002007611212
1005001873884436
32918877697
4000582367513
32892858465
1005002365581109
4000843450107
1005002379226427
1005002370463819
1005001835308221
1005001784754723
1005002245914969
1005002034891322
1005002478382488
4001359829914
1005001487748096
32867533959
1005002245031457
4000734376482
1005001869936103
1005001640762730
32897111345
1005002292111187
4001034424042
1005002336953602
893912088
1005002439058813
33027619584
1005002208192258
1005001757483390
4000416101908
1005001324411983
33009283046
1005002297858989
32887506824
1005002452679277
4000189544342
1005002244912098
1005002418026494
1005002277699708
32861839435
1005002420841644
32898496648
1005001803531061
1005001404889503
1005002340235817
1005002185176770
1005002461614899
32619539019
1005002205559036
4001230288869
1005001731134712
1005002297115732
1005002442836807
1005002331756981
1005001713854798
33005971097
1005001453305170
33001744658
4001125582724
32354361134
4000823090163
1005002237454140
32321622485
32756575565
32820244288
1005002444557108
4000086899856
4000602635529
1005002281825748
1005002489397303
1005002250166644
32251340059
1005002214717350
1005002443614301
32993281940
1005002129352168
1005002313254993
4000068553590
4001174548639
32812649240
4000199994945
1005002271166588
1005002246290979
32991243465
1005001582445811
33001592208
1005002016827859
1005001355104586
4001228564633
32996901575
4001264506194
1005002400161736
32907670570
1005001656740857
1005002460156380
1005002148474954
1005002377521695
1005002398526526
1005002075225385
1005002316220951
1005002086895737
1005002232783596
1005001288068168
1744551247
1005001623938403
1005001392321366
1005002313611210
1005001607101945
32947850143
1005002100314448
1005002388330783
4000494001466
1005001843453291
1005002477274668
10000399956482
32701499172
4000918454289
1005001565505320
1005001482582005
1005001860393163
1005002225474209
1005002022045320
1005001870825398
1005002456873935
32230445047
32577117990
32720585128
1005001888953926
32973360493
32969502380
32951609827
32935091846
1005002467284147
32976970932
33015654049
1005002277602565
1005002384027622
32424145951
1005002396159428
4000104965442
1005002120987549
1005001317365890
4000266589317
32921970235
1005002467022214
4000137140658
32961699223
32892391785
4001151813386
1005002052465705
4000939061387
1005001997032403
1005002343260017
1005002012099002
32905378323
1005002483595745
1005002118983079
4000909852674
1005001779915350
32915599419
1005002419296587
1005001593156506
1005002465442374
4001317148170
1005002314408667
1005002115449658
1005002217460282
32971148434
32851795771
33032430967
4000888966516
32976080724
1005001599171928
1005001961563662
1005002054437848
4000002452603
1005002311250019
32828114197
4001226122892
1005002314323179
32834372695
4001139573254
1005001483356047
1005002454402295
1005001550726949
4000333923669
32534227053
1005002339861615
1005001507176346
32953077411
1005001615646083
4001188631234
1005001645192741
4000125927554
1005002292482355
4001065615865
4000909158118
1005002401496751
100500200038755432373629774
1005002206641003
1005001732405825
1005002095194708
1005002033551371
4000826330852
4000666982788
1005001562951860
1005002339341277
1005002281877992
1005001592558176
4000624845598
4001028314001
4000343678107
4001244249899
32976449926
4000601407319
1005002375189192
1005002346329622
4001316968163
4001062400817
32871074160
1005002228994084
33006656477
1005002337766628
1005002314033802
1005002121015212
1005002281095824
1005001446868395
10000309534498
4000378279718
4000276800233
1005001645521215
4001327552776
1005001639708164
1005001610011527
1005002367630387
1005002395583765
4000774159812
1005002368891845
32917030054
33028604226
32840862323
1005002274049637
32658169884
4000891652325
1005001685272841
4000756802827
1005002442517653
33060490936
4001271390339
33004443069
32840215555
4000122863998
1005001338434354
1005002306204877
1005002408455342
1005002356300067
1005002373074431
1005002180452057
32925651168
32956575298
4001216806911
32803506388
1005001424173054
32960913355
32984002429
1005002259307590
4001282871747
4000270457098
33044894359
4001311240129
1005002412167068
4000463535066
1005002277079825
1005002304867393
32901965718
33051125804
1005002347389212
32988959422
32327646195
32916306311
1005002474322322
1005002301279380
1005002467024969
1005002017240313
33030186739
4000873760695
1005001284541521
4001302244745
1005002248018043
32986608040
33015765738
32847958517
1005002348626960
1005001774172949
32879109452
1005002198527429
32486258429
1005001348424238
1005002367230496
32851877942
4000184988545
32683594554
4000307624004
33024808139
1005001633417668
1005002323479446
33001844559
4000583910435
1005001556700669
32920566316
10000384993334
1005001728333746
32819549264
1005001525385710
1005002345114644
32988234106
32936633382
1005001848526046
1005002197871611
4001041661758
32827575225
1005001632136202
33001932718
32997340125
1005002238904757
1005001810433796
1005002363606156
32906969939
1005001516548115
32916249363
4000801105365
4000168614112
4000269202209
32584283810
1005002359803768
1005001996513870
1005002495976570
1005002025313990
1005002297534051
32830557842
1005002337421933
10000306478963
1005001758185886
4001313541655
1005001491081171
1005002341354776
32894220487
32847606205
1005002423969214
4000756747075
32853199264
33029481959
33050974538
1005001463330216
4000701607213
1005002296419880
1005001873998392
1005001467783852
32849093947
1005002375615660
32886172114
33006588769
1005002439804745
4001211666452
32914904304
32732354022
4001288975818
32827982301
1005002122466200
1005002438833523
1005002308635393
1005002315728960
32854450035
4001178771218
32995064491
33008312462
1005001993060587
4000295512120
4000463947644
33039357659
4000002738708
1005001736375319
1005001477983577
1005002293204515
4001339408400
32213529669
1005002333138674
4001128396668
1005002492220332
1005002328178073
1005002352435908
1005002182447328
4000117630951
1005002133679351
1005001792870955
4000068292621
1005001446979928
1005002278821690
1005002432978497
1005002268503734
1005001534880781
1005002357806145
1005002326275589
1005002286207765
32956382555
1005002426643704
1005002082573896
32615075243
4001204074350
1005002423832649
32952911051
32950838694
1005002255569718
1005002344672002
1005002267609585
4000822731746
32246173381
1005002221665563
32645218244
32811455585
32971452189
1005002376372475
1005002460144672
1005001697721545
1005002434448080
1005002418152664
1005002464636801
1005001873955409
32845869234
1005002329290464
1005001928835825
1005002392740309
4000780745256
4001211037737
4000021483674
1005001825833065
4001176997966
1005002316716652
1005001880531593
32920715584
920590447
1005001766017626
32955369752
32966410001
1005002075103330
1005002122345650
1005002337945708
1005002328152327
32953841341
32856507962
32923121222
1005001928603985
4000917855065
32860119298
32589126609
4000828479577
1005001356866827
1005002273040370
1005001870535377
1005002313305990
4000239786203
32951991303
1005001509843968
1005002395881648
1005001322296013
1005001922527180
1005001952986198
1005002409890335
1005001379752637
1005001274446433
1005001776280995
33005650210
4000699261425
1005002129744744
32483660523
4001200328112
10000354673908
1005001773282338
33055964780
32879727790
33035605300
1005002428543501
1005001603931089
1005002167737636
1005001983688073
32663205571
4000630981267
1005002264813899
1005001631211098
1005001902784533
1005001731313041
4000449496338
1005002323220869
1005001830689851
1005001555822701
1005001486621607
4000771539284
4001107685085
1005001976491961
1005001592276278
4000268211597
4001274984377
4001290108187
1912542924
4000270580067
32339431710
1005002367433200
1005002492704252
1005001273340397
4000895815313
4000867197664
1005002094790406
4001112865852
1005002281141541
4001214206688
4000282362458
1005001638683687
1005002313813502
1005001890090346
1005001304501512
32961185420
1005001579568650
1005002245981659
1005001971307338
1948094644
1005002275217585
1005001897127162
32890292134
33012812315
32541892385
4001166283833
4000392952961
32885343469
1005002039290574
1005002314931430
1479745956
1005002250244257
1005002264907656
1005001692692233
1005001862468702
4000173538238
32848533934
1005002407063111
32857260390
32970613556
1005001953036654
4000974324490
32886386898
4001066829943
1005002469976464
1005002354680244
1005002244448383
33022969222
4001231328261
2005894454
1005002330750160
1005002340574204
1005001582002541
1005001298155215
32993737244
32507339862
1005002327189748
1005002314848573
33046536700
1005002387147923
1005001863398047
32844960476
32894971300
32972995960
1005002352631411
1005002259847844
4000018275487
1005001396862458
1005001378381427
1005001633019396
4000429012454
1005001552126161
1005001620299464
2035023206
403920684
1005002276714985
32797282881
1005002310566844
1005002312058492
1005002350589046
1005002395558909
1005002086562061
1005001627302199
1005001908926269
1005001436267662
4000157857912
1005001858983616
1005002142800614
1005002290865878
1005001741763194
1005001834613802
1005002395458331
1005001653479558
4001271626076
1005002339452505
4000090017978
1005002344305330
1005002468161946
1005002449677219
4001115503386
1005001999516202
32919338166
1005002036017033
1005001730558724
32821830806
4000642481027
32889627999
32949842222
1005002454779958
1005001937175494
4001058477042
1005001351650949
4000989214686
1005002314301872
1005002305990793
4001215434666
4001333732925
1005002291277896
1005002367472668
1005001868410033
32886276754
1005001617121024
1005002339226548
1005001375474203
4001178331950
1000004320728
1005001329762922
32804393493
1455076702
4000041196456
4000983983929
1005002335052343
1005001866371255
1005002233993132
4001175598164
1005002289557097
4000132388949
1005002327115566
33009487610
33027509757
32602806908
4001235817597
1005002398201696
1005002054429165
33038768951
4001015243133
32956158679
32690252807
1005001304512750
4000253038548
1005001625706345
1005002443691990
4001209231834
4000889541487
1005002226074736
1005001962501883
1005002206171953
32864196440
4001233992625
1005001966018306
1005002315161947
1005002256885143
1005002334589018
4000987351538
1005001592307190
1005002048811150
32846875290
1005002266040009
33063315993
1005002265311218
1005002306489957
4001307438812
1005002000246534
1005002352164060
32831535659
33060639363
1005002136680862
32821952237
1005001691034510
1005001609057931
1005001725666717
1005001270438949
1005002297384803
4000238367982
32848978722
4001278926504
33025882516
4001130867894
1005002452845165
4001138677682
1005002314336456
4000682681224
4001350292647
33013855515
32485845688
32982215833
4000594788963
1005001763607434
1005002352040794
1005001693738504
1005001708681429
32968382317
1005002239259992
33049316550
1005002192217419
1000006119668
33047176178
1005002059039615
1005001756730430
4000013937376
1005002320867714
1005002197923655
1005002317103298
32956907556
4001163500345
1005002320013454
1005001631744664
33000503543
33049323011
32967254725
1005002352027888
1005001463969230
32919272464
32344329724
32350071977
33028463889
32863939685
1005002197325580
1005002387821552
1005002482036073
4001282590736
32949086182
33012753860
1005001883214923
32717955447
32975425393
1005002383291199
4000064932838
1005001295996119
1005001697572357
32875171052
4000089929565
1005002467517644
32962336720
4000819823113
1005002309716787
32947587920
1005002409769322
32859440781
4000809247210
1005002485272455
1005001890091593
4001274311760
1005002100101511
32751418014
32852814863
32950863407
1005002244096577
32908608159
4000173233982
1005002346280271
1005001666563114
2052314601
4000252601018
1005002080758599
1005001489016708
33040492229
1005001515888465
1005001797726096
32836246282
32781613710
1005001518772521
33002287852
1005001631466003
1005001729126069
33046953067
1005002345483989
1005002396510167
1005001495518010
32831273260
32958023074
1005001686250939
1005001732219161
1005001332086249
32826455145
4001290308236
1005001912559242
1005001824941522
4000609369249
1005001360270435
1005002225244084
32556234109
1005002411296359
32954131405
1005002259353722
1005002069007673
4000337346032
32810949206
1005001543459475
1005002342814722
32405397228
1005001597552344
1005001626364292
1005002376462923
33055467920
4000979871058
1005002318872676
33059530192
32918926645
1005002232995868
10000327323388
4001270300880
4000880201545
4000096285578
1005001943145010
32925823685
4000227619192
33017770588
1005002279255576
32838921365
4001015189821
1005001976963427
4000047260284
1005001927495696
33042013435
32806485429
1005001450142359
4001338074097
1005002304584555
32982335024
32861204822
1005001626589975
1005001287647198
1005002219391368
1005001453163040
32854105420
1005002455322137
32914777105
10000157036916
1005002292219272
1005002365955966
1005002498897803
1005002264380676
32848567058
32862389541
33044633859
32985299540
1005001325996333
4000173410782
32818044480
1005002296130920
33025178810
4000669387881
4000447868380
33027175144
1005002245922643
4001268378890
32807927833
1005001645367865
1005001500014519
1005002388135474
1005001812735785
1005002308720900
4001201511110
1005001525507002
1005002012771698
1005001905803747
1005001518814047
1005002065613823
1005001457490567
1005002357461665
33041691814
32996617676
1005002346315630
32969725463
1005001830939282
32770969865
4001103513672
32577013767
32843817805
1005001474828260
32946217433
1005001545457810
4000594627179
32997150923
32817093451
1005001386431687
1005002288452729
4001214174928
1005002198845363
1005001668101501
1005002283697731
32827544603
1005001858256224
1005001478226625
4000185634281
1005002270106785
32823414872
1005001939624012
32844351928
1005001835542092
4000955075156
1005001705971828
1005002306459391
1005002167909593
1005002347029423
4000829722940
32973434450
4001261522614
1005002213700212
4000645969644
1005001465411607
4001162993718
32924199714
1005002379343973
1005002470761171
1005001984284907
4000129296455
1005001965530004
1005002219724366
1005002279898101
1005002164402457
1005002425741099
1005002318457707
10000169642116
33029942024
4000987656470
1005002313812474
33062550417
32279755442
32809328149
1005001789544267
32880297190
32864545114
1005001282261232
1005002454247600
1005002165476238
1005002358055578
1005002168857776
32861083468
4001019013224
4001202717792
1005001803616117
1005001915351686
1005002345952150
4001043724168
1005001354884849
1005001894515141
4000961951358
1005002281680135
1005002421478018
1005001483387820
1005002466950727
1005001944565362
33026786622
4000794001059
33000522889
32854396212
4000001767030
4000049563903
10000318962048
1005002146895160
32749016143
1005001431800061
1005002224192410
1005001730703475
1005002362207008
1005002451134111
4000960966422
32983822366
32580525369
4001071812878
1005001468338077
4001287106675
10000395832641
1005002033601190
32796243197
1005002214893152
4000766033082
4000035793268
1005002064930918
1005002355763245
4000241552465
4001112606564
1005001679397188
32892434270
4001358884138
32990517555
1005001350291731
1005002485117032
1005002310438000
1921901491
1005001752434096
1005002246468927
1005002270297291
1005002206644126
1005002334503311
32820213123
1005001579138910
1005002487061906
1005001630324308
1005001640209974
32861681156
33001066477
1005002305967607
1005002311384014
1005001868977351
1005001317209433
1005002374119568
10000395922561
4001251933081
4001298623708
32251159123
32954077241
32835322824
33016580408
1005002454231777
4000305708743
2036729715
1005001860065562
32819497934
32911963240
4000541931739
4000614944589
1005001270059244
1005001461534532
1005002431182702
32732654801
1005001898798621
4000906755219
1005002039320800
1005002487650706
1005001381805907
32748683611
33008581810
1005001392218505
32993713797
4000234913680
1005002500613032
33048937143
32966130020
4000182290282
1005002339419883
4001031668886
4000573986636
1005002014825768
4001037210006
32719452231
1005001698301614
32441901963
32954310201
1005001465438474
1005002237495640
1005001460902701
1005002449313538
32813965798
4000049606401
4000580449586
32999581673
32978359131
1005002351167229
32970003787
32861892352
33042114659
4001252622166
32824516525
1005002317145286
1005001970929961
1005001602297886
1005001861011782
1005002282631207
1005002314378237
4001051579517
1005002452688632
1005001980125796
1005002335635105
1005002279688450
1005002287733554
1005001828468512
33010192717
32228221623
32954130748
33043505197
1005001733173548
33030910048
1005002392762824
1005002329939514
32990937540
1005002361783114
10000207006240
33013933453
33027643440
1005002321620152
1005002259958089
1005002386793372
32965768689
4000761455618
1005002296903888
1005002385915719
1005002454329149
1005002376953241
1005001424846669
1005001409186563
32947613909
1005002357928892
1005002301405249
1005002465166668
32921157480
33007811443
4000335596167
1005002483791896
32959725193
1005002395775247
4001279292058
1005002316976043
32863625427
4000610575432
1005002319902108
1005002271060788
1005002336546029
32790121171
1005001407036257
32243856355
33009968098
1005002317522902
4000790178371
4000266854753
1005002221612106
32959994984
32922221273
4000588082324
1296908111
32882169168
10000405766777
4000525337665
1005001515968134
4001065056367
32904930720
1005002362623627
4000826071114
4001212059132
1005001630847997
1005002424176033
1005002305043693
1005002359970660
4000993325555
32966888862
1005002382554282
32979824262
1005002137991876
4001145269369
4001034603586
1005002253481354
1005001587016194
1005002264368688
1005001429288084
32975593653
1005002253747069
33040676665
32689892107
1005002289998130
32868956072
1008795455
32870393107
1005001509735322
1005002256603898
1005001505578597
1005002474404081
32926148702
32971383052
32836231482
1005001848919664
32806448698
1005001947764929
1005002087670979
1005001754033784
4000852927416
32848341483
1005001279437306
1005002280780729
1005002289560467
1005002430992194
1005001874537368
32940991668
1005001356094100
1005002492837388
4001192754932
33001252400
1000005872276
1005002288951274
1005001670544808
4001198159843
3295788580833008951698
4000955909546
4000990864627
32798581639
4000903241225
1005001722255959
1005001840542794
32884389559
1005001387089506
1005002084692262
1005002165976277
4000834028924
4001021266612
33000293918
1005001359650408
1005002309129318
32987461619
1005001525241272
33000879761
1005002325839786
1005001457788014
33023548626
1005002073668023
33006235163
32709675880
4001140530470
1005001494784951
1005001343015263
1005001874358916
4001268001763
33012423094
32566313835
4000412277005
1005001441325711
1005002306075016
4000854032915
1005001941796224
32878669547
32827220636
1005001483851352
4000544750700
1005001292751801
4000538189736
32895909090
1005001611493099
1005002481942610
32855112681
4001272362422
4000044934411
32965246726
4001151480630
1005002287559200
1005002100975933
1005002108632337
1005002023848760
1005002427875002
1005002388251048
1005001507594112
1005001435560401
4001310245224
33033584670
32949814233
1005002440650110
4000106949352
1005002404609451
32960609274
4000525330719
4000934088632
4000276096530
1005002034476662
4000722846155
1005001338458823
1005002321111255
32997751829
32856606993
1005002354091888
1005002006324410
4000983464738
1005001998590709
1005002356348992
1005001993547129
4000625901785
1005001334873321
4000498666181
1005001737134445
1005002425801873
1005001678920075
4001005994119
1005002110075731
32866983230
32845753074
1588091599
32978089970
1005002378909489
1005002286864637
32914642136
1005001797777739
4001057868182
1005001926864698
1005002495335937
1005002291693355
1005001465299020
1005001693609745
1005001849899420
32819940506
32870844744
1005002070185552
1005002280461626
4000118517253
1005001763508231
32788641350
1005001732489667
4000267628377
4000817896609
1005002341094978
32917385348
33022319065
32702184672
4000674738199
1005001901843658
1005001948542199
4001151898426
1005002246570274
4000863955272
32906390022
1005001616258562
4001192960316
32873140048
1005002286003236
4000382509227
32841820285
32887580980
1005002417298925
1005001862742630
33040389928
4000148234270
4001271956528
4000415093883
4000752966525
33018893308
1005002314418487
4000059966156
1005002302337734
1005001846463594
4001118564613
4000068803124
1005002339115821
1005002375504602
4001219554464
4000906162469
32990854763
4001120673451
1005001416031445
1005001997617204
1005002281726956
32894336639
1005002373601246
32963080924
33000480127
32818684186
4000847756831
1005001519949309
1005002264117814
32673368818
4001175587980
1005001349661323
1005001895622291
1005002368337516
33000147845
32675522938
4001278806849
1005002255199830
33032160538
1005001681674305
32714812352
1005002248549992
33005908235
1005002323306457
1005002416572935
4000499167401
32311661796
4000706057058
1005002364132282
1005002499222819
32995354729
4001312718797
4000677221307
4001006286018
4001309023481
33054812937
32966440510
1005002288317992
4001137684021
1005001841234730
33041786968
1005001467084081
32728561015
32926115302
33017433506
32828973019
32988866182
1937147975
4001322418592
1005002387907091
32673612252
4001150984031
1005002365106761
1005001726069497
4000888644932
1005002351858395
32794913361
4000774161670
1005001957162626
32996413082
1005001388828472
32949792329
1005001848564864
4001205091837
1005002258438034
1005001627095232
33018957481
32996542210
1005001518417402
1005002194121019
1005001765019263
4000454653827
1005002314445186
4000202701893
32886683364
1005002024283654
32730262485
4001038742584
32841477831
1681523227
32790003181
1005002305801237
1005001708799645
4001284683667
1005002289949622
688120651
32658454001
1005001391078274
4000061971180
1005001677689451
1005002367358311
4001048843648
4001042582248
4001069459781
32737882127
1005002284071580
4001216261810
4001235985590
1005001972101915
1005002314458194
1005001634498085
32860678020
32921201395
1005001724039480
1005002322926339
1005001270080875
32468068779
32849755659
4000073700173
32793396007
32989171097
33057775212
1005002022852802
1005001525345843
1005002340139687
4000711888678
32845526164
1005002493963351
4001200197947
32835488354
32867357811
1005002337298790
1005002441463621
32226948369
33037741830
1005001748853454
1005002305341054
32979833460
4001159628313
1005002318732156
1005002022584788
4001281404442
1005002002754948
1005002363564886
1005001506561937
1005002027113513
1005001769846440
4001162191463
4001308030427
33011190875
4000419313500
32856385042
4001186179341
1005001642712912
1005001419047584
1005002395039491
1005001464758577
1005001947105220
1005001557243181
1005001887704313
4001281120857
32981582760
4001116177467
1005002224446571
32862486197
1005002224837548
4000232072152
4000624704827
4000381438207
32946544176
33029263627
1005001509728371
4000996561914
32977827497
1005002226187322
1005002342616228
1005001602739505
1005001652768478
1005002494759546
1005002482959599
1005001930881577
1005002454349285
1005001670781618
4001355672753
4000626962914
1005002213260776
4000015724948
33012992570
1005001975157684
4001186511707
1005001588302612
32818768075
1005002375227009
1005002310041380
1005002265209773
32987208189
4000522877654
1005001817366336
4000322544816
1005002489657177
1005002336589990
4000960641287
4001008022538
4000519328246
1005002270670454
4001103072371
32819528844
32436239697
1005001526181092
1005001286267243
1005002204733686
4000582953949
4001127787805
1005002271662958
1005002140304558
1005002263339899
4001313119393
4001194232326
4000406294319
4001291729017
32963970331
33031847750
4000999355808
1005002350787796
1005002329044371
1005002235840373
32780006513
32800461147
1005002058601916
1005002061204839
1005002348279025
1005002078764604
32931563617
1005001560469995
4000009184062
1005001742682364
4001156747331
32390647638
1005001632988568
1005001404920442
4001137821152
33029525923
4001213223280
32933334826
32878688915
32843635085
4000667948307
1005002305336199
1005001857365105
4000448931376
1005002401058975
32903759286
32516843922
1005002342873034
32275621436
4000538014418
1005001471260908
1005002483013351
1005002205866598
1005002335017716
32678049612
4000529294805
32890801483
1005002265185762
1418035401
1005002314420018
4001127285820
1005001540414082
1005001380968424
32901794591
4000210841219
32545743999
10000397733765
4001090543696
32596448265
32462551315
1005002243297699
33007187800
32906763851
4001038819038
1005001401724921
1005002319399300
4000141886049
4001015150686
4000112258787
4000144713824
1005002421522558
32858447384
32902923068
1005002350780422
4000623966536
4000199992560
1005002201866576
4000756696385
1005002377522592
33004015120
1005002014080903
32573610204
1005002460545462
33027699897
1005001627606950
1005002346948190
4000901649410
4001009456851
1005002400345525
32927281361
1005002297798719
32858725464
4001244152485
4000557062577
4000986816251
1005001902241792
4001228904392
32881233078
4000751504150
1005002489222761
1005001303674847
1005001289799729
1005001483027098
1005001602536461
1005002003866212
1005001367384796
32994089138
4000322521302
4001131379708
4001355603450
1005002427115212
32958958965
1005001418529517
32856390328
32976133647
1005002125635318
1005002456732272
1005002246200356
1005001526222782
33011644477
33013511722
4000941068777
1005002236213311
4000824206848
1005002002618313
713497510
1005001494310771
4001107531775
1005001561571796
32962116522
1005002408372429
1005002250504214
1005002033709435
1005002316746359
4000556974768
32846992584
4000667820004
32968048134
1005002108252106
4000735697748
1005001392696484
1005002333636325
1005001915093142
1444642922
1005001578852913
33036607454
1005002368941398
1005001326607507
4001046227902
32930856352
33020939737
1005001688718244
1005002337812079
1005002377687813
4000090972876
32793183094
32801504591
1005001609485868
4001003243871
1005001677382703
4000251557334
32924415554
1005001952993871
32975348295
1005002000376086
1005001708316711
1005002409238902
1005001689667239
1005001773423165
1005002224067240
32910183326
4001111932847
1005002309745701
32911779594
10000242998479
1005001763477779
1438282817
1005002258729676
4001182445796
1005002345813064
4000283479156
1005002400329366
1005002388410149
1005002054334497
1005002413099123
1005002147278353
32816133318
4001260632908
33054499355
4000206038833
33025802488
4000726124801
32876192041
32982855899
32884705592
32823296586
1005002238168178
1005002104958243
1005002164871547
4001332013932
1005002236106650
1005002383277050
32892867438
1000008333000
33040882405
1005001929740198
4000548938717
1005001304929089
1005001715356263
4000083463401
32984034926
1005001834802339
1000008336449
1005002405320319
1005001986100096
33049914763
1005002500466596
1005002250504656
4000598399791
4001180335901
32966422394
1005002080351628
1005002379838295
4000095922431
32997876433
1005002332633223
4000023187785
1005002388310512
4001157269788
4000822742501
4000017811389
4000224970384
1005002213453232
1005001354484662
4001250792919
4001157032014
4000548768771
1005002042078842
1005002063449045
32439295697
32957917484
32811486128
32979397621
4001362032510
4001037644725
1005002347443131
4000505116282
1005001374803275
1005002281049598
32921983217
1005002213386497
1005002334251104
1005002320991625
32804371258
32818702258
32998089430
32971091305
32957910609
32967855795
1005002060345456
32955813565
32973507352
32806115954
1005002335284721
1005001820463350
4000381265605
4000926042216
4001234236244
1005002296930888
1005001533532284
4000983605766
32899422072
33027436636
1005001386083223
1005002286517409
4000099002905
4001317420971
32792849353
33055066303
1005001752871683
32662409021
32894923943
1005002233921940
1005002283860448
33029023694
32851772539
4001245128737
4000082975748
4000083582476
32953374601
4001022586413
1005002353318508
4000068843004
1005001566445676
4000963325417
1005001333825399
1005002288725135
1005002404261306
32874405288
1005002324111011
32961776587
1005001973826162
1005001899377754
1005002225852821
1005002213699217
4000053376889
4001067049706
1005002314308756
1005002357923905
1005001982381749
1005002265061601
33012635764
1005001626707635
32862993926
1005001713079005
4001090695026
1005002337176434
32946578962
1005001769893960
1005002479880288
4000768671361
1005001431757894
1005002460446446
20000001866502
1005002469178885
4001242774568
1005001888680274
1005001579947084
1005001666733741
33036914065
33002111956
1005002448347717
1005001568087296
32999218701
4001131992464
32970930538
1005002352071674
1005002017223645
1005002314203856
1005001917882721
1005001988691072
32757810397
32906092334
1005001809444132
4000922646671
1005002302280164
32961960579
1005002388062888
1005001671247432
1005002040347990
33012128324
32798910923
32860862158
1005002322119584
1005001873873968
4000060838184
1005001443131153
1005001506686121
4001064095475
4000773597962
32774285047
1005001995189452
32608555926
2046711797
4001196552202
1005001986120645
1005002419986493
32997941176
1005001876816963
1005002356790747
1005001894688087
1005002073847954
1005001339952285
4000083722627
4000844145918
4000766625114
4000101666310
1005002317993521
1005001438952131
32839001116
33009292414
1005001429064232
1005002495090329
4000239627326
32917748429
1005002233890168
32833585850
4001049696298
1005002319198132
1005002269197916
32825771510
1005002315828603
4000130806584
32511165438
1005001803230507
4000518479703
1005002242242271
1005001325531687
4001101021629
4000105074445
863114614
1005002447368384
1005001930914511
1005001628120195
1005002396846273
32802623971
4000826939208
1005001694868673
1005001877310463
1005002132809845
1005001340991982
4000111860418
1005001982206558
4001291747309
32948627872
32793441894
4001299639458
1005002489924387
4000943154243
4000161016589
1005002489701729
32980087225
32901223506
32987637318
32858996380
32849817008
4001204713766
1005001922821733
4000507765511
32859518442
32296590228
1005001798412915
32800918384
1005002302343647
4001286024733
1005002383022155
1005001388734751
4000693463364
32813115467
4000811000455
1005002455252858
1005002418292363
1005002228785031
32789336764
1005001611393314
1005002311653592
1005002370165444
4000595911191
1005002254888671
32965449419
1005001334361834
32983764247
4001272762191
4000857353826
32705245799
32853522407
1005001621495546
33001296802
4000481589559
4001216434030
32972414078
1005002393392235
32950510120
33004133485
1005001651039282
1005002489617277
1005002416117418
4001108556883
1000003620031
32794210631
1005002357943349
4001231692828
1005002368409372
32965130338
32399097663
33037957956
1005001917228974
4000971707073
33045633764
32732459935
1005002167897039
1005002187709504
33002027223
1005002254405634
4000608640246
32250394571
1005002368111370
32782867850
4000688724144
1005002377292656
1005002343000976
1005001413252515
1815466073
1005002098600283
1005001982600654
1005002252923773
4000075539197
32800325338
1005001613054859
4000511009016
1005002388342543
1005001688325743
32851259045
1005001727139179
1005002321060550
1005002050232083
1005002336302087
32980955985
1005002390799799
1005001805997365
1005002166815287
32883596711
1005001598624547
4001233741361
4000013991546
1005001676497971
32976611850
33061178858
4000297053186
1005002197906037
4001286959011
1005002438281862
1005001511695418
32699635106
32835750608
1005001804163918
1005002396718612
32970941713
4000329418535
1005001417209416
1005001474812870
1005001630506846
1005002259898699
1005002432329858
1005002440521983
4001034157765
4000378382095
1005001825528690
1005002490455585
1005001977003333
1005002291037399
4000549482098
32874716840
32951321914
1005002260454051
1005001708950720
1005002099920994
4000406099987
1005001935171519
1005001680456701
33027030690
1005002389185861
32966082314
1005002122421243
1005002341669580
33013860419
1005002412291773
4000703505615
1005002072365650
1005002365281250
1005001547840814
32996616945
4001090149973
32981868105
32888843317
33027521843
1005002286609502
32852872641
1005002335878748
32827492218
4000396197415
1005001609083652
1005002382257982
1005001610130175
1005001806022450
4000752386756
1005002363353169
4001268472353
1005001287565955
33053736896
4001294629942
1005002489638016
1005002490487465
1000007418244
1005001563204310
1005002082043898
1005002017663817
4000252178941
1005002393287188
32911559974
1005002180800831
1005002359238053
1005001727357937
32860451509
32692345234
32995746929
1005002295010117
4001082892892
1005002130221639
1005001989902500
4001036572603
1005001473819839
1005001952624454
1005002313995695
1005002319326590
4001271223436
4001097667485
4001149868099
1005002430616961
4001170168263
32984306325
4000953328729
1005001354103745
4001183561024
1005002324692059
4001025447236
32848456498
1005002444849558
1005001930969294
4000529311541
4000922450257
4000873176084
1005002372299005
1005001722191861
33000681163
1005002192703558
1005002341504862
1005002052604233
1005002206494429
1005001354891435
1005001839107217
4001055897382
4000125204520
32794963306
4001190024696
1005001926256262
1005002197105702
1005001907472637
1005001798647578
100500225927187933025428186
1005001387604174
1005002344911708
4000711936217
1005001695457732
32811764839
33031214311
1005002114281982
32973363771
1005001921791841
1005002268186299
10000402910074
1005002314511311
4001140687456
32802072016
4001237523648
4000990920869
1005001855279049
32950775601
1005002291912249
32723785798
32957372343
1005002219203539
1005002234041834
32822108564
33018371753
1005002084520931
1005002238082505
1005002254242454
1005002027520583
1005002390426922
32887558010
1005002333641264
32975419890
1005002340771526
4001019675321
1005002133335506
32974840528
1005002293539754
1005001907925849
1005001695540027
1005002245092129
1005002220544709
1005001495711717
1005001534295428
4000945589111
1005001944218473
1005002415294527
4000818429279
1005001890800823
32842696111
4000309579557
32862698704
32827135664
32937491330
4000428953642
1005002090663170
32949861136
4000109667483
4001293451237
32790646818
1005001624824451
1005001694788199
32991359086
1005002311477107
4001127454800
1005001853259977
1005002466200497
4000614853289
32678449235
1005002490421949
32912481707
1005002393342517
32805347981
1005002325384422
1005002317210074
1005002235737167
1005001758329745
1005002377153364
4001153104218
4000842619839
32951375274
4000798557164
32746973668
4001358729114
4001331888523
32861110282
1005002399292831
4001350667843
4001271831526
1005002490129618
32938624584
4000994525666
1005001320988664
1005002377519613
1005001467977551
1005001665720879
1005002129411589
1005001408225181
1005001947839504
4000397362098
4001047996698
4001221440330
4000336952888
32961131103
1005001456753893
1005002312565900
33002403079
4000976223804
32899270750
1005002499315599
1005002403581104
33055512794
1005002235381989
1005001456751408
32988627035
1005002283156457
4001243338611
33037603114
1005002294166033
4000331725812
1005001841690819
32572115116
1005002114821538
1005002068590059
1005002253170103
1005002336771351
4000149603217
4000924593374
32949465180
32882571138
1005001824054545
32828086169
1005002342534543
1005002273763040
32952479327
33001904819
10000402410659
4001054673765
1005002111219678
4000156257731
33022754826
1005001730911694
32949414021
1005001628646207
33048500234
32978495068
33003525945
32887046859
1005002449341705
1005002378649825
32823675769
1005002309021003
32302042273
1005001525500129
4001249317387
1005002270995532
4000220827678
4001284469642
1005002490523930
1005001298275695
1005002206253514
1005001902395295
1005002279951133
4000627647226
4001317606843
32982959915
32869954267
1005001872974233
1005001529992397
1005001463947938
4000135498916
1005002492003016
33048470308
32893677566
1005002309106734
1005002170842398
1005001320614226
4000571041903
32985595698
1005002428327515
4001020384746
1005001944194097
1005001915567942
33020149365
4001316378084
1005002396025968
32864382306
32304974434
1005001287061630
1005002203843440
32636902768
1005002444455595
4000533390822
32942046613
1005001628288199
4000537312705
4000138406461
4001025390677
1005001975068873
4001235787678
1005001502019851
1005002288884944
1005002317787511
1005001656668815
1005001739539661
32829230829
1005002295215406
33005766948
33016395783
1005002475130648
33008114103
1005001788878449
1005001395669155
32999454354
32977645717
32918084744
4000419198091
4001136553734
1005001983126304
1005002266769270
1005001487826286
32868725566
1000007638924
4001118285554
32842074738
32770965043
32941660281
1406109231
1005002242951731
32921165766
1005001639185711
4000320426650
1005002376505821
32855041121
1005002484677983
4000525886250
1005002085358291
1005002291246282
1005001725144758
32871498945
1005002258783025
33048823652
1005002393726522
4000937627299
1005002412668664
33043152004
1005002475439272
1005002304677937
737242492
1005001626313119
4000067778801
32549496811
1005001588108529
1005002323049787
1005001468551143
1005001985709833
4000931425462
1005001999017754
4000237249330
1005002056494696
1005001357158891
1005001945911527
1005002324456913
32895688514
32852675268
1005002319931895
1005002305907276
1005001458798000
1005001955004346
1005002401357115
4000814945790
33013980701
1005001897290757
1005002079369540
32664707466
1005001490526789
4000019931824
1005001525366704
1005001666568429
4001044633728
4000902524712
1005001793922934
1005002337741254
33026802313
1005002139676760
1005002494387654
4000089440467
4001275256081
4000191057382
1005002314963578
32757967343
1005002061929306
1005002353179407
32814140684
1005001419861009
32687450659
4001031700730
32861580474
1005002327756413
1005002351443119
32842063008
32810066555
1005001652063181
1005002396610392
32863044888
32774112770
1005002270353324
32943905190
4000990764566
1005002401965212
1005001343988449
1005001750000006
1005001379877730
4000232391028
1005001621484559
1005002340263747
32841773494
1005002363429742
1005001307396049
32846505291
1005001835438589
32840527518
1005002050029946
1005001780971561
1005002208541478
1005002100809331
4001183317865
1005001402381251
1005001808581293
4000344639927
4000210254954
32886886711
32796721494
1005001435599806
1005002367509717
4000435722858
33010803639
33044725849
582748309
1005002395245622
1005002434873147
1005001406404390
1005001705552230
33000960121
2045655253
32942217582
4000054646256
1005002427018026
1005001983105453
1299961753
32812628029
1005002240488475
1005001776374399
1005002346681910
1005002314646090
1005001619872888
4000697231188
32962902767
4000908180048
4000124725067
33041592113
1005001988163482
32436936877
33015430007
1005002459754342
1005001546965296
1005002118851700
1005002428887805
1005002335299729
32957775787
4001294081892
1005002130119269
4000872555482
4000480515984
33004003754
1005002401497214
1005002327927249
4000134282131
32912608969
1005001784416822
32702146151
1005001713401864
1005001293668004
1005002470197817
1005002206031199
32992187900
1005001462664431
1005001478299101
1005001946969003
1005001763835620
4000333859368
32826315030
1005001314637735
32929908274
1005001452239154
1005002176996537
1005002333625095
4000767612007
4000121294435
1005001896080072
32856271285
1005002181003258
32804249575
1005002312930158
10000108070556
1005002018291850
32668891091
1005001972868471
4000341115286
4001039448304
4000361250084
1005001803257894
32987129079
4001045584363
1005002374948627
1005001637929965
1005001859200412
32905840145
1005002428197413
1005002286849817
32868782169
32823149256
1005001506494726
32811823131
32979369072
4000479949826
1005001929957901
1005001867417178
1005002379352073
32920444159
33027525948
1005001937467258
32886665784
1005002351554368
32823132208
1005001729243788
32922324688
1005002320948961
4000817943910
10000351033241
1005001877324386
4001224629438
33014097116
4000843344439
1005002050432963
32831745871
1005002477869848
1005002379368121
4000074666461
1005001609141413
1005001381297025
32783853334
1005002389224340
1005001808512261
33061439696
32790831371
4000105149096
1005001972711535
4001280476549
1005002460432854
4001165387412
32724510732
1005002389426310
4001293705948
33028022151
4000857977163
1005001808616009
4001275153179
4001326484402
1005002357840852
32921627633
4000563035994
32991598279
32958418644
1005001590445496
32998351596
1005002402266247
1005001621294221
1005002376695907
1005002364515611
1005002495271846
32971161835
1005002450220437
32915675917
1005002055411374
4001176020806
32860506113
4000663615406
1005002319305134
32847641601
4000513100580
32961015901
33019279629
1005001506234563
1005002253693950
4000557435280
4000005593884
1005001835823152
1005001477873214
4001107622783
32970202443
1005002310837655
32921630200
4000954452203
33060170627
32894968980
4000874008306
1005002182265384
1005002004251754
4000791181133
32983316393
1005001975282793
1005002488924850
1005002315180665
1005001865118590
4000250794014
4001174219135
4001251813221
1005001989795150
4000371095060
4001085006296
32730466431
4000391934844
1005001419479425
32999094001
1005002332406706
1005002306570759
1005001939740873
4000909473936
1005002254187547
32618820930
32871799097
33007635320
1005001670887884
4001096411537
4000134766497
1005002125703161
4000267134108
1005002407790216
32946606966
32958256234
4000140198308
1005002233974619
1005002449677421
4000080786071
1005001810177309
1005001989374757
32962610636
4001278906337
1005002394438349
4000642120696
1005002364606455
1005002299717929
1005002384929276
4000811386986
1005002498892343
1005002254744290
1005002428030647
4000803762175
1005002314021766
32846253131
32883708119
32955972832
4001291525084
4001282995174
4000826708881
1005002333109836
1005002321167987
1005002223978788
4000843542410
1005002369119481
1005002341382671
1005002347102368
1005001893761994
32957146302
4000943308070
1005001648049457
1005001764030064
4000186845365
1005001700997446
4001071920075
1005002205571230
1005002436286508
1005001531754208
1005002052451939
4000895263012
33029098025
1005001928717383
4000345968321
1005002314319981
4000115293213
1005001287363490
32968288876
32981040854
32894172553
32899810320
4001152165039
1005001430501232
1005002314288165
1005002412932036
1005001996740658
4000910530264
1005002125164327
1005001621459720
1005002469974319
1005002498931756
1005002221191971
1005002309626669
1005001821714696
1005001999630975
4000324842680
1005002275940639
32819649495
4000250582812
32959395683
1005002388896939
32829175703
1005001367635626
1005001813713015
1005002170584957
4000491348498
1005001598056551
4001030301333
33020092045
4000769900314
1005001495646460
1005002271943437
32960431805
32848054017
32623661658
1005001970119678
1005001693835903
1005002213986473
1005001264733469
4000751038826
1005001744213886
1005002327179338
1005002474947285
4000703358408
32570192552
32844561401
4000463625638
1005001861653656
4001220691859
4001270523325
1005002318899112
1005001350616508
4000545774411
4001206613551
4000626357114
4000057928726
1005002332834333
32972211317
4000250186804
4001178865205
4000696134740
1005002369380095
1005001632000834
1005002233726319
32836726008
32967058120
1005001835072880
32844668825
1005002301642717
4001118085213
1005002233127764
1005001431281129
1005002226350035
1005001895198196
1005001906534898
1005002401782506
1005002388513229
1005002294113094
33036007538
1005002489797590
32859977465
4000348356379
4001006673963
1005001441398662
1005001488803979
32825599133
1005002253851985
4000415994506
1005002265913064
1005002438021983
1005002204594585
1005002447096840
1005002296642754
1005001561003195
33025547054
4000124840727
32858602356
1005002462596257
33007407192
32908811598
1005002344979211
4000929460872
4001227124679
1005002306806831
1005002210824729
32773227623
1005001581855160
32801541395
32642711077
32950056015
1005001833758854
32877144386
4000498308166
1005002250238453
32689283461
33000487774
4000767473659
1005001849364443
32895432645
1005001830426271
1005002244087050
1005002318666605
32262497093
32975249458
4000545798376
1005002452147650
4001274989163
1005001438994108
4000807295838
4000993946618
1005001516103025
32860064929
4000741709597
32879552530
1005001698329090
32917854842
1005002413686319
1005002001640348
1005001922955969
4000765884760
1005002353862913
1005002205394458
4001275063923
1005002125395408
4000834122352
1005002312018827
32849277304
4000898286076
32945080822
1005002414380361
1005001860153243
1005002344809523
1005001847001101
1005001797370733
33026401062
1005001413078519
1005002238842339
4001141707299
32961431373
1005001670807084
33028062683
1005001488532189
1005001873031020
1005001586166746
1005001820917005
1005001591699424
32993220238
1005001935181773
1005002354378847
4000652780343
4000893198549
1005002264849788
4000401634092
4001047610988
1005002368309150
1005001432662247
1005001608632838
33013715061
1005002475663315
32986159352
32978330343
4001364948932
1005002467257101
1005001729491256
4000796408353
1005001952319620
4001263789000
4001225390175
1005002333486423
33029844036
1005002302312050
1005001971863610
4000884984474
1005002357286007
1005002271789534
1005002412450838
4000046886419
4001183737791
1005002386269301
4000609049480
4001108656601
1005002318849568
1005002359703223
1005002046733329
1005002254765063
32949217368
1005001698000628
32785830861
32831956555
33005465462
32976723321
4000538544679
33003179798
4001276848553
32814833909
4000262116110
4000203899654
32983991367
4001257044051
1005001354272627
1005001731769654
32825322953
1005002292370383
4001225214665
1005002111559169
32662914143
1005002433143512
1005002443684192
32987076938
32795172070
1005002370267415
4001052555910
32996341614
1005001860860663
4001266077076
4001122870615
1005002408487070
1005001621099803
1005001913388811
32752535399
32885000282
32364216200
1005002314039769
33052963444
4000808657868
1005001900128304
1005001769913688
4001021120049
4000907301263
1005002143811524
1005002287904310
1005002315918832
1005002363297732
4000684577236
1005002490957943
32795308803
1005001325613079
1005002399653949
1005002017098487
32895058174
1005002460937952
32810421102
32861032161
1005001476803301
32915518641
32974937609
4001205266280
1005002240498312
1005001957087912
33004344020
4001065320006
1005002495628126
1005002006227695
33012184028
1005002280703634
4001081893955
4001204832459
1005001435756186
1005001367996177
1005002430931883
1005002276663693
1005002433450872
1005002354417098
4000826377382
1005001520525520
10000316093919
32825603470
32715597777
1005002309545641
1005001834585419
4000119608435
4001061846433
4001306656309
1005001638282919
1005001947967714
4000111399364
4000921664026
1005002227343849
32835311319
32895517464
1005001552862727
4001267061337
4001090682211
1005002294243200
4000662762045
1005001570726606
1005001557311062
1005001506690596
1005002069804699
1005002049473319
1005001808853783
32992164298
1005002320971620
1005002329709915
4000682341920
1005001591598794
32671970155
4001127521633
1005001849835998
1005001847319648
1005001296967442
32908113187
1005002189737561
32959456369
4000294691019
4000155754446
1005001316170990
32640715381
1005002433577660
32293360592
1005001671824078
32916993901
1005002110512103
32638162111
1005001438487986
4000706590383
32913036761
1005002326839773
32860845003
32818436443
4000849782489
4001294798051
32916254736
1005002271085361
4000101283672
32797796489
32863960289
1005002325220775
1005002420096740
1005002192796007
1005002293859376
1005001621601064
4000500905675
1005002065102929
1005002403977293
1005002242482360
4001247159450
32945874796
33047654049
1580811176
1005001287633348
4000498071624
4000135505185
4001204278808
32919369158
1005001374017421
32990766885
1005002357513817
1005001626919560
32955322710
4001094381319
32850905186
1005002357131021
32970837167
32977815666
4000960674162
32919049708
1005002471378692
1005002053873929
32966689607
4001192980932
32834195564
4000126381050
1005002268457745
32797417465
1005002253482055
33032698790
1005002317112090
1005002330869554
32947970463
4000959177946
4000158543567
1005002288620410
32891278146
1005001634269379
1005002394792799
32991968843
4000425155969
32890015141
1005002094107564
1005001775547706
4000124017935
32816862239
10050023951787781005001521388413
4000133635221
1005001934216263
32974758004
1005002147727748
4000674222778
32957090318
4001246417775
4000563317457
1005001479081392
32955425100
33002070086
1005002035676169
1005001809549843
4000693232504
32828768726
4000030660625
4000166956821
32938330563
32953676668
32848015286
1005002172366886
1005002441275281
4001047839164
32818030038
1005002362932824
1005002327201731
1005002043481554
32482768488
33051510277
4000092172846
1005001864661265
4001012990604
1005002324780629
1005002089706636
1005002090548645
1005002394848649
4001130768585
4001127945382
1005002452977101
4000202682781
1005001859388173
4001174531343
32835764547
4001222709663
1005002344387668
1005001989092984
1005002346944259
1005002069251518
32707397607
1005002224215317
1005002383258435
4000626735893
1005002053231817
1005001398506032
32945878767
1005002315390159
722366939
4000642325010
4001294083503
4000097726430
4000082557078
32957970410
32958446975
1005002220457486
1005002437729264
4000466099902
1005001954888588
1005001521769613
1005002332826741
4001251806627
32866651074
1005001723833182
1005002079866261
32999858678
1005001360664947
4000775087039
1005002363293378
4001093652020
4000984061633
1005002297630805
1005002355818950
1005002059665120
33020747121
1005002342017390
1005002383866325
32960121509
1005001437816867
4000242595066
4001337747695
1005001487033988
4001154220937
1005002398901806
718293593
4001161367473
1005001922757902
1005002427815855
32999097446
4000307950769
33038252297
1005002276139053
4000061527144
32855332277
4001138456793
1005001495775547
1005002172920356
1005002467124011
1005002475308452
1005001355373239
32817296227
4000497897713
32906824124
1005002377625190
1005002212299346
32869159285
1005002181270432
4001023733332
4000257099147
32955421286
32911693802
1005002198045575
1005002275939163
1005001901951495
4000822999194
32888224163
1005002416184104
1005002259843581
10000007001443
1005002473611425
1005001872495156
1005002414347728
4000395591834
1005002398877093
4001177456154
1005002408944904
4000104285230
1005001665437869
32670929610
1005001846385305
1005002367922841
