1005002269348328
1005002063058349
33030994810
4000143382262
32808345718
1005002213396706
1005001960336086
1005001657869916
4000602056026
32998982612
4001095199270
4001130958764
1005002339313890
1005002217807392
32943294870
4001364339302
1005001715433873
1005002364443222
4001244811349
1005002284011267
32771632541
4000207701710
667178603
4000709437555
1005002307649655
4000282012888
1005002448083550
4000850712042
4000152389040
4000169235683
1005001438641248
1005002280458818
4001075176797
4000511522124
1005002412412579
1005002332251478
1005002281916303
32279681919
32982345878
32759871684
32901900170
32866227584
1005002094741736
1005002375507221
4000242102214
1005002353579256
1005002070785898
4000645340845
1005002059771625
32846866169
1005001444986883
32963403874
4001107459591
4001188933202
1005001873029042
4000898911656
4000040048790
32852969672
32564893585
1005001807750900
10000156947795
1005002363779403
32983082104
33054783622
10000395931985
32645037010
32984934704
1005002468381100
1005001514561257
33029646270
4001149697501
1005002387004913
1005001785413739
1005002270701636
32887632235
4000272964093
1005002392800808
32549612371
1005001835277831
1005001382375979
4000330928558
1005001999629511
32741350952
1005002341136453
32880927203
1005001975761346
1005002409433699
4000337107278
33030030024
1005001834990778
1005002107942306
1005002418760031
1005002281445133
4000782071909
4000996915176
1720466270
1005001606186701
1005001804024136
1005002357751620
1005001695598728
1005002377914105
33053045138
1005002327344113
32985083442
1005002358108648
1005002327057647
4000928131717
32995877893
4000326368859
32626490194
1005002348545798
4000365553948
1005002286316213
1005002092205059
1005001441446639
1005001512685237
1005001632583674
1005001961771404
4001211616771
1005001860524968
1005001914932223
1005002345331674
1005002367713594
4000450197928
1005002265059637
1005002299436044
1005001455803438
1005002128590473
1005002174596013
1005002413432326
1005002311188023
32984618564
1005002289628588
1005001667572213
4001275259246
1005002443130426
1005001551902110
1005001846019131
33025126113
4000557645485
4000429045503
1005002324166045
1005002477656745
1005001664850354
1005002205245395
4000854983429
1005002457729095
1005002316242212
4001238881314
1005002304383260
1005002357767907
1005002100814410
1005002330802098
32900447214
32965831416
1005001393975763
4000726252622
4000109023081
1005002206384961
4001218067173
32987008485
1005001653356335
4001002077162
4000145767495
1005002360266851
32920980526
1005001627222339
4001197512769
1005001361223642
4001338547947
1005001775729487
32813791849
4001291717412
32834888410
4000806271701
1005002226424321
1005001823076014
1005002313963538
32869068908
4001071554737
4001234442952
4000886970460
1005001333856539
1005001477973408
1005002029045825
32915386003
32985834139
32327921086
1005002286378424
4000597860628
1005002382673657
1005002217032811
32874938350
1005001952057416
33051958681
32800994233
32278042696
1005002325431083
1005001503046817
1005002481085482
32845153227
1005001680420637
1005002176139804
33027509807
1005001478401195
1005002328052829
32974440632
1005002290901889
4000864624599
4000292519920
1005001563387312
4000519733064
1005001732120489
32960097160
4001360436779
32647782993
1005002371642165
4000210095457
1005002482593567
1005001742073635
1005002364911946
4001148148945
1005001976130259
1005001585401046
1005001719656381
32827936994
4001295682751
4000057734583
4001141745485
32920865330
4001235856978
4000911468659
4000464434114
1005002328846600
1005002341225179
1005002418637489
1005001632074730
1005002293868159
1005002326454029
1005002496970227
1005002401661364
1005002467913387
1005002401905896
32984634570
1005002350686753
33004609824
1005002354203018
32846049778
32815545070
1005001891123688
4000175308597
32815217360
32616830826
1005001339015406
4001039552755
1005001287622695
1005002264045230
1005001398663120
1005002433276962
1005001693624812
1005002409249109
10000027087041
4000116979720
32934351397
4001174127828
33049623906
4000769020829
4000045989997
4000525359371
1005002219522554
1005001585718981
1005001348847395
4000493908785
1005002334565044
32639287469
4001126918686
4000820395293
4000321479446
4000755154749
32975415184
1005002168058862
32967165225
32830372886
1005002400766985
4000773072094
4001129430440
1005002497148872
1005001905528567
1005001507873578
1005002168594010
1005001462826727
33050229048
1005001465182542
1005002340846135
1005002190011075
33015747548
4000385598643
1005001365117892
32966272312
32970047348
1005002170713769
1005001646116459
4000675949748
1005001918972820
32889948116
1005001640514258
10000000225144
1005001952821277
4001042626724
1005002428470670
1005001888886862
4000272742753
1005002298418946
4000125059310
4001324488790
1005002478179214
1005001986332238
4000246896942
1005002317213693
1005001645474393
1005001444931834
1005001683063501
4000037981750
4001197331764
4001203514061
1005002271806048
1005002388828823
4001231341904
1005001980905619
4001179571930
32895923953
1005002018813292
1005002460152208
1005001525348987
1005001488142232
1005001935182461
1005002173534667
1005002375273034
4000919522431
4001207006089
4000773364284
1005002018115328
4000469119066
32602514280
1005002233949559
1005001979902940
1005001756386388
1005002281933904
4000364289983
4000397739875
4000164296155
32791856168
1005002293821160
1005002442057353
33036962399
4000259146178
1005002477202757
32410118668
4001209138679
1005002418351163
1005002234412465
10000304863443
1005002316800089
4000341661956
32851903710
4000401466278
1005001768374290
4001255894815
32851548942
4000585453665
32836825737
4001263680220
32980094305
1005002092565307
4001050261650
32818559220
1005001912924863
1005002381292802
1005001389116479
32964890140
1005002242324721
32791939311
1005002305166250
32929588402
1005002286605148
4000800517981
4001225208057
1005001474998330
1005002442118060
1005002383098610
4000153677307
1617699565
32918232551
4000187959839
1005001657284954
32832922588
4000437567044
4000735142303
1005002406192453
33060045806
32730119869
4000663964779
4001150876896
4000686675445
4000412160762
32984344056
1005002314397567
1005002333666263
1005002332047955
1005001894712059
33014851626
32963605261
1005001632608581
1005001334959203
32458633929
32842129085
4000626211510
1005002228065150
33044902434
32880440553
1005002109995442
1005002187640108
1005002440027739
4000517984971
33016466648
32970689111
4001233918584
32660472136
1005001765578779
1005002228165650
1005001291390259
32843979838
32945824599
32907224261
1005002366221009
1005002237842131
1005001444992580
4000286113316
4001019708792
32834423323
1005001648493938
1005001457675298
4000910515874
33044648460
4001179178614
4001060080542
33015584035
1005002334999405
4001005314806
1005001381366465
1005002275339447
33002444280
4000415819633
4000814631901
1005002306739251
1005002314655540
4000761509387
4000985768331
1005002444090499
1005002210754814
1005002004150132
4000251042614
32245539805
1005001718619944
1005002030464471
33002694688
32964937686
1005001817027454
1005001739409910
4000253263045
4001035199196
1005002039112302
4000774987143
1005001839327221
32577731271
1005001768245911
1005002262468049
1005002389745956
32977821156
32883332239
4001298653385
4000378482155
32802447578
1005001508534507
33012821234
33061858419
1005001899053842
32837300988
32790225159
1005002277264780
1005002370034589
32495063214
1005002388748710
32799124609
4000955770747
4001037384991
1005002333572685
1005002440460293
33000039661
4000788128399
1005002329463412
1005002318948892
1005002014146854
4000760425987
32866604809
1005002275938740
32900842236
4001308443427
32896951052
1005001530631013
4000218473590
4000965715949
1005002055374972
4001080280145
1005001515916627
33062059171
32898289868
4001128452482
1005001429075814
1005001830155143
4000473475227
1005002110459906
1005002282306221
32814244569
1005001329484197
1005002231694181
1005001666049885
1005002247415485
4000402124907
32964059429
1005002363691187
1005001437129171
1005002441715131
32378920063
1005001383714053
1005001937692129
1005001661137937
1005002280837394
1005002278548172
4001230080762
4001111661189
32983806906
4000900592642
1005001561174477
1005001370193887
1005002292319487
4000410684901
1005001568405749
1005002315420779
1005002282626499
1005002002362163
32323483596
4000472330745
4000024658144
32835093817
32907106926
32843225088
33005721500
1005002435500906
1005001510513603
32830629180
1005002281343076
1005002198900740
4000442414762
32889990331
1005001736828130
1005001966384383
1005002401600294
1005002213886271
1005001906516669
32854629309
1005002271720595
32840250559
4000509421979
1005002219332769
4000849832842
1005002356711701
1005002346134174
32800914647
1005002460081365
1005002465657313
1005002130179714
1005002419151726
1005001405910033
32964541214
32979644980
4000999342860
997854064
1005002344849717
4000430503945
1005002310536892
1005001564416352
1005002413960499
32984326618
1005002033790616
1005002490400595
32904371436
1005001669121333
4000881215772
32789793919
1005002340842384
1005002312413175
32968019697
4001164077720
1005001291312120
1005002305179479
1005002303997867
1005002172419051
1005001977368014
4001244635497
4000786628203
1005002084053232
1005001275397838
32956984708
33010894122
33008815211
32813348978
1005002398332561
33009283729
1005002254736636
1005001939793243
32510649689
4001139612729
4001106415761
1005002413459601
4000027663729
1005002239380310
4000193149593
1005001804667335
1005001830852274
1005001682497277
33062139589
1005001825781493
4001153697325
1005002408143806
1005001309416034
1005001914692743
1005002479965879
1005001393030452
1005002464777187
32855772498
1005002070672639
1005001945688706
10000194268741
4001270457390
1005002272965821
10000357205503
4000861123643
1005002023399963
4001112216303
4000782833235
1005002379450398
4001268076375
1005002319527783
1005002355615549
1005002321854961
32866435286
1005001525492124
1005001731217246
4000274465181
32992233766
32945901626
4000437344834
1005002336981524
32890094275
33008523752
1005002443444688
4000373878810
32784695437
32820810475
1005002311996879
32918477067
33015813896
4000910208508
32316843970
4000609982795
1005002447777086
1005001572079171
32949371329
1005002344268840
1005002226204129
1005002327697430
1005002213257655
4000935612036
1005002085327697
1005002293511487
33009676674
32957650195
4001100734116
1005001512054852
1005001337492954
32843363793
4001122696839
32976434537
4001136575031
1005001607052928
4000955868438
4000959653795
1005001932977998
1005001843390643
4000771893232
32590695332
1005002297275689
1005002425165740
1005002263911103
1005002314170811
1005002052419940
33002323848
1005001657457514
1005001701170009
32958234288
4000924332591
1005001507557303
33017425461
1005001893800038
1005001803644760
1005001438874522
32960549065
4000211634254
4000901453042
32819980972
4000437937791
4000842957858
1005001816926361
32804510930
1005002059644350
1005001942212049
32855916709
1005001607249911
32841307872
1005002486278078
1005001846329758
1005002496959184
1005001720488610
32801168356
1005002304187682
32946555950
1005001793159576
32984595728
1005001993171644
1005002315168482
1005001352009534
32791695604
1005001638181800
32859101584
4000921808444
32604696499
1005001915541697
32757706887
1005002440780566
4000186289512
32877770109
4000570166932
1005002324138689
32998233028
4001192614461
1005001807880498
1005002006253615
1005002065175307
4000989328127
32853478992
1005001742234820
32382988229
1005001773653297
4000853235248
4000882789012
32997077712
1005002483220498
1005001690889120
1005001493768053
1005002480452712
33004700422
32966148626
4001052053076
1005002042227508
32769515902
32967436520
1005001793021966
1005002265077363
32978363762
32921499253
1005002393791276
1005002366024583
1005001918717961
33028485899
1005002237931192
32960265248
4000382400369
1005001638053487
1005002393429919
4001218450321
1005002359716198
1005002399052217
4000785592564
4000548179992
1005001510079646
1005002499754305
1005001639225951
1005001452787175
4000470875057
32948900355
1005001570234623
33010914493
4001256402729
1005002454253688
32704682238
32803819984
1005002295393541
1005002205359321
4000067161908
4001037804148
1005002282201744
1005002311455165
1916905721
1005002415942705
1005001836797861
10000395864202
1005002281782806
1005001446255471
33060294846
32862906085
4000046482361
32948300730
4001161536523
32845183224
32989583865
1005001411639908
4000033731366
4001299710344
32903337655
4001230904842
10000192371511
1005002260737553
33052424673
4000669322725
33016587459
1005001960077536
4001227320527
1005002456747737
1005001445962506
32922282249
32862598312
1005002375097974
1005002394133446
1005002326613193
4001110220983
4000043938574
4000071114767
32962951340
1005001929390696
4000779151882
1005001519130416
4001168817925
1005001871145465
1005002271382818
32836626994
32320587709
4001162606004
32223547124
32887379122
33028000161
32813353021
4001122297473
4001223578614
33037196235
1005002206661349
1005002351604071
32788357403
10000012340788
32920826602
32883772557
1005001695469363
1005002004902451
1005001482820515
32804731954
4000763928957
1005002318732599
33005212803
33058606976
1005002275482796
1005001659689309
4000337688930
1005002275840083
1005002260528085
1005002417679739
1005001640976314
4000056389063
33037804732
1005001441265910
1005002247918072
1005002412312792
1005001385724293
1005002425456247
4001061511150
1005002420765099
1005002133833553
1005002495307387
32918005408
4001013033343
1005002176184417
32975254813
33023054822
4000071561995
4001144933549
1005001779924180
4001231393362
32819500234
1005002098992347
4000954907993
1005002050396831
33050624758
4000433118870
1005002488821293
1005001437646972
32705632269
1005002475846126
4001138756866
1005001656675935
1005001698672902
1005002126291842
1005001689362062
4000397605922
1005002025165679
32948016832
32591439996
4000181967061
1005001265146429
4001215782100
32846441419
1005001621487682
1005002476761516
1005002371661892
1005002378628809
4000304745162
1005001939660698
1005001989144336
4000948573606
32624764995
1005002363094602
32546035197
4001126778599
10000281074562
1005002250801062
33014909454
1005002395442839
4000842995635
32904631917
33044541743
1005001274028563
33012747820
4001145311479
1005001599693907
1005001814201556
1005001375355841
4000689543087
1005002259805068
1005002290546470
1005002492494846
32951787510
4000236871162
1005001625636305
4001090618381
4001326388060
1005001504656042
1005002277740495
4000375806300
1005001965505498
4000483787481
33005544229
1005002314316536
32573338623
32790990489
1005002282338790
32991101533
32869301973
32909190646
1005002346065495
1005001603273253
32994470370
33007379254
1005002356673010
1005002236242785
4001260092854
4000567501049
4001155653201
1005002340639378
4000644391548
1005002347342821
1005002310215502
329630859701005001667461525
32536280411
1005002452455299
1005001495434872
1005002325249961
4001263749594
32841729241
1005001958667310
4000444102207
1005002279026125
4001282905117
1005001495519211
32840743404
1005002319127241
4000987757947
1005001736742904
4001310041247
1000004895112
1005002288503524
32856964265
4001126344324
1005002352133554
32985632779
1005002228965873
32920939219
4001181289226
1005002264348322
1005001775519515
1005002487043462
4000359842154
1005001413287723
1005002339647312
32822649766
4001059525411
33014090291
1005001327415780
1005001840803221
4001078116558
32991255499
1005002399589025
1005002252731470
1005001889818511
1005002468285271
1005002482851002
4001221427993
32982351697
1005002353116607
32931637292
4001211987139
1005002014468272
4001139362422
1005002364158013
32869238921
4001177857938
1005001903045619
1005002275943645
1005002139240807
32953390024
1005002287174893
4000397565026
32987805479
1005002285525739
1005002424571934
1005001869442546
32890351756
1005001536159964
33046149768
32989555011
32852518714
1005001622094262
1005002445652985
1005002354286997
1005002340048815
1005002314446288
4000831274896
32971649388
1005001303238412
32503850675
32930448917
33040376608
4001228576017
32975305876
4000315136514
1005002364261573
1005001968054894
32965928193
32313816343
1005002275993929
1005002357395273
32853737619
1005002341691036
32890347868
4000766950855
1005002049413314
1005002227839089
1005001505995518
1005001768725726
1005002327935757
1005002268496030
4000248278361
1005001590675084
32368443150
1005001838907209
32764544739
4001057513213
1005001625352557
4001036449422
1005001906757599
4001212896132
32911040206
4001217403898
1005001490418833
32432242129
1005001859526471
33020818920
4000626870333
1005002435598587
1005002035905727
4000429614826
1005001405864519
4000183320328
32833212333
1005001992189404
1005002283111878
1005002443483677
32315204437
4000349855853
1005002268268217
4001223061452
1005002352657563
1005001822900926
4000041864558
32851980904
32807942213
1005001792610977
1005002215802377
4001352462536
1005001846710354
32813997661
1005002453231551
1005002265365145
4000545898896
1005002264205432
32954923987
4000025921691
32842268152
32999899867
1005002418650323
1005001946443076
1005001972187557
1005002263882113
32840169302
1005002336384060
1005002167879607
4001298644620
1005002314094186
1005002314337483
1005002206511335
32598432831
1005002374504121
1005002137054622
1005002198244008
4000061263213
32888929983
1005001798245107
1005001972220340
4001157226919
1005002210227088
1005002221026722
4000850159971
4000670940743
32807185818
32949714825
32962584883
1005001598238682
32938390957
4001062346874
1005002291024595
1005002379047907
1005002345797571
1005001522317050
1005001519455711
1005001584625736
1005001469762216
33001604646
32981446297
1005002404094389
1005002360447281
1005002382441727
32785916360
1005001307396834
32976939897
32805526785
1005001773618631
1005002382416926
1005001741152157
33059290173
4000156989164
4001038995913
1005002417036451
32809472850
4000097183192
4001244984253
1005002495403329
1005002341575554
4000444021519
1005002304295912
1005002357689560
32860263010
4001231664718
4000602123684
32917308348
32837749489
4000717346143
4000465981936
4000258247992
32836914141
1005001437755736
32972113138
1005002404404502
1005002428119012
1005001815035655
1005001355462484
1005001804600967
1005001704899144
1005002333462806
32723476116
4000642208644
32905085092
1005001957513340
1005002328259323
4000689015447
1005001774932561
32915623260
4001170594675
32998887669
4000301746894
4001268434698
2049380625
32824331544
4001264690177
4000657015070
1005002252811261
4001263379649
1005001506193022
32811594351
1005001836079084
32646159069
1005002467403908
1005001526010774
1005001284342956
32586489085
4001310303844
1005002288829457
4000420329244
4000180088436
1005002065128968
4000415759004
1005002337758045
4000260967395
4000391013054
4000972645818
1005002219454086
1005001552412824
1005001377398090
1005002447738218
1005002224997772
1005001694841352
32361018058
1005001954979070
1005001770130133
1005002474081921
1005002412778593
4000340825079
32952692430
1005002161356727
1005002460203762
4000834004374
1005002279009827
4000779129908
32947445635
4000803230054
1005002353561839
32971103186
1005002035317070
32892941977
1005002434725984
1005002377727101
1005002276099871
4000801173142
1005001912397898
1005001840954721
4000059058031
32809986825
4001193542273
1005001467890495
32553645085
4000704900810
33061226610
1005002448693653
1005001469344186
1005001723812035
1005001693379886
1005001438867096
1005001846527739
1005002397916810
32959416337
1005001403857411
1005002304886779
10000022141194
4001227479778
1005001685275685
4000166853432
32857700219
1005002090361224
1005002348451400
32822760450
1005002303551801
1005001394185330
32889148689
1005002165227526
1005002314302841
32967583754
1005001836284531
1005002298236240
1005002370064506
1005001560062516
1005001762418600
4000448322315
1005002252432334
4000842630530
1005002277050587
1005002319607422
1005002173205487
33030119819
1005001798640767
1005001862611783
1005001954771453
33005560157
32976930188
4001240570985
1005002467222406
1005002337252123
1005001860798506
1005001844263141
4001306132037
1005001506414581
1005002203176843
4001230196369
1005001468047314
4000892012704
1005001265529735
1005002425630332
4001005131984
32965250588
32613747164
4000120488847
4000626621186
32407136546
4001192592766
1005001656855887
4001112602114
32798794980
4000404949830
33029953141
1005002224308562
4001080062435
1005002423710606
1005002313683791
4001235067427
1005002326829110
33061630074
32801013581
33008316554
4001225036977
4001233598197
4000850447615
1005001627556491
1005001608005385
4001276846842
1005001814922011
32962372094
1005002310995382
1005001981951702
32988189552
1005002376512269
33058568404
1005002106474472
4001358687530
32965340350
32815897171
32848829151
1005002426995688
1005002289595293
32300538188
32409017094
1005001452613924
4001357891466
1005001736415326
32959685315
1005001859700372
1005002358656702
1005001999060952
32953773573
1005002107990770
4001204653867
1005002255766135
32905473100
32828911050
1005001631156985
4001135748449
4000197765562
10000289514480
1005002060189286
1005002322909801
1005001768338957
4001134913263
4000400024862
4001290615519
32843944988
32948576051
1005002428834151
1005001392761705
1005002451093738
32694812216
1005001993230836
1005001398980372
32822767936
1005002378267625
4000385071877
33005298960
32881748734
1005001834329119
1005001654801563
32960694863
4000227488377
32975385442
32971890225
32946993230
1005002368824723
1005001847896282
1005001779443711
4000130716754
1005002279342599
1005002260954363
1005002413207944
1005002260757590
1005002309711717
1005002245008061
1005001855643042
32647297528
4001271640723
32826345604
4001137446744
1005002316609038
1005002288607281
4000145554801
1005001607856367
32966317313
1005002323609743
1005002074747481
32993899914
4000674737131
1005002281049137
1005002004511454
4000233829003
33057051747
32927140845
1005001469470817
1005001940043224
1005001854472705
4000927393185
1005002061934306
1005001982903608
1005001825603416
1005001798813168
32801774544
1005001386241970
1005002130213899
1933176667
1005002260610561
33043307535
4001230353670
1005001617231917
1005002278309768
4001025128447
1005002242537448
1005002241824198
32699480036
1005001326273354
32873201402
32843510328
1005001934754000
1005002476349604
32829991154
1005002382350137
32988815389
32367992727
1005001393694361
1005001398688056
32976699180
4000708966272
1005001908436348
32903111453
32950310695
32729538138
4001231512694
1005001976604827
1005002314301537
1005002082470442
32964488888
32983539481
10000395336212
1005002413322866
1005002069115769
1005002265061097
1005001957144834
4001259911569
4000607449137
32953711191
1005001412071328
1005002142825944
1005001567276314
32668067992
33060702789
1005001612596678
4000220506476
4000601695974
1005001397716603
1005002465386667
32880780308
1005001780572082
32863120919
33025137003
4000960357081
4000870109240
32886376975
1005002125620858
1005002258595615
1005001587672899
1005002468185504
1005001570442282
1005001606142362
1005002393984681
32969581162
1005001965350475
1005001421517266
32979585161
1005001296131177
1005001524335760
32882544783
4001061137347
32833304791
4001210140420
4000253299016
1005001611782406
32692022581
1005002214628128
4000348903995
1005002362452578
32865583081
1005001431559105
32923627243
1005002198516835
1005001733347381
1005002347319603
1005002186024613
4000163286212
32962675708
4001079108287
1005002276800960
1005002350709884
32988192597
1005001636517166
4000039098086
1005002271498501
1005002425851305
32865215880
1005002318469453
32833040396
1005001777310716
4000479182894
1005001748975263
4000188812742
4000745902786
33003875866
32982104469
1005001850741161
1005001362195426
32596462253
4000006942960
1005002287313982
1005002401520697
4001218471888
33022855809
4000257975012
32703279584
2005594060
4001175663841
32951649850
1005001556172547
1005002336773781
33009474731
1005002496135892
4001018296735
1005002280976260
1005001966165227
1005001926106637
1005002459991282
1005001628126436
4000879638830
32833449078
583910861
32855597762
4000264998875
1005002466996874
1005001567423588
4000618213710
32649660511
1005002319134171
1005001659864264
1005001420595541
32863909640
1005001394674011
1005002318013238
1005002344276924
1005001287355773
10000395936606
1005002275542684
4000141639359
1005001652231169
32898259577
1005002359155639
32758372527
1005001889272336
1005002412286201
1005002271454870
4000374197839
32971112671
1005002185308453
1005002326908392
4000159060389
1005002449804515
4001195271447
33047142806
1005001901649574
1005001632938212
1005002011684601
4000744878106
1005001564700474
4001159635551
1005002322345635
1005001769381384
1005002440349591
32881258066
32968428142
4000499193256
4001082477508
1005002461222914
32848870081
1703200589
33031963288
1005002441772123
1005001365556730
1005002246739649
32987885736
4000298514867
1005002132453801
1005001681972802
4000100623647
32852324772
32875685664
1005002470843181
4001159655839
1005001590500871
4000353667782
1005001562642860
4000286515338
32964837247
1005001864089065
4000975182681
1005002438725905
32855339766
1005001397323000
32822107037
1005001638141197
4001212519963
1005002389617395
1005002259985259
1005001346467422
1005001685808631
1005001463805490
1005001571671497
33057354268
1005001877524607
32848597605
1005001732970272
1005001726548348
4000825581757
33043548191
1005002348543368
33036226313
32654607994
1005002351569819
4001254142686
1005002264772833
32616502620
4000088397430
1005001339884287
1005002416808050
1005001488707273
33021900861
32973123263
1005002314324992
4001091224196
32934955696
1005002293148681
32995281404
1005002336523110
1005002191205478
32855521160
4000353374602
4000894837920
1005001966539929
4000074138090
32773940369
1005002221767787
4000987324445
1005001620690457
4001076585316
1005001954935439
4000986729370
1005001303028899
1005002317072796
32862292863
4000822828249
32834602658
1005002293217287
1005002119139692
1005002021686949
4000004318849
4001106113588
33017526504
1005002190547464
1005001471910800
1005002265431887
1005002281183660
1005001460366767
32378382823
4000259012012
32855962980
1005001321559125
1005002240343997
32862327646
1005002382373781
1005002292490640
1005002404244250
4000793944446
1005001829834798
4000185578056
32817127485
32859075162
32891087638
1005001706237896
1005002167823797
32804525642
1005001508127524
1005002475992229
1005002357408772
1005002323195507
1005002342391835
32799119181
32912476940
1005001933662905
1005002439449098
32916074805
32961884966
4000761208606
1005002484841041
1005001523739036
1005002302304108
33017355528
1005002389648177
1005002316361480
4001339652780
32883907004
4000857230934
1005002143241444
1005002395451534
32955255719
1005002328518724
1005002316098618
4001126452885
1005002469115012
1005002429203236
1005001335635733
4000820639308
32845824730
1005001284416777
32824734974
1005002348222179
1005002068747707
4001039309312
1005002064017848
33047740272
4001170592637
1005001325581202
1005002306643927
4000730826099
32893956665
32623937752
1005002425651594
33029026954
1005002406274763
10000120988528
1005002286121377
1005002419485770
1005001962460139
1005002243384746
1005002468576229
32811084820
33023996382
32915634166
1005001645929378
1005002314565268
4000504914334
32666735827
1005002340805209
1005001813151844
4001184294117
1005001669844988
1005001957534721
1005002359780059
32523425970
4000511627259
4000127707732
1005001692317729
1005002387127771
4000808154743
1005002277526753
1005001858837130
1005002421065304
4000701148437
32951485572
1005002033595956
4000124368497
4001143890775
1005001322951574
1005002033378711
4001286312368
32891075962
32824324353
32362857201
32822551718
32969324330
32636097709
1005001920760957
4001005221240
1005002301888685
1005002487684314
1005001492795950
1005001786921250
1005002426493131
4000437023596
4000296985084
1005002092570125
4000981828408
4000427541980
32793287524
1005002383756507
4000445501432
4000134021389
32825812061
33001677918
32852529087
1005002492310407
33005003314
1005002057151651
1005002316286344
32999837971
1005002220659341
4001114966997
1005002369143398
1005002328731161
32854792769
1005002367410793
1005002475083467
33008764324
32966651383
4000287928289
1005002440067964
1005001825370754
32883499747
32997108699
1005002245993244
4001326012132
1005002235779648
1005001824167705
4001217554585
4000108607940
1005001489034034
1005002319085160
1005001645228401
1005001824645510
32873439358
1005002470993994
1005002340051653
4001080988061
1005002282910757
4001280407448
4001170757974
4000970411413
1005002373754848
4001273236182
1005001419770360
4000641321784
1005002146944994
1005002473363747
32914726685
4000773714839
4001224824003
4000041879695
4000012501935
32834139776
1005002241119019
33003567642
1005002114577435
1005002122413273
4001146342196
4000746330023
1005002367829251
32839650272
1005001681523131
1005001284680632
32908026697
1005002337056788
32662086663
32271186926
4001256643320
1005001888343440
32368108734
32835206696
1005001782641416
1005001883692757
1005002243143126
32961272277
4001219745311
4000252775806
1005002428113192
32890852563
32802213779
32844259998
1005002197176615
32858862930
1005002392354862
1005002277964152
33008895761
4000206349607
1005002370103763
4000063549346
32969082862
32652579119
1005002060287662
4000801074531
10000160072063
32761890343
1005001616675690
4001249146340
4000960952511
1936124438
1005001379720536
32544449347
1005002287811624
1005002363950022
1005001607532554
4000562841481
4000727068138
1005002324027696
33005881935
1005002316542753
1005002247083168
1005001582147309
33014247485
4000220777751
1005002311985854
4000938039965
1005002411659085
4001238346482
4001320795788
1005002317511024
4001150043831
4000105641546
4001023867361
1005002340641312
4000989067103
1005002282235792
1005002236175347
1005002381521531
4000178866448
40005466427384001358716853
32961613329
1005001310066246
32842702990
1005001871808932
4001221841913
4001119364770
1005001656986542
32961439351
33048090728
1005002040092394
32970617416
4000555683004
32317050792
4000517271880
4000071550390
32742158561
1005002345745803
33048513825
32832633577
32825929403
1005002281714403
4000244633656
1005002282975404
32344633787
4000610104209
1005002122448657
4001016578626
1005001625806998
1005001976346843
32730313333
1005002431507129
33028088859
1005002419342955
33027119774
1005001808360412
4001291692649
1005002287718758
33061466752
32907810331
4000785862715
1005002224580500
33009671412
32856779652
33055735183
4000657235184
1005001604003808
33046932431
1005001483826614
32991191312
1005001640367189
4000539661179
4001045124671
1005002124673611
1005001480337254
4001142694967
4001315757511
1005002350719449
4000460488347
1005002319361339
4000236626172
1005002308562230
4001252919269
32984150887
4000808751690
32988021263
1005001418692649
32971501680
1005001525330717
32895389857
4000077121432
32987244351
1005002338462781
4001359199771
1005002081806478
1005002386258540
4000264604824
4000237990467
1005001561658230
32960577672
4000812781152
32364106209
1005002428110838
1005002238167093
1005001898728674
1005001650462538
1005001977256152
4000920437833
1005002304033789
1005001689644928
1005002353295785
4000349261585
32302890986
1005002043290673
1005001873894606
4000858905665
1005001325682742
1005001594676496
32918028359
1005001763433624
1005002254611771
1005002069211397
4000631483347
32959665033
32596738065
1005001785721159
4000112671294
32802225270
1005002376281220
4000761246235
4000193249702
4000437430379
32917932277
32795424174
1005002025007969
4000228904198
1005002310139974
4001030315700
1005002351475581
1005002485218608
32883926407
1005001590599232
32614487811
1005002265260806
1977409642
32883300922
1005001694381169
33051321253
1005002353682132
1005001899325179
32884623491
4000308230583
1005002236303927
1005001758793103
1005002377307332
4000381842485
4000099556896
1005001670701817
1005001598073951
1005001465914767
1005001556674258
32793691729
33014620682
4001268962224
1005002383162259
1005001427673222
1005002323611464
1005002293847618
32964182136
1005002442191964
4001041148174
32904285618
1005001436170483
1005002458176749
4000338693361
1005002368480015
1005002244507561
33055317718
1005002162418638
1005002334405186
32919233143
32775609338
4000459820398
4000449676810
1005002328959273
32683137852
4001314960607
4001255894139
1005002198662817
1005002110908790
1005002447535501
4000339929290
1005001450324185
1005002304599252
32788649381
4000223463705
1005001915283422
32929433121
32698721298
33003986071
1005001709932484
4000140927003
1005002270414168
1005002003615158
32393575283
32881109827
1005002383170269
4001066639249
1005002315640159
33034144271
32990211877
1005002488324882
4000043738910
4000096057606
1005001479312164
4001042136270
1005001590722345
1005001724024396
32871675008
33002096344
1005002408011207
1005001977448294
1005002376466812
1005002363665223
32964728283
1005002460145464
1005001709691449
1005002003460477
4001135337907
1005001510441538
1005002454354832
4000575963650
1005001878746090
4000309069989
4001025395502
32818553826
4000065982632
33064143416
1005002350566485
1005002228751476
1005001841913195
4000381145622
1005001929030525
1005002289738929
1005002412085989
33045754418
32817683868
1005001289879314
1005002305727154
4000032452022
1005001426091496
10000027099515
4001351012898
4000352922545
1005002353709521
1005002428667191
1005002495770788
32802704554
32874385454
4001366083028
1005001470158371
1005002011489395
1005002292659490
4001285122179
32650363286
1005002293871802
1005001774819290
32793043137
32995823225
1005002064133593
4000615990312
4000793324852
4001077707833
1005002315508865
4001339192065
4000070688439
1005002166777232
1005002271368387
1005002393985925
32909331537
1005002448143215
1005002363216128
1005001392363549
1005002436029503
1005001799785972
1005002315612487
4000829963224
32955544076
1005002291710109
32814609840
4000086574484
1005001809787779
4001031423540
1005002270892571
1005001718016907
1005001774502658
1005002214463996
1005002239083418
32994164129
4000448920122
1005002307569463
1005001556212852
1005001877531554
1005002312064741
32968115551
32871803634
32631844288
4000008956881
1005001695464713
1005002057239412
32906404046
1005002416509565
1005002071038436
4001324826645
4001276801815
32967855581
4000016030128
32709450176
1005002254018889
1005002339222206
4001359548050
32978751204
32973708154
1005002378763546
32458917525
32971411794
1005001376115633
1005001577521423
4001230479030
1005002175073610
32445638544
1005002414078279
1005002133067167
33030574391
33029242955
4001031035147
4000519679896
33046139328
1005002316709022
32344371788
32914308352
33031246686
1005001793801545
32817729400
1005002483005429
1005001809890208
32882602763
1005001658205877
1005002347030613
1005001489480453
4000362682112
32757683094
1005002357758566
32989810368
4000984212057
33056646443
32856763997
33024486920
1005001910408082
32804516937
4001171987489
4000033379294
1005001421302933
1005001585904827
1005002456967089
32963768894
33001472969
1005002170906173
1005002256309653
1005002207958533
1005002089843828
4000378650757
1005001878181448
4000036418665
1005002286294246
1005002427795806
32840258490
1005001645816010
1005001554357415
4000960328992
1005002340596504
1005001889522250
1005001715845902
4001248596749
1005002200424034
1005001643822464
1005002420907500
1005001510745120
1005002128309210
32861720016
4000170802935
32912390247
4000879298578
32751874250
1005002129065456
32898508393
32971815750
32831759605
1005001490236062
1005001891281846
1005001818739265
4000129070015
4001174835453
1005001859904547
33049871769
4000791510216
1005001652169805
1005001781301052
1005002194286594
1005002416776049
4000052718582
4000132552246
1005002003994104
1005002268034775
1005002388272940
1005001339269603
32910179940
4000758344176
1005002185511013
1005002371800189
1005002345396202
32958520534
4000907472469
4001028403831
1005001889741992
4000830133550
1005001900974204
1005002278495873
4000928130233
1005002323532833
33047598806
1005001727056268
32903504323
1005002317205228
1005002363209586
32454002414
4000219000855
32944397446
1005002329173039
1005002452939571
4000856931108
10000019980927
33055787982
32854991117
1005002377093626
4000401971164
1005002095847035
1005001556274091
33021014367
10000250891780
1005002301745301
1005002223953319
32886067837
1005001848879294
4000130253135
32954015000
4000396096956
32885114281
32997191682
1005002085648441
1005002353638324
33008797640
32962060816
32840625271
4000142076772
1005001580222405
1005001484780673
4001164327523
1005002323610087
4000944516415
4001275022243
1005002238331680
32992304310
32830722158
32906238700
33032322022
32793402846
1005002317111203
4000028806396
1005002314541287
33052196797
1005002240196248
32901497802
4000857222423
32844270426
4000906495084
32849446247
1005002384901066
4001084899972
1005002014193796
33062223956
2053416194
1005001603452071
1005002399095830
1005002351141912
4001331580254
32915314715
1005001290482588
1005001694225672
1005002330379961
32764652288
1005001946169694
1005001310113053
32954199695
33018834996
4000963582458
1005001435649804
4000594463261
1005001714564289
32755936877
33008539400
1005002438573156
1005002086458675
20000004548212
32912010627
32866573087
1005002294438976
4000696653355
32846719474
1005001948706541
32978460674
4000662803173
1005001677398542
1005002241139909
1005002323690543
1005002428186816
4000851566986
32966011832
32597520575
1005002438297502
1005002387767680
33025032147
1005002388148223
1005002245340769
32946626742
1005001947642709
1711252356
1005002327538912
1005001742347968
1005002317522475
1005002206451634
4001364351020
1005001297876708
1005001783170938
1005002294148177
1005002425215837
1005001602059315
1005001847874713
1005002400899877
32784135172
1005001406021782
32565599318
1005001382376650
1005002350829548
1005002416659514
1005002258855345
1005002387461571
1005002314546985
1005002363861410
32951153817
1005002490040919
1005002340759853
32864665700
1005002400781242
32973720856
4000677005282
1005002442551329
32860876973
1005002335813417
1005002372651884
1005001525477352
32873315557
32824791849
32860416669
1005002311166878
4000983430796
4000223294512
4001233631552
1005002124891740
1005002233634161
4000020044974
1005002307407190
4001130928886
1005001303840475
32842677449
1005002411151767
33051774891
32804258585
32767899523
1005001835580291
1005001303601424
1005001757108793
32411044606
4000794734279
1005001281908439
4001167641341
4001144924689
4001064725368
32878756055
1005002373420717
4000983468140
32833584398
1005002293046533
4000708335124
4000986732564
4001242340813
4000921108172
1005002484410278
1005002080580151
4001044725410
4001132105127
33008082128
1005002414041078
4000955761555
1005002328605303
33042069104
32655550284
1005002166041165
1005001432140484
4001023077410
32994727540
33014911084
32793435142
1005002224266780
32680653242
4000828712852
4000678717704
1005001590744978
4000801024044
1005002198958527
1005002408321459
1005001304047061
1005002225402685
33022250472
4000156061433
1005002395030302
1005001381179776
32969389259
4000690610139
4000119024937
4000148782446
32871479403
1005002298431625
1005002351251744
1005002304565299
33009769812
1005002368995284
1005001845563175
4000898032833
32982867777
32613921978
32824154746
32824650607
1005001491619950
4001260934946
1005002318431072
1005001621963133
32995482576
1005001786008479
1005002313899500
1005001470832347
32972269447
1005002312534001
33004260612
4000207856441
32980732789
1005002222056661
1005001685614453
32809886526
1005001804375620
32966638202
1005002447096062
1005002297870595
1005002335274143
4000551543214
1005001500763537
10000362512241
1005002233871144
1005002271935968
1005002314076849
1005002440668204
32870316590
1005001761971327
1005002272273904
1005002395414981
33019461797
4000084686421
4001079800658
4000053984412
1005002285994718
4001023064135
1005001873412801
1005002314341525
1005002382255145
1005002467768575
1005002431396720
32987832508
1005002231190403
1005002428044635
33026194869
10000099429804
32783268527
4000960603059
4001178210867
1005001407284926
32944573788
1005001511559462
1005002207241311
1005002499468813
4000182491469
4000057942573
1005002281153841
4000349356758
1005001579226245
4000833828939
4000785042682
1005002383903982
4000447986109
4000228779070
4000515830668
32931193470
1005002133052010
32589509037
4001030940621
1005002494670070
32946818547
4000237972139
4001013452105
32861411353
1005001521206047
4000464752651
32649677544
32853973057
32803688919
1005001770868164
4000742558764
32852043632
32973310022
4001349866294
1605569112
32387912077
4001032242253
32803785380
32866838285
33034255313
1005002224097254
1005002348801036
1005002227916940
33002550215
4000392042979
1005002333872515
4001322287719
1005001657817270
10000380033524
33056213330
1005001813145246
1005001320171516
1005002352591096
1005002242772790
4000711653562
32992556019
1005002267618678
4000595772313
33019633196
1005002229080790
1005002314603605
4001015758791
1005001671693052
1005002466949345
1005001975440920
33030002802
1005002091163334
1005001499931242
1005001620669935
1005002058740396
4001127320660
1005002238082643
4000511009915
10000396960683
1005002250332923
10000025564990
1005002289653516
1005002357704075
1005002198744472
1005001469581863
1005001546386909
4000753324123
1005001441430351
1005002381158319
33012518255
1005001617429158
1005001947983127
1005002372141237
1005002116359055
1005001717822554
4000526472483
1005001425393110
4000617434032
4001061754497
4000012922360
4001158310354
32955685533
1005001514425716
4000182104601
4001251708817
32986668420
1005002342451479
1005002423202528
1005001771196956
1005002226099938
1005002238431246
1005001629072188
1005002248232638
1005001459185609
1005002384214179
1005001448748957
1005001878457233
1005002168133824
32967973867
32970958064
4001057993202
33021283723
1005002346739497
1005002259664449
1005001765320402
33042754795
4001015301412
32428312006
1005002225026925
1005001964675939
32813136651
32993884972
1005002262433048
4000117340123
4000955797295
1005002402225516
4000479050117
1000006210799
32920261611
1005001525479265
4000850231316
10000012898527
1005002316432810
4000767815940
4000244280671
32887845378
32832166417
1005002321227098
33027148407
4000355490802
1913475528
1005002289407965
4000449617566
1005002334024961
1005001754126982
4001079639203
4000791363094
32839763055
1005002375227931
4000781908711
32891274038
1005001771795704
1005001570279320
4001238209283
1005002457002833
1005002420077958
1005002333937376
1005002280702873
32852389300
33032792438
1005002224360948
1005001278905143
32959691183
4001155458159
32956984462
1005001302964251
4000074356524
32998439364
1005002236148464
33034464503
1005001841744226
1005001927303920
1005002231933763
1005001514995380
4001297269420
1005001407534892
1005001879817410
1005002314414415
1005002191994461
1005002122589042
32692975662
32762723993
1005001923327119
32837655651
1005001459034165
1005002214751600
32251377471
1005002367959990
32913122565
1005001570399425
4000922341400
33009167934
1005002358976242
4001277855281
1005002432480482
1005001677894362
32805265442
32950022744
4000013046260
1005002448331904
4000388864050
1005002167090177
4000837176483
1005001558196857
32979382474
4000854020402
32610714078
33059384166
32862489306
1005002133376888
32974560622
4001359904540
4001107721373
32914823752
4001013533411
4000758296567
1005001844777708
4000902765759
4000072240652
1005002447542840
32838022281
1005002406173294
4001256420682
4000910000064
1005002322522653
4000816157492
1005001732250561
4000665129792
4000636014927
32729054226
1005001967149450
1005002059186390
1005001913692703
1005002453782040
1005002090951557
1005002262518077
33030901648
33030006509
33058896771
4001210746933
4001173013131
4001137404582
4000276789999
4000110602559
1005001364491950
1005001441504111
1005002478522180
4001214068489
32869104567
32750265988
1005001863762892
1005002344707666
1427564623
32823997917
4000822622187
4000884782880
4000283133593
1005001753100008
1005002376862098
1005002321193419
1005002335076023
1005002329014385
1005002284397880
1005002446564538
33001680437
4001159591830
32857123890
32893648520
1005002342515622
4000697043671
1005002364932013
1005001349964111
1005002400719587
1005001865377043
4000528614608
4001090613749
4001095530721
4001015056648
4000180915678
4001061013496
32975772299
4001153558777
1005001572541674
1005002247590778
1005001677534044
32697821113
32921155412
1005002434454264
1005002293926193
4000594971775
32922094783
32911842070
1005001619899254
32848627088
1005002315102353
32966437633
4001321844802
4000935288892
4000887087450
4001012991749
1005001792138529
1005001425106990
1005001793284004
1005002339794610
1005001789562075
32975306441
1005002368720475
4000807458752
4000176801939
100500139846337132918098314
33008925526
1005002334772793
1005002492196546
1005002271492168
1005002091058168
1005001764672786
1005002425727787
1005002289032081
4001143165486
1005001876880303
1005002122518089
1005002240209365
1005002434287352
1005001329796475
1005002234228878
32763660099
1005002043101241
1005002105304099
33050751595
4001073148730
1005002058858046
4001219466362
4000377952877
1005002418003633
32822750633
1005002259188012
4000851081437
4000642760323
33004944708
33029386461
4000955848133
33003897907
32958112773
32969915425
4000521826138
32438561347
1005001915268417
1005002245640497
1005002425181900
4001128197769
32752271767
1005002338467703
1005002332012581
32981275208
1005001874004233
33041233398
1005002131051690
1005002336605744
32832996035
4000938053710
1005002426792047
33035203299
32887720994
32766455337
4000900458724
1005002064956526
1005001745373756
32811711115
1005002415038990
1005001525345674
1005001713928040
32712001796
4000414215328
32905005152
1005002378579263
1005001915541473
4000785419419
32807369437
1005001967313058
4001264081012
1005002340259891
32952168535
32865073379
32970359697
1005002262488135
1005001565182554
4000545754300
4000173639982
32833957870
33014331065
4001168892960
32972349055
1005001516170950
1005002305617053
32459411985
32859595157
32956778226
1005002293481721
32865929598
1005002420464816
1005002337389327
33018724006
33000966468
1005002167225764
1005002454866729
4000436308707
32990026015
1005001567257816
1005002341037624
1005002466812443
4001043629998
1005002382764507
1005002389524541
32989707069
4000690716221
1005002204968675
1005002401154903
32967649952
1005001844667956
1005002315654053
32697429763
1005001344206485
1005002052095781
4001246005809
1005002322935187
4000685692996
4000872448842
1005002073214401
4000706295248
32651665549
1005001374903137
1005001965823074
1005002333434623
32377184911
33042778271
1005002237700656
32866912078
1005002399231621
4000627411291
4000199110232
4000246848115
32952860697
1005002084193864
33059654532
1005002199016546
1005002323677740
1005002318213970
1005002240813881
4000341010210
1005001741203357
1005002297451691
4001271976955
1005001948686096
1005002491624146
32850225312
1005002311103710
1005002365118694
1005001822772706
1005001500523630
1005001295198912
1005002464917370
33004085968
1005001313686905
1005002328033290
1005001851534138
1005001501167290
1005001488772565
1005002390158116
1005002475876242
4000561265962
4000209882757
1005001334750928
32717954105
1005002064081260
1005001889168489
1005002308831107
1005002314205792
1005001629291118
4000158143590
1005001980418841
32973035356
1005001597539864
32890304940
1005002086244801
32900730047
1005002240565724
1005001903085360
1005002204011063
4000854985236
4001186761141
1005002423026446
1005001491591813
1005001423058596
4000449616620
32960061727
4000210463714
1005002463315393
33028502799
32966687569
32809382856
1357968787
1005002081427533
32809993855
1005001390063092
1005002313492475
4000073545141
32762379336
1005001349719677
1005002449118521
10000287893950
1005002477630951
1005002324322645
1005002394346973
1005002387027109
10000334444805
32921756750
1005001966316453
1005002416021303
1005001880803997
1005001758760852
4001160117076
4000843254789
1005002224528182
1005001708009912
2004591982
4000538413881
4000021336838
1005002220242464
4001270475389
4000627308431
1005002242237883
4000396691429
1005002495860247
32858803020
33018457903
1005002090786609
32952754719
33004482154
32921115509
1005002299453582
1005001793446378
1005001693116174
1005001780250579
1005001867300554
1005002364302085
4001247440808
1005001281665271
4001172100740
32971421719
4001216660040
32919995528
32731132867
32996619250
1005002258720371
1005002317582067
4001314679934
1005002489606177
1005001990695515
4000693365872
4000067364924
32812399805
1005001334855895
1005002344300719
1005002276894912
32785562184
1005001651093278
4000529467936
1005001587291264
1005001645714744
1005001849544549
1005002292114843
1005001718433634
4000117985374
1005001534186189
1005001705697334
33014239323
32445839733
1005002357855744
1000007882084
33021363474
1005002388202408
1005001899647225
32829249144
1005002264899409
32580337381
1005001608293375
1005002412854401
33055321126
4000843019187
1005001725620292
32876837395
4000042504571
1005001994486111
1005002359823173
4000023747375
1005001835793058
4000506177309
32788770637
32886040899
1005002235796546
32996859091
1005001286951548
32909200097
4000200718163
1005001500001421
32831959339
33031393774
902565117
33000446522
32682074204
32532542869
1005002139715448
1005002454277384
1005002097423749
33033961957
1005002069989111
4001314148917
32974453909
1005001284540396
4001297118918
4000029137776
32700681497
32961132246
4000415726378
1005002340725457
32969780162
1005002094091414
4001233686755
10000063025390
4001229524911
4000317935686
4000293893991
32758308395
4000398800572
32960218049
4000990976278
32992433872
1005002388817149
32958071171
1005002192471784
4000072395098
1005002461800527
1005001816157256
1005002219535473
1005002294094609
1005002408550363
1005001615902534
4000174887502
1005002051919268
33024000444
32956872363
1005002347117598
4000930781342
4000630415363
10000384069369
4001148290180
1005002446398952
1005002323059143
32954747819
4001218287777
1005002001000679
1005002434132033
32628886768
1005002344550322
1005001379656546
32955663527
1005002146521218
32842233000
1005001439137729
1005001727097703
4000116010529
1005002167734546
4000927005820
4000340938361
32978951255
32861311848
1005002350467284
33043619315
4000688447352
4000038723117
32867403466
1005002321913528
1005001823850603
32841311034
1005001648561357
4000423557453
32812327567
33012886543
1005001423146973
1005001961945716
1005001598002028
1005001855135597
1005001967167154
1005001462716005
32823319863
32609572830
32946636569
4000570856687
1005002426181108
32824318134
1005002435308235
32982586388
32742641107
1005002457492041
4000131129929
1005002306228501
33000667796
1005002122488504
10000395919781
1005001324690373
1005002006756169
32984035445
32987481162
4001268022124
1808808507
4001275397132
4001257294671
4001182402812
1005001831235703
33034835877
32817786295
32888812436
4000777558134
4001255379176
1005001287474581
4001268204091
4001205121645
1005001685785908
33013627226
1005002467124041
4000116350290
4001091284451
1005002427466976
1005002459053322
4000162837931
1005002276591265
4001228593931
1005002257920639
1005002308935518
1005002310049881
32818825394
1005001872512193
32790909490
1005001960991360
1005001515991099
33025622348
4000960624596
1005002221094161
4001207901701
32765608257
4001231878823
32863458144
4000223021001
1005002034151719
4001290904575
4000843263283
33055595755
4001360293326
32788306835
1005002125135263
1005002329834770
1005002276972444
1005002377752176
10000306291120
4001012426999
1005001855181270
1346339686
1005002211469720
1005001471393468
1005002206667249
4001226965138
1005002457488179
4001190330745
1005002476521725
32993156846
4001091308505
1005002386851365
1005001631852843
1005001611739190
4000043273247
1005001285244403
1005002316129834
32982702745
1005002267827305
1005001664783818
1005002395681473
32946781508
1005001648423265
4000645045396
32898657743
1005002315836841
1005001360337125
1005002364472346
4000028077876
1005002304094330
1005002347406044
4000960541999
1005002315510956
33056220291
32965065084
4000270735222
4001339448738
4000833442358
32912043469
4000282103331
1005002184727407
1005001640821921
1005002301158547
1005001511253012
1005001839795574
1005001510648481
1005002332163332
1005002351330709
4000982519107
4000332435328
1005002297068061
4000063018904
1005002232506280
32829413929
32979440663
1005002291008214
32825465559
32975286031
1005002073162253
1005002410946434
1005001652777722
1005001619806806
33046757837
32902034771
32964274217
1005002251164164
1005002357213907
1005002180450340
4001154347295
33027497818
1005002358936502
1005001880686371
1005002454339840
33052643235
1005002301462331
1005001617402588
1005002075111069
1005001650806294
32540446209
1005001926408555
32800492012
4000598258796
32763755533
32857227493
32991389658
1005001549296943
1005001930761813
1005002368641666
4000928593329
1005002090958145
1005002352577991
1005001646376221
1005002296645375
1005002271216984
1005001272869605
1005002474091844
1005002318648847
33028489343
32814366813
32825481856
1005002369016033
4000180401702
4001153329572
4000873861830
4000718589703
4000372812707
1005002298580570
4000278949358
4001170599563
1005001718038237
4000578978124
4000182760344
32845516472
1005001830942634
1005002371674342
1005002327699524
1005002238605639
32243752336
1005002347708851
1005002322722782
1005001525413296
32998673365
4000171318743
32888297288
4000975166034
4000996225079
4000251715813
1005002355459246
1005001907911899
1005002474853111
10000004802705
4000906969148
4000071509658
4000501973462
4000523441350
1005001596655165
1005001905626305
4000041230395
4000703551635
1005002388743977
4000849804474
4000341396217
1005001860687666
1005001617985152
32784646577
1005002323338869
1005002100213969
1005002399695237
33000252618
1005002221176442
32849057242
1005001698088018
1005002278725485
1000001867964
1005001568507039
32993076429
1005001529484964
33040777843
4000235323853
4000272181733
1888772174
32962049976
1005002463403083
1005002324670428
4001029462179
32263985428
1005002382927217
4001192341349
32370984588
1005002001239412
1005002392494208
32660690429
1005002242252798
4000203642732
1005001774797203
1005001569745508
1005001672648122
33046283157
32812249843
4000327185982
1005001567442296
1005002413249714
1005002314491389
1005002332936679
4000433682377
4000071323152
1005001530953150
32994024238
1005002240473074
4001047472416
1005002070851837
32908430375
4000253661574
4001290362726
1005002328615330
1005002112866774
1005002472719190
4001224007861
1005002293755730
1005002028160857
32994184135
1005001650883426
1005002409729708
1005002382608131
1005002304072978
1005001339980742
1005002319169371
1005002253252631
32956874520
32851926168
1005002427343810
1005002352250946
1005002458950099
33043057843
1005001729627337
32786638662
1005002007704933
4000227518877
4001260460591
1005002370024433
4001224177229
1005001364962844
1005002386785862
32885977950
32987936569
32868418228
4001258011388
1005002387735768
32952180299
32997046246
32880296352
1762925579
1005002391955010
4000459801732
32406911234
1005002380807452
4001355599723
32883244325
1005002447431265
1005001584898888
32988436300
1005001641240814
32911147099
32915298272
32831211802
4000061115940
32891127701
1005001598762218
1005001868595727
1005002267256996
4000528643446
4000279768544
32949386151
1005001627076598
32323681810
1005002078806221
32669909094
33002247559
4001121779533
1005002246593339
1005001570449537
1005002210063201
4001281674173
1005001525467415
1005001526004830
1005002330848698
1005002196885007
4001008158548
33044990280
1005002460235613
4000958610320
1005001418327947
1005001978804333
1005002465574390
1005002320398031
32962725318
1005002134620951
32974343333
1005002363162263
1005002274354354
4000035304600
4000817587940
1005002470284447
4000695511608
1005002405550265
4000017825347
1005002168939138
4000073973790
1005001593747205
4000067189696
33034683583
1005001848713570
1005001565958444
10000395966020
4001098257421
1005002262262629
4000955738770
1005002314734590
32860925417
1005002483355515
32892443224
4000046037384
4001034722338
1005002424372699
1005001957234621
1005002382294084
1005002341643566
4000933892655
32781601850
4000469363746
1005001831052589
1005001891831245
32978155740
1005002336694251
1005002276502724
4000186986526
32809183404
4001023280600
32923712072
4000922522494
32752287169
4000290216123
32972789083
4000787105423
1005002401123195
33030026192
4000051560441
1005002133446094
4001181159449
1005001707507594
32892817279
1005002059331547
1005002390125063
4000899523353
1005002238069912
1005002389783667
1005002423961151
1005002352935272
1005001349710989
1005001966623252
1005001484084220
32510439883
1005001866335375
1005002266837427
1005002327926506
1005001680389702
1005001687592949
4001319810735
1005001325417008
1005001967321880
32968607041
32994486896
1005002387537382
1005002290266124
1005001949956114
4001209521046
1005002257736695
4000393094248
1005002033598457
4001300372981
1005002258559403
4000181539663
33005049996
32966211396
32485565340
4001056464836
1005001515914657
32820542092
1005002367699194
4001218505987
1005002351982485
4000748694211
1005001998364827
32986984816
1005001587702834
1005002038379264
1005002303751255
32999507524
32539919098
32843225817
1005001365571849
4001256500263
1005002368369992
32951406488
1005001491312271
1005001338464450
1005002382474082
1005001576072788
32962854518
1005002043781164
4000966983632
1005001907620447
1005002438866606
32967226860
32993093827
32615505527
1005002337766761
1005002426804478
1005001962724267
1005001851948990
4001165830792
4000958858022
1005001713911393
1005002098940792
1005001941572072
4000957614344
32432030701
1005002322502282
1005002350806142
4001212252894
1005002421991733
32921387105
4001256204623
1005002318719185
4000433094990
1005002334987338
4000804745545
33036577161
1005001877273732
32497191582
4000303077153
1005002413334059
4001283000438
32295493906
1005002265583398
1005001867448049
1005002315358524
1005001891554702
33008601429
1005001317283890
1005002310753365
4000572484887
4001061566015
1005002239951901
33027513631
1005001351940657
4000387991906
1005001576758613
1005002436275525
1005001658650500
1005002227764010
1005001810987623
1005002352953001
32829296294
32959501665
1005002426907224
4000177805330
1005001302449817
1005002319386029
4000242107668
32999864253
1005002028009033
33014027645
33001830749
1005001616441566
4001043786104
1005002240801426
1005002319390520
1005002054988163
1005002191362530
4001297192393
32270501101
32885253663
4001189006581
1005001425533181
1005002364099086
1005001334130708
32751170910
32865837933
1005001858439421
1005001589760730
4000934815651
1005001445724397
1005001368831804
32947898117
1005001604650004
32806405809
4001308372605
4000498429829
1005002247329993
4000830426679
1005002373249645
32945665941
32890125543
4000028512246
32856437116
1005002347448694
1979357349
1005002060269229
4001146179584
4000453436030
10000027627323
1005002046693526
4000930162943
32818421552
32637275801
4000724029829
32994979701
1005002311323707
32824524516
1005002052015268
1005002436071158
32796540315
1005001835612397
1005002121864155
4000393262875
1005001839875211
4001334365164
32952093854
32947749639
4000627303930
32829225904
1005001466347934
32896071968
32878695875
1005002170938927
1005001597504393
1005002332910055
4000850182284
1005002302534895
1005001698590138
1005002227863121
1005002376596086
1005002386738536
33053465078
1005002306314240
32912242832
32831039013
1005001307770190
1005001983619537
32554087673
1005002261778690
32921220431
1005001925145639
4000266947941
4000387113387
4001272128070
1005002351271434
32999111170
33013592668
4000238722682
32648010264
32917432156
100500206021436432840705510
1005001967167293
32890021005
33004886836
32907110354
1005002335245373
4001134396414
33047628315
1005002350713376
1005001829772516
1005001680490828
1005001307444825
4000055966854
1005001770525372
1005002176304103
4000313412590
4001318048248
1005002274689550
1005002315842920
32842890143
32909454319
1005001651654166
1005002357593344
1005002133670975
4001094573620
1005001585060893
1005002380347972
33006644819
1005002318342758
1005001568917261
1005001723487045
32897760551
32788354695
1005001375764461
4000707671479
32966824035
616787089
1005001733922456
33033570843
32951014993
1005002448357712
1005001365833360
1005002433715525
1005002330321058
1005002277813176
1005001981651311
4000603383237
1005002332348208
4000603160766
33010569263
32857110603
4000761103201
1005001279844581
32818349449
1005001612911590
4001227621701
1005002246551851
1005001616812158
1005002483527827
1005002357821333
32994003287
32972417744
32950177307
32859528069
32834976628
1005002372918563
1005001895321296
4001231349615
1005002189970796
33053265606
1005002310773285
32927296203
1005002350809311
1005002500450837
1005001626533613
1005001609398456
1005002433462242
32757878156
32963314298
32890767341
1005001779252323
1005001322593480
32872284742
1005002167269325
4000105092480
32922114445
1005001737199330
1005002319360813
33012381286
1005001591086090
1005002112154579
32908049222
32993010677
32980580941
1005001939529278
33023691343
1005002273014023
4000118774887
1005002304235558
1005001794732447
4001218074806
1005002122511396
1005002484470188
1005001291294636
1005001856735532
1005002166539611
4000764786111
1005002105842478
32850149472
4001100942957
1005002291191344
32504218169
32967790429
32967024791
32762036923
1005002381446893
4000982682720
4001107244068
4000085820788
32923123904
1005001519806879
32925923511
4001213760654
32971961002
4001116256628
32791596378
10000188492985
1005001843348265
1005001935676389
1005002220132503
32656357325
1005002327446554
1005002350695248
1005001464986025
32791484341
1005001742403451
4001078689504
1730498068
32920424206
1005002034260537
32973972897
32856056752
32897401089
4000893189643
1005001792101444
32958227364
4000804798653
32623027596
1005002063522265
1005002055043893
32817989324
1005001774446360
4001221757244
1005002347091110
1005002372734557
1005002428570360
1005001893464812
1005002122431170
32917413377
1005001590979831
1005001783369716
32360976756
32952948423
1005002318417230
1005001656974000
1005001943579371
32791414060
1005002288405870
1005002170814211
1005002253892502
32556318515
1005002409524049
1005002253861006
1005001462116243
32884689081
32994007459
32548538030
1005002015154062
1005002448427433
1005002301866787
1005001529895533
32961347006
4001128028559
4000730214427
32980909318
4000906897728
1005001960600117
32970178169
10000005751213
32797565151
1005001706456200
33005312416
4001267986401
32837797171
1005002334239768
1005002180875618
1005001778787827
1005002213708128
33047434207
4000921211114
32874758054
1005002276758727
4001267123735
1005002126963606
32847839862
1005001829135153
32829395813
33019604800
32946085220
4000777458484
4001278168198
4000680262675
1005002314376006
1005002423010515
1005002418967201
32829558188
4000222565094
1005002340148461
4000469211123
1005002303428772
4000698195847
1005002314273735
1005002332615371
1005002467511852
1005001966499843
4000766049750
1005001626593729
32961865227
32378213132
1005002292533092
32823641177
1005001487385433
32957716467
1005001897202030
32916627672
32671377997
1005002306443395
1005002243960536
1005001689356121
4000280191317
4001075079727
32829170807
1005002397898789
4001308846386
1005002314585465
1005001717843472
10000136674325
33010744764
1005002190353695
1005001774413888
33037809959
1005002293939498
1005002367585844
1005002259039444
1005002324054531
4000833135843
32853259508
4000876027778
32523434036
1005002404180825
1005002289524741
32471043363
1005001555897011
32697302068
1005001530614127
1005002323134684
1005002033745121
1005002058956729
32860178319
4001038409489
1005001525298822
4000280677185
1005002389884616
32947000757
33011341676
1005002452882404
1005002301518001
1005002422542577
1005002263941680
32959466492
1005002354113068
32700041057
32800620394
1005002400623309
1005002115821753
33057087517
1005002467629658
1005002329099438
1005002287855251
4000766878866
1005002377137166
1005002336614908
33056529461
1005001955315408
1005002388103179
1005001514849787
1005002399206779
4000905728056
1005002052420904
4000174637747
33049041658
1005001798310709
4001234412705
1005001830317146
32732440499
1005002122187054
1005002406546577
32587682970
33008761046
1005001958747525
1005001699159247
32872423060
32882151771
33046000462
4000263431559
4000894654933
1785924338
32941231053
1005001424664119
1005001525478085
4001031480458
32853881224
4001167597680
1005002247122472
4000215846395
1005002352766327
32464756063
1005001665017851
1005001920666288
1005002308661738
4001267206141
4000315268277
1005002351233021
1005002038407612
4001321819872
1005001387295940
1005002315799608
4000806174770
32824659505
1005001686089412
32791492078
1005001784842889
1005001708125667
33023316782
1005002171586917
32926064149
32951601100
32672720016
33008568173
33028971510
1005001680414824
4001285542075
4001193409611
4000006553832
32960639626
1005002118036776
4000965604848
1005002400397818
1005002309347907
1005001999063682
1005001525393619
1136433472
32971434234
1005001482809167
32918410322
33015586512
1005002246852053
1005002475649099
32907768794
32785426661
1005002363622847
4000484610780
4000876868241
4000562717539
4000544000734
32963832613
1005002318914159
1005002444110083
1005001506194077
1005001560039440
1005002224152309
1005001376268873
4000190677724
4000337851212
1005002230505742
32939669745
1005002443125296
1005001839613636
32854403331
32849461013
1005001992312840
1005002482897994
4000848158701
4000969439069
1005002475752260
1005001849817123
32649846309
32529748769
1005001669897455
544156781
1005002167938341
1005002332227233
33036240590
4001041127117
1005002297928193
1005001586218689
1005002474586459
1005002353378679
4001289850996
32391079850
1005001593167247
1005002295387937
4001049100368
32989041778
4001223184509
4001021669594
1005001393127066
4000558064592
1005001464347576
1005002026754846
1005001877668479
32525902966
1005001742481771
32746121329
1005002367659043
32223070798
1005002271065117
4001117151612
1005002314691183
1005001858473498
32871658385
32815433198
1005002313673799
33027320867
4000022096964
4000203745888
4000546627371
1005002260202179
33058671515
1005002310291110
1005002278053542
32847178636
1005001695370878
1005002306695169
4000319268526
33000762955
1005001764036172
1005002326320822
1005002325397351
4000038459979
4001225174446
1005001418208817
4001255090130
1005002033705029
4001198112400
4000168043943
4001268626347
1005002323281975
4000794942933
1005001853624899
32969857721
1005001844116934
1005001858370109
32877041563
1005002310547196
1005002431385619
4001178504964
32763521302
32720058084
4000522322901
1005001561199264
1005002336286751
32810814081
32975228303
32956923512
32864367400
1005001606289537
1005002137747831
1005002033874097
4000126762783
4001031990493
32991169296
32886774257
32973855094
33055333416
1005002480480915
1005002089764926
32855964212
4001161892830
1005002225210462
1005001741992008
4001254922141
1005001960059031
4001280878141
4000693006963
1005002401716729
1005002023540144
4001110900135
10000126963614
4000850534197
1005002364175388
1005001586245804
32370758362
32806821427
1005001920598028
1005001825092360
32997817471
1005002348559798
1005002447712286
4000939617265
1005001899145745
4000425082691
32690351091
4000806098670
1005002486076751
1005001586952047
1005001321659362
4001041997542
4000837859517
4000460340760
1005001957968664
33039430439
32755450367
1005002058358727
1005001516947452
4000911058219
1005001907879557
1005001606907369
1005001998115691
32606255368
32904744177
4000926523241
4000048894665
32844815012
33056400436
4000079807206
33010596871
4001124855974
1005002177994890
1005001733440880
1005002316354670
1005002016818135
33000242344
4001270639555
32828295793
4001305544693
4001273204222
1005002173501424
1005002291816284
32946541409
1005002296796904
32933174947
1005002441756368
1005001493439244
1005001926966156
1005002337779559
1005002345108429
4001237586095
1005001334921341
1005002027686523
32791906219
1005001702204315
1005002150403859
32985964419
1005001684140373
1005001857275466
32919740523
32886117243
4001105700621
4000444352950
4001058802591
1005002080758330
1005002428028834
4000434270715
32835689351
1005001807333932
32962174444
4000625453484
32738155914
1005002258612763
1005002406579030
4000126044472
1005001287481138
32950177057
1005001777298167
1005002401191274
32564980802
4000828462920
4000437594439
1005001643612623
4001293771518
1005002282571563
1005001584579374
10000028251005
4000590584447
1005002480465318
1005002327333469
1005002363044445
4000200665575
4001150481019
4000892004637
1005001872375262
4001293278794
1005002345152377
4001223930670
1005002310952244
1005001602217020
1005001566302498
33007920832
1005002107831184
1005002279102407
1005002361734266
32966642629
1005002305796566
4001304434931
1005001465629696
1005001731109575
1005001786366118
1005001798808936
32864018932
32965915829
4001217280606
32865207209
1005001854675822
1005001860716182
33002104612
4000565969970
1005002260389518
33003326369
33017711029
1005002492624596
4000046571420
1005002378673760
1005001513092810
4001360641231
4000516787061
1005001670809564
32904350955
32919689749
4001276361628
1005002225015256
1005001273510740
1005001603070247
1005002482303563
1005002370246882
4001153114018
1005001356460972
1005002325912535
1005001413820617
4001249104778
4000706945046
1005001462343745
32913399141
32920991477
4000781814789
1005002275119781
33038525013
1005002375824411
1005002265649434
33017375514
32718479799
32952995065
32893852335
1005001523247133
1005001940021366
1005002367128774
10000372175121
32658107008
1005002319395165
1005002342641103
1005002473204191
1005002497383403
32661587857
1005002210691647
1005001730952306
1005001411020438
1005001678390764
1005002120178164
1005002083571551
1005001943234811
1005001958651854
1005001902054555
1005002252518663
1005002401072435
1005001905041961
32841250642
1005002312262744
1005002207001815
1005002457896114
4001238266501
4000488657720
32859098002
4001037871870
1005002313213443
1005002364215998
4001233865597
4000780179663
4001225977335
4001263364330
1005002340974524
4000786916772
1005002110665842
1005002424141561
1005002263360625
1005002245990735
1005001518814209
1005002168765911
4001025998753
32826625524
32979932845
32823262046
1005001993713520
32971703643
1005002412122670
1005002244945083
32844340729
1005002315269919
4000996945939
10000088335112
32984054223
1005002316353925
32912375861
1005002319141018
32887394559
32846175528
32971164632
32523958101
32918299254
4001228611807
718217717
4000037099421
4000971433144
1005001360712142
1005001570869377
1005001857386060
4000401774192
33008141370
1000008497662
4000061598963
1005002310230780
1005001678917035
1005001953438082
32581679089
32953140176
1005001642363596
33060338947
4000856495978
4000164369232
4000978985030
10000157398930
4001054594010
1005001352641070
1005002372334639
1005002304360362
4001083756761
4000059705019
1005001436086670
4000433287724
1005002470409913
4000406043342
4000670565855
4000274950099
1005002464590403
32862512408
4000850573374
1005002280797209
32898245246
32837015297
32297252323
32857462532
1005002264527344
1005002433514034
4001273313012
1005002281527563
33015854186
1005002332422732
1005002239213724
4000109104415
1005002245123994
32855725091
1005002450574478
4000990099970
4000397491523
32819714519
1005001953545276
32907389695
1005001849267227
1005002246033168
2043764622
4000504965161
1005001929441705
4000805503834
1005001887522842
2031755517
32809456387
1005001798783879
4000893368872
4001203623058
1005002219071448
1005001671109318
1005002042348082
32956588852
33005512680
1005002449622282
1005001527545553
4000756659376
4000127643381
1005002440894113
32849036487
32916764261
1005002379026562
4000982150622
1112331809
32763140651
1005001622237427
4000957341945
4000960049759
1005001688288544
1005001442365759
33006535888
4000317701138
1005001469690299
33000678285
1005002076310941
4001308997946
1005001812663246
32405848732
32889817728
32237508762
4000938769398
1005001398619563
4001168966105
32904916494
1005002363852717
1005002427843640
4000990934804
32818213801
1005002318957784
32847388531
1005002480981797
32970502076
1005002341420458
1005001402644970
1005002367649622
32951115523
4000118128268
4000467557182
4000358826852
1005001725864615
1005002317477683
4000479068804
1005002462660136
32757654659
4001128437034
32957189366
1005002258513392
1005001507252531
4000037619715
32835153516
4000042282335
4001138298725
32971065024
1005002347114056
32776202319
1005001984469194
1005001926654632
1005002288520196
1005001525590001
32899411517
1005002301567357
4001197183864
1005002111299310
1005002471197979
1005002427823719
4001290385851
1005001706608132
4001134992220
32580042106
32844188849
1005002419137344
1743051170
1005002488278721
32960393103
32990764646
1005001546988191
1005002352808890
10000401659015
1005002489097597
1005001694969876
33020716278
1005002428277526
1005001943014151
1005002489724350
1000006513440
1005002417771085
1005001570777943
32674498783
33035092328
4000246280522
4000256328508
1005002160159431
4000177705297
33029536475
1005001632824802
1005002454717885
4000768648657
1005001345577811
1005001475543667
4000335784936
1005002345886821
4001235177724
4001237157078
1005002349832402
4000997038613
1005002262520136
32890264089
1005002347757108
1005002208380501
1005002130070051
1005002302130480
4000069041762
1005002273665424
32949113401
33046656919
32826491839
1005002319812454
33053879499
4000711093909
32834449790
4000770209057
1005002204405714
33016121052
32854423930
4000456912654
4001164945729
1005002375626565
1005001439047716
1005002277859770
1005002353041004
33058012471
1005002180216898
4000160654128
1005002076332738
33054515275
4000545910925
1005002407996276
4000325000142
4000110921648
1005002068939700
1005002239012205
32992430469
4000314796629
1005002496771812
1005002316622769
32881300511
1005002482964734
1005002399824008
1005001510837715
1005002039217322
4000201172570
1005002198623994
10000004645137
1005002026839560
32865837715
32976646967
1005002323791874
4001272412498
4000467672992
1005002121468279
4000242165628
32829218153
4001111985144
4000769310047
1005001319190924
1005001559222253
32770055867
32947175260
1869308585
1005001821749488
4000640972358
1005002406383981
32837288711
4000830241303
1005001469703004
1005001819485360
32584335247
1005001470214895
32812006581
4000143526934
4000385231729
4000735718467
1005002077324129
1005002315690247
1005002270167468
1005002033078463
1005002466114875
32965131409
32787011957
32642633513
40008501607691005001450527284
1005001709132432
1005001719668025
4000626291388
1005002400299431
1005001966667259
1005002407833317
32884940577
32592825460
1005002291542188
32973793567
1005002448109881
1005002287513375
1005001785409866
1005002263891965
