4000710279937
1005002157696320
32893621182
1005002377683740
32929321218
4000580563286
32937431701
1005001856216106
4000415018011
32798324466
32937549152
1005002398555179
4001066507109
4000873643905
1005001822725603
1005002287725820
4000962316302
1005001393945731
32990220736
32834777469
1005002198827453
4001171160879
4000478173773
32756033987
1005001354552377
1005001810683152
32821542152
32979668710
33012451523
1005001479608599
1005002228643858
1005002483091273
4001309665701
32935692405
32857146317
1005002238125674
1005001929829910
32874689112
32891871589
1005002310871211
32819534247
4000694060620
1005002398063948
4000801026967
32788147939
4000114369666
32307271635
32800902939
1005002081266003
1005001445788807
1005002116572610
1005001690813526
1005002382316682
4001062539217
1005001645263602
1005001394061427
1005002462233793
33053966839
4000025914459
32998916560
1005001890840157
1005001648873090
4000405077264
32846073262
1005001809894636
32306782682
4000116730227
33028669088
4000096255113
1005001408033797
4001220659004
4000375726416
4001066642189
1005001883605784
4000203290703
4000457994506
1005001505207762
32810035053
1005002271300218
1005001698472803
4001255308736
32850768975
32903263188
1005002317385716
1005002339883281
1005002443174424
1005002134393545
1005001783191571
1005002240965311
4000005856857
4000777983433
1005002378912075
1005001816826943
1005001514928622
4001264777339
4001115025900
4001274895508
1005002440988343
33007605767
4000193083665
1005001946572995
1005001341228403
1005002087469013
1005002488428194
1005002271069852
1005001393992218
4000597911075
1005002283058128
4001126250218
1005002325034485
32841841787
1005001642741252
1005002252904079
1005002357949484
1005001485667272
1005001500299028
4001278749904
1005001896779616
32944892119
1005002037355448
32697824719
1005002314341107
1005002370486999
1005002497531486
32956112148
4000049613645
1005002357594911
32831686078
1005001297618794
32876523219
4000253649528
1005001454041469
32886381904
1005001894599370
32892594459
33021620522
4001077809797
4000207134231
32450347169
32835355579
4000708355511
4001190157300
1005002207859711
32838321444
1005002368756640
4001281040323
1005001996435942
4000132583405
32895885630
4000039055819
1005001929567330
32868812233
4001115822516
4001288274868
1000008145397
32887504384
1005001733354671
1005002021445653
1005001806293087
1005001656845851
4001031568617
1005002063382397
4000862671920
4000480267645
4000182649260
1005002453264858
4000008894014
1005001930020105
32845035868
4001045785529
1005002460303455
1005001705474501
32787435626
1005002286804554
32731345467
1005001670905450
1005001640195281
4000697106911
4000324647289
1005001983111830
33029049654
10000395813512
1005002280638321
32900871027
1005002365672667
1005002337364117
1005001965228029
1005001514315266
33037880070
4000360018276
1005001976867089
4000472417688
1005001470997185
1005002367390884
32933039808
4000873706314
33041205354
1005001566402215
1005002487790273
32864052724
4001084023828
1005002315528869
1005001883172183
32993171120
1005001398505199
4000010545376
1005002292225919
1005002351704981
1005002254788043
1005002481785332
4001251873361
1005001935415331
1005002241858293
4000207769734
32798193028
1005002150271159
1005002412559341
33052141179
33044628077
1005001995285869
1005001940257803
1005002122323744
1005002322916122
32851337334
1005001692167356
1005002296877229
4001287828224
10000329038044
1005001727986721
4000554835805
1005001361126650
1005001515976055
1005002383184067
1005002417910260
4001159678805
1005002453568498
1005001708707166
4000902294986
4000502093469
32840115476
1005002400331781
4000398774606
1005002408402355
1005001481427383
32840348008
1005002399385641
1000008130691
1005002220308995
1005002353438073
4000035551378
1005001960571511
1005002034604260
32851009285
1005001580598830
4000672584983
32859372890
1005001757170020
32945606331
1005001287559150
32662419781
32999115536
32976587841
4000756552775
1005002332345121
1005001309841943
1005001763940277
1005002276776455
4000308612896
32975357728
1005002214121620
1005002457849774
4001335205140
1005002275222310
4000888045283
1005002412798744
4001283535535
4000309767237
1005001733454679
32919682197
1005001511754709
32670366749
1005001370662635
1005002239464663
4001359780139
1005002454399104
32866885926
1005001839957231
4000378517313
4000080485365
4001273985359
10000055719062
32976617678
1005001361574726
1005001364145766
1005001720665553
32836209072
1005002316002133
1005002333590227
1005001914739202
1005002318885958
32875532358
1005002206472327
4000734434349
1005002038901976
4001009484887
33016067673
1005001615042635
1005002194575025
4001224561201
1005001862431699
1005002339240567
1005002236009364
32757670387
1005002256244870
1005001876841490
1005002223814175
1005001982900393
4000190081772
1005002239518189
32909405100
1005001499242819
32957103540
1005002265242780
32828743886
4000027023381
1005002016693751
4001013176340
32969741068
32904752115
4001294111929
32817431441
4001211099157
32820636285
1005001586800345
1005001993769030
32849065671
1005002310118771
4000206818882
32459046401
1005001993883481
33008126019
1005002196811785
1005002252616166
4001095528159
1005001499107724
1005001349126751
1005002276123302
1005001901705896
32911587110
1005002038886357
4001115839411
32959705097
4000329409224
1005002301120825
1005002218458277
32843688540
1005002414536116
1005002279265176
4000235351330
32830858270
32971076259
1005002238521207
1005002314527891
1005002009639670
32836746415
1005002191499130
1005002471368709
32854793080
1005002413670180
1005001452398121
1005002314410064
4001132520848
1005001321469000
4001099629100
32990950607
4001297176660
32749429145
4000473685789
4000271772324
1005002335242772
33010150964
1005002484771036
4000465942140
1005002445033567
1005001683299776
32977151129
4001278826843
33005190126
4000053860422
4000746231745
1005001968691149
1005002305022046
1005001325798990
1005001516415005
1005002377303468
1005002413099210
1005001667151922
32789354990
1005002314408905
4001295309439
32702871762
1005002206201906
32992323688
4001333887974
1005001890259930
33029771453
33058737741
4000903006870
32527638232
4000549268019
4001278845575
32979111034
1005002305777364
32436249018
4000143824253
4001150560210
1005002363376426
1005002185423285
32972629303
4001247789471
32954178447
33004731804
4001365595963
1005002166657198
4001271813384
32986421318
33014531772
1005002346710678
32672866050
1005002289933954
32920749085
4000912826463
2039868700
33015303523
1005001983279961
32854970638
4001047804577
1005001993552395
1005001779130692
1005001304277399
32716911724
32332108759
33002455532
33025649139
33061679236
1005001996501018
32921099892
1005001423367919
1005002382763469
1005002226111083
32989827198
32851717780
1005002315237790
1005002388808549
1005001431558026
1005002336956440
33037645997
32933258063
32568662143
1005001808177168
1005002370074605
32989896463
4000222995764
32952996457
1005002240400867
33040379203
1005002275760350
1005002484269563
1005001978295219
32901184018
1005002308826660
4001126706103
1005001980440634
1005002431295541
1005002431881657
32919610041
1005001301842973
32951093271
1005002311259308
1005002289735287
32856364571
1005001547248609
32975524961
1005002313262806
32919629725
32979548468
32763382487
4001013383257
1005002317736683
32978190877
4000694008991
1005002073874306
4000262405192
32993802621
32819104688
32879193230
4000289185798
32925788034
1005002383103802
4001020394131
32961495067
1005001850156936
1005001446682527
32942166170
1005001393761871
1005001812903755
33004060719
4001286743841
1005002311786998
1005001680468749
33010187972
32678451969
1005002262290908
4000839456034
1005002331810916
1005001425351390
1005002399889693
1005001829897668
1005002404305919
1005001295326046
4000668557407
1005001855283817
4000219093325
4000137125144
32982249683
32910701394
1005001566328538
1005001388059598
32959596878
1005002413260534
1005001638209090
1005002368401997
1005002128360143
1775189577
1005002406567954
32381606093
1005002488900099
32931213562
33048938257
1005002136232496
1005002358492497
1005001833553059
32990204038
4000685193437
4000865435661
1005002158683222
4000649228936
32886838347
1005001833948596
1005002490331065
1005002136599310
1005001810783889
1005002277296060
1005002281701337
32584491810
1005002339484813
32797076200
1005001626287074
4000829544085
4001364261267
32982899427
1005001788865726
1005002301013708
10000145969832
32832818196
4001322746298
1005002393602276
1005002358925653
1005002475588896
32875033246
1887628334
1005001557108505
1005001572320401
32990096127
1005002348375894
1005001606720660
32306099976
1005002286374728
4000223824436
32563770397
1005002314416376
1005001862562358
1005002287392333
32892755052
32858962737
32998980063
4000300431819
1005002472380481
4001278715748
32880889390
1005002124034768
4000891015935
33049568899
1005001966590160
4000708698911
1005002488303777
32834563709
32915856788
1005001498999209
32945155563
4001221453749
1005002162236109
4000837087675
32816286715
1005001393014811
1005002366692738
4000220883080
4000338320231
1005002364018934
1005001770109343
32402130234
1005002004987108
32949051624
32275179754
32951186791
32948571147
1005001695268334
4000966821249
32788173398
1005001475376655
1005002313411085
1005002495293759
1005002361836176
1005001705585884
1005002293975387
4000180077952
1005002479691185
32861467721
1005002275610605
33028632333
32845060391
4000989087812
1005001374212394
33058620034
1005002346214835
1005002375454777
32851087341
4000850241092
1005002393135906
4001219472289
33016884233
33011248419
1005002302747893
1005002263689496
4000237059975
32609182869
1005002272612466
32849300148
1005002395700278
32998054885
1005002475004867
32812673394
1005002334545237
1005001994836388
1005002276958292
1005001845205907
1005001900424057
1005002340334648
32977244564
1005001736738455
4000812595613
1005001966321814
4000858705356
1005002446877787
1005001600053775
1005002425722366
4000184385195
4001057316377
1005002039293397
1005002333770235
1005001470335851
32355735520
1005002234015210
1005001641348208
1005001934313492
1005002096259384
1005002346050402
4001218183249
1005001853413110
32990139727
1005001806272148
32902620584
1005002347110920
1005001429985476
4001149675370
1005001311523690
1005002477925017
1005001883379627
32811595960
1005001502456463
1005001415420968
4000848507751
32707586993
1005001632016493
4001065050287
1005001862998133
1005001855224612
4000953996299
1005001631163037
1005002353071975
4001057558719
1005002438444581
1005002112291057
32952867423
1005001780082488
32824314128
1005001671200592
32474414590
1005001407511006
1005002359187501
1005002257021346
1005002353294991
33037761716
1005001616675693
4000162448266
1005002490424325
1005002110487727
32990071858
1005002433372207
1005001706872776
4000693029413
1005002348686132
32977979425
32913072477
1005001471913242
1005002310524093
4001339401914
1005002206341441
1005002353842889
32990979757
32939767501
10000353006181
1005002428690719
1005002242227184
1005001579237490
32711573610
33050404805
1005001424728035
1005002321081922
1005001546623938
1005001602377062
10000003205435
32915680497
1005002442257871
4000217936327
1005001397034288
1005002022543184
1005001808286627
1005001900177832
33053561432
1005002444684820
4001276861548
1005002430931408
32998458136
32657449947
1005002446992992
1005002440533959
1005002288851078
33000888960
1005002297821578
1005001636222684
1005002181277758
1005002291645194
1005002082536031
1005002052617672
1005002274136128
1005002334102845
1005002475546688
1005002350810106
1005001858320877
4000127946791
32948531766
1005001941834323
4000783900883
1005001785467030
4000674136450
32966347552
1005001502874619
1005002027219200
32850492807
1005002105431210
32922597798
4001333755869
1005002278934021
4000693384840
1005002327563752
4000992617313
32889396352
4000956077992
32852483150
1005002443154252
4000510933776
1005002386725339
1005001687979073
4000332671950
1005002063418729
32782251513
1005002182508657
4001169592857
1005001463839986
33034520232
4000826958494
1005001588356028
1040810305
4001332991549
4000852307161
1005002218115395
4000445172895
32991967174
4001294299882
1005001280148661
1005001287030964
1005002438923190
32828473654
1005002223618964
1005001961506531
1005002253756618
32907023670
33021659766
833478862
1005001568820999
4001349150982
1005001588048471
1005002393346510
1005002282701801
33057008875
1005001411172438
32946428164
1005002399314094
1005002313722812
32601952057
1005002262461060
4000152959040
1005001415777155
1005002224351712
32961823976
32729701799
1005002026421976
1005002066246441
1005001792045574
1005002489060924
32970744979
1005002233073735
1895447449
32937136321
1005001835315661
33016802799
4000125826322
4001316052196
10050019156998651005001527237230
1005002024460691
1005002296723002
33031453423
1005001993648151
4001309432296
1005002395014616
1005002318756632
32967678703
1005001695590041
1005001305333646
4001259793282
1005002387950267
4001164294288
33008450135
1005001947373036
4001363696456
1005001303051142
1005002068707565
1005002358338265
4000960626369
1005002198731908
32883816355
32849053335
1005002163058031
1005002378071678
32797819793
1005001869621258
32819584868
4001041992647
4000223837409
1005001908210979
32966468007
1005002084541169
1005002367927391
4000310421318
4000778336273
902607761
1005002260679830
1005001531516200
1005002319565451
1005001493267714
1005002409182156
1005001511348821
1005002068571340
1005001736717734
1005002496787641
1005001337541695
1005001787718091
32818483990
1005001908639012
1005001726284533
1005002377566339
4000829797519
1005002409403911
1005002122473271
4001155587283
32966128169
1005002245662667
32868092975
1005002268461223
4000792353892
1005002272294370
1005001568902329
1005001644740372
1005001353451868
1005002288077817
32840071398
1005002396115860
4000902420443
1005002265077055
1005001499363203
33058972818
1005001677369573
1005002358712236
1005002363500547
32851008483
1005002414037501
1005001781804362
32972753278
1005001670978060
1005002276884476
32815806200
1005002439217045
33037291139
1005002284622558
1005002251764273
4001002832087
32921948647
32955695340
10000393909114
32840060328
32887664529
1005002327204715
1005002261127341
1005002490390898
32866684814
4001192476373
32930917616
1005001830976759
1005002345109670
32823692149
4000607109738
1005001439106671
4000586896875
33052507609
1005001338601246
32911048980
4000019642592
1005002474585347
32855968339
1005002461653874
1005001921019551
1005001377265074
1005001787027347
32959667140
32915962123
1005002166268411
32793844434
1005002182510631
1005002340201738
1005001452143285
32840628753
1005002396835019
1005001587811069
1005001731525452
32384542107
1005002369405272
1005001958556179
1005002282287669
4001026075232
1005002246268248
32906738268
1005002453164351
32970917479
1005001626591754
4000195692270
1005002115602159
1005002286260399
32963385147
32712912846
32975369436
1005002134718101
33039490080
4000784808744
32673983512
4000971026501
1005002081519759
1005001720697536
1005001672058757
4000979925998
4001146067007
1005002314291679
1005002440027835
1005002446894373
32957277699
1005001700271186
1005001666273215
32660229997
32850485694
1005001803476465
1005002413387478
1005001856865537
1005001501457130
4000210847086
1005001379742781
32284075167
33029752621
32911232918
1005002294920527
1005002372172779
4000177206926
33023031973
32994951482
1005002018743630
1005002340555107
1005002184317644
32868614627
1005001750800325
1005002272292845
1005001983299828
1005001484386128
1005001520533079
4001350427518
4001187105339
1005002369857760
1005001596365441
32931506413
32952792944
1005002315181343
33045650180
1005002347297296
32860393325
1005002132782729
4001064889357
4001241859623
924150963
1005002327168456
1005001913315724
1005002193413964
1005001478898963
32963719806
32356421812
32588272130
4001272926134
1005002448848291
32630584760
1005002219444986
33050099086
32859639690
4000782733172
32864385745
32953182104
33023594460
33028235513
1005002311466013
1005002489543471
1005002336485174
1005001507788923
1005001503731575
1005002211734945
32369153973
4001221505338
1005002341715376
1005002120300611
4001338209625
4001097331134
1005001564678684
32536179722
1005002198592598
4000186768770
1005001799371342
33039121171
4000439382842
4001134247454
1856858290
1005001523673710
1005002304137467
1005002353834694
1005001473921832
1005001889402464
4001296305994
1005002392636210
32789210874
32839691416
1005002267997922
4000244869349
32822610411
4000644848851
1005002063140468
1005001500421706
1005001698630514
1005002348434701
4000393712152
1005002305615139
1005002282387164
32990934343
4000865411871
32891530916
1005002287088001
1005002323405717
1005001488609519
32906892494
32803723196
32569222646
1005001723958743
4000303151003
4001334247096
4001297237881
1005002359067561
1005001773947949
4001148107517
1005001915138957
33005702635
4000216509748
32949688878
32963108124
842271559
1005001922211804
32952259154
1005002176310060
4001123855795
32829049114
4001359398212
32860296409
4000800563137
1005001715096736
1005001620545377
1005002333491644
1005002321841234
1005001481719504
1005001977988797
32894982385
1005001695357752
1005002462388102
1005002379449264
4001233366075
1005002313391379
32863045109
1005002271659192
10000422266933
1005001581281877
1005002268518281
1005002313466032
1005001337420700
1930838621
32980940264
1005002490461961
1005002022737055
1005002114787647
4000220771855
1005001650617367
4000986128451
4001186595111
1005001958482527
1005001833607054
32894204165
1005002368391344
4001120490970
32757220912
1005001822401203
4000834288664
32962047061
1005002065399209
1005002350642162
4001360114250
1005002262267791
33057484317
4001218096214
32833283194
1005001867632446
32794379362
4000274272506
32811895652
33027537120
1005001714637218
1005002056030647
1005002389432718
1005001523295657
33033418028
32906239632
32889086493
32831592748
1005001817055481
33056582824
32923333245
1005002313416426
1005002371783177
1005001417332852
1005002410822973
1005001883626318
32706885456
1005002441844645
10000343586237
4000509955954
1005002356898910
1005001980276238
1005002460921613
1005002224645409
32789381889
32967949777
33062839133
4000495572929
1005002261469810
1005001500220321
32960268220
1005001570549019
33010025216
1005002310581564
32915275515
4000068665535
32985197940
32830923551
1005002307700537
4000801497274
32839350313
1005001470121272
4000770107299
1005001997159131
1005002322417189
1005002304778579
4001230867691
1005001598665655
4001215598810
32638596991
4000013790818
1005002362964163
4000833481255
4000181237777
4001109960529
1005002363821265
32887889326
1005002193158343
1005002323912916
32922163217
1005001566701095
1005001421392640
1005001530038205
4001112339289
4000143059918
1005001314152432
4000833532360
1005002356585151
1005001607892650
4001143663852
32873831929
32984909768
32968778193
32989266494
4000921107861
32847488217
1005002271283187
1005001405653125
1005002321921248
1005001992547222
32605696384
1005002253166237
32831711537
4001175692982
1005002058713117
32715287126
32824352601
4000683301700
32860918989
4001011067782
32969013983
1005002253640910
1005001624713875
4001197716559
4000474443061
1005001660946514
1005002341051213
1005002126746308
1005002225239637
4001338841784
32301038232
4000261662061
1005001514227363
32890293327
1005001862122250
4001033938575
1005001656828418
33001322713
1005002467552240
1005002313407951
1005002304419106
1005002200903396
1005002103349679
1005001637995564
1005001628113867
1005001670783853
32856802598
33020107652
1005001637313921
1005001381842501
32313317572
4000641007009
1005002439726716
32955267060
10000393010416
4001190821447
1005002315900244
32988847878
32661288449
1005002413206655
4000767934661
1005001525450494
4000593608034
4000498209773
1005001364307045
1005002345185245
1005002322992194
1005002235755325
32816272985
1005001682797849
32744729453
4001170634438
4001158874669
1005001928918571
1005002467704150
4000926067711
32985567636
32882783324
32805045096
4000550288995
1005001952511755
32835437418
4000385396031
32932068315
4001234430110
32559527915
1005001607828095
1005001652578830
4000384674675
1005002179278376
1005002237347895
4001235951339
1005002305138793
32860365716
1005001606257374
1005002078665586
32990975305
32809334219
1005002280661671
1005001873449978
1005002014131262
1005002393874301
1005001847753073
1005002466691712
4000694011719
4001183970400
33052067021
32987288793
4001337697651
1005001525104765
4001230096265
1005002286639127
1005002326594748
4001283857096
33010434841
1005002322341599
1005001592785214
1005002315243612
4001262902972
1005001507774981
4000894120928
1005002282860238
1005001489184279
1005001689330054
32985090066
1005002461792816
1005002383238279
32988503916
1005002394689600
33041102986
1005001452678175
1005002386793014
1005002336869158
33027081142
1005002399669166
1005002185377531
1005002321302406
33034319308
1005002137200022
32676606084
1005002461770149
1005001310983099
4001013752126
32717652419
1005002260177491
4001327645399
4001321134580
1005001695572234
1005001633082139
1005002063303194
1005002369259763
33018697263
32311194340
1005001598876031
4000483966565
1005001298330171
1005001749085294
32844415815
1005002462759230
32829422743
33035197522
4000569118898
4001180025063
1005002464663092
4001230333757
32505256179
545020128
32792954645
33009200071
1005002120297295
1005001741607748
4000130113811
4000982508358
32958120176
32961404482
4000627070620
4001316605484
32949627919
32881787149
4001282467625
1005002460112380
1005002271962046
1005002288916639
1005002313911116
1005002336162230
4001068053733
4000857147769
4000039360655
32367159766
32862704541
32813961334
4001331294156
10000414684142
1005001307138690
1005001845299441
4000987831389
32941399010
33061367476
1005002378696869
1005001723205872
32643386253
1005002238636683
4000308359258
10000418164942
32965241568
32924319692
4000132518645
1005002468535179
1005002353644276
1005002313468092
1005002489796498
32910702076
4000466273588
1005002056374275
4001316527007
4001032075452
1005002357901213
1005002160471848
1005001364318050
1005001671050903
32883790883
1005002323590030
1005001932903925
4000373386699
1005002122418759
4001060455327
33033217787
1005002028941995
32887526208
32826256695
1005001670813626
32822346716
1005001954874717
4000361623155
4000857325228
1005002260515814
4001140474980
33015956753
1005002317646000
1005001515858915
32867172050
1005001515035740
4000167021244
1005002219462111
32966874756
4001166040216
1005001450222347
4001033997221
1005002425248296
1005002309938859
1005002264631487
1005002264817445
4001017472817
1005002354065520
1005001873611564
1005002448573645
4001184265672
1005001939934521
4001047228047
1005002237802900
33029454945
32978931365
1005002274158214
1005001813244513
32890724513
4001046365293
1005001340048218
32869774747
1005002428282183
32524846301
1005002375085510
1005001441700206
4001052170168
4001234207450
32889701893
1005002448875193
4000944748242
4001162574623
33045240060
32746531386
1005002215491240
1005002332020973
4001157537729
32796671922
1005001411514513
1005001972450663
1005002413435167
32947081651
32902551064
32888661990
4001260061720
1005001923553673
4000537867842
1005001768654425
4001199532961
4001272960367
33003926674
4000167933136
32969261900
1005002321418891
32662248804
32889128300
1005002032805536
4000215361471
32680543565
1005001865091401
4000655850794
4001221101077
1005001814436676
33017688535
33011374999
4000627406352
1005001411445844
32809544462
1005001523980416
1005002188131857
4000810340261
4000059176782
4000215078521
1005001456446884
32954079285
4000903323493
1005001405737464
32966109276
1005001869884602
32879698892
4000383493532
32623719208
1005001454169602
33040933851
1005001761652925
1005001499170371
4000028249943
1005002388338272
1005002422111008
32959856916
1005001515841666
705550822
33017971533
32416265526
4000618608679
1005001738381195
32708239702
32996979916
1005002320296682
1005002367354358
32877334797
2036661125
1005002342240558
33010370270
4000909907268
32855601788
1005002347132193
1005002008328278
32948493850
1005001604528471
1005002023329634
10000022118565
32982332319
4000763375331
33009729376
4000447220370
1005002450611495
32804207245
1005002143152827
1005002363762352
1005002304949995
32983478735
32958397130
32843518878
32897152892
32819781350
1005001820792350
1005002180187711
32584236940
4000781997424
32896167842
1005002439134698
4000032213664
1005001460309337
1005002331970786
4001154183364
32968419136
1005002362308930
33000851116
33013835016
1005002265722431
1005002267929494
1005002417850043
1005002347379285
1005001658206168
4001114418730
32802117301
4000124081840
32986865327
1005001462848716
1005002469867338
4001334573910
4001208465381
1005002375747154
32960412744
1005002395315081
32967586844
1005001848594008
1005001758110415
1005001844832387
1005002449500913
4000975913790
1005002487510535
1005001329881137
1000006615390
1005002441182861
1005002475225635
4001184621543
10000319804878
1005001682567025
1005002305106328
4001283158787
1005002210248322
4001218005963
1005002441532197
1005002418329946
1005002191982742
4000498400478
4000794176600
32859708023
1005001383116847
4000918442318
1005002314542658
1005002122385956
32973109105
10000306314874
1005002227731454
1005001288462487
1005001666141506
4000218454826
4001270913410
32814105741
4000307355374
32872323804
1005001834883785
4000188548114
1005001451227306
32984017067
32843113837
1005001304576682
1005002185315919
1005002387099782
4000217601161
1005002304026936
1005002378073886
1005002283916164
1005001906347414
4000809993727
1005002466059049
4001253295584
1005001930384314
1005001587968910
4001150543899
32378106619
1005001525492189
32998442770
1005002256156845
32843082239
32628716699
1005001950112535
1005002417094865
4001278632006
1005001992347646
32827567083
1005002211962998
1005002456499268
32966545583
1005001408254088
4000273947997
32533301636
1005002498903993
1005001657849424
1005001505916253
10000373923096
1005001890310226
10000371553872
32791163678
32853389174
1005002021901267
33054648520
1005001594391763
4000808423567
1005002271471922
1005002342948145
1005002268260975
1005001779368482
1005001698424226
32900355595
32986098808
1005002240016684
32900618746
33047887368
32981130253
32971919230
32965837392
4001198977642
4001037223141
33054253011
1005001447219685
1005002250150733
4000342032715
1005001426492312
1005002229667924
1005002281499981
32913599756
1005002421171580
32807034540
1005001849337118
1005002175568674
4000320939359
32825768552
32968203025
1005002176933605
32934631639
33046881871
32955324780
4001050003875
32296774803
32955512336
1005002414049722
33037079861
4000127998080
1005001664090887
4000466008852
4001209025041
1005002268738687
33026072496
4000933943105
32557618828
32884278654
4000837908721
1005002281747075
1005002439325796
32822351676
4000823790469
32878435330
4000443202595
1853154970
32932539786
4001217431279
1005002231720151
32915515272
32989526625
32782466877
33043019931
32943729451
1005001269468485
1005001895857073
4000766852280
1005002500400580
1005001393204299
1005002383813813
32982973718
1005002490098553
1005001999413823
32453136276
1005002423682971
4001139620211
32965974335
32812877271
1005001600018068
1005001965627847
1005002181790361
4000945487906
4001167570494
32794377963
1005002333532283
1005002317545654
32833923485
32989729778
1005001720963379
1005002029422923
1005002298100382
1005001896034726
1005001608159851
1005002482886988
1005001821772074
1005001393925029
1005002254456306
4000407963882
32987813388
1005001581790187
1005002443613935
33033769758
4001259643568
4000014775144
32963831240
32777261932
40009457683214000955368460
4000708702995
4000674746625
1005001664314591
1005002240499222
1005002416977788
1005001972854123
33011152132
1005002350728210
1005002332591292
4001317449726
1005001523457890
33004300616
1005002313967600
32916832130
32859134985
1005002329119881
1730660473
4000944852190
715393249
32795787799
4000667790244
4001235212210
32739202676
32926012513
4000756186109
1005001994743733
4001226819217
1005002180765124
32942347773
32984091861
1005002362399014
1005002326553293
32872295858
1005001545064489
32965420567
4001247951693
32920699277
4000116520260
1005002193876105
1005001870342523
1005001846316523
4001145244836
1005001957133712
4000266506320
1005002393426846
783235971
1005001868697610
4001228578824
32808569638
1005002225975772
1005002361740754
1005002107267892
4000434058778
4000061349546
4000927177446
32257799104
4001215062971
32954977671
1005002353086659
1005002372251555
4001081793875
1005001406385800
4001044055472
4000381740372
1005002365842695
1005001573414575
32861255426
4000527578620
1005002322694321
1005001779795853
4000040202518
1005001688372604
1005002055171499
1005001560433982
1005002428544305
1005002449178420
1005002124013599
4000685327272
598143398
4000193660470
4000224359129
1005001992363410
33012383381
1005002010857244
1005002323527582
1005002292223622
490995818
1005002203984271
1005002332025369
1005002136636273
32919356467
4001327775367
4001250421534
4001149545160
1005002386627541
32665242301
1005001349991801
33044062911
1005001686591161
4000532434133
1005001490493405
32795889694
4001039085444
1005002225483042
32475499606
1005002309653338
1005002370053107
4000543926069
32967946823
32933650723
1005002492225548
32888549852
4001247274505
1005001266647554
32888863972
4000365973652
1005002339775368
1005001929096664
1005002341997722
1005002109734663
32793236857
1005002314227890
1005002488387211
1005001682736963
1005002074213178
1005001558123087
1005001867708872
4000474824758
32543165859
4000680171625
1005002283689258
1005001646264247
1005002383082471
1005002353580830
4001025768742
32977515634
32852526526
1005002352475148
1005002330116518
1005002252627773
4000039920951
4000159373562
4000702086457
1005002369507148
1005002488589686
1005002053904989
1005002382387459
10000050611648
1005002286007486
1005002109111141
32861492934
32247541018
1005002278764918
4001274975951
1005002231973262
1005001970965756
1005002157307529
32962235379
4000199576270
32714629486
4000815182304
32813229777
1005001473958705
33042122987
33021573406
32993104726
1005002233988375
1005002118968901
1005002305016889
4001298676857
1005002419028131
1005001479354513
4000469519708
4001251172963
33051891231
1005001852393111
4000918314367
32911713322
1005001833731514
1005001401894359
4001341717105
32946818587
4001045173648
1005001721486330
4000794058340
1005002284146913
32767719507
1005002350743631
1005002289166070
1005001507053056
1005002402233607
1005001301894936
1005001840090933
33026937900
1005002301142609
1005002119277982
1005002400953993
4000062125271
4000503940271
1005002313290882
1005002314879084
1005002447360439
4001277010343
32854976284
32863165366
32968520933
4001164882396
4000862701555
32895955407
1005002206195689
32789641958
4001225218243
1005002344987763
4001252818529
1005002319345132
33059843701
4001260511013
1005002335058960
4000348949560
32879273907
1005002383607030
1005001268370873
32908219648
1005001566284149
1005002239169783
1005002273561055
33047699638
4001040988833
1005001515851712
32829841663
32836951398
4000108068059
32864008067
4001366138214
4001281959260
32871131123
4000090670807
32805398384
1005002383313214
1005002286128451
4000777455861
32385636309
1005002396396928
4001130470249
1005002266533814
4000498422381
32968152335
1005001840554087
32821814155
4000430050995
1732228327
1005002314085323
1005002198027021
32603076012
1005001914154999
4000965567097
1005002361767377
1005002197028996
32964744371
1005001943750788
32985543374
20000001795746
1005001930502376
32922662636
1005001948724784
1005001603994113
1005002352563535
32839606496
4001164356863
1005002358972044
32891992563
32904915035
32971321161
32714224072
1005002224856373
4000119500980
32907399091
32992102453
1005001500619399
4000716778102
1005001287596366
32650584764
4000096306539
4000393842051
1005002034631786
1005002491526123
1005001862859863
1005002094158802
32973127788
1005001625945530
1935516234
4000901937929
1005002283923641
1005002431188770
1005001705228371
32991125404
1005002335224207
1005002372434949
32331181779
4001360743417
4001230850653
1005002289627193
32807054927
1005001682479725
4000834703530
32853265247
4001214231626
4000696632210
33039712200
4001176880996
4000424301430
32855726664
1005002253432778
1005002492623603
32397567435
32982090849
32918158751
32378501539
4000024014877
32864582205
1005002139316227
4000415561900
1005002350770316
1005002319369098
4000039193584
4001272407657
4001027019171
1824016314
32951885748
1005001385041373
1005001432132780
33037610216
4000067475409
4000722749566
4000033975477
1005002376883122
4000987444616
32846656931
1005001271068442
32721527710
32811916283
32918880045
32996939075
1005002043061357
32946432175
4000666080717
1005002267870548
32820125635
1005001384273896
4000145734674
4000552017787
32849513377
32825133112
1005002406288941
1005001926341238
1005002299445089
33012073064
4001156192074
1005002277822283
32945868072
1005001568438215
32829858954
32861939911
4000970930101
1005002329105511
4001200192363
1005002212462123
1005002204496478
4001218044254
1005002280900420
1005001884696073
4001134015390
4001225226632
1005002363136391
32962754941
1005001821381095
4000306835237
1005002352776353
1005002347090986
1005002337469953
1005002291726842
32879113732
1005001475076197
32918417888
32823205128
1005002411678138
32789572748
4000813199872
1005001425401488
1005002432637744
1005002380896030
1005002327940321
32567966496
4001038541295
1005001569072256
4001134315262
4001091291976
32931606602
4000244002622
1005002383980701
32994614805
1005002475439803
1005002312133717
33023941066
4001209607008
32971967265
32973878317
1005002425502413
1005001571239398
1005002372936794
32869522506
32857817796
32956840242
1005002497600285
1005001666868862
1005002385231611
1005001383275533
4001179255169
1005001694895455
32964573911
4000398012496
1005001730226034
1005002485725961
1005002268444850
1005001623434596
4000385595292
1005002089186565
1005002428096812
1005002016831554
1005002310546984
4000781018172
32899724402
1005002312119043
4001058015820
4001262767070
4001139760204
1005001611743177
1005002370590710
32792935572
4001205502553
4000086787639
4000986766357
1005002122536014
4001230590991
4001307318812
32835641953
32840385857
4000730540234
4000547841976
32837025100
32969138640
33028909364
4000602460471
1005002002134838
1005002334293610
1005002348286328
1005001942668564
1005002483192657
1005002320851755
4000242876013
4000080221925
1005002265299106
32968732867
4000208186465
1005001518694154
32811391469
4000309952228
1005001418312896
1005002225022196
1005002322808592
1005001610296633
32848064796
32828479334
1005001651146317
4001133008231
4000700846659
1005002305169872
1005002291969549
32892398330
32971847669
4000523257244
1005002311338994
32886920851
1005002446560772
1005002128714088
32919610052
1005001433966522
32974976435
1005002308677536
1005002464762491
1005001525294831
1005002357181403
1005002379329149
1005002304256306
1005001291718404
1005002213181890
1005001609596933
1005002387776357
4001284102007
4000677957397
4000329841540
1005002324580725
1005001379870069
4001309106975
4000882892760
32923907524
32966747383
32964732769
1005002481330196
1005002438497682
1005001605055077
4000094649615
1005002125096221
1005001773628339
1005001340924580
4000983180075
32992787027
33031847516
1005002297375360
1005002180381531
4000662576034
1005002239627885
32830405857
1005001904296433
32510910124
1005002113096876
1005002260927095
32814781879
32676206713
1005002219574223
32615484073
1005002285905692
1005002392824434
1005001581063840
10000353921394
4000022875786
32905718967
1005001907021268
4000736777289
1005001471873882
1005002315143871
1005002443078793
1005001789604163
1005002401806909
33039680434
32841701753
1005001652317227
1005002336532207
1005001319876538
1005002364193436
4000091144114
4000270049090
4000062567416
33009775037
32890651772
32333856803
32917062790
1005002304405174
32999736803
1005001683769089
32992491471
1005002191608793
32965656709
32907327867
1005002281021779
1005002302885691
4001256955108
32988663196
32957562939
32989470553
32815054579
1005002313769474
4000604177867
32478337261
1005002060904044
4001233954642
1005001717310191
1005001700495783
32909919602
4000234698887
1005001360714864
1005002313695736
1005001915286002
4001230128629
1005001841458987
1005001997417436
4000260955883
32920923830
32869366589
32953426374
1005001637850659
1005001816688686
1005002063736614
1005002323225788
32528757152
33027997109
1005001515933509
1005002369453311
4001220946583
32954768951
33062211579
32964431944
1005002348947376
32840361624
32961491512
1005002332256974
4000240369175
1005002448817611
4000843015132
1005001873350651
1005001392237974
1005001387974463
32653409454
1005002400050243
1005001946540039
33058330941
4000381952969
32861803501
1005002484893636
1005001547619544
33015474627
4000342885336
4001142177346
32763606344
4001203091999
32511261627
4000789760322
32849768657
32948951239
1005002325086458
32996941370
1005001557638594
4000169575329
33021058556
32868690921
4000125198715
10000397586372
1005002322983305
4001134317893
32396966087
4001316462640
33050967079
32700986874
1005002371691026
32530409522
1005001670581464
4001111262208
4000630729050
1005002187161037
4001003485512
32929503440
32812355098
4000640995112
1005002323779587
32974748712
1005001884466905
32895885403
1005001620709520
32815982606
33008322363
1005002114528162
1005002239187693
4000807765842
32790064576
4000496329715
32975908257
1005001416974292
1005001699585733
1005002402850481
1005001393803883
1005002459841438
1005002382685390
4000901796279
4001228728404
1005001511028476
4000990513738
1005001997088587
33054682394
4001332152815
32793967665
1005001396984384
32990439004
4000607065477
4000185648305
32871303075
32866509152
1005001560599762
1005001870005425
1005001942532705
32902658618
33031310646
1005001872772998
1005002483633808
1005002285903177
32823334073
1005002318086284
1005002254120157
4000522093531
4001276066626
32679507583
1005002395329045
4000842714111
4001126832579
1005001926912723
1005002253386113
32871850819
1005001897069870
4001125767602
1005001843982097
32434688321
837052873
4000216503356
1005001360618648
1005002039786197
33027513866
1005001450280496
4001043449280
32962553930
1005002374449189
32973152914
4001135381822
32891876175
1005002270568370
33020507046
33018351239
33000593168
32998110499
10000279624465
32764716563
1005001773101938
32711446349
4000067754262
1005002313824739
4000982594116
33032024047
1005002341972497
32334641013
1005001966275561
4001358798304
32440809106
1005002232630263
1005002345240649
1005002386785130
1005002370452497
32920016105
4001297490709
1005002198207747
1005002368422112
32953695705
1005001793947709
4000424766019
32916137421
4000692002230
4000669359124
4000018316460
1005002404742861
4000641042241
1005002316149330
1005001695544520
4000707336573
4001358382656
4000161728401
1005001998514548
1005001656660684
4000058113819
32800493724
4000892078073
10000400006079
4000063480712
33030778697
1005001781657496
1005001726679241
4001172724380
1005001424264090
1005002399923499
1005002047679682
4001365949151
4000710156714
4000197947343
4000786449197
4000898897326
1005001936052169
1005002347177490
1005001999314124
1005002281531430
1005002314473524
1005002433362427
33030369257
1005002441852551
1005001412230636
1005002008167414
1005001518426278
1005002376319117
4001218133111
32974997249
32775172871
1005001678070515
1005002181256208
1005001612349041
4001224547248
32857980841
32965170883
4000897888455
1569502967
32668827995
1005001884672159
1005001793086438
32694750737
1005002217916943
4001050472511
1005001780269626
1005002125003601
1005001520327674
4000642459829
4001228577893
32771267283
1005001729287964
32762272626
32697251018
4000714541273
1005002408409430
1005002363879985
1005002400195353
32593170644
32887647015
1005001418342653
1005002210264278
33040573446
1005002032606338
32946901977
32935115700
32787075044
1005002317722216
33038354471
33016173321
4001271171268
1005002072210715
4000822545272
4001157037749
4000791552023
32751910225
4000906440394
32970621886
1005001551621988
1005001481901283
32915763485
32885632472
1005002388565065
4000922065170
32968545099
1005002372894663
1005001694442848
1005002355892734
4000789935423
1005002294615715
32947442799
1005002332106180
32809563639
1005002467710892
4001023061408
1005001682002984
4000318458874
4000982864604
1005002474336355
1005002379291401
1005001632748451
1005002363033775
1005002253798455
1005001450627942
1005002241258437
1005002499179730
1005001763000158
1005001633241663
32930155591
4000017713909
1005002265015370
1005002388656089
4000816824823
4000815262619
1005002196875519
1005002167692758
1005002304442484
1005002441738876
1005002337307731
1005001468649008
4000369211942
1005002262812821
1005001737736638
4000272888381
4001116304431
33039014805
33023863608
1005002383277402
32805344207
32954482316
1005002278273650
4001163729828
4000492129677
4000784822815
1005001989854614
1005001419105132
32921646478
4000718291584
1005001510845914
1005002381495740
1005001520731547
1005002270787718
1005002427094441
32845232116
1005001901329723
4000688943604
32813272918
1005002139899620
1005002427810658
32897293661
1005001879750779
1005002133430717
4001011521525
32817706146
4001270695962
32749932985
1005002264194531
1005002346223791
4000402412816
32960490564
32998373373
4000910793623
32664160146
32829690688
1005002346477672
33037873831
33009345787
1005002165882734
1005001782734129
1005002138211686
4000865354641
32895762767
1005002326830339
1005001943056114
4000990929723
1005002319346643
1005002365538818
32790227211
33030552454
32931665879
1005002323631494
1005001542598889
32971923912
1005001830125025
4000193361209
1005002336189966
32790244607
1005001897358326
32920266533
32987924820
4000671988410
32904597938
1005002225823236
32947626764
10000413518176
4000345220086
1005002387425046
4001339448064
32766815381
1005002380419001
4000594700792
32967691332
1005001577536636
32806863295
1005001340082278
33010756773
4000948390769
33008824711
1005002260114606
1005001800922398
32958228964
1005002266483497
1005001972028433
32613254035
32921302272
4001107963143
1005002239365096
1005002462543637
1005002346969070
1005001793108109
1005001594008264
32854695020
4001149282161
1005001965706057
1005001731279228
1005002025619390
4001309048700
1005002372281392
1005002383937679
1005001865504463
4001218841609
32832690095
1005002368411594
40001815219141005002328172175
1005002214947024
33013923975
32964328234
1005001769081683
32860530734
1005001651438085
1005002348146904
4000268070860
32914536765
4001041144096
1005002363052177
4000373133555
1005002425938782
1005002443468907
1005002433022941
1005002381563883
1005002299644264
4001332321784
1005001425595689
1005001941694035
4000203807538
32910625078
1005002128551123
4001313934493
32890111689
32839931029
4001312757559
4001276695082
33012154183
32991669591
32844291007
4000844853687
1005002380999957
4000740086424
1005001930923191
32838587659
4001132628980
1005002459631399
1005002480573803
4000691341204
1005001619282484
4000339969395
32731379128
1005001923610200
4000535193876
1005002319494900
1005001293116629
1005002175584388
1005002413399329
4000854123057
10000336002677
4001022595463
10000396739052
1005002239531465
1005002201862004
32914675008
33054476038
32736015048
32927907367
1005002329790916
4000955733975
1005001664284408
1005001695523475
1005002314239487
1005002409443094
32985521365
33027517682
1005002344773867
1005001949914626
33059387993
1005002254281358
1005002339469196
1005002274738436
4000155921612
4000346623761
32976903422
4000764843394
32858489054
32955698535
1005002430496555
1005002190916768
1005001713053099
4001230054061
1005001928814372
33001471788
1005001416769721
4000991348793
32995495251
4001123073762
1005002419060312
447414481
1005002037522021
1005002464891502
4000140934558
1005002383626773
33064275397
32826830789
32439828378
33061571041
33058189238
1005002278015617
1005002345340350
1005002111859928
1005001906054749
1005002296808338
32618374644
1005002388112208
1005001806165869
4000888738489
1005002019819117
1005002114387496
32981057696
1005002305007476
1005002333209943
32839437644
1005001614449827
33012483027
1005002346766491
4000934971890
1005001512478569
1005002336446985
1005002461040813
32910340624
1005001774210986
1005001625511574
1005002286803377
4000626147978
33032451772
1005001381049708
4000805336689
32828715619
1005002206417870
4000203510311
1005002314143865
32924134034
32831755692
33015505362
1005001705232442
4001181439468
1005002347040182
4000640956540
4000265122019
32920405622
1005002288553478
4000790186129
1005001452354097
4001283095424
1005002439198785
33047928927
10000369685285
1005002298901353
1005001357689743
32947244369
4000401541107
1005002265180827
1005002443422308
1005002147767612
1005002353524717
32861428817
32964312104
32862652368
4000179748525
1005002037504204
1005002250447813
1005002489116552
1005002281550999
1005001501322958
1005001483754469
1005001836160903
32881969219
32920738327
4000544704461
32781602035
1005002340787048
4001262876375
1005002313108355
32822646030
33000600577
32832694540
1005002390257480
4001095405847
4000089970369
1005002492571069
10000353420194
1005002033966749
32833730732
4001218069274
1005002394968732
4000544104698
1005001693449863
1005002314687357
4000662918058
32621863214
4000139778796
32781673233
1005001565886212
32904851204
4001224009831
4000193442997
1005001750678846
1005002273096750
4000806544006
1005001566788851
32827099523
4001222403269
4001211125028
4001111849246
1005001871856975
32995992275
1005001499789821
32959053968
32797744140
1005001682146070
32815496746
4000160286888
4000669415649
4001360145325
33023827251
32823489559
1005002308852171
33010497231
33046076372
1005002325126429
32638534808
1005001972619490
1005001401898013
1005001657006385
1005002122363538
1005001360229847
1005001687640759
4001265317999
32977122738
1005002291240852
1005001341189787
32842171973
1005002332266098
1005002122418529
1005001482694598
32369971770
1005001953570980
1005002277770357
1005002427157952
4001245653958
10000118732095
4000554936643
4000024156707
1005002259262988
1005001465498561
1005002384738739
32827118675
32855231015
32788836943
32619863512
1005001602891820
32951672202
1005001967334318
32846200145
10000087972834
4000904438939
4001309472901
1005001292975319
1005001300826862
1005002322656780
32884748376
4001359459249
1005001568373745
1005001949970288
4000562181655
4000896404160
1005002428198964
32845929063
32885120115
4000960954458
32935668504
32967753290
4000892034558
32838887319
1005002384024473
32981048486
1005002323505518
32814241305
1005002266608540
1005002027387678
1005002360369600
4000114227706
32924843450
32697056966
1005001695257996
1005002357335848
1005002297718019
32860863084
1005002233235326
1005002035828140
4001319689250
33014124685
1005002342095961
1005001605873084
1005001567552375
1005001888030748
32809064709
1005002073133358
32918028344
1005002447597492
4000804281001
1005002476608264
32651639885
4000597420971
4000083692891
32885764462
1005002483121184
1005001500200737
1005001446414660
4000026770867
1005001721067212
1005001797564560
1005001906823743
1005001745167529
32735519076
4001039041863
4000532596166
1005001326681764
1005002332920054
1005002380073703
32975653197
32978482039
4001290599156
1005002052488748
1005002318999708
1005001555504222
1005001793138094
1005001930947004
4000509241525
32424827345
32967243910
32932056580
1005001789444556
1005002288749486
1005002020594276
1005002029536994
4000051228842
1005002269741866
1005002171458452
32838071564
4000903811854
32825937819
1005001614139672
33020946518
32819841001
32992090593
1005002022015352
32946646648
32903120995
1005002242328771
4001067118501
1005002052215283
1005002467285767
1005002031730381
4001128304954
32625076106
4000629224126
32977306894
4001264377286
1005002330437732
1005002055617841
1005001860007486
32611684145
32990453494
1005002237878068
1005002054521896
32829140263
4000979291566
4000386089048
4000979275032
4001091810074
1005001937850181
4000833883234
1005002286977188
1005002347296428
4000712892286
4000253154821
1005001842525535
32382125413
32961790224
4000162835457
1005002356206978
33028242386
1005002477085246
4000170332935
1005002275635434
1005001841702931
4001291595275
33011747403
1005001332638899
1005001314661619
1005001571730566
1005001462424584
4001351387955
1005002237500619
4000780213085
33047491778
32953323207
4000258908016
33051879772
1005002259274526
1005001441989490
1005001878045645
1005002415256773
32983099648
1005002237463450
32610381763
4000166585229
33006558351
1005001845558277
1005002358278661
4000158332192
1005001953507495
32844702722
1005002318482851
4001115853138
1005001525413391
1005001608409603
32995305182
32652095167
33063390711
32992189530
33034757508
1005001921053291
1005002068283733
32954288105
1005002068418870
1005002326963878
1005002247056852
1005001671319085
32579051199
1005001561528129
1005002305168367
4001034749810
2031738236
32811530096
1005002259037314
1005002392767410
1005002474743507
1005002072710910
32867732622
1005002219701406
1005001718461793
1005002064130941
4000850855742
32957262944
4000833424979
4001365217777
32824251082
1005001567305734
33029421528
32995846840
32996048977
32560608412
32893048543
1005002380762090
33052868884
32953135633
1005002085155118
4000983393587
32868886701
1005002488269460
1005002245284230
1005002311579527
4000705064150
1005002443185005
1005002307967707
33015335098
1005001622438678
1005002076407233
1005001596473463
4000371002126
1005002316071078
4000102239064
1005002469241089
4001294915279
4000498136715
32214164774
1005002236379705
1005001391190909
4000189050557
1005002051354805
4000834054854
1005002033197430
32791695473
1005002354138326
4001001506138
1005002036624581
1005002317228642
32861050396
32856297545
1005002258107243
1005002268513566
1005002472933354
1005002473249234
1005002120235491
1005002287636188
32597670341
32834130472
32790469240
1005001931140554
4000029649376
10000003751473
4000955541046
4001039341043
33040163015
4000907791216
32816373161
1005002494372017
1005002097322369
4000789366555
4001029820090
1005002337793220
1005002122461744
1005002260701014
1005002177418325
4001334931210
32870708747
4000546696169
32973990550
4000238534442
4001247325308
1005002198694728
1005002320857325
1005001420992923
32730063883
4000038373342
32852560957
32949555159
1005002310520093
1005001329680608
32908989835
32862720665
32962718572
1005002323295655
4001270382450
1005002322021653
32992219592
1005001779080629
1005001360442355
32913842612
4000237820277
1005002342015450
32482700285
1005001481670525
1005002177451452
32656244175
1005001805810943
1005001981254267
4000321879433
1005002262587560
1005001665031357
4000642293542
1005001715979507
1005002311899148
1005002474634469
32762875533
4001103500872
1005002085882247
33031012136
1005001963442762
4001111678088
32890250779
1005001724065011
32366515863
1005002413307301
33034623213
32963567405
1005001607439230
33048874962
4000857229712
1005002396701596
1005002332958639
32913818771
1005002091105167
1005001847179786
1005001878711302
1005001702940644
32985014518
1005002172391812
32853020972
4001213035003
32925062253
1005001707796332
32991018717
1005002316035495
1005001779835416
32978356967
32964589353
4001183778876
4001038393482
1005001638853432
1005002353932478
1005002324027478
1005002376425990
1005001997183780
4000894127177
32950090345
1005001954985134
1005002011298464
1005001869370331
4000464752455
1005002065005730
4001316124623
1005002018140587
4000670629503
33035261027
4001049183278
32770856534
32757374058
32956062975
1005002317801635
1005002390781988
1005002454306339
32853101110
1005002344532465
32805279167
1005001808162269
1005002323124054
33045422112
1005001271343600
1005002309229403
1005001523316491
1005002469310153
1005001946601473
1005002461569032
1005001613818771
32868507165
32852568504
1005001928439359
1005002330744226
1005001415314722
1005001596849335
1005002258934954
4000918034057
1005002472822143
4000041372956
1005001845680079
32970639795
4000780732087
1005002120062067
1005001685345854
1005002453757132
1005002064902502
1005001693233389
1005002225451960
32632554912
32540869900
1005002442060916
32794896937
4000384861650
32888321031
32979373602
1005002299066651
1005001485460825
1005002240758865
1005002222531932
1005001296609919
1005002340463958
1005002259501573
4000726994264
1005001269820653
4001118917762
1005002012097573
1005002034362222
32972158077
1005001893395363
1005002319451014
1801534266
32932843558
4001010831949
1005002260868221
4000401754577
1005002233866797
1005001645371715
1005002006679424
1005001494686485
32999222771
1005001945941982
1005002322699955
33010968212
1005001351979786
4000587301490
32948366358
1005001890908561
4000935533443
33032935290
1005002206348599
32953846089
4000857298871
32977611456
1005002316913879
1005002467925850
1005001380675286
4000103370670
4001217915104
1005001868589414
1005001467790615
1005001782620312
33004074773
1005002313997663
32915956036
32823097701
4000234185712
32841900400
1005002345609981
33010712008
4000580721140
10000188945718
4000153722151
1005001828522967
32843307798
1005001786376203
1005002440614016
4000002400313
1005002161299938
32875144109
32266170140
32861302271
1005001656902509
1005001582729031
1005001861078810
4000673488959
4001135196512
1005002389578661
1005001876980453
32805610102
4000965020747
32394012278
1005002352007270
4001195469196
1005002210376733
1005001319182775
1005001699182246
32682257466
4001112068592
32963105475
32815648951
1005001640169686
1005002498622159
4000709617608
1005002487866859
4000997072240
4000691702680
4001013004364
32888932547
1005002260350864
32973759035
1005001629396587
32491676959
32966615158
32907495448
1005002239685533
4000348620048
1005001930413428
1005001733961139
4000259160777
32901073814
1005001666641981
1005002227658528
4000843005206
1005002326545453
1005002315528765
32472922079
4001274959471
33063655254
1005002295222691
1005002245535989
33027517559
32995855253
33023351941
32932108836
33058165815
1005002495372961
33009290280
4001251164084
32971138793
32955299640
32920185846
4000717796658
4000334577991
1005002113360133
1005001805805305
1005002112468511
32994903495
1005002297889875
1005001585181240
4000326378405
1005001624845154
33005243409
32885005577
1005001808126882
1005001641081490
4000987284238
32870706689
1005002314342901
1005002442365777
4000124065001
4001219570227
33035061762
32998763000
1005002359724411
32965146476
1005001614904654
1005002375218890
32975812635
1005001928617014
1005001344660290
4001300297890
32770257533
4000184101489
1005002467056706
4000008645407
1005002336703942
1005002273529334
32782458229
1005002427048272
32765946491
32907276472
4001114360771
4000089115199
32871186739
1005001997292141
4000981515371
1005001889511597
1005001972722982
1005002466795664
4000578737633
32614702707
4001027973036
33036792638
1005002279236513
1005001531102859
1005001274242934
4001184485799
1005001918236477
4000496690659
4000784901290
32848533504
1005002467576671
1005001884266630
4000546485997
1005001640112384
1005002388387438
4000684429657
4001028163628
32982449737
1005001425517853
32860297713
4000437356294
1005002327658297
1005001922722401
32972708010
1005001576904556
4000956142860
32989657457
32833513469
4000205465532
4001364590963
1005002393308897
33058984061
32853424863
32959130798
32897217847
1005001446076413
1005002423409193
1005001519116272
4000638383173
1005001624981752
1005002345297194
1000008106341
1005002286409956
1005001291516834
1005001736150812
32794960992
32856636569
4001280671646
32873151080
4000760861441
32982881991
1005001299035508
1005001836216077
1005001869931138
1005002252973883
1005002207439958
32980441159
1005001353497760
4000994407566
32855923585
1005002381831458
1005002069506053
1005001813546615
4001138266217
1005002352584250
1005001941499924
1005002356959785
1005002352342298
1005002296999258
1005001612240036
1005002442844928
1005001866039448
1005002253119607
1005002297242621
1005002473655567
32890978027
1005001728102796
1005002086487015
4000043289177
1005002264850629
1005001736612898
4001095539097
1005001897537687
1005001499009244
1005002440412756
1005002275264785
32963205223
1005002371855007
32991097337
1005002267712366
4000820071794
1005001827510010
32955663682
1005001549998572
1005002409513498
32923928984
1005001887846426
32981703914
1005002377570594
1005002244295506
1005001797500188
1005002392060670
32854010448
1005001916037798
4000790517388
1005002058406479
1005002469996098
33048126192
1005002347001433
32606029378
1005002448959619
32815616869
4000147826275
1005002350747167
1005001678112514
1005001948163578
4001014238647
1005001286074071
33050661191
1005002283452892
32830008370
1005002309798896
1005001525565092
1005002363523101
10000377352960
1005002336827335
4000706556133
1005002397733716
4000092260404
1005002019692479
1005001651233840
1005002264978122
33029403819
4000336881643
1000004585077
1005002474697629
4001228873127
1005002351721173
1005001870382775
1005001930288143
1005002317271437
32890663600
1005002357509229
32955364294
4000302408823
33029335892
1005002153110990
32976924161
4000329998296
1005002169067114
1005002244492273
1005001567525621
1005001525306914
32914686960
1005002357674082
1005002416859399
4000041456326
1005002389756984
32968780288
1005001561780559
1005001873340016
4001288268485
4000336237131
1005001300137061
32979877465
1005001717566125
327081964111005002129866718
1005001340984472
32810982194
1005002359699361
1005002241978996
1005001327388868
1005001656943280
1848832806
4000418656493
32808635803
4000826018160
1005002326237831
33036228874
1005002240366796
1005002438358828
1005002182174028
1005001731764852
4000106125785
1005002467406944
33013844229
4000039542916
4000610216812
32826875760
1005001512800679
1005001604822205
1005002011748427
1005001941410273
32701286955
32863382389
1005002246378280
32822902736
32966773773
1005002077034722
1005001556663559
1005002124968268
1005002352997521
32837783172
4000899731281
1005001818041170
32367659415
1005002496635071
1005001525693680
32978167380
1005002333623610
1005002350342551
4000127309219
1005002281733284
1005002314211424
1005001877374024
1005002433097899
1005002333405846
32854417346
1005001479748087
33008523715
10000062851184
33025836827
4000214740648
32897366571
1005002253621533
1249390011
4001275888092
32826716894
1005001830122463
32737799497
1005002089274474
32863884125
33021981558
32630487065
1005001987888173
4001184722476
1005001929455597
4000717715536
4000385467077
32808274848
4000228934576
1005001810979413
32644451526
32817096357
1005001616781932
4000245873063
4001191794436
1005002326583838
10000207745462
1005002315889254
32303639652
1005002281949222
1005002487757088
4000287614596
1005002450520243
1005002359044132
4000920984106
1005001970624046
4001117292063
1005002286334125
1005002377199805
4001268181977
32911523497
4001142529681
1005002475931940
32896032270
4000884162947
4000912799798
1005002361909188
32802771313
32921100863
1005002408015009
32965639538
1005002007706010
1005001360296031
1005002383200764
1005001974626190
1005001391699772
32946539891
1000007340401
32832502259
1005002378005124
32888475591
32847614773
1005001551317261
1005002481123061
32953074284
32905750837
32838825026
32968412607
32983442954
1005002443544461
4000843321469
1005001539944235
4001229985473
32833854695
1005001720165819
1617238004
32649025555
1005002353445050
33046283044
4000778822458
1005002369796711
33004019319
32895631989
32984410558
1005002205319905
1005002336954807
4000444944624
32816724262
1005002428210701
4000328947338
4001060903688
32657565777
32857015988
32983032710
1005002017018708
1005002211425825
1005002289578242
32975286899
1005002371177843
32712473905
1005002071383800
1005002129065912
1005002323559284
1005001626800328
32846077462
1391784591
1005002320021229
4000666784339
4000607195372
1005002003737257
1005001659715102
1005002264462823
1005001653000994
1005001596437384
1005002219567908
4000176187595
1005002213156491
1005002261760715
1005001727895543
1005001685597954
4001324325564
1005001768364979
1005002147196487
1683979839
1492500814
1005002374931593
32579515064
32952506130
1005001872581010
4000896090987
10000399955284
32815345427
1005002271928418
1005002366587908
1005001370946135
1005002395761963
33006720540
1000007381035
32866127588
1005001466315619
32967792909
1005002304400538
1005002364081534
1005002151692713
1005001392672485
4000623935074
4001044805267
1005001484433381
1005001431313562
1005002316828751
33038222823
32839135357
1005001727582569
4001090484408
1005001627738929
1005002027943518
4000375470527
33008340940
4000850666875
1005002033710059
4000410020044
4000960960636
4000689536491
1005001717881844
33007238797
1005002314315564
4001142375628
1005002500424895
1005002122499418
4001343860428
4001280742365
1005001952132595
1005002035399437
1005002352690067
4000842691091
1005002167902042
1005002199099801
1005002246020620
32810957936
1005002416193728
1005002074173602
32966331339
1005002277613113
1005002396531951
4000630811095
32950184404
32890467645
32955504396
1005001838228926
33042606410
4000292504550
1005002133104827
4000987331580
1005002440197202
32648862409
33002374505
33045974899
1005001998247955
4001244622093
4000261861582
32717871708
1005001675136698
4000986441919
1005002254426824
1005001588143948
1005002363487436
4001173914629
4001343958626
1005001939935115
10000382238845
1005001738040257
1005001985814595
4001339160759
4000886944749
4001033014691
1005002436595282
4000661005875
1005002314440366
32934907955
1005002332678796
714422497
1005002350728209
1005002336741966
1005001807786069
32681468306
1005002100547533
1005002347578351
33031197307
1005001474031859
1005002314393332
1005002336217398
1005001686234297
32670597623
1005001966514279
1005001686295227
1005001698968822
1005002421525241
4000594715882
32945988805
32843701221
1005001868658638
33003560606
1005002279165794
32968079970
4000384317156
4001225259040
1005001878941834
4000709117345
1005002170694915
1005001392877968
32853158798
32835585650
1005002340415690
1005001515886518
32800066917
4000461715221
1005002356512296
1005002021712991
1005002298246857
1005002277709624
32947330559
4001138621665
4001285042995
1005002329252922
10000334021473
4000003561973
10000004919764
1005001893456512
1005001515241343
1005001517028878
1005002489647356
1005001541359961
1005002367399025
1005001424393013
1005002467181298
1005002208420414
32553976723
1005002042390720
33057959800
32769815090
32816536745
32976642389
1005001481330486
1005001961709226
33017257588
1005001464889599
1005002268235890
33024672027
33000264189
1005001287753534
4000321681921
1740239547
33014777090
1005001666170387
32985444663
32854860552
32580036305
1005002337676675
4000842755393
1005002307144089
32836057974
1005001994650151
1005002388377582
1005002234484982
4001232128070
1005001698546492
1005002491662244
893760769
1005001270959345
32984570992
1005002301857483
1005001311532910
32975795082
1005001914809189
1005002192899229
1005002314281879
4001037026556
1005002453360350
1005002046302588
1005002348737609
1005001831172338
4000899466656
32770181481
4001109786943
32993243099
1005001572625525
4000695657318
1005002351001943
1005002491401467
2046474591
1005002312106049
1005002443101360
32958879227
32759891039
32910261045
1005002441673997
32983979726
4001230204304
1005002333559745
1005002278002416
1005002335108144
1005002377633784
32982250870
1005002482248967
32999865617
4000322269538
4001333730480
32827614401
1005001423175520
32287938413
4000879170612
1005002198315859
32883784662
33038978508
4000849855273
33000396114
1005001379631992
1005002270721022
1005002359310685
1005002467652847
4001148377984
4001035440312
1005001418929338
4001178375980
1005002288299098
1005002315113585
32823690539
1005002376139622
1005002313744317
1005001715246518
1005002120965098
32832171913
1005002454309280
1005001502552641
1005002310916915
32832573083
1005002471148586
1005002025106077
4000972289841
1005002485170580
4000697476287
1005001722575794
1005002399719775
4000452393702
1005002347341078
32769112490
4001265283088
32837975819
32913430004
1005002325502340
1005002264000386
1005002290069537
1005002465768949
1005002266037279
1005002453204681
1005002332415208
1005002217261167
1005001706737618
4000246618779
1005001729391595
32989152640
1005001437662198
1005002288527733
4000960598350
1005002454971278
32826968415
1005002108557731
1005002240380869
4000861837142
33006949507
1005002336499808
4000176834804
4001269390191
1005002312233517
4001091273776
32989830418
1005001402387474
1005001669796549
1005001406200325
32682203957
1005001834449759
1005002478797269
1000006309935
1005002347066645
33001289743
32961914198
32683973135
32900455063
1005001890018326
4000320850271
1005002191848672
1995169725
1005002448950193
4001320365646
32899736579
1005001659705052
32963346102
1005001584874671
32883650846
4000597631115
1005002234006456
33020644796
4000972868714
4000971469157
4000442321760
32506394707
32833309308
4000930247813
1005001381235222
1005001426570413
1005001848165453
1005002467104512
4000253195451
32816702870
32920524575
1005001441437407
1005002372437284
1005002279597624
4000815346189
1005002440714715
1005002348679615
4000237843129
1005002443723146
32313198511
1005001860695978
1005002453547658
4000512862027
4000262680860
4000505384307
32977082170
32946745031
1005002350794069
1005001850827618
1005001907477167
1005002085382043
32771625473
33016999820
1005001673123870
1005002173520191
32646972915
32881018246
1005002345157334
1005002108523382
32877441372
32822763034
4000772195423
32854914998
4000589150480
32822099666
32703797708
4000397655654
1005001489203374
1005001871087536
33035264047
32900144009
4000443606433
1005001724072526
32705333112
1005002352748429
32955978395
4001272963389
4000530545278
4000982521314
1005002054785417
1005002475893279
1005002321768413
1005002330468079
4001004406190
1005001411562362
4000852667977
32763522407
1005001568684394
4000506489252
4001052778916
32993883291
32652164409
33049505989
1005002390291445
1005002157517544
1005002490502109
1005001853383309
1005002282415369
1005002290471605
1005002313455172
32946445106
1005002330544562
1005002375346988
32955785385
4001034786577
1005001314590094
1005002099386491
4001364111932
1005001936270352
1005001824265134
32775257496
33013819482
1005001656978949
1005002224250996
10000128114872
1005001570652842
4000294693676
1005001547880684
4000812173195
1005002432512334
33021855774
1005002221764914
4000279045183
1005001545603865
1005002288752990
1005001818655250
1005002297142807
4001176108011
1005002316090925
33027525714
1005002408588961
4000889769282
33054624897
32680087972
32918122455
32957023152
1005002289609183
4001289662665
33034696362
32867980288
1005002245781621
2054478573
4001205605202
1005002353247459
32863002003
1005002170937808
1005002205299560
4001215209969
1005002483858902
1005002443190360
1005002468489267
33005016957
1005002395732801
32916736681
1005001728341059
32528079750
350341556
4001228095332
4001120379220
1005002287001512
32952785126
4000131271946
1005002416662264
32830023438
1005002443668617
1005002271762701
1005001721396251
1005002258809432
1005002480931272
1005002395227818
1005002316652449
1005001713454320
4000481332950
4000427101434
4001090724231
1005001325254942
1005001572155612
1005002311609862
32924031230
4001159627326
1005001607798261
1005002311909915
1005002454345699
4000785388450
1005002262211037
32566984318
1005002253625292
4000861103781
4001171035517
32903823567
1005002313994620
4000388023900
1005002418647598
32999076124
1005002307377610
1005002225417094
1005002453740708
1005002283468982
4001265995293
4001059727826
4000782365191
1005002253616321
1005001921433609
4000302003332
1005002069119411
32319606758
1005001664562069
4001278992784
1005002344018432
32956838964
4000257512608
32860764535
1005002417742095
32945552716
1005002425864103
4001109866966
1005002394869657
32894386753
4001049064657
1005002142883774
32949305171
32632555054
32842018792
32837841544
1005001659212243
1005002287707990
1005002490292263
32814766319
4001181311850
1005002075256076
1005002469084999
1005001754106506
1005001384166602
32998578894
32793847266
1005002057183139
2013190983
1005002284259980
33035878266
4001031322215
1005002315386608
4001277098055
32977839232
1005002315315536
10000294394358
1005001849130690
1005001771530411
32836358973
1005001874437335
32833313198
1005002399931303
1005002447939571
1005002007052269
1005002241524369
4000032698823
1005002137204850
32918770381
1005002377580446
4000102743073
1005001519188148
4000283456415
1005002298578923
32902350758
1005002420799238
1005001867861146
33050772961
1005001587107920
4000842967706
1005002336898954
4000636713641
33022009241
32951547339
4000096733585
32843574522
4000980545650
1005001406253706
32975214365
1005001855028659
1005001920518047
1005002267762659
4000860428637
1005002468234845
1005001713202997
1005002076465685
1005002184877863
1005002078664705
4001068492297
4000843046082
1005002346938469
1005001687887598
1005001706774245
32568053398
4000714492604
33031677728
1005001443215630
4001204564800
1005001380031370
10000397749365
4000073773516
1005002348277271
33019986711
10000146372485
1005002372187766
4000990856299
4000462851198
32951781504
1005001335484116
1005001330168678
4000173671675
1005002318524634
32879328022
32769521779
4001138184513
1005002490253652
1005002289500605
4000410735454
1005002387981713
1005002222620821
1005002430839845
1005002357869878
32993992721
4000829235362
1005001640426071
32918839328
32263573487
4001280403337
4000983188143
1005001694768652
1005001360737007
1005001425383141
1005002356312142
1005001348523023
1005002295421669
4000077327156
1005001893146564
4000696258625
1005002345029024
4000057281965
33058737260
33037643241
4000111215671
32869676025
1005002159622020
32858575056
10000183333941
4001132926910
4000842975669
1005002337430135
32616808886
1005002381881581
32862206565
1005001339253304
1005001511590887
32964718596
32985685059
1005002070412796
1005002423874160
1005002298513140
32859469518
1005002300130345
1005001531876112
4000674721869
4000012709976
1005001793067426
32891050496
1005001560886001
1005002234186969
32768000888
10000413859411
32841721453
32918733630
1005001457750950
32951014333
1005002328008235
4000576132229
32891040533
33042500362
4001188673105
1005001783179514
4001327761008
1005001604240163
32964642054
32884132092
4000335543739
1005002312998212
4001337875110
32433759959
10000395870223
4000206686098
32985099094
4001228651612
1005002298266276
4001117894181
1005002473043443
1005002259545209
1005001565334749
1005001438610695
1005001284884424
32789699191
32890077463
1005001923833472
1005002267852278
1005002496977115
1005001984403651
1005001825605814
33033538931
32725745697
1005002229775421
4001197923416
1005002224317547
1005002254060340
1005001670851411
32293025878
4000076250070
4001027918835
4001248673354
4001358707594
1005002490480139
32992411542
2012461370
1005002431861780
33033506735
32951892817
1005002447953811
4001021892448
4000068514433
1005002275313872
1005002419415794
1005002455048187
32788512493
1005001913445094
1005002314050227
1005002353342408
1461113110
1005002176611035
32996566210
32993057488
4000074177482
1005002272549103
1005002400658290
33014899125
4000987520515
1005002345018698
4000837258370
32956567294
33035076367
10000397764176
1005002389400590
32556413268
4001278934223
4001257918423
1005001736827498
1005002283396909
1005001748139851
1005001604597815
33044477055
1005002396452689
32954574230
1005002055365366
1005002333806887
32646837892
1005002272467767
4000063880260
4000804155285
32964223019
1005002301504764
1005002439045243
32749913656
32975808708
32563389696
33009693561
1005001413762544
33050997256
1005002412308228
4001145063593
1005002257749859
4000379740612
1005001897558008
1005002336717779
1005002176292258
1005002094660920
32857676616
1005002390880860
1005001637806489
1005002233370042
1005001504244965
1005002033266623
32782690679
1005002221125357
32930598556
1005002260407503
1005002364253056
1005002284693364
32958767922
1005002166644087
4000812442633
1005002282697578
1005001360483560
32829710666
1005002078686766
1005002314269676
1005001843447259
32891006638
32955433025
32791068985
1005002011728505
4000489193210
1005002326856997
32959988341
4000515110774
4000934275108
32753723276
33045528405
32891183066
1005002334485699
4001115545455
4000138442008
1005001882548786
32945881949
40008082086791005002336528468
32971754002
1005002346383790
1005002305505910
1005002306002566
33004455442
1005001617883536
1005001520199907
32594968281
1005001769828652
1005001300850788
1005002489135616
1005001516839066
1005001993170478
4001264018020
1005002288990062
4000842726101
4001359298976
4000267076039
1005002115282778
1005002224973279
1005002318517113
4000186399183
1005001776300153
1005002114536147
4000177902193
1005002447667630
1005002264281990
1005002310111459
1005002042959931
1005002237532143
4001068670782
1005002034416201
4000267615522
33044531310
1696283169
1005002393378805
4000987391663
32984775386
4000108265098
4000595250801
1005001901448454
32850917172
1005001732425685
1005001487657783
32919803825
1005001671072116
32830226355
33024684130
1005002276400948
4001271962080
1005002420251914
1005001694981875
1005002402119681
32830216721
32812015348
32222631702
32965445035
1005001883891907
32861351740
1005001950077512
1005002359733381
1005001529332223
4001179888426
32894812247
1005002262138297
4000222588596
1005001494926296
32831901490
2044144703
32728824175
4001186139710
4001053990686
32921274330
1005002316630879
1005002383699738
1005002166314355
4000141765830
4000963311930
1005001395791065
32888931014
1005001855888031
32843981381
1005001519621350
4000151212466
4000884972183
1005002366959903
4000922255130
32846393589
1005002015609475
33000776766
32889298570
32920834924
4000552316865
4000236309760
1005002398022927
1005002297528717
4000078211696
4000926283328
32885882110
1005001465476362
1005001702713311
4000375862095
4001283533197
4001138949211
1005001835038686
1005002390435193
1005001345266558
4000464397964
1005001504618700
1005002332328414
32909229268
1005002088779339
32988580450
1005002165496013
32989317784
4000955786426
1005002310376096
4001288186827
1005002231259515
4001039328964
1005002307299211
33008796406
32908648842
1005002270634336
33036670865
1005002186341634
4000793448716
1005002448001253
32890146240
1005002213529475
4000389815092
1005001407583263
32980027176
1005001487474762
1005001664191746
32718424058
1005001615777135
1005001507587965
32986713152
1005002467806255
32824162821
1005002332460307
1005002489585554
1005001279132403
1005001884931418
4000076338405
1005001854510123
1005002239179045
1005001723338715
1005001424270771
4000034933946
1005002314335587
4000124412057
1005001922679058
