4001278904572
4000302496659
1005002454303277
1005001411654298
4001143898148
32896939026
1005001564590559
1005002208010786
4001029653872
1005002314375388
4000095861000
32918068773
4000138797336
4000778974666
4000713162749
1005002260685306
4000137030889
4001015158982
4000672138750
1005002489589658
4001065036539
1005001680446841
32850060836
32861798048
1005001502027979
32970111557
32869144654
1005001288166791
32802831210
10000377656112
1005002040526356
4000339175699
4000722312902
1005001599368884
4000151218950
32648143267
32998950109
32249712253
1005002168372252
32997100662
1005002424696702
4001150700626
1005001952174733
32466940637
33006014680
1005002319417458
1005002430099433
1005001754222058
32703929664
4001270778531
32624545839
1005001446878284
32975076343
1005002265894515
1005001337592402
528817234
1005002260059712
32816454152
1005001264942107
4000817003172
1005002125655330
1005002252291933
4001091084341
1005002447172612
4000748013396
1005001565805784
1005001269618617
1005002399108250
32561989321
32608804682
4000759678959
1005001316909760
1005002382470518
32904709025
4000086565551
4001122579260
4000260547298
1005001427255510
1005002312624467
1005001731183421
33056318535
4001118629610
33011329738
1005002288239317
4000929662373
32705064378
4000921129211
32878716288
4000110441998
4001271847742
1005001588171288
1005001895579559
1005002282995412
1005002175929288
1005002314410901
4001155062886
32912074278
1005002330685742
32997514044
4000414982588
1005001836403371
1005002333589802
1005001423751866
32919544554
1005002413925714
1005002350726400
33041865592
1005001985007199
1005002171421016
1005002432599234
1005001768822487
33053624322
1005001779843764
1005001864046725
4001002874272
1005002143856004
4000626391261
1005001812763416
1005002282815052
33013900871
1005002364451790
1005001887668202
32717759050
4000955408096
4000311884590
1005001894674465
32998574087
1005002381741423
32723450012
1895369263
1005002433140326
1005002289540890
32858055300
1005002205841293
1005002413448803
32834586988
4000879670823
4000769920529
1005001521621261
1005001417558739
4000510713809
32830160066
1005002251709882
4000131504973
1005002258764237
4000817951541
32952580835
32871283424
32932116172
1005002394734884
1005002212493016
4000834731267
1005001496775157
32999252785
1005001895594130
1005002442136322
4000278098048
32813621684
32880710061
32843849061
33039074588
32977099270
4000124915663
32835136329
1005001614048835
1005002115320958
4000959659007
4001143677671
1005002400388629
4001340354003
32903355404
1005001381957816
1005002387227690
10000420572165
1005002225997688
1005002211909910
1005002254506410
32977454521
32949339631
1005001507827097
32981692278
1005002260676976
1005001274421405
1005002315007406
1005001812146380
1005002089705826
4000718653545
33016170642
1005002258498154
1005002311012107
4000541271282
1005002062053157
1005001267187567
1005001645686589
32967026038
1005001646148056
4000832372511
4000257240180
4001254808315
1005002205724489
1005001694757722
32823256427
32647343975
1005002052114524
1005001707979911
32947995756
1005001444385193
1005002350784105
1005002363284741
1005001374897892
1005001921818601
1005002288396474
4000051812811
4000310970627
32977655615
32977631675
1005002323819365
1005001551555089
4001039780208
1005001561263400
32885704580
32972932297
4001057359709
1005002294797568
1005002376011489
1005002305560509
1005002314302050
1005001526740817
32821237116
1005001466422899
1005002449116495
1005002128821434
32617902490
1005002259776537
1005002263528821
4001230412178
4000738964610
32946245928
1005002352809900
1005001409356245
1005002443723870
1005001861680744
32906924453
1005002318546837
4000963980059
1005002002442463
1005001975496851
32664668459
4000789131853
1005002007899978
1005001840073448
33002341433
4000098626817
32772760271
1005001741228822
1005002271938608
1005002368524393
1005001431191483
4001257647594
32906341163
4000873699502
32881893026
1005002347358450
4001112320293
1005001905245577
1005001458600263
1005002400513355
1005002207512866
4000844967230
32544369868
1005002476082867
1005001632304434
4000979620516
1005002309587388
1005001418688916
1005002468461019
1005002293910772
4000380799238
4001175616702
4000782146855
1005002475419557
4000080776100
33001368775
4001210666180
32893134323
4000937726019
33033771507
1005002000019058
4001228791006
32955377655
1005002119887432
10000302271260
1005002279266515
4000250383437
1005002388410221
1005001544541684
1005002367449119
1005001379831838
1005001890972108
32988726303
4000900255905
32665930161
1005001764250238
32910178747
4001154565143
33017488387
32790901702
32948107842
33040708429
1005002305803815
1005001877482172
1005002162468234
1005002317601429
1005002282223151
1005002489761150
33024253627
1005002356478912
1005001462000303
1005002297166935
1005001954769764
1005002470095159
1005002070177935
1005001914023483
1005002394944780
1005002125164386
1005002365707424
1005001967397036
4000777089319
4000289453877
32635678320
32872027544
1005002293703075
1005002385617499
1005002320933790
4000932236725
1005002272526669
1005002318301456
32930491077
32860703911
33003515254
4001137994699
1005001438822503
1005002352198249
4001148093777
1005001392018205
1005002412729578
4000495795853
4001275244759
1005002329696996
4001027755947
1005002237647711
33006204179
1005001597565600
1005002282923042
4001316268676
1005002357662961
1005001934455621
1005002108026056
4000386555721
4000990396024
4000857385190
32847604039
1005001552672474
1005002317560592
33047901009
32880842967
1005002219370288
33025028239
1005002356022505
1005002299290339
1005002069379556
4000068121388
32617794250
32968937017
1005002259353700
1005002419615282
33016919776
32727542740
4000237625024
4001211451699
1005002356982515
1005002340997658
4000447058243
1005002412948799
4000034348717
1000006103584
1005001442118641
1005002007668997
32574657468
1005001957128509
32779270693
1005002453430034
32721471929
1005001585501909
1005002289439799
10000334063959
751047948
1005002345040266
1005001592572971
32850484082
1005001955205497
33013715821
1005002417547366
1005001726300133
4000843596540
33016052989
32862721898
4000661017808
32954729560
4001088063479
32980926573
1005002418582573
1005002397926358
4000604272614
1005002278387445
32810790404
4000918453445
4000768257520
32808982849
1005002350431824
32880657376
1005001568921999
32848061882
32809474192
4001139551073
1005002467733096
1005002443686323
4000587286633
32971642167
4000569259037
1005001386562586
32788141109
1005002289624753
32831603730
33025182259
1005002205607165
1005001290153088
32975739449
32842903760
4001251626171
33032173457
32834016669
1005001769160336
32986543714
32906478988
1005001469348370
1005002370668595
1005001890050533
1005002484000230
4000057278933
1005001505375166
1005001487055389
1005001992530121
32963047246
32909003710
33028967925
1005002002414205
32877291315
32870983058
4001265130866
1005001868711499
1005001650958985
4001039162285
4000121409787
32890991996
32810700980
4000817599164
4000803396862
1005001732138344
32898531351
32996514841
32898312253
32373825649
32524605443
1005002425473763
32838001365
1005002314146549
33003318612
4001029309623
1005002336061969
1005002320590538
4000105317459
32871115159
1005002457792082
32801179904
4001175339784
1005001748823503
1005001900556775
1005002296990615
32951093270
1065252294
1005001393530832
1005001621253078
32793575769
4001096219277
1005002211667799
4000556792469
1005001364604743
33028932666
4000112297549
4001224731366
1005002302018560
1005002399846897
32999891989
4001214621675
1005001784554846
1005001873615430
32921378504
1005002030322672
32820881857
1005001617177451
1005002483349262
4001255459344
32857796624
1005002304390204
4001084919508
1005002257982907
1005002344456481
4001098184641
4000273266378
32869199500
32874537978
32924414541
1005002399961686
1005001764377839
1005002358875374
1005002237537669
32971982892
1005002389196487
32888915283
32923059022
4000983775947
1005001976686219
1005002382472603
1005002350412971
4000473562717
1005001979369291
1005002314744614
32909892615
1005001614693255
1005002206386777
4001144250786
1005001624516955
1005001488404578
1005002359864661
10000343334085
1005001303780014
1005002305044287
1005002382697885
32611032627
1005002385199345
1005002275575900
1005002472380215
32953268793
1005001507167459
1005001951893946
1005002308663972
1005002243456710
1005001485397207
1005002118137349
32398135423
1005002000230603
1005002072611092
32769989573
1005002270785196
4001344032749
33038833502
32789394761
1005002130265820
1005002443971547
4001290542363
1005002340078634
32967107916
4000345075725
4000384288525
32948296339
1005002330823171
32966981944
32989027861
1005002271588261
32762641711
1005002427571010
1005002210743706
4000267607747
1005002286505976
4001270547832
1005002363243311
4000773124591
1005002393860669
1005002345183522
32846430357
1005002401151338
1005001798178633
1005001355515682
32814354020
32854351294
32918406231
32833411843
1005002337187408
10000027888831
32794220303
1005001542447560
1005002326196730
32799508738
1005002291316916
1005001825227749
1005002259665421
32946966117
32973172880
4001333171549
4001139144942
1005001709518371
1005001447275228
4001227038323
1005002341572469
32835773997
1005001308963258
1005002148500131
1005001482336895
1005002312808712
1005002482111339
33016135996
1005001867675764
1005002490029821
1005001863885628
1005002171383177
32853622110
4000607376823
32981655238
1005001525507079
4000037239437
1005002341967593
1005002298128112
4001360034450
4001150467507
4000438780150
32951415706
4000631832283
32891050522
1005002050308782
32817130774
4001156761843
32801279157
1005002340148939
4000083803811
1005001286834212
32908317814
4000027274427
1005002329104812
1005002446912776
4001130380762
4001131777610
4001262039642
4001257281104
1005001461070598
33001373477
32785702149
4001021328217
4000291951980
1005001725642766
1005001321182699
32731027571
1005002235274160
4001221317619
32737540759
1005002303365350
1005002302959367
33005533410
1005002250952008
1005002449871180
32973331557
32852209345
1005001996151911
1005002079970165
1005002302504436
1005002246104470
4001047786498
1005002413535247
1005002377783627
1005002307056765
1005001682326369
32952658311
1005002246521925
4000117892791
4000548858806
360086635
32991856311
32870320882
1005002302361628
1005001504282746
32728280204
4000193421684
1005001621053678
4001206658487
4000203265483
1005002108083182
1005002342218736
4001285684538
10000395846924
4000560539037
32890528765
32910087124
4001228322606
1005002492421477
32986279429
32888721190
33035044103
32870918693
1005002061581361
1005001414350866
4000944643340
1005001286221958
1005002450053625
1005001609884876
1005001918190333
1005001949436589
1005001626352721
32908186841
32830573054
4001331430543
1005002107703832
1005002467595314
32904972536
1005002091425983
32879794132
32798446238
32850702561
4000433154950
1005001611641147
32931935417
1005002159323959
1005002183715265
4000284118015
4000989490054
1005001622155136
4000722562806
1005001671010676
4000859822707
32789298431
32967762829
1005002114254299
1005002279641643
1005002270363119
10000377107201
1005002389288231
1005001350502165
1005001407392526
1571051172
1005001416790301
32801143360
1703477098
32858578594
1005001840183629
32649642799
4000547662652
1005002467081108
1005001570192707
4000124808971
1005001813793021
1005001591807482
4001201564126
1005001982311280
32758378478
1005002454449135
1005001795706052
33035135458
10000308176999
4000066986373
33026068892
32832358754
4001042058642
1005001599238769
1005002277257808
1005001380104893
32899276848
32606793671
32602906095
435296718
1005002495857042
1005002351585078
4000532211686
1005001493349629
4000856307114
4001058360289
4000267710548
1005002354448677
1005001678273523
4000186686419
1005002211731266
4001265657646
32732099538
1005001489038237
4000689706240
1005001737469336
1005002201610690
32830658632
32984551514
1005002423683368
1005002175392494
1005001438649102
32989076895
33025460365
1005002482216804
32851641824
1005002318837368
32637490330
1005002179927880
1005001821246520
1005002346649926
4000419793692
1005001446519169
1005001582689170
4000844740241
1005001297193911
1005002062075117
1005002488978616
1005002114812853
4000358296370
32969438493
1005001770287760
4001294162031
32744171633
1005001712839968
4000815144296
4001229389924
4000185539980
1005001599062799
1005001831849652
1005002076618293
10050019831457764000150114454
1005002388155520
1005002324172682
1005002098603697
1005001305287799
1005002397783623
32983251604
1005002490089425
1005001464065205
1005001418637430
1005002332283208
1005001969021212
32705507622
1005001671048589
4001332202527
32994222755
1005002297502953
1005002287171782
33058601711
32618492412
32950218746
1005002079959015
1005001717767315
1005002315428794
32705927316
1005001593213522
10000234850517
1005002351800401
1005002443695339
32842541933
4001028546015
1005002126612152
1005002207478974
1005002322160310
1005002484608501
1005002496081891
32777811789
1005001624803465
1005002122354601
1981788291
4000314950634
33044154663
4000601664612
1005001330915784
32807289819
1005001722412521
1005001971611751
4001324157633
1005001862051389
4000743650838
4000230917027
33014476730
4001217886274
1005002490502220
1005002297648435
33050074457
1005002481261727
1005002027546546
1005002314518620
4000463296080
1005002285119234
1005002288223662
1005002314006761
32790237341
4001134816005
32575494079
4001217234204
32989098004
32995198897
4000045380208
1005001874998322
32866459890
1005001402147834
33050668513
32998601202
1005002293131194
1005002292768855
4001045056543
4001062059267
1005001304299686
4000170043703
4000835020492
1005001766001576
1005002234307025
1005001763676482
32923274801
4001335392714
4000189962643
1005002277086228
1005001525479204
32996998676
1005002088980244
1005002499478324
32954688080
1005001398562672
32859065206
4000029838642
4000469597314
1005002074510650
10000153221936
32930767369
1005002349843396
4001251889616
1005002166858879
33055492818
1005002052514423
1005001613073740
4000282084595
4001364348078
33039521806
32783308623
1005002356070675
32882986937
4000260985451
4000450927673
1005001566856142
4001228729292
1005001659514861
32790074599
1005002442654309
1005002274067172
1005002405067014
1005001711702315
1005001731229698
4001151245691
1005001695734539
1005002395551643
1005001483384492
32883994126
32378822670
33033177578
1005002221460888
4001212295209
1005001650484637
1005002341884938
1005001525307978
1005001683578602
32863784435
1005002180350426
1005002392197672
1005002425997001
33017174785
32959077464
1005002241550354
1005002050387857
4000865426803
1005001362022469
2048236640
1005002350821457
1005001642832206
4000059534500
1005002426087197
1005001670928747
1005002206490136
4000409777797
1005001573183152
4001017386017
32981319708
1005001506697003
1005002291101928
1005002284561975
4001144010089
1005002008422248
4000725499880
32981542008
1005001495086752
1005002334873547
4000211058804
4001191806496
1005002254533754
1005001534057274
4000049126657
33044570078
4000944345066
4000479318389
1005001835404928
1005002185987794
32773805803
1005002117823184
1005002096166902
1005002362431707
32993435961
1005001482846356
1005002286573476
1005001599001356
1005002418688132
1005001960958112
1005001616748638
32850113629
4001270790192
4001068050283
1005002340350087
33019024154
33036064218
32761473380
32585124991
4000785414947
1005002036021174
32952376484
33064019583
1005001487629854
32892874106
4000856250856
32607472781
1005002272055186
33005046793
4000231312051
33021090624
1005001321955508
1005001858344372
4000197715533
1683832101
32983536261
4001157829556
4000424180415
4000761210190
1005001949455834
4000093154669
10000388646490
32944904798
1005002359747928
4000997437209
32921016889
32968464008
32976140494
33060859711
4001175486183
32972405810
32919603366
1005002477753692
1005001495258610
32954192920
4000291001899
1005002482358333
1005002291838606
4000457916206
4001027823197
4000470685225
1005002394374861
33017506816
1005001616464839
1005002347089817
4001027732847
32776933155
1005002314523085
1005001487073379
32964274981
4001065940566
1005002446704897
1005001954977486
1005001756247020
1005002220071305
33007514782
1005002052467694
33009776868
1005002187025928
4000042949060
4000121543783
4000338722091
1005001774035396
1005002318949208
4000143274616
1005001936467263
1005002458958819
1005002277954254
1005002234179624
32814897633
4000982471825
1005001524077154
1005001314408722
1000008363190
1005002271665639
1005002277190944
32431130110
1005001960030054
1005001896687619
33014822879
4001027619546
1005001727161935
1005001308532270
1005002287530172
1005002383669476
1005001566007483
4001161954847
4001228432954
32648584810
4000927967112
1005002003277163
32983372549
32881965949
4000295915579
1005002324464534
1005001846814108
1005001582458832
4001156111754
32872665110
4001144074935
4000529072710
32299658224
4001059050481
4001309890287
4000781148114
32924418601
4001226852170
1005002114966208
1005002304819948
1005002100313544
1005001394132367
32797292742
4001339568900
32901860310
4001299916262
4001024518767
1005001267042697
4001225241375
4000072265868
32947113181
1005002490121129
32832541242
4000754981988
32962787395
4000543539403
1005002228670314
4000224547211
32896962296
33014347603
4000499767012
4001099106937
1005001695936434
1000006415903
1005001333788801
1005002293794409
1005001526268135
32819977704
1005002353907473
1005002101425841
32678562640
1005002314345856
33016718950
4000955791519
1005002233834394
1005002236523635
1005002401131031
4000789952686
1005002239977760
4000848087612
4001037589515
1005002297862873
1005002282774234
4001061673441
4000087856516
4001193116235
1005002389667509
32958028950
1005001592881232
4001156937800
4000510104202
4000077015719
1005002388727686
1005001982256398
1005002264932118
1005002254317878
33002693835
1005001495161059
32885409991
1005002322385739
1005001848980713
33008149596
1005002211880679
1005002245435536
1005002328910834
4000703721779
1005001996686757
1005002454475020
629625108
1005002253167234
4001133111909
1005002461678651
32834359846
33044229896
1005001509925115
4001257226310
1005001488204613
1005002367809411
1005002367585387
1005001267432916
1005001457085986
4001064490218
1005002313816386
4001156911591
4001041391191
32995803251
32562426679
1005002346433009
4001352141019
32982857897
32703045498
1005002305172822
33056005703
1005001562494259
32739542076
1005002334194957
1005002271624980
4000850677262
4000698789861
1005002454462205
4001138218964
1767693342
1005001350229115
1005002304269203
1005002297531325
4000944065232
1005001448221511
1005002395833104
1005002317767847
1005002437792793
32813555284
32512469241
1005001484906646
32845771407
4001017591710
1005002483023555
4000328115429
1005002263898713
1005001998657794
4000458743018
1005002000168507
32946673662
1005002347463004
1005002258491842
1005001906366509
1005002467812845
1005001447378538
1005002379282069
1005001749533125
33056457455
4001283671095
4000538468922
4001316385519
4000334376680
32886038677
1005002310952475
1005002456886155
32705259214
1005002385173437
1005002172250631
1005001731775616
1005002125310184
1005002306488699
33027525773
1005001338598317
4001233681988
33007759612
32898104136
4001243570679
32922954190
1005001560633145
1005001337867306
4000966293557
1005001724035319
4001299168825
1005001727674753
32850413396
4000201349191
32853892900
4001037777333
4001285568608
32782768066
4000178234675
32973793642
33041664821
32969631555
1005001339486519
1005001988490284
1005002409515526
4001355046644
1005001380663639
1005002389863250
33009349072
1005002309521038
1005002265396067
32834665370
1005001708451558
32916721316
1005002283519751
1005002278424605
33018463383
32964188172
4000058204049
32829870307
1005001667543258
32974336502
4001038574959
32815473462
1005002452921504
32628737943
1970410673
1005002314092389
32939481944
32379346835
1005002382458211
4001258135834
4001260812996
1005001594345693
32909008927
1005002309238181
1005002017396001
4000517911498
1005001380239084
4001273127955
4000153451705
1005002316211656
32874398430
33007356529
1005002032817331
4001214272330
4000307212664
4001228697304
32866244599
1005002003831584
1005001860356954
4000558844602
1005002413645900
1005002342593456
1005001473846711
1005001769207979
1005002241845473
4000111298674
33034336565
1005001924433067
32999573215
4001062233482
4001038942755
4001144916785
1005002276110653
32947723991
4000805192337
4000858930083
1005001304488882
1005001567400715
1005001341045701
1005002271614167
1005002482971368
1005002417566284
1005001742641773
1005002227851604
1005001518910867
1005001850518871
1005001876001126
1005001820818234
32641347368
1005002254534210
33006138164
4001039284268
1005002393792539
4000295864889
1005001831659292
4000937720775
4000410964751
1005002304384284
1505980087
1005001809832233
1005002276921199
4000615897523
1005001900426231
4001209318776
32887163051
1005002337133168
1005002321054009
32811640548
1005001617091481
1005002245421588
4001114040930
1005002343212230
1005002386186580
32971491459
1005002387931269
32983424329
4000093860435
1005002313854184
32383341892
1005001992395487
1005001695492267
4000972273055
1005001423521898
32987589697
32623751805
4001354701535
1005002288015015
4001208378207
1005002355993497
1005001598288856
4000070283676
1005002323493340
1005001899911906
1005001393250888
4001361889904
32958927332
1005002467552198
4001158529028
4000789483499
1005002316288513
4000473540302
1005002356241635
4000906018856
1005001516568948
4001208476747
32808849721
1005002090130524
1005002383352429
32861394971
33027501956
4000003858918
1005002248541626
1005002336870273
4000997056490
4001125515514
32503130233
1005002454642116
4000926604355
32961666161
1005002260222718
1005002469985912
4001107910824
1005002393905728
32982744676
32963546980
1005001511825877
4000798194362
1005002350190699
1005001836672939
4000273277099
4001159539421
1005002238273748
32948986031
32595554303
32976319709
4000534370947
1005002332157677
1005001853318962
1005002332129249
1005002283710464
33018475329
4001276213795
1005002010914947
4000994094473
1005002485293731
1005001731194898
1005002427930066
1005002321386487
1005002330706652
1005002459311853
4000533500125
1005002244166081
1005002398722522
32863709730
32760951407
4001228687655
33058913478
1005002346813278
32913581807
32797553011
4000174229790
1005001501426988
1005001950406421
1005001575809578
4001057973763
4000989475916
33016558541
4000938334391
32912696222
1005001785879918
4001181388549
1005002339963459
32846586001
1005002476986406
32318518445
1005002306640733
1005002315892709
32849913552
1005001543999976
33003553702
1005001780837099
1005002028580630
1005001364753731
4001276011248
32888755876
4001028646758
33046146550
32918594759
1005001756494308
1005002481215277
1005002363469231
32989748057
4000315166797
1005001978686720
1005002080954791
33003986724
4001270575934
1005001431085298
1005001998807463
4000365973939
1005002090104319
1005002420797227
1005001408280540
32979963325
4000850649702
4001211192337
33016865666
1005002293778095
4000538543508
1005002347385311
32974985845
1005001895176428
4001228015025
32250887360
32962599495
4001146219744
1005001693780099
1005002393733625
1005002313661763
32962401228
1005002288138518
1005002019623004
4001130903878
32910316880
4000938615980
1005001620106464
1005002448644524
1005002454321205
32900896360
1005002296297060
4000964301244
4000902504669
4000143482718
32887546130
4000990792892
1005002485225539
1005002472979269
32837371893
32914794897
1005002308595983
4000842624765
1005001787857039
32771829388
4000777408160
32900519625
4000284370193
1005001835788944
1005002176058840
32951393757
1005002364265366
4000419278948
4001281462086
4000510733662
32828608382
32996140602
1005001948975144
1005001986136892
1005002234726754
32688584505
4000898894713
4000241455194
1005001835212871
1005002420511099
4001187542687
1005001498984546
32944256601
1005002488071972
32857853835
1005002465701989
1994102313
4000466136726
32701924132
4000182049146
32917672872
32953319627
32819470038
1005002345638914
4000975016432
1005002310487569
4000038463393
4001110157721
33010960191
1005001275963373
32978707931
1005001547325867
33011747275
32997489188
32969620968
1005001520406840
4000214359835
33052987662
1005002453338142
1005001585023115
4000078263030
1005001469565012
4000723165364
32583670872
4000126871623
32901780599
4000391911723
4001031061974
1005001860422512
1005001769033925
10000022133442
1005002369557346
32741747420
1005001488781976
4001214160866
32927774010
4000927046621
1005002337264208
32788853409
1005002435167233
32658984029
4001003743084
32961623402
1005002336870570
32957878274
4000933513570
4000298496180
4000828874607
1005002201957215
4001278159890
4001084466784
1005002230360478
1005002287333255
1005001620332866
1005002265327277
1005001287033246
1005002268845438
1005002385464036
4001020396252
32888682259
4001085350098
1005002360838414
4001222732967
33060133792
32984739373
1005002073366131
1005001509785651
1005001822374217
1005002357332923
4000962005145
32878640969
1005002268320410
1005002477695380
32822508620
1005001458438596
1005001935464184
32843762425
10000395865249
1005002219996826
1005001980402558
32828322582
1005001927783709
1005002314138934
1005002329483302
33035853955
32951250000
32832792960
1005001594647622
32924478840
1005002330612924
1005001992139354
1005002311645239
32913890186
32709262368
32852608391
1005001592282506
1005002268962879
1005002398074140
1005001627868330
1005002345690977
1005001640042098
4000318223272
4001281831782
1005001889776957
4000044571980
1005002373029592
1005001933549422
33024841704
33010966259
1005001698686958
32851050919
1005001549010122
4001264445645
4000400861669
1005002264729827
1005001686141254
1005002247088028
1005002443469808
1005001411214974
1005001367246540
1005001524326431
4000295961200
32964827243
33037315798
4000990907987
4001085468559
33034590817
32599559491
1005001437488948
4001164405327
1005001436938075
32960770752
32747926428
32873216473
1005002246635326
1005002453273847
33019661083
1005002323020254
32917375366
1005002424696935
33022218384
1005002061594225
4000084835472
32693126827
1005001348696599
1005001694081462
1005002324930660
1005001313712929
1005001406008070
1005001837937569
32889492223
32887014879
4001235107432
32672876552
1005001688506684
1005001611627719
32922555352
1005001369794288
1005002193317580
32845349172
1005002048593797
1005001644181249
1005002104349608
1005002081395307
4000939757806
4001041053478
4000472753155
32982547838
1005001774986170
32945573574
4001325760450
1005002211924626
1005002326368472
1005002234500323
32855321721
1005002217028696
32808011613
1005002293981802
10000356072961
4001130515287
32974347682
32954202435
4000222197847
1005002277293561
1005002352063453
1005002357585153
1005001701156523
1005002428619097
4000705862135
1005001831493203
32956847989
1005002438093496
1005002490406251
1005002353259549
4001131555387
4000425268596
1005001640208624
33024012198
1005002314298429
1005001914840638
32926303432
4000018921919
4000699736164
32883756678
1005002345169303
1005002279119299
1005002125808142
4000128382830
4000932188087
1005001391808282
1005002318965697
1005001930745881
1005002256607838
2012365704
1005001921600163
32850587228
32956481810
4000875699207
1005002314309686
1005001901472939
1005002402727868
4001277967186
1005002483118611
1005002322776280
3286869729232821613955
4000109355248
4000569282272
1005002319109586
32800011078
4000703263596
4000237137142
1005002328083622
1005001639075363
1005002412161477
4001121507487
1005002394714537
32835826740
1005002110916718
33009292572
4001162727804
1005002386093602
32912258514
1005001845445679
4000035990634
4001135036485
4000836100629
4001308859216
4000939350667
1005001480124253
32939992837
4001195883920
1005002214828145
1005001620668828
1005002389837001
1005002104293898
1005001902927822
1005001844949683
1005001798253762
1005002443370447
1005002208335658
1005002330251393
1005002315837913
1005002304100769
1005001321698528
4000685260700
32660718741
32947278311
1005002309849204
1005001612575185
1005001856206935
4000828969228
1005002499544396
1005002253226688
1005002032745088
4001164855983
4000963391962
1005002375428961
33015635876
32701489500
33004431027
32849330522
1005001580266954
1005001733143466
1005002167281493
1005001928703180
32898558999
1005002345046280
1005002433185391
1005002350887023
4000174090241
1005001591990473
4000269235238
1005002291617679
4000975827292
1005002019305552
1005001921860459
1005002127868806
1005001361080131
1005002427889416
1005002247395962
32595587297
1005002369013965
1005002100862799
4001012769423
1005002291734887
1005001642456691
4001244808466
1005001524286395
32937549752
32787719391
32920627789
1005002170845342
33007212511
1005002384844586
555552306
4001294494711
4001123640566
1005002271531965
1005001607916833
1005002380556505
33027439672
1005001645857175
1005002265047875
4001260042964
1005001931042642
4000100352642
4000321113293
32879385742
1005002468046819
1005002197194600
4001204848283
1005002341755001
32971703717
33059639807
1005002029108088
1005002281472665
4001066475870
1005002419143921
1005002458747516
32919177477
4001135211351
33001853005
32964129716
4000975188205
1005001354738043
1005001580361736
4000290776647
32736394879
1005001708077643
32214646250
4000284742053
32889140950
4000955905160
1005002358658144
32812735794
1005002396178551
1005001760003570
32375437558
33043723362
1005002409691646
32790217113
1005002344319065
4001278681409
1005001868425843
1005002212727370
1005002245184648
32907718312
1005002328125328
1005002281940370
1005002482309575
4000640918015
32716817126
4000182699815
4001094467447
1005002321814306
32962495720
33008313087
32894245923
4001322295188
1005001466754072
32954457158
32814607636
32828994209
32863227303
1005002399513345
32923831854
32862705551
1005002476731908
32827960392
1005001804007111
1005002313034551
1005001826841627
4000074861824
4001339313721
1005001761353918
1005002318358217
4000648895300
32802699883
4000909911382
1005002314842183
1005001692519471
4000516512998
4001108242015
32795079951
1005001473818990
4000237300526
10000419012621
1005002233912931
4000195264407
1005002008944310
32863323061
4000569938583
33051146422
1005002374572102
4000939423387
1005001726936150
1005002254459011
4001175308429
1005002238226759
1005001990464679
4000388165343
1005001998134258
32953345913
1005001340391145
4000291924442
33008732460
4001153890477
4001298018980
1005002359561190
32831295992
1005002200463192
1005001435922876
1005001981676330
1005001835355962
1005002286936634
32956871251
32949258298
1005001622889833
1005002304082283
1005002270194764
32243233625
32903088728
32416953256
4000411778007
4000682576697
1005002465768285
4001120037276
32852154743
1005002265613598
4001230540210
1005002172572536
33050056481
4000533607837
1005002287466345
4000985981880
4001005728251
4001272629206
10000413522391
4000278476694
1005002293547431
4000599702761
1005001776259215
1005002056805197
1005002355625520
1005002141169903
32502741168
4000926694474
1005002398481145
1118255039
32850725088
33016099418
4001027773723
1005002263355994
1005002394102223
1005001325823431
4000802181173
32835976814
1005002465123471
1005002318703573
1889310986
32906778366
1005002258673285
1005002253221726
1005002253229813
4001274880783
1005001488917684
1005002458657051
4000592708104
4001214130215
1005002220578069
1005002239075186
1005001685758872
4000043310764
1005002466119678
1005002142832558
1005002344083042
1005002243900935
1005001883683831
1005002295335893
32849950623
1005002129840242
1005002277154986
1005002328618109
32805750785
1005002404667821
1005002225100169
1005001525674284
4000029819131
32756417878
1005002004345466
1005002314433577
1005002442792465
1683540001
4001138622000
1005002373389273
1005002465863962
4001122570693
1005001966258592
32678572625
1005002315887773
1005001469868006
32862215236
4000848814947
4001260809166
1005001946723975
1005001329774929
1005002282520918
32807859440
4000990761484
4001294623317
1005001664488945
4001184014539
1005002058291570
1005002239977734
1005002367985539
1005002212747705
32896042441
1005002462432119
10000221035079
1115959849
1005002319343126
1005002450791766
4000311217130
4000727175437
1005002428604346
1005002425778042
32856367662
1005002408708093
33033543874
4001066546883
1005002229644300
1005002002285609
1005001855446656
4001241344477
4001073049797
33012886549
32919796571
32538620408
4000116819627
33039075319
4000130364710
1005002337174669
32840555884
1005001488924504
4000478421033
1005001600086825
1005002233203915
32969466396
1005002440201145
1005001313294641
10000411977553
1005002294045753
4000762014626
10000139840021
1005002450374667
32852351384
1005002326711213
1005001983672190
1005002412387580
1005001330542711
1005002481636548
1005001666427579
33051603714
10000190330018
32888453517
1005001657578693
4000905348487
32817616503
1005002246567597
1005002497192086
4001336272523
4000538457676
4000335530984
4000001209565
1005002205962580
1005001614930866
1005001980183802
1005002408884241
1005002387248653
1005001425309539
10000395962164
1005002362604019
32901808133
1005002256376005
1005001467539699
4001278936388
1005002378127914
32810521677
4000390464066
1005002302080680
1005001683082340
1005002329566085
1005001693795288
1005002316504449
4001240860841
32989908755
1005002401835536
1005001409366701
1005001821771386
1005002434325562
4000155483147
1005001621597839
1005002248119503
1005001917514635
33043699134
4001228701421
32829002134
32965072304
4001022749622
1005002110793080
33017437874
1005001450054991
1005002411618257
1005002111404352
1005001287050829
1005001267101040
1005002203886515
1005002224219906
4000849817932
1005001367965828
33038054642
1005001571116038
32962917499
1005002414083921
1005001953723479
1005002224286136
32893715161
1005002469045689
1005001304842245
4000123474468
1005002271155262
32824666586
1005002239389941
4001086810036
32865699932
1005002246053121
1005002282046887
4000850621952
1005002291760960
33057355225
1005001494577077
32935070235
1005001430802447
1005002256118459
1005001777330377
1005002426606536
4000243230428
1005001923539773
1005001603068796
4000918215154
1005001630842465
1005002265330034
1005001570093976
1005001727711041
4001114654286
1005002308592397
1005001561469709
4001258590502
1005002195971440
33053557735
1005002315322773
4000809001532
4000096180101
32773278996
4000606558974
1005002369590267
1005002406363091
4000172978607
1005002172771728
4000011930777
1005001408808181
32963917096
32907513567
1005001759290327
1005002460292336
1005001515874743
4000040222989
4001235504404
1005002490400878
32919913669
1005002337693576
32890333531
32853420606
1005001702984280
32794663920
32845691901
32848844745
32998234938
32860715636
1005002384182425
1005002420691529
1005002413559798
4000006885482
32993400334
4001152269505
1005001885319228
32818418957
1005002371697635
32918791050
4001276079781
32535650451
1005001709296227
4001103528717
1005001319762420
1005002242946601
4000799585485
1005002115318730
1005001415125437
32986801220
4000389744462
32914930176
4001015206893
1005002473818879
1005002317808192
1005002319381563
32365142473
4000794931966
4000276069858
1005002029742268
1005002296781566
4000896356872
4001019042533
1005002210652521
1005002487695012
1005002390916210
32898781103
1005001686217224
32985215592
4001259780316
1005002059313579
4001131598968
1005002214651046
1005002046723542
1005001408476165
4000857977616
1005002438478228
32861534711
1005002241734617
1005002123920675
4000721143226
32840971947
1005002027039343
4001129371186
4001130923202
32812717911
1005002474502018
32980774722
2033877273
33027799848
1005002268144303
1005002488224489
1005002494435927
32922170614
1005002314013609
33007292006
1005002264779808
1005001688194723
4001230023630
1005001472887080
4001057427535
1005002276316341
1005002054555716
1309107666
33038136837
32960363819
4001218986006
4001355537548
1005001581107750
1005002171079798
32946957324
32873392214
1005001525435655
1005001505652590
1005002340441963
4000655854749
4001193108989
4000858956843
1005001895846472
32765184585
1402109309
1005002314290035
32995693817
1005001495892664
1005001297827419
1005002447496684
32988002866
1005002230028716
1005002356357992
32807518105
1005002425802537
1005001582904978
32563750474
4001213570841
1005002268811425
4000725288016
4000510209248
4000050822328
4001069112874
1005001775800939
1005002423004324
1005002488773065
1005001468909273
1005001609206989
1005002276994432
32812900546
1005001525403439
4000198739617
1005001592712836
10000363020643
1005002404335990
32886679590
1005002373321206
1005002477638569
32883625437
1005002393758621
1005002111755200
4000464504830
1005002419361401
4000343844715
1005002449674819
32438362113
1005002384820636
33024294682
33036968919
1005002367796932
1005001316080834
1005001509877959
1005002483970501
4000154753833
1005001849433566
32668095994
4000366158966
32954420205
32497470338
1005002050107056
32955595710
4001218077576
1005002080557705
4000895537924
1005002344919702
1005001531993111
4000049668982
4001360888096
32802248469
1005002250917377
1005002254223777
32974278662
4000192738834
1005002279425336
32800900147
32794072101
4000439799404
32808644198
1005001813824206
1005002324386478
1005002442287818
32958769897
33013927307
1005001290730631
1005001975224241
1005001363207141
1005001494984884
1005002460200637
1005002316166959
1005002111843984
1189944079
4000850673365
4000773178542
1005001439395706
4000190821071
1005002496379608
32950522481
1005001423035922
1005001969981171
1005001804239233
32846606357
1005001644675932
1005002364304192
1339737497
1005001411556832
4001310216056
1005001685478401
4001008169387
32596461867
1005002423886682
1005001824490484
4001236942738
4000232049942
32858507405
1005002483158895
1005002296890861
33030341076
1005001844225673
1005002329382006
1005002090956827
1005002182515454
4001089991290
4000317011749
4000407121787
1005001387676260
32877928909
4000307950254
1005002425802489
1005001972790041
4000528951019
1005002377298424
1005002058784556
1005002271405913
4000737993744
32671890637
1005002133539256
4001306553681
4000521152294
33049758098
1005002314672371
32677513080
32974034502
32882317736
1005002143520244
1005002014844061
1005002376535374
4001017418749
1005002103294722
1005001966152696
32965702000
32975740970
4001286011660
32820054738
32983108547
1005002334411295
33044711456
4000466067136
1005002314670804
1005002314310583
1005002303617960
4000530453711
4000592441235
4001112015856
32909448067
4000850515405
4000169786792
1005002317308806
1005002430343670
1005001333743545
1005001361078728
1005002247724823
4001275789790
32835263426
1005002311494995
1005002394802969
32998381569
1005002341152141
32846909691
1005001620998150
32883945530
1005001625445403
10000146595859
32918316397
32977195971
4001131935609
4001265996604
32978819126
4001273161877
32945872808
32945497131
1005001965799046
4000244333260
32829635795
1005001803754201
1005002107518902
1005001732971984
1005002290083689
32725112750
1005001568822622
4000301266319
1005002259105764
1005001310333405
2041209869
32351932955
1005002330633482
1005002219947930
4001275613110
33036833648
1005001706551171
1005001774539201
32773235053
1005001794834169
4001228490493
1005002305908788
1005002461817519
33052872468
32885059335
1005001905581693
1005001702453714
1005002257038104
4000357140575
1005001474858087
1005001798683416
1005001471809700
4000291557711
33011950978
1767677370
32975333772
1005001652515628
32974033961
1005002292614046
1005001903579186
32770597638
32837965686
4000113903847
32930518065
1005002234219568
32629750311
4000295541823
1005002455209938
1005001799287097
1005002314711041
32975023769
4000010541671
32966073435
1005001603742711
1005002339974810
32948427853
1005001381029501
33045547196
32958469949
1005002442192081
32904422485
1005001737515423
4001162065940
4001215175148
32988148931
4001082100865
33009460055
1005001859696013
4000998163535
1005001388084978
4000945182729
4000396272517
32832097827
4000842982550
32773787207
32846174707
32654211585
1005002234204232
4000554522487
4000019434885
1005002011912022
4001275167414
1005002490430344
1005001362344785
32973688427
2010314674
33018708800
4000141497531
1005001765255541
1005001859284289
32794351616
1005001704084007
1005002485033788
1005002371505212
32816429677
1005001398175987
1005001726072824
4001270997203
4000075622162
32665043248
10000188463334
1005001845072635
32876239272
1005002168230610
32762318106
32824633553
1005002454467918
1005002285934863
1005002128589966
4001174833547
32977546242
32764503281
1005001375129010
33049002511
1005001437470958
1005001771748954
1005001942993135
1005001447270150
1005002470147829
32854559448
1005001861384512
1005002077484917
33051577405
1005001913382510
32884721244
10000356462551
1005002340559218
32965807588
1005002245957729
1005002180662655
1005002272590856
4000536913604
4001120226941
1005002390311291
4000433703349
1005001611774788
1005001934328132
1005002278762381
1005001736298241
32407511703
32988286546
1005002211661952
1005002414476241
1005002416596256
1005002310223273
32969016987
32993283027
32758648579
32348421850
1005001431025885
32870982670
1005002206933701
1005002311596375
1005002069833880
32957071950
4001228462492
33041175612
32907571767
1005001693767637
1005002473273479
32856882941
1005001684080498
32825763886
1005001596449630
1005002229822673
32765925373
4000294730591
32857789097
1005002268103286
1005002288039117
32353543760
1005002072108143
1005001485168516
10000181346984
1005002333866996
1005002414373837
1005002346358435
33001820093
32950843610
4001210726029
32961499927
4000850683128
1005001693695008
1005002100355479
1005001632487238
1005001463975221
32868083392
1005002388379373
1005001793796113
1005002203485177
1005002459800058
4001119749474
4000008226820
32795810650
32961557172
1005001561501815
4001190112611
33043659581
4001270682278
1005002314032244
1005002482988547
32963861693
4000498314974
1005001733501683
1005002052182535
4000785936200
1005002315898299
32895901838
1005001826318992
1005001424414186
4001208308511
1005002219828666
1005002095032579
1005002329875090
4000388436632
33035709251
4000916941131
1005002405039851
1005002176495130
32882443862
1005001604002765
4000756107078
1005001338588847
1005001876639265
4001075283249
32860596857
4001218372966
4001147420212
32974249756
4000244501604
32966804182
1005002336782251
1005001982880381
1005001465073133
1005002350786240
4000852428782
330434029194000168297993
1005001572539191
4001007252137
1005002423249835
1005002365085457
32993886302
1005001990908023
4001177670366
1005002433054477
1005002241348751
1005002103636599
1005002324375851
1005001501218573
1005001736029538
1005001621470611
32353728488
4001348114268
4001039232798
4000038502095
32991993420
32841232237
32977252264
32858313250
1005001727935377
1005002292537252
1932932495
32947685789
1005001779800601
1005001704177379
1005002333542358
32846879388
1005002417259338
32998846397
32846827751
4000595537997
4000199103566
32840915735
1005001495276904
32924652141
4000049211449
1005002491719339
4000560795400
1005001657661692
4001227310255
32982615720
4000045224214
4001014387487
1005002475378393
32735939538
33018055658
1005001782355223
32749511093
33003965121
1005002278781027
1005002246186249
33037468337
4001285083306
32763013469
32800380800
4000292686004
33026834237
1005002160014808
33025413370
1005001591914064
4000546591249
1005002214920130
4000036448840
32812242136
1005001985334201
1005002193876982
32992700353
4000793841147
32852843399
1005002350768847
4000239170310
4000337832459
1005002315354147
1005002388903820
4001192609856
1005002367398928
1005002205892317
1005002235640795
4000068475513
4001080252041
32911649412
1005002239761956
4000299989116
1005001671001031
1005002068428635
1005001901692538
32701179817
1005002428549578
1005002298068828
1005001307799414
4000318760358
1005001565358710
1005001620164250
1005002368545574
1005002356338236
1005002328561861
32723626914
4000140930489
1005001933505269
33006524160
32903688168
4001064508651
1005001275211096
1005002198530965
4000086404496
4000865365948
1005002074141849
1005001810778440
32963920062
32960977694
4001248071726
1005001957426684
1005001339813264
1005002306577905
1005001680393752
32480511313
1005001500981466
1005001942779924
1005002355277063
1005002039432199
32859803791
1005001415426541
32861324816
4001230617876
32883018287
32822555095
32987284835
1005002433005703
32869405637
1005001590179127
32810606599
1005001726627234
32887779322
1005002383023203
4001146140158
33051006595
32823944652
1005002226206406
4001017921233
32833330016
1005002041514564
4000408157680
1005002306109969
32528238165
33008845831
1005001452387916
32767362525
1005002309120915
4001305562481
1005002401246126
4000172283095
32966432467
4000551848960
1005002409269867
1005002459570030
1005002304026512
4001110923541
1005002212526304
1005002006250379
1005001399557814
1005002327287863
32742686836
4000849835517
4001337953193
32973899229
1005001391177999
4001228747248
1005002137229316
1005001933588131
10000134662508
4001069387287
1353627173
4001062954364
4000695435362
32982676575
1005001423416799
4000114770729
1005002346243146
1005002062062047
1005001955046107
33056985096
1005002365294121
33030062738
32810749794
32836342845
4000026659490
33011316847
1005002496126121
4000785382349
32951291270
1005001280614517
1005002478720208
4000863858077
1005001966403759
1005002332342496
4000894984070
1005002317745647
1005002315211188
1005001914467233
4001125485822
32837081194
1005002488358583
4000119914629
1005002355609223
32796471594
1005002376962254
1005002431995392
1005001889879434
1005002346225624
1005002196512980
4000709159030
1005002432387113
4000816131300
4001324392341
32848201541
4001108337243
4000094386655
32943730647
33014229038
1005002333267026
33001245118
1005001310055310
1005002334534442
1005002388707800
4000670720545
33003632200
1005002366970767
4000491083941
4001040119650
1005001590459169
32776785113
32921867633
1005002139097803
1005001804563246
1005001779553097
32917437094
32977546836
1005002073701203
1005001558260982
1005001644908458
1005001617927147
1005001839978655
32976659829
4001283445145
4000600340460
4000837145931
32972909587
4001310340764
32999716170
32961152523
4000391652062
1005002260255356
1005001511609520
32839354880
1005002305123911
4000608505846
4001153275843
33050115437
4001085698352
1005002427049451
32462503595
1005002198567493
1005002263820355
32891227583
4001341720244
1005002340544489
4001179289993
33034250369
4001152314518
32794338278
32753580416
32709767034
1005001811019138
1005002314333630
1005001817291139
4000964817950
1005002382906110
4000027176157
4001118441692
4000379579922
1005002413300330
4001287404496
1005001757803272
1005001946668211
1000001540404
1005002410980177
4001221789356
1005002466489786
1005001701387098
4001102480553
1005001290111998
1005001835437179
1005002322082207
1005002338909972
1005002289470859
1005002475457055
1005001452508994
1005001303899775
4000663966846
4001233936118
4000983486378
4001285311187
1005001552985585
4001260387725
32947327465
1005002309829453
32357619481
4000770303501
4001042463206
32978338630
4000332151333
32778384043
1005002351178111
1005002425430027
1005002307454276
1005002438413825
1005002270302557
1005002297553457
1005001393762311
1005002042821132
1005002242252117
1005002346163435
33048727874
1005002334336377
4000229835651
32996019569
1005002325080832
1005002122473294
1005002352566660
4000283089926
1005002363287328
4001262181297
1005001329608419
32647060455
1005001333644293
1005002344247013
4000329703388
32901967866
32900421744
734155129
1005001981981961
1005001490977497
1005001920604708
32983788322
1005002104405354
32891812856
1005001905747018
4000224235000
1005001349833314
1005002387180337
4000217220522
32975811992
1005001752316098
32845788586
33059315863
1005001377934029
1005002313343715
4001217452363
1005002373059325
4000872921048
33000069014
32900061661
1005001491389716
4000839869873
1005002391754789
1005001873069798
1005001860104844
33042491957
1005002129555965
1005002304614921
4000138283517
32993195090
1005001693185280
4001061391054
4001255827273
1005002351575548
33029073360
1005002315535277
1005001469005497
4001269189457
32867378908
1005002348552906
4000538355190
10000127447211
1005002111773178
32986228569
4001247198159
4001016484470
1005001851481935
32877045203
4000491822480
4000528484370
1005001524915448
1005002467456014
1005002319072497
32407634724
1005001584707295
4000154044853
1005002358230153
4000436754407
1005002316539881
32832227576
4000402218762
1000002081231
4000712838261
1005001308508682
1005001982932188
4001175945164
1005001625333690
1005002337752707
32970354142
1005002301175191
1005002288968231
4000751344335
32870200638
4000625746315
32831264929
4001225270254
33036931859
4000777856043
1005002357444840
4000192254120
32979516478
4000624072881
4000003830947
1009056517
1005002468208883
4000481346971
1005001520698688
32794042714
32604468963
4000332907048
4000681033731
1005002401562624
1005001562523849
32858394561
1787218235
32575726489
1005001646721281
1005002392008356
33000808843
1005002373021518
32773950643
1005002213829766
4000151369663
1005001802639782
1005002265645248
33001157694
1005002427184420
1005002480911535
4000242576952
1005001997167767
1005001845068209
1005001808684575
1005002164302509
1005002318482187
32555123017
1005001620706216
1005001359344652
1005002037791218
4000989983314
1005002057649829
33027149042
32992359803
33052630700
33057799089
4000735682754
32850572436
4001343775663
1005002341168545
4001077856754
1005002095349264
33017500178
4000955863590
32694356426
1005001419760637
4000899716905
4000677296547
4000271094157
4001286863480
4000039267320
4001241211508
4000415803809
32919731779
1005002267504175
32898904085
1005002250463762
4000909248656
32908067100
1005002033609932
4001017621069
1005001402490851
1005002308682532
4001213660910
32711687096
1005002012433282
1005002115506039
4000552446492
32362891112
32887070844
1005002319377100
1005001322039656
4001184262569
1005002319485364
1005002263385600
4000832145511
1005001959939129
32979060127
33013184747
1005001914660239
32969582545
1005002337113679
1005001693007058
4001076794229
1005002497540222
4001130774727
1005002306010607
1005001329878035
32880252968
1005002495338775
32766607940
32908694868
1005001347105149
1005001687897174
4000776394979
1005002392847680
32831034681
32702953579
4000337798100
33057803087
1005002376726660
1005002304996418
1005002364994658
1005002043479399
4000696413237
4000848718493
32919358119
32959699125
4000252804824
1005002260230536
4001162875919
32990951049
1005002318811737
1005002375389815
1005001458869058
4000484164525
32856667106
32850520329
32992210364
32958104861
1005002350735637
1005002424818336
32976691903
1005002294469233
1005001653030765
4000027816883
1005002345658408
4000899435250
32483757293
1005002237683152
1005002232955842
32438784701
1005001941941497
4000786957711
1005002482950099
4001278997172
4000189205325
1005002375069096
1005001882402442
4001098463149
1005002322148466
32879077866
1005002254717762
1005002305011749
1005001560197180
1005001666249373
1005001845142532
1005002315998730
1005002063467567
33051783528
4000805574817
1005001958653905
32797216584
32863559544
1005001770826584
4000076179518
1005002185294459
33046772339
1005002326693411
1005001922265565
32976760253
1005002314326445
1005001988890427
32857604969
1005002356420216
1005002425338247
1005002244140839
1005002393120948
4000195706821
4001361453197
1005002322723318
1005002467608217
4000320319661
33013389411
4000960604981
1005001708114064
32823107210
1005002255753749
1005002282434448
1005001882154362
1005001831303603
33060275205
32572769237
1648164969
33004217398
1005002435438888
32977653284
4001146191104
1005001768000095
4001203546561
1005002432217322
4000307776600
32672394984
32965746214
32895378837
1005002167883719
1005002316823595
1005002260094112
1005002342767161
32896015410
1005002314338408
32789429201
32813620832
1005002012991355
1005001786484115
1005001383691675
32692458975
1005002357121823
1005002319967825
1005001747937845
32851416790
32999535121
32974848829
1005002395517489
1691230339
1005001717830394
1005001734471530
1005002249425980
32612276400
1005001462762037
32833958952
1005001425320615
4000111373538
4000176076373
1005002449794670
32790621314
33006059049
1631463144
4000684546499
1005002425126107
1005002352365076
32268527741
1005002012066188
1005002331972027
32906459850
4000947433410
32989617577
1005002450385130
1005002382256154
1005002404910314
32854472438
1005002015584306
32949372806
1005002386774216
4001299012840
1005002147156780
1005002333933811
1005002434482932
32844367096
1005002491653413
1005002383091667
4001005272423
32835796726
1005001703159504
32836956174
4000831272089
32513617941
1005002449720165
4000345960468
1005001896170230
32863058700
1005002418689055
32978881805
4001293416665
4001038574384
1005002303037622
1005001845442722
1005002318781782
32912470869
32878664662
33016003963
1005002235560976
4001069287956
33006047134
1005002283391917
1005001863792094
4001344690379
4001043620721
850341961
32997476230
4000346401876
32995926449
1005002030150656
1005002298878522
1005001478471534
1005002480964614
1005002400238182
32974285644
4001184844743
4001050179309
33026230353
32811736442
1005001855885453
1005002312715856
4000957638933
1005002314308323
1005001281038676
33017618235
1005001867813634
32979125569
4000278320235
32832185938
4001263236154
32918936645
4001328127628
1005001868286526
1005002292653535
1005002245614394
1005002272436239
1005002181444774
4000479566732
1005002275863755
1005002195906661
1005002491680607
1005001797523079
4001010870655
4000810881660
32900573580
32643806799
1005002010849822
1005002264732924
32763732997
1005002414217452
1005001645310545
32253580214
1005001781515044
1005001736560844
4001199485970
4001286504239
1005001967264300
1005002233398386
4000926439645
1005002427831270
4001222857838
4001064628963
4000058793892
32861589703
4001125599646
1005002398976449
4000048508887
1005001843853359
32949655265
1005001417645260
32820336706
32823709280
4000132718412
32847379175
4000898788177
4001242668542
1005002428248352
1005001862474761
4001189969262
4000534822014
1005001295867897
4001044999056
1005002140900049
1005002271052622
1005002482960421
32893663365
1005001816943784
4000483518367
4000166617530
4001233292490
1005001388190135
4000315948092
1005002453054511
4000960927273
1005001417493328
32847346797
1005002041797627
32793850820
4000762558190
1005001810904328
4001248207472
4001196829383
32528060609
32340401748
32711294690
1005001594717418
32985653934
32965924617
1005001992245739
1005001701372317
1005002335832015
1005002198563258
1005001588179633
1005001977285004
1005001394260210
1005002273054907
1005002139882745
1005002196288375
1005002443137075
1005002190862972
1005002460507968
32980476902
1005002230285521
32827774773
4000480218487
4001291155973
32866873614
32844926532
32824653192
4001106419650
1005001468700490
1005002491190679
1005001813714536
1005001807599709
1005001894488610
32783951513
1005002028123016
4001114403402
33023910603
33000774522
1005002411561953
4000229892297
1005001519290732
4001038586200
1005002110796706
1005001423618751
1005001439184106
10000330478847
1005002440449178
32973074356
32845733986
1005002456723600
32646189593
4000186228293
1005002226147940
32950904951
1005002382584644
4000964564868
32528594086
4001031506731
1005001968977614
4000118760534
32870690817
1005002345150342
1005002324257042
33015591827
1005002441614370
1005001838495282
1005001940178473
1005002313967864
32588857612
1005001386039096
32229007441
1005002352486775
4000717982877
1005001501284635
32752513434
32858657782
32851745876
1005002291301437
32996366101
1005002288160975
1005001611454669
1005001565630656
4000929795672
1005001345383161
4000140888682
4000966822736
1005002387284704
32978755995
1005002122451712
32983163655
1005002290192930
1005002318931316
4000106621627
4000329302577
1005002219538271
4000688618762
4001042227087
1005002108699249
32862277702
1005002305016827
1005002068057760
10000177365602
1005001914038409
32918792443
1005002035507719
1005002252797254
1005002450409236
4001267885515
1005002272492675
32950096988
32954028302
1005002055722031
4000546514895
32976269612
1005002362025830
32712903519
1005002329843621
4000410250094
4000505084896
4001317562794
1005001462695126
32959445854
4001250821510
4000176780098
1000004475019
1005002312698333
32809728742
32932440367
1005001321919587
1000007663891
1005002381701656
1005001888949433
32781931214
32925963213
1005001580998292
1005001354461831
1005002029546786
1005001731778284
1005002235650468
1005002432742029
33033021393
4001279661480
4000343547993
1005002276676731
4000428158461
4000994014361
32992220938
4001223404499
1005001586478200
4000066016945
1005002080241315
4000472064804
32959222256
1005001682651867
1005001602002311
33017970149
4001172050191
32872532321
1005002242946988
1005001614093081
4000342124128
32689573667
4000926600173
32800687569
4001139908110
33048730593
4000669439614
32605187218
33019629024
4000110621456
1005002043913800
1005001761438854
4001158314555
4000842524682
1005001603323114
32987969996
4000202440955
32958134767
1005002314596744
32808920107
1005001567284583
1005001661571260
4001017808271
1005001966137934
33056830528
1005002382646354
1005001849573989
1005002197436307
4000852549446
1005001988232213
3299744063632979901518
32701299781
32614293902
1005001771601036
4001275032698
4000079734531
4001287231464
4000857177345
1005001658344829
4000708851643
1005001585944589
32951605498
1005002170775093
4001214145984
1005002337775407
4000654281819
1005001413059488
32491634298
1005001357368664
4001150711831
1005002330403822
32780721337
32915102657
32963928480
33042818641
32857133137
32975597914
4001097558589
32952020272
1005002245279137
1005002453276753
1005002039900266
1005002030014456
4000075592265
1005002343793121
32901912910
1005002395071658
4000812988506
1005002434288914
1005002291039311
32799713444
1005001617535045
1005002283597250
1005001334281238
32928383698
1005001699079037
32859794156
1005002440684410
4001213655975
1005001810968023
1005002357852734
32823576698
1005002311371583
1005002009698018
32875684245
1005001645794973
1005002206424443
32984027916
1005002301515233
1005002378687412
4001241499819
4000231284227
1005001329023397
4000735954372
32955324757
4000546516775
1005002431211808
32947836547
1005002333303862
1005002002381637
4000031964434
4000249358587
1005002238848164
1005001838671434
1005001724211411
1005001415123474
32885035959
33010753501
1005001923604699
1005002467710497
1005001818852224
1005001581149348
1005002341987088
32830050682
32977815941
1005002244752304
1005002439980616
1005001592668557
1005002212302241
10000032933590
1005002294365062
1005002250183375
1005001562509769
32841926704
1005002181282504
1005002240119946
1005002147187453
1005002344205647
4001223025198
32992088418
1005002298021825
1005002420565317
1005002241996819
33020852664
1005002269001131
4000945260224
4001075664216
32947243725
1005002347019445
1005002376999584
32946669789
1005002268168267
1005002312206801
4000211601240
4001058579725
1005002219734346
32844239531
1005001430773672
4001106743312
10000170075229
1005002400258582
32828897479
4001211456601
1005002334262792
4000001295755
32838308532
4000311018636
33012194990
1005001727522601
1005002459943728
1005002353419464
32966592019
1005001527383405
4001320933295
33059951307
1005002320987997
32699053595
1005001565977168
4000732781601
32988667084
1005002225189457
1005002454503196
1005001465481879
4000009624854
32733842448
4001152855673
1005002006806976
1005002325509707
4000971600536
1005002231747130
1005002421248655
1005002291565021
1005002356080381
32833783715
1005002460037270
4001153673292
1005002431364516
4000469980009
32802063736
1005002033187380
1746746177
1005002453567540
33018851246
1005002449523760
1005002400034729
32906142364
1005002271910596
1005001652341446
1005001393323126
32999434334
4000415115784
1005001845434068
1005001626163253
32961659059
32245971118
1005002449230280
1005002487334365
1005001769398784
1005001639171793
32855118157
1005002318691835
1005002383669910
4001231318502
1005002384644827
1005002329793197
4000558478495
1005001910512039
33056169132
1005002122583013
1005001462790460
33034108129
32829140055
1005002460170003
1005002355311411
1005002332863208
1005001880520926
1005002260417121
32827035440
1005002342422669
1005001921650862
1005001574308446
1005002315239670
1005002476272746
1005002272414363
1005002467852092
4000845045164
1005002459356075
1005002462158522
1005002468373057
1005002236035603
1005002314338746
33054920978
32866777623
1005001558663459
2044566358
1005002289197083
32647640846
1005001586594389
4000960603135
32917696390
32963594020
1005002489309443
4000691878908
1005001749164985
32986935938
1005002387212557
4000185384164
1005001603541950
32957978067
32903046407
1005002170870310
1005001650416931
4000607611919
1005002050503169
1005002272590741
1005002247613725
1005002358186877
4001345658131
32845986063
4001161659505
1005002335210950
32810230713
1005001771994252
1005002292090038
1005002256530229
4000679619687
32879613885
4000626117401
32962482596
32314326727
4000763735446
4000309849650
32854278814
1005002396878321
1005002306090710
32872291915
1005002191481413
33060079850
1005002089978743
32660477162
1005002498948746
4001275808945
4000474506381
33005419042
1005002214171988
32590459521
4000321258967
4000116904282
1005001598850634
4000221828104
4000959977511
32977367846
32921250182
32966728091
1005001617312682
4001117755197
2017706858
1005001664469387
1005001835019096
1005001928957793
1005002107181213
10000389275724
1005001999527049
4000238471703
1005002313746113
1005002312574908
4000080803242
32963813457
1005002305163558
1005001545491141
1005001631265729
32820250618
1005002441146664
1005002260405215
1005002449640232
32943886167
4001192071270
4000636062517
1005001444724521
1005001725600532
1005001375901364
32981686591
1005002386777543
1005002026905503
33035452561
1005001768665282
1005002313729521
32902667381
4001147501333
1005002454382054
1005002376700986
1005001977459663
4000223675013
1005001851465330
4001080482014
4001009630281
4000712040051
1005002334468528
1005002369596680
1005001850503930
32975321054
32927773419
32806763693
32995801403
1005001600177999
4000640883373
32847070354
1005002006636668
1005002270764115
1005001405602660
4001005102590
32970339729
32988487754
4000871858244
32978131696
1005001946097940
4000826897235
32842347624
1005001625616916
4000625792066
32949876860
32974114637
1005002428566185
4000703844600
1005001285227852
1935879389
1005002405867297
1005002496297359
1005001758530188
10000032414191
32890356081
1005002340818415
4000250212754
4000823237083
1005002171138005
490758277
4000708652318
33057328256
4001010459843
32749930496
32700750277
4000740147007
1005002314958273
1005002289019683
4001076416338
4000464028585
1005001493349144
32849816845
1005001853709361
32880196928
1005002323812087
4001235968007
33021723568
32653515451
1005001952622021
4000320839196
32853631202
32843735772
1005002075424448
1005002336923414
32971635856
1005001615940064
4000264806454
1005002434046565
4000296152578
1005002126803133
32703416747
32999068866
4000222570383
1005001764455086
4000588932927
1005001705884539
4001175937747
4001106725239
33015717911
4000849745691
4000353091819
33006990904
32926334008
32949129545
1005002165798410
1917429922
1005001560942561
1005002311155168
4000978680346
4001278913479
1005002232462285
32983222488
4001254770065
1005002356277959
32386081138
1005001355410598
32961630451
1005002290957557
32967439710
33054608776
1005002260621996
4001293637054
1005002318528565
32912420271
1005002460279907
32893783063
1005001469534198
1005002345608480
4001069674522
4000028941856
1005002420115550
4000154428223
4000640038071
4000688360812
32999525855
33006826954
1005001636445551
1005002180608198
1005002052448816
1005001338968513
4001180969942
1005002341505800
4000494302742
32526328747
1005002124365476
1005001978769422
32797476425
1005002375095730
4001094687138
4001139686626
1005002354434293
1005002254625703
4000720574705
1005001864722543
4000923006933
4001200663753
1005001519427532
1005002248483034
1005001859848601
4001037743685
33009349936
4000556711860
1005001900451071
32849322306
1005002023592990
1005001535678234
1005001763417933
32897261068
1005001527117936
32959919169
32916479921
1005002086138163
1005002013104362
4000986225485
4000959250649
4000772941136
32565266745
32991776965
32870207966
1005001639790051
1005001280168216
32677979876
1005002121227072
4000934319800
4001187055580
1005002330358131
33016446531
1005002394239982
1005002409508066
4001261009597
1005002317806274
1005002364634143
1005002266159735
1005002350371797
1005002378386971
4001215830959
1005002258997825
32893167151
1005001661243452
1005002287910407
1005001737094349
32800411401
4001214194776
1005002330347765
1005002242923663
32967685070
1005002461536160
1005002273111169
33011351419
4001158851611
1005001531508737
32830092152
1005002353098820
1005001583598653
1005001889843970
1005002314326775
1005002050231112
1005002147472354
4000166241533
4001275127007
4001128179562
1005002332349856
1005002063064862
1005002443792737
1005001656968529
4001220325839
32589253046
1005002281765176
4000489261117
33040709995
1005002090704758
32854995655
4000128723156
1005002100721699
32840743386
1005001563231835
1005002428085317
1005002490452727
32591199015
4001145982211
10000400040348
1005002137181906
1005001816924613
32838042225
32777856991
32814240490
32963514416
4000379704890
1005001829976594
4000398152539
1005001511193767
1005001994039816
32951842914
1005002440858145
1005002270512698
1005002406454506
1005002147648719
4000443762847
4000513096592
33010722342
32379808102
32825864133
1005002286744326
32545634290
1005002350721530
1005001717597067
1005001860912835
1005002246265302
4001083503244
32953637533
33014879364
1005001425769697
1005001401547962
32932999324
1005002362245090
4000102176083
4001168218509
32823387625
32991120591
33032330485
1005002361539964
1005001484195432
1005002275982348
32993060479
32973085378
1005002234398675
32853564560
4000381963470
1005001918097618
1005002389350627
32954067877
1005001617428015
1005001298592893
1569521534
1005002253815609
32890600183
32968626730
2036923891
1005001774788325
1005002268296225
4000036119716
1005001960702211
4000286744584
4000856722439
32948161581
32897572387
4001179772995
1005001430723834
1005002283398970
1005002215228949
1005002427664851
1005001580738773
4001228605720
4000480469659
1005001983611253
1005002318843920
33026141703
1000001540540
1005001933426853
1005001462918102
1005001763751166
2045643628
1005002362611595
1005002370280217
1005002470501600
32911341629
1005002373302175
1005002377121936
1005002344932733
1005002314261967
4001220774755
1005002291470112
32916807699
1005002288276148
1005002028035680
1005002306366408
32757686338
1005002094941273
1005002354545649
1005002328114711
4001344938104
1005002346130828
1005002383006966
1005002259978157
4001229069543
1005001613002260
1005002072190737
1005002400754030
4000722299015
4000742509810
4001208402315
1005002461410456
1005001510983222
1005002426889009
1005002278914347
32881201793
1005002461455241
1005001900067331
4000533407082
32779513197
1005001510916028
4000622589083
1005002198777581
1005001500932981
4001299985743
1005002238186545
1005002192315467
4000088994375
32883772386
1005002210258186
1005002323603032
1005002328605984
32973250391
1005002074454645
1005002358219452
1005002345561148
4000788802548
2021128041
1005001946494850
1005001352567625
1005002038344725
4001224783397
1005002320563189
1005001900806047
1005002468774181
4000960580467
32958007360
1005002159520755
4000978649168
4000538169994
1005002349676223
1005002087381513
32681327775
1005002326805687
1005001627338553
4001216259860
4000627257366
32688135483
1005002393910032
1005002214814083
1005001817376308
32949788513
1005002235229531
4001137934012
32890605382
1005002299518303
1005002324355945
1005001873205423
4001322288249
1005002448758341
32687915648
32694580347
32729318110
1005002221968260
32878741288
4000209923740
1005002214915041
32841929690
4001200811626
1005002381525153
1005002362465155
1005001360843947
32907482386
1005002376825682
1005001325881323
1005002359805327
32567264486
33005512681
32698440848
4001084316890
32771676819
32859934657
1005002247040843
1005001658123914
1005001934821805
1005002357721301
1005002187427792
1005002467502182
1005002108623329
1005002449705034
1005002346552434
4000466067479
32956624089
1005001769157928
32923708248
1005001955003072
4001069202420
1005001475647886
1005002430636901
33050891340
4000399601751
32813487037
4000723118506
1005002053566987
4000397269345
33023968180
33008479077
1005002224348946
1005002352156056
33060438132
1005002316689174
1005002051975202
32885257788
1005001452541330
4001061966202
32806675775
1005002040805394
1569494314
1005002323357319
32850779794
1005002319217354
1005002347614368
4001297181434
32710550141
1005001266850683
4001179227933
1005002316040114
33027513950
4000007340561
1005002260183248
32312135130
4001312964316
1005002467761776
4000906011188
33042232823
1005001739841033
1005002136820293
1005002271841671
1005002492238278
4000998720549
4000604224620
1005001776487871
4001118504937
1005002204785756
4001202761294
1005002482885392
4000768843645
4000989008896
4000680858996
1005002093074237
1005001572396283
4001019935570
4000736301198
1005002330403204
32881124756
32807627260
32811204685
1005002231822786
1005001299132085
4001219023662
1005002264746091
4001035036940
32894679628
32921115809
4000689601999
33044117549
32603465361
1005002240760779
1005002385216325
4000392747085
4000296009130
1005002315348022
1005001356381240
1005001859572681
4000666585047
1005002328103620
1005002388289708
32986980188
1005002466413937
1005001579883584
1005001525532113
1005002284509454
1005002300210601
1005001411285484
4001180180890
32957301576
1005001343950725
4001085054472
1005002357415871
1005002213265562
1005002392542760
4001228629571
1005002406664847
32961055648
4000812760716
1005002314392939
1005002055794128
1005002124526203
4000546497966
1005002310995414
1005002028276235
32903685654
1005002154632014
1005002219992237
4000928043140
32855361147
4001215978638
32957079246
32773598331
1005001428986437
1005002423812433
1005001982362561
1005001420592445
1005001858630367
1005001698795566
1005001612386047
32986712199
4000710411055
1005001756373228
1005001806273568
32996091469
4000786303082
4001229336698
32523788996
4001224727205
32379576508
4001067919595
32892414523
4000828256113
32920216049
1005002270973097
4001153483506
4000505633839
1005001381817141
1005002206244847
1005002423994652
32991054936
32952677170
4000623392048
1005002401797411
1005001695099740
1005001860068460
4000934383305
1005002319115777
32954821445
1005001779731074
4001350146205
4001107318211
32966048888
1005001841606502
1005002378317971
1005001639765135
4001066576948
1005002465420569
1005002263867101
1005002457987289
1005002413059646
4000788431250
1005001481809510
4000606452582
1005002033652424
1005002474227062
1005001610875181
4000854897000
1005002399712293
1005001649177682
4000059838957
4000808463665
4001196020342
32887695515
1005001966415494
32913072491
1005001927438597
32754072483
33038168921
32852306674
32979183006
32664252898
1005001345252355
1005002244436817
1005002394796349
1005001651464509
1005002258317460
4000272668756
10000287683701
1005001426034743
1005001409485488
1005002281718368
33038881281
32998966080
1005001872792284
1005001948037625
4000989829035
1005001422845477
4000049219461
4000785320414
4000388194778
32679776362
1005002327712954
32875764894
1005002491878883
1005002329267590
1005002474322740
1005002423758064
1005002386258516
33051676116
1005002086477091
32945068539
1005001645355357
4000395199784
32951352169
1005002370208095
1005002246375485
4001270369941
1005002490854317
1005002436001076
1005001510551053
4000277952079
1005002218363052
32945520845
4001244024546
1005002288935779
1005002467468797
1005001836088061
32867154211
33014044891
32954187916
32806804459
1005002489753628
32862071862
2021023287
1005001703389375
1005001872111208
1005001900463248
32734426208
32884972507
32916796361
32840540169
1010000401714572
1005002368553011
1005001902698258
1005001368002361
1005002304024028
1005002466932770
32798669711
4001358832057
1005001820357921
32841854501
4001193639455
33006446816
32846295983
1005002061963186
1005001857072732
40010995821621005002027772514
1005002423444325
1005002265272846
1005001794157346
1005002346781694
4000016319347
4000449369187
1005001717719083
1005001496031027
4001214203718
4001307668024
4001295834087
1005002234223408
33049126361
1005001913254798
33027521938
1005002307615912
1005002394872996
4001318680232
1005002281660352
1005001551670419
32805854505
1005002304196807
32847765864
4000011868088
1005001609031815
32950037095
33025745304
1005001454511437
4000343980542
1005002219800403
1005002394289931
4000938317784
32654226792
33029035268
4001304261638
32961050639
32961026277
1005002318093125
33047797042
1005001968296878
32792020053
4001095407376
1005002468281886
32885418503
1005002311424610
1005001843904766
1005002307806006
1005002053424397
1005002076904307
4000789991949
10000404567775
4000636231478
1005001677193992
1005001844995533
32698151926
1005002258265787
4001226184392
1005001763583345
32959751660
4001259277052
4001271203859
4000738664853
32976449739
2052049134
33009448033
4001270178865
4000048802562
1005001877639447
1005002206112199
4000375544623
32881054908
1005001822303272
4001081034677
4000803474890
32889264528
1005002484531515
1005002496768642
1005002368969111
4000085840846
1005002284364227
33028436233
1005002348076077
32921234923
32607580005
32885386371
4000444358980
1005002283608052
1005002114970259
32861265031
32909816197
1005002314810895
1005002190624772
1005002258635882
32730803251
1005002435225414
33043888432
32887664471
1005002328843194
10000397680410
1005001273310250
33029832082
1005002339702929
1005001556137608
1005002483871005
1005001417521426
1005002469330896
32957321167
4000833543392
1005002288786491
4000409902437
32697776712
32994950253
4000761746677
32984496460
32983707161
33019836505
4001233114063
32861152048
1005002333906909
4000785434544
33047445780
1005002233218181
1005002380866656
4001153675657
32995276045
32967436865
4000306423556
4000866550871
1005002482657790
1005002260128877
32493767587
1005002297040524
1005002288396439
4000336859318
4000199992418
33020049872
1005002340368549
32960384219
1005002134567523
1005001731618404
1005001539501642
32870045051
1005002429062912
1005001344550243
1005002197305639
32847504715
1005001670926534
1005002347175590
1005002342518505
1005001279400256
1005001930767710
4000678652608
33004255585
1005002258889932
1005002316206797
1005002232763706
4001310204720
4001153376860
1005001495543936
1005001628767540
4000436991898
32923915042
32330881139
32743947448
1005002091988122
1005001792471582
4000232128931
4000750759423
1005002459429768
33002618122
1005002495809811
4000970270862
4000850575408
4000808227818
