4001239233980
4000963538093
1005001670809442
1005002232818289
1005001711366915
1005002342741513
1005001307732714
1005002387235550
1005001889977138
32655493689
32837042092
1005002449572425
1005002268402141
32917408237
1005002281540508
1005002355678337
1005001278953871
1005002259403649
32967638915
32845457294
4000191920213
32834202463
32826689039
1005002233200573
32736849889
32977359332
1005001942759916
1005002476227853
1005001989226782
32919790337
4000257598022
1005001954947424
1005001992012686
1005002239471047
1005002294995593
1069384304
1005002460939647
4001153742318
4000932562704
1005002363626259
1005002306246891
4001094309326
1005001970674781
4001122096702
1005002250586515
4000088710988
1005002392275107
1005001686168369
1005001290240300
1005002327776712
4000133405981
1005002376928306
1005002289798958
1005001868469615
1005002499027032
4000399128361
860705247
1005002383211313
4001084222451
1005001385947420
1005001985553319
1005002246093695
1005001852054315
32969948602
32983065650
4000689457211
4000828899050
32866174924
4000132761079
1005002318544663
1005002311323973
32884151440
4001015857742
1005002326336733
4000124523908
1005002483039580
32841826737
4000662537461
32970606906
1005001595859558
1005001356021632
1005001457994987
4000192970970
32820633295
32800924893
4001050086440
1005002389370080
32964807331
32848380229
32835699440
1005002001857435
1005001912599050
4000571194106
1005002486256946
32824597600
32983782604
32865452119
4000038056309
1005001810594615
4000194950786
4000358008187
4000341537548
1005002319325850
1005002363199187
4000986830066
32965025351
32988771187
1005001865297050
4001268191164
1005001706679816
33010033989
1005002027278238
1005001402536668
4001155808477
4000036140794
1005002052243795
1005002490252636
4000313671892
4001244682507
1005002075108078
1005002489774552
10000373878691
32783457518
1005001846196416
4001181116698
1005002256008048
1005001775006987
1005002454486540
4000290634541
4000321760265
1005001552667107
32861443151
4000542787011
1005002442202541
32993853569
1005001750779974
4000112739155
4000719529511
4001186439030
1005002047205688
1005001706288607
32892142460
32807817829
1005002287293268
32777395434
1005002226412479
1005002368829782
4000104845410
1005001815582153
1005002184868331
4001058526934
1005002314872325
32255321166
1005002280995997
4000002473017
4000626061935
4001118484830
4000101766697
4001339435688
32830426734
4000975243764
4001028316708
33011542430
32791708444
1005002104612046
1005001792915674
1005002479911748
4000365263585
1005002284547621
32946434676
1005002228542810
32840315397
1005002281805811
1005002049688961
1005001458218500
1816928456
1005002323490417
32791657015
1005002171045352
1005002364003049
32850156998
1005001699619540
32917878186
1005002247127427
1005001900857997
1005001463066312
1005002265182117
4000738395496
1005002372668943
1005002340759629
1005002123804876
1005001877064709
1005001853990583
1005002045042325
1005002191828316
4000627346224
4000219462270
1005002137299646
32691540776
1005002136290599
1005002447420142
1005002263624749
1005002427003260
4001238640420
4001061034647
1005002426419354
4000907710396
32579829761
1005001698847637
4001043064418
4001274337894
33042428533
1005002348082981
4000397521073
4001060448654
32798135282
4001330624083
1005002381973835
32839032241
1005002461414468
1005001418976778
1005001288795358
33000481355
1005002210901446
1005002317291223
4001085668249
1005001640198836
4000956058077
1005001656642091
1005001775732963
33000081473
32836965985
4000107119184
4001243421751
4001106863901
32354930220
32807947710
1005002346756757
4000074936633
1005001552962623
32231001040
32827836064
4000474070566
1005002287865236
1005002176488725
1005001715036737
32808239078
33040993615
4000809680231
32834525238
4000329410274
32821738213
1005001264647881
1005001265390079
32966327689
1005002290453971
4000225986222
1005001802527265
1005002290132862
1005001835242243
33057392195
32278742179
1005001316341253
1005002382975793
1005002344939021
1005001314473855
32858325111
1005002276231506
1005002244970761
1005002042035482
1005002026847170
1005002114947748
1005002411588683
4000730143535
4000786225323
1005001672341772
32913346927
4001283094181
4000289255106
32981579309
4000288179188
4001215794905
4001237981731
1005002259061413
32933114757
4001126577657
33018604316
4001228714856
1005002413279489
33055064798
1005002409323063
1005001678388801
4001058576047
4000915263573
32954095442
1005002333464324
32885063693
4000998761300
1005001839559226
4001101088816
32957800890
4000988975469
1005002345952620
4001127194297
4000641379877
1005002219700344
1005002320776643
10000022124874
4000696183110
4001330748709
1005001351170445
1005001383915360
1005002371724287
1005001921094545
1005002480518253
4000291896426
1005001802890843
1005001647878926
1005002306877770
1005002219565587
4000742540545
32968374581
4001108855026
4000123028221
1005002343893852
32955235868
32846053503
1005002448713106
1005002385422324
4000203263849
1005002416493025
32912946072
1005001500973744
1005001286676904
4001197729952
1005001694344066
1005002211505098
4000979558623
1005001885684996
1005002329048207
1005002372297062
1005002225983840
32975646277
4000503847865
1005002311155779
1005002483236018
1005001905365384
32960752636
32798139969
1005001670730869
1005002297661469
1005002084589528
1005002272780246
1005002375012672
1005001631978128
1005001588304101
1005002350797552
4001192543626
1005002409860620
1005002453614256
4001205745702
32549646935
1005002322758508
4001092333025
1005002326544646
32975652058
1005001498846241
1005001693497068
4001093505435
1005001877215506
1005002361388938
1005001795475067
32859513420
4001051203724
32822703977
1005002461427462
1005002335244407
1005002393587053
1005001287059334
1005001581652375
32979915112
1005001982303250
1005001632627948
32888851384
32596511081
32968040194
32922581958
33000836837
32887928388
4000133163432
1005001936081355
1005002315369156
32642592395
4000453777334
1005001688307901
1005002378956917
4001112164246
4000013069802
1005002253880867
1005002424606098
1005001463982427
32910258955
1005001882665799
4000672543102
1005002290033101
1005001488684070
1005001935057830
1005002332293122
1005002492223553
1005002314247950
33061507163
33046091231
4000168823926
32834099512
32921343056
1005002315486608
1005001325784513
4000050447388
1005002313698981
33018579259
1005002426201291
32936117491
1005002297949318
32965617637
33010516826
1005002319008624
1005002327969980
1005002381371569
1005002069124467
1005002319168323
32947717464
1005001604273024
1005002137967327
1005002284459573
1005001307935659
1005002203921283
1005002403077094
32991203827
33054674365
32504472597
32953962044
1005002103529957
1005002176172150
1005001419671733
1005001515846399
32918722486
1005002418852963
1005002176381746
4000856558309
32635501344
4001183396772
32933632358
1005002484322551
32651256239
1005001439107281
1005002252414938
1005002224531898
32659762798
1005002297026013
1005002246311969
1005001626478397
1005001732171006
1005002413569547
1005002129675880
33030597604
1005001913636860
4000959866695
1005002035766951
4001090897847
32917080080
4000636067961
32653064357
32811318520
4001218898607
1005001578539653
1005002122283880
32802080610
1005002491672494
1005002244666300
1005002375309235
1005002290913838
4001271991756
1005001970664388
1005002398093433
1005002434165777
1005002398301576
1005002287118050
33039617823
1005002123289793
33026986507
1005001286504212
1005002488185270
4001071932729
1005001999008376
1005001645058830
1005001995748125
4001031740442
4001048003877
32957589444
32813219099
1005002265221611
1005002462211982
32941847307
32829263077
32912428414
32497400528
1005002488173649
1005002427056350
32831675335
1005002408847503
32429990939
32913574935
1005002245249381
1005002398530666
4000597331922
32953126678
1005002328878374
4000473493246
32789220888
32997845711
1005002383928491
32926035288
1005001501117629
32347599040
32916702225
4000271403327
1005001444539434
1005002398882334
32821978997
4000069616183
1005002459642447
1005002490463202
1005002168234757
32985003411
1005002320997596
1005002297729483
32810180098
4000803800031
32960716972
4000528811990
1005002245456513
1005002282585772
4000726848764
1005001878876333
1005002475550037
1005002473519262
4000704192834
4001278187292
1005001807778760
33016374017
4001337022737
1005002351479326
32891583743
4000504218921
1005002259315740
32839162852
32999607186
1005002292203524
1582215443
1005002063850938
32989871404
1005001424001387
4001366297721
33059966916
1005001301783939
1005002346806609
32800959450
32512351366
1005001665324466
1005002357631150
33028275700
1005001446994171
1005002112980489
1005002369376318
1005002390617996
1005001980083341
4000655897227
32359426813
1005001286003853
4001211684532
1005002287583973
32948776110
1005002314765989
1005001537200717
1005002398307096
32997267353
32908321106
32986453834
4000209401753
4000159100612
32915924211
1000004530190
32887510754
4000538127914
4001139119647
4000871132526
1005001483540947
1005001830059364
32990193801
4000996503190
1005002365103787
32852507471
32773002367
32489741097
1005002394394345
4000144694081
4001270557537
32971322708
1005002476288403
1005002341585095
32991891336
4000983600263
4000788389661
1005002500396991
32968312084
4001056410884
32975448360
1005002100275783
32918759354
32847388020
1005002321119597
1005001594181748
32714543988
1005001942733779
32681743116
4001106593045
1005002241685659
32839179769
1005001657703406
10000308275067
32861297909
1005002314261989
4000800352828
1005002025206454
32954075705
1005002192213817
1005002266191241
4000264099788
1005002345546126
4001073199932
1005002327966527
32999693998
1005002080795528
4001131862429
1005001625697460
4001214189826
1005002262457368
1005002272366183
1005002254380914
4000504549444
33034039721
1005002320925714
32944761136
1005001907573677
1005002449355155
33027792887
32970296664
1005002068536521
1005001493840910
32902170124
32860870143
1005002456800568
1005002211427142
33013408737
1005002500471925
1005002386784832
4000040009775
4000763700460
1005001779675019
10000402343726
1005002431032138
1005002336359432
32911108164
32953470578
1005001893481079
33013617975
4000150257714
1005002424923053
4001219500966
32820354112
4000760965220
4001285207677
1005002440616843
32982684584
32796407900
1005002283704107
4000099813890
1005002219313400
1005002105757045
32982357350
1005001994577742
4000670404261
32994408898
1005001301765027
4000093595001
32954193731
1005002000146028
32841344206
32836354155
4001191236798
1005002265375757
1005002288962302
1005001825845135
1005001339813509
1005001709354263
1005002020448038
4000219611114
4001349835230
32975792788
1005001694693737
4001139767220
1005001696938093
1005001457242621
1005002466179663
1005001956722456
4000369890102
4000292923034
33021403118
1005001681521936
1005001581253540
1005001921848414
4000931607454
4001035023331
1005001717613550
33027816276
4000925762001
1005002310942354
1005001843923551
1005002327261678
1005002467706457
1005002291398196
32906929581
1005002072730286
32988148464
4000687757119
1005002348268314
1005002286455956
1005002316386334
1005001768888702
1005002494743829
4001155479368
32946312178
4000319408821
1005001483191541
1005001691229846
4001216316793
32870615205
32942457842
1005002284264299
1005002237906897
4000803475731
1005001838855864
4001176914069
32917030946
32946607768
33003648783
1005001728961223
1005002130230388
10000371482102
1005002283526526
4001159473212
1005001495370676
1005002337377012
4001217798613
4000790326889
1005001915111936
1005002378488731
4000943695928
1005002278965846
4001321537436
1005001835216837
1005001780736396
4000206389078
4000894991616
1005002314509593
1005001573028689
4000232456327
1005001441474058
1005002288976909
1005002382581375
1005001929397035
4000266046207
32838396592
4001015241720
1005002315125773
1005001703516041
4000230223694
4000533470941
32552994179
1005002254389067
33000333499
4000789598831
1005002242174064
1005002279995057
1005002303888310
1005001990727468
4000947016243
1005002284317481
1005002467553486
32831262679
1005002357666432
32902593488
1005001492820894
1005001518673698
1005002273164577
1005002448807255
33046329028
4000392774840
32878923894
4001334998428
1005001698644830
1000006043846
1005002460998299
4001355516242
1005002403923528
4001241302097
1005001830316420
1005001807771946
1005002454358204
4001208434565
32981820311
4001218778851
1005001619885166
32803355243
32900903441
4000850546284
33008581863
4000054551442
1005002321158492
33004074281
32868994893
4001041183798
1005002119251621
4000832709391
1005001779678437
1005002448806848
1005002460120801
1005002281870581
1753918505
1005001356699402
1005002456660560
32809451535
1005001453565304
1005002233916454
32996969671
4001316186942
4001210861388
1005001971316026
4001019169524
1005002084935618
4000842633711
1005001878979240
1005002468549906
1005002384063314
32786525079
32963136057
1875730778
1005001878835687
1005001525448498
1005002060500632
715886178
4000109630469
1005002265246347
1005002321581895
32827337756
33058511176
4001138517088
1005002266634033
4000052597811
32811388060
32867898878
32974718037
1005001402672188
32798629081
4000475157248
33006171460
4000979248242
32984759294
32531009759
32832116861
1005002015629069
1005002431310056
4001201764760
32849178096
32937975393
1005001554658229
1005002460530493
33042065251
1005002389202620
1005002487223256
4001053154998
32950419735
1005001845117983
1005002454253937
32905290495
4001035785613
1005002336578127
1005001519437124
1005002314369178
32599945187
681562387
1005001955191656
1005001529761550
4001333203900
32967490270
1005002119664747
1005001938819393
1005002356519884
10000395841594
1005002213836747
1005002314415123
1005001524748618
4000618512284
1005002314455094
1005002345877809
4000635900476
1005001780856527
32855701774
1005002305894258
1005001741694107
32885372483
32898539844
4000666603521
33004456757
1005001566891953
4000849420570
1005002372979536
1005002299712456
1005001973212615
1005002387268188
1005001844815538
1904084883
1005002484710680
1005002279309666
4000474037292
32692455283
1005002353234579
1005002297954235
1005002460340990
1005002379248840
1005002110107561
4000133715588
1005001803117826
1005002290600151
4001220401044
32881705841
32826482784
1005002448736641
4001003653983
1005001823547426
1005002358132182
1005001447036823
32964097860
1005001957333726
33041998203
1005001823424842
1005001960743873
1005002074247060
4001236517355
4000760739399
1005002125462722
1005002274031019
1005001572059310
4000217205292
4000549384254
1005002426036980
1005002335327306
1005001493418177
33040288247
1005001346791210
1005002173914279
1005001429473709
1005001411630620
32810596021
1005002278469451
10000015902475
4001306018806
32866497854
1005001869577023
1005002347363159
33027477639
4000858029760
1005001470166143
1005002224942411
3285718674933018163791
4000339476481
1005002262415909
32951781611
4000414099012
32604378570
33005722238
1005001461781779
32864382764
1005001990656879
32846045867
32982717686
32893267783
4000036002826
1005001568096921
32614052280
4001245159158
1005002346352958
33058574472
4000119987581
1005001682828531
4000082087095
10000395928271
1005002126652583
1005002412518743
1005001436101329
4001052965811
4000247797618
1005002363763215
4000761424464
32823935855
1005002335279613
32893779351
1005002324327598
4001017711116
1005001666239657
1005002393975513
1005001835852062
4000955641319
32805584938
1005001615280773
33051945075
4001049636591
32840984284
1005001836949603
1005002388125858
1005002107744904
1005001333530139
33008156077
33006811344
32840923888
33016070389
32959355209
1005002372869510
1005002306962120
32608957224
1005002253578871
32590168546
1005002252240963
4001296377294
32375955612
1005002316443530
1005001836696452
32892209183
1005002120222121
32776371377
4000898915193
1005002215056172
1005001567642040
1005001421387680
1005002320453226
33040328802
4000221988669
1005001881094031
1005002337789723
4000307301834
1005002281946261
1005001830639660
1005002051867031
1005002273930268
1005001761975549
1005002318261963
1005002373308164
1005002288901688
1005001505346175
32797225737
33016688628
32545266043
32953121610
1005001430012684
32963339217
1005002313191914
33026925531
1005001810975056
33035106327
32862653168
1005001966895591
1005002326965438
1005001640408068
32879264993
1005002381303802
32933936370
32955873596
1005002363312658
1005001915272414
4001365553982
1005002328659976
1005001825251813
1005002443379882
4001064896827
4001179584360
1005001994703064
4000024729971
10000349628638
1005001839914782
4001027587503
32836346362
1005001337675426
1005002354146195
32911892052
1005001478674388
1005001592414410
1005001671211988
32842247487
33029579400
1005001907369913
32951553733
32825088006
32829831991
1005001871874795
4000805622814
4000464217236
4001364248639
4001052491480
33039277535
1005002460868873
33015126446
4000113364717
2012372205
1005001664321860
4000940390921
32862800886
4001215694116
1005002350709819
1005001807953660
1005002399080171
32516796305
1005001580923969
1005002294047746
1005002253450327
4000871041717
4000739849760
1005001425497971
1005001793182105
4000204772031
32996012516
32966857028
4001038690802
4000016885947
32792218871
4000057157817
32965172092
4000513125254
1005001941207085
32780186902
1005002164458983
32982233835
1005001501434697
1005001687882013
1005001286654832
1005002256537314
1005001475907994
32387844945
1005002307728058
33040843929
1000008268047
1005002194236086
1005001705696657
4000850565593
33041874091
1005002405236246
32827443613
1005002128155770
1005001414447666
1005001383609470
32875044611
1005001425951838
1005002361958967
1005001543678931
1005001638339631
1005002406511698
33058601691
32876470797
4000744733231
32848632469
1005002470142366
1005002336593737
1005001576131313
4000695947109
32857979105
33023649271
1005002284361170
1005001957423348
32933598618
1005002213270269
32880867071
1005002454239663
32563746342
33048357706
4000672556917
1005002291009334
32835883013
1005001997571232
32789039289
4000314201821
32791085340
4001327469548
32809241092
4000211016809
4000546490790
32973781532
1005002276344295
32589375474
1005002021661053
4000306387967
4000098283035
1005002428637089
1005001308059263
1005002316192266
4001241500673
4001160322171
1005001446500411
1005002361515502
32703301329
4000013178264
1005001330171253
1005001717494928
1005002313597536
1005001900928546
1005001727305676
1005001580653745
1005001626153131
1005002433914224
4000420338400
1005002115564016
1005002336914613
1005002281124006
1005002434923019
4001145830016
1005001913422112
4000955012839
32959659091
32634809470
4000590866664
32859667428
1750049852
4001110234966
1005001578905245
1005002298529466
4000937111528
33017194416
1005002298744028
1005002244193673
1005002364157259
1005002298498339
32987992022
33014793976
33002024120
1005001266531431
1005001916024742
32925743718
1005002279125623
4001263280927
1005002259796778
1005002038324846
1005001997107285
1005002018253973
32534205758
1005001968484575
1005002289586268
1005002019026726
1005002492161502
4001221275613
1005001701140892
32932712132
32866502486
4001237847887
32891734668
1005001695352609
33017666551
32684017110
1005002291202591
4000182017539
1005001588153639
4000955497455
1005001568587431
1005001343379439
1005002440176659
1005002356051076
32792290836
1005002265181567
32890770014
4000292661361
4001224891399
32918078210
10000284456712
32965287683
4000436632619
32814695542
4000593550393
32918680057
1005002363114927
1005002265249554
4001075622832
1005001350359714
32301531381
1005002388604453
1005001459981393
1005001736534591
1005002319034767
1005002277291062
4000893168890
1005002253470066
32770300061
4001233647887
32606502050
1005002494504271
1005002383007662
1005002279410289
32917620615
4000150964364
1005001863093214
4000933772975
1005002315757243
1005001824099235
33055858160
1005001393385266
4001230317992
10000002741170
1005002253989686
1005001774937596
1723392321
1005002266410294
4001189101642
4001013012299
1005002372801466
4001044983094
4000921285169
32860166238
1005001483839756
32215645116
4000136562494
1005001630884303
1005002341324419
4001264459064
1005001968473182
4000529585895
4000396025269
32972976185
4001178082782
1005002301138576
1005001950584051
1005001499682533
4000356804347
4000344236826
1005002165789478
1005001769500354
1005002268021886
1005002380955242
33005214968
32908955369
1005002485089268
32856977591
10000290897513
1005001325112253
4001220176541
1005001722940721
1005002272364473
4001291620985
4000784893186
1005001381906559
1005001501432596
32673310284
4000207091436
1005001802549905
2033475463
4001036198254
1005001854797142
1005002002814456
1005002320620703
1005002417526151
1005002492616253
1691880746
1005002082010864
1005001567725341
4000128434792
4000808540080
32859298939
1005002428763878
1005002300854112
1005001968381006
1005001966236269
4000226034887
32971511956
32856761405
1005001723731178
1005001928585226
1005001277956288
4000529239904
4000052612427
1005002292099257
33010176610
1005001491367636
4000750183990
4000429706342
1005002295395990
33002340715
1005002312099885
33050830139
1005002065707566
32810983082
1005002001273589
4000916535416
32859312168
4001211175671
1005001451175040
4000823182683
1005001692568611
32968851800
1005001792988498
32886798500
32698087077
10000004201776
33004826339
4000769554918
1005002293746472
32669371041
1005001830182367
32782529989
1005002419309918
32835754455
2045459012
4000322115445
32947943986
1005002313082489
1005002278810533
1005002359496497
1005001525527145
1005002328211802
33048548678
1005001981227421
1005002374621567
4000804489235
32822999921
1005001545191723
33008456732
1005001933484525
4000222042802
4000072594840
1005001583236053
32817272192
1005002085349662
1005001988578962
4001024510319
4000182168095
32858837182
32628920843
4000211081914
1005001794892233
1005002389584229
32969151513
1005002253497595
1005002386898373
33052868718
4001275022756
1005001997365201
1005002447940725
1005002393870488
32869183922
1005002068077300
1005001570341869
32850496552
4001198014492
1005002341380057
4000650569017
1005002015545184
33039980356
1005002386997499
4000698448025
1005002198708299
4000665858128
32799745275
4001036555937
32998414511
1005001469321705
32865319337
1005002079659849
4001008035204
32991944806
1005001334190660
1005001387269844
4001222847578
4000336268276
33021177264
1005002033786155
4000494292364
2039364533
32568196873
4001204801570
33028627301
4000826252330
32899821711
33045769988
1005001339280432
4000181967089
32901353645
1005002312384949
1005002394622611
1005001558039837
4000354990049
32980421702
1005002070043095
1005001431215171
4000271793969
4000265816164
32906010061
32858456935
1005002290265011
32917605501
1005002333262801
1005002462571430
4000872954672
4000125909428
1005001961970446
1005002286994425
4000267387196
33046521932
4000851159279
32729359456
1005002355705855
32816398508
1005001303055308
1005001380380088
32783125978
1005002288641142
1005002250429177
32537380187
1005002333687211
32966690422
1005002395656170
1005001596829099
4000642251008
32948919415
1005002317639033
32999385690
1005002157679183
33000706967
1005002307061822
4000542116832
4000907113448
33011377887
32948528363
1005002126500938
1005002245368220
1005001320126446
1005002329270245
1005001640379065
1005002344089305
4000036225930
32881227210
32995475978
1005001795111100
1005001762641511
1005002283651302
1005002362961607
32911028545
1005001998709011
1005002199048174
33010113865
1005002064765180
32855183869
4000618782081
1005002336932844
4000093798815
4000926042972
4000036122934
1005001651868450
4000031594970
1005001848754235
1005002466133298
1005002236369759
1005002337324588
1005001795242992
1005002334399405
4001348128093
33047226437
1005002394215248
4000905507594
1005002341134601
1005001883162275
1005001921406302
4001282271840
1005002190973428
4001026378056
1005002310984348
32826805892
1005002399165212
1005001706602040
1005002423975844
32817778170
4001147561818
1005001382355232
1005002413249471
1005001463535643
33061943917
1005001677863756
1005001949145348
1005002376882896
4001099977663
1005002378255942
32865726857
1005001520667561
4000396412456
4001179488046
4000199967136
1005001930986039
4001127987491
32304101428
1005002285913951
1005002334258177
4000202829883
32991457937
32839676096
1005002141010932
4001179684303
4000358070533
32977000802
32925979216
1005001452077636
1005002314398275
1005002396402928
1005002317274569
1005002248713221
32808212683
4001322716474
32812151084
1005002335245321
1005002314256894
32928311326
32864534105
32818972413
4000543713305
1005002413488400
1005002340612839
1005002060125523
1005002490846017
1697352896
32949229420
1005001802271530
1005001439154219
1005001815577867
1005001368952985
1005002217987515
4000100690286
32959820182
32860839422
4001291586889
4001294062257
4001266650204
4000115289693
1005002192057192
1005001582924512
1005002376380453
1005002345023759
1005002273826314
4000391498324
32817212735
4000810948674
4001224026072
1005002326686753
1005002306467222
32698439671
1005002443583839
32969766553
1005002089382346
32913569670
32769307396
4000784911690
1005002381675408
32969072114
32660747043
32375919264
1005002288928351
1005001270394330
1005002310797964
4001220729942
1005002386663119
4000394635554
1005002490426516
32241968123
4000320995763
1005002460332414
1005002237791384
33013268356
32824501524
4001338737828
32873814261
4000793008437
1005002357556306
1005001979939903
4000414877690
1005002280734530
33010464720
4000850555064
1005002481708116
1005002329670828
32879635666
4000067910265
1005002271368286
1005001284984058
1005002091097560
4000043881150
1005001997519045
10000165298049
1005002430741371
1005002292236672
4000789086983
1005001563158519
1444792161
1005001757914607
32652211275
1005001913105306
4001257247684
32916205995
1005002224906178
4000965544386
4001203709010
32967489123
1005001593187296
1005002310273242
1005002000233203
4001125668687
1005002240998792
4000879094267
1005001920551577
33055681918
1005001914569549
1005002003927069
32962111623
33045201965
32819497486
1005002277926999
4000456858583
4000674731460
1005002297047221
32899304501
1005002390581419
4000928615057
1005002365249211
32877603207
1005001607409479
4000242049133
32894374973
4000186511984
4001151182287
1005002294755519
32848632466
1005002268091438
1005002326869399
33035984687
1005001494468662
4001068694878
33013751141
4000598059941
1005001452693525
1005001680603109
1005002166211700
4000780515866
1005001417931641
1005001907393127
1005002115634550
1005001989745576
1005002099434602
1005001983023206
1005001750696102
1005001874740946
1005002317668686
1005002453826640
1005002337791445
32808184096
4001039345449
32917497834
1005001715020975
33002728704
1005002318470872
32953228111
1005001362392195
1005002290943559
32961449371
1005002413209968
10000358714184
32899637282
4000398519273
1005002345089073
32958588683
32845403534
1005002381458463
1005002366968804
1005001885507115
671750178
1005001593199614
1005002315991070
1005002393703867
32739295465
1005002211861444
1005002211227455
1005002361790425
1005002167263434
32737826922
33053199507
1005002373168230
32981979309
1005001489764744
32932819298
4000207302477
1005002281838721
33035646249
1005002252618541
4001031175287
32642102044
1005002352761639
32858977443
32855767511
1005002318950411
4000906298917
4001170661563
1005002325274972
1005002246716436
32926502338
1005002286091910
1005001843712936
10000259562677
32860774100
4001270404713
32983839339
4001220652562
4001036153458
1005002286990534
1005002206343268
1005002150680546
32832360336
1530414661
1005002034179205
1005002394943515
32679237995
1005001859724567
1005002317438133
1005002330910018
1005002383419483
4000643826994
32813963674
4000207667309
1005002287446274
4001289782120
1005002206771236
1005001617869367
4001069051271
1005001747029740
1005001633812966
4000191703660
1005002038492096
4000319503279
4000623782825
32828142421
1005002310932605
1005001297722374
32833519089
1005002271624868
1005001510177481
1005001510485723
4000368085063
32791919898
1005002242705558
1005002394304016
1005001694614311
4000268446063
32945702378
32997379925
32821977305
4001259951293
33016766035
1005002294394942
1005002381522197
4000336186098
32859614920
1005001510221872
1005001405760765
32923952235
1005002003427905
4001119699114
4001361307786
1005002469686452
1005002008196003
32963597066
1005002032890781
4000709013339
1005001742291791
4000345834465
4000042798605
4001277667354
32895427550
33000503865
1005001266652266
1005001980192790
4001276317961
1005002431499781
4000074082319
1005002476400545
1005001664291046
32963863076
32925995721
1005002376468958
32894897482
1005002054782686
4000029112602
32695381806
1005002332534143
1005002490627197
1005002483018587
1005002003562740
1005002224584408
4000414582137
1005002449264194
1005002389044309
32896677721
1005001884544543
1005001702877107
1005002068933857
32879876564
32878469538
33005675169
4001226327487
1005002340941694
1005002356437570
32864486696
4001279006046
32827067149
1005002351285803
1005002355626422
33036334257
1005001596962005
1005002268368626
4000921744953
4001173043447
1005002316244529
1005001638916698
1005002333483314
32988748847
1005002417695054
33036667002
1005001859737923
32976159655
1005002221325971
1005002281701340
32963801447
33010602469
1005002229893190
4001287923006
1005002313704667
33015596312
1005002147490119
33015861147
1005001940370504
1005002367575090
4000494503705
4001317817604
1005002321850349
32888025178
1005002211171703
1005002374862706
32855096943
32788453180
1005002206512667
32958260575
1005001988298663
4000700035669
1005002500306535
32920614066
32690798990
1005002313199887
1005002433250533
4001228630103
10000208732906
1005002119581869
1005001987279426
32973389757
1005002176926538
1005001591334421
4000429794304
10050014853654101005002333246656
32982210190
4000259446130
1005002320006528
1005002462409701
32846233895
32807548644
4001014597137
1005002326959495
32861486880
33058593336
4001200149307
1005002454419135
1005001420561429
32987220303
1005002304566896
4000461379360
32658479533
1005001520340420
32982008569
4000089988354
1005001732715241
1005001992420130
32948856392
4000589853122
4000234610727
1005002375346495
1005001300326947
1005002347624870
1005001281257754
4001309766366
1005002023021681
1005002282832124
1005002299471926
756491545
1005002284033131
1005001832208985
4000076317900
32672562541
1005001602389721
32953185073
1005002307399954
1005002380685061
4001183835045
1005002458887081
32993151755
33026592508
32558170050
1005001887837914
4000967033796
4000631361480
1005002297515606
1005002383953477
4001130176412
1005002224227900
32810317561
1005001427797270
4000959783207
1005001835637950
1005002452296884
1005002030265819
1005002314319315
1005001625358514
1005002390419338
4001321609096
1005002388968494
32926140879
1005001835133393
1005002205404715
32716044823
32820920166
4000174171351
1005001495448852
4001023022600
1884428353
32953043923
1005001934887433
1005001967373812
32541558885
32870010526
1005002154766607
4001220796483
4000366269997
1005002253749746
1005002467099049
33001737238
1005002419378070
1005001729616017
4000237064420
1005002033244566
4001230284957
4000735055363
4001036622089
1005001609262885
1005002073998282
32986839437
1005001676183308
1005002187858576
1005002369408683
32993066018
1005002376864499
32826948741
4001155246620
33049932394
32613306951
4000806050305
4000378711881
1005002306654055
1005002011499419
32950047224
1005002353137111
32934991473
1005001786217660
1005001323079214
1005002317659559
32833761278
1005002372297078
1005002140222998
32914966204
32903030788
1005002282932057
1005002117232418
4001179131840
1005002199094917
32825556248
1005002463029895
1005002298275967
4001149266692
1005002270832377
1005002253645499
1005001731043832
32233831377
1005002134066046
1005001565480520
4000317389593
4000850682336
1005001702581302
32758279445
1005001315235331
32979626596
1005002292766218
1005001519717993
1005002099140544
32959982349
1005002322117815
32833036440
32858937197
1005001308012011
1005002362485790
1005001584826119
1005002238006003
1005001784733441
32818819278
32842561768
32820243653
4001287027449
32888260296
32944300654
32952233982
32829376331
4000596356916
1005001848094215
1005001275870788
1005001727576421
4000370153092
1005001621485800
1005002050931473
1005002292616415
1005001476178371
10000320761626
4000203522856
4000672441105
1005002260207878
4000755307206
4000247570694
32820020966
32906547143
4001107686077
1005001600158085
4000190885414
1005002466671797
1005002270670527
4000954025783
1005001955016080
1005002314346646
4000028707933
1005002301988558
1005002414396071
2026806109
33052590120
1005002101869185
1005002200458950
1005002306358259
1005002330348484
4000378540845
32965677247
1005002320780165
4000553747432
1005002193894961
1005001961454748
4001160374949
1005002246385441
32844396857
4000463828689
1005002470750867
1005001789433500
1005002350818593
1005002122304821
1005002435901537
1005002340075441
32971899698
1005001423833533
1005002350423276
1005001470177330
33042862715
1005001637793654
4000850463242
1005002383915056
4001278960275
1005002292803618
1005001560131258
4001240287588
1005002298865768
1005002327325550
1005002231806094
32985916533
1005001562541739
1005002027167120
1005002434741431
1005002379212297
1005002060493130
32833927392
1005002321341625
1005002382077009
33019050033
32857810805
4000916462609
4000154631429
4000238831824
4000872810879
1005002002844801
4001037418253
32822935162
4000990836990
1005001515614924
1005002491723619
33020938622
1005001744126950
32892922595
1005002175321667
32830541985
4000327009746
1005002261550846
32626130525
4001353510551
32991303789
1005002306107191
32807554503
32846026604
1005001267253621
1005001896147556
4000706564830
33040834543
1005001864762552
32896052804
1005001932865353
1005002313360406
32654830771
32857179026
902607615
1005002333136394
32881624623
1005002271070874
1005002402147512
1005002433327997
32338882045
1005002254924883
32888354352
32863058851
32993091543
32965118204
1005001873974210
32901827164
1005002375602800
1005002315475174
1005001917256961
32879697426
4000177976862
4000072714294
33060256155
4000217068822
4000926135218
1000007850412
4000260802560
1005002475862170
1005002260196360
1005002298070791
32747222519
1005002279054396
33020837275
32796229802
4000170923789
32888469597
1005002085429552
4000887809548
4000780636748
1005001953007283
4000709507635
4001253535062
1005001325800696
1005002273717424
32852518237
33007716626
1005002217286198
1005001994687057
32917826095
1005001854948250
1005002294676114
4000755496390
32990485849
1005002288786955
1005002440711978
4000323617523
1005001315377002
1005001816619481
1005002277727288
4000545726936
4000385044075
4000881705480
1005002264821383
1005002377588925
1005001773957770
33009601559
33009785999
32864261769
1005002317645020
32931545040
4000973322107
1005001962136161
32973181600
1005002281241500
32912925277
1005001375015673
4000890754367
1005002473647565
32845117547
1005002181427037
4001275202092
1005002283128477
32557853044
1005002212824265
1005002314588909
1005001525347786
4000529713078
32357121651
32249688373
1005002369018829
32878811723
4000990974223
32795012439
32713089518
1005001915664798
1005002030673468
1005001999200675
32298590141
4000160707067
1005002363821998
1005002322240337
1005001379940950
1005002262055732
1005002053470657
32893269880
1005001464807992
10000351715237
4001003191331
1005002305776150
1005001632186464
1005002278294845
1005002070574096
32889830075
4001344837743
4000005208268
32326954729
1005001830101260
1005001879596938
32888783408
1005001474618289
1005002381632244
4000442634251
33030226605
1005002010711731
1005002313374810
33055500896
4001062332387
1005001508419200
1005001745386562
1005001839306638
4000775048582
32827147735
32916129101
4000878698866
1005002297471330
1005002052473683
4000349085839
1005001319642442
32704845565
1005002353814617
32981116849
1005002323033046
4000041320714
33042550847
1005002338828430
1005001511305213
1005002016926297
33055523990
32951026714
1005002086055039
32741585426
1005002280659096
32855599862
32915454807
33058967353
1005002076491703
32918400397
1005002483264646
1005001975001926
33057635973
1005001928761034
4001034895259
1005001525420466
32975076550
32411741821
4001209276811
4001279733998
1005001468161160
4001002564867
1005001669581817
1005002412986827
32998971219
1005002042924058
32676707939
1005002223836464
1005002410921285
1005002263618172
33041309693
1005002399990062
4000122330896
1005002263567365
4000171281503
1005001626929501
1005001848619981
4000981153518
4000758825308
4001112657618
1486663471
1005001875713749
32888159404
33005757886
4001041027924
1005002314359625
1005002357693849
33039282130
1005001926303636
4001038802275
32920878317
1005001942806915
1005001915875937
1005001951960035
1005002334701826
4000225759619
1005002168846722
4000701559399
1005002428433268
4001256295651
1005002393566601
33038889893
4001155788061
4000803279614
1005002295684767
1005002121275011
4001082787946
1005002413437360
1005002310178302
32813885716
4000216916553
4000287490268
32830402894
1005002481418638
4001280634651
1005001323135170
32832941403
1005002254940360
32858284779
32794204133
1005001614206324
1005002444313177
4000319741179
1005002265982913
4000395413040
1005002348219980
33004447701
1005002363795951
4001275155430
1005002450535708
4001023128082
1005002258466811
32862884656
1005001613444320
1005002395696715
32929645919
4000626649298
1005002371374810
4001149613961
1005001874229442
4000039365627
32937641275
4000956197384
4000298744758
1005002191875341
1005001697663143
32944289617
32899777946
1005001356332162
1005002382163391
4001118176535
33002220927
32862386657
1005001997773490
1005002473867772
1005001942967366
1005002367462417
32851297109
1005001316490061
1005002378386051
1005001623846705
1005001963501724
32998396306
1005001692389761
4001021624781
1005002225873995
4000349883968
1005001826242539
4000713855981
1005002083611812
1005002324043062
1005002310801109
32907678631
1005001967427222
32863841724
32868918299
32696808803
4001051834485
1005002402556547
1005001619677865
1005002317738590
1005001947388573
4001034934018
1005001590160945
1005002272132587
32976202353
4000358080154
1005002334555049
1005002239693459
4000236707970
1005002454303750
32997939330
1005002219708760
1005002204211465
1005002404710537
1005002311434322
32836755451
32920736390
33034501395
32865097257
33012175578
4000315967875
32896665534
4001252066147
1005002305743933
1005002322283015
32859938057
4000944414916
1005002362494322
1005002084293510
1005002404192195
4001282669631
1005002447065669
4000018866515
1005002170862310
1005002480076344
32889578077
32902993076
1005002323459088
1005002469916110
32965570717
1005001994268567
32849561378
32946698401
4000341735033
1005002384983094
4000989673843
1005001706409718
1005002090659494
32869840647
1005001487113712
1005002106074062
1005002375661368
1005001893433194
1005002122356857
1005001757110900
32611704135
1005002229792862
4000219714299
10000384190997
4001147922634
1005001722587144
32878731700
1005002475394067
1005001833980485
1005002318606715
4000824432324
1005001391707987
32991981685
1005002221456975
4000415490693
32622556130
1005001277969631
1005002333212021
1005001391412071
1005002388285843
1005002496412373
1005001594096259
1005001800139251
4000065803607
1005002292578763
4001084878150
1005001864945563
32849120514
1005002337829275
1005002141246760
4001114691314
32966945519
33010146055
4000037531448
1005001638360891
4001104635552
1005001567023905
32749738822
4001281819245
1005001600917409
1005002319395029
4001285850255
32975070895
1005001695003559
32917137822
1005001865046983
32931637205
1005002495780652
32812165159
32961417858
1005002316628547
1005002384740864
32846705402
4000070788481
1005001928590446
32850319418
1005002282291366
1005002337572687
32647020513
32916219249
4001029094981
4000860896018
32849393021
1005002227245582
1005002347515529
4000044831165
1005002248896501
1005001848763415
1005002464973733
1005001816609225
4000580511730
1005001602666128
1005001354950162
1005002467118598
1005001689322386
1005001771048914
1005002345976686
1005002484999464
32814533937
32792592841
4000266959327
32858721137
33033663744
32900739909
4001139020117
1005002309757738
32973854863
1005002203526142
1005001409275617
4001209012166
4001155946730
32975708156
1005002241595137
1005002465444351
1005002297254351
1005001273486243
33052838041
32984994999
1005002368982175
4001016116184
32991030883
32321420309
1005002258274621
4001254791649
4000247726736
32795764468
32910685413
1005002281188648
4000622660152
32802480893
1005002244036178
1005001642772252
1005001889314832
1005001718562158
1005002494273933
4001055831473
32915114457
1005002469030096
4001285102873
1005002100726699
1005002325264545
1005002229958734
1005002322428957
1005002190944935
32990415462
1005002400385791
4001271802621
1005002447764244
33013548863
1005002004432654
1005002012758509
32949496658
1005002339655146
1005002221996163
32995419196
4001101496185
1005002362655594
32736432094
4000388076606
32933218616
1005001989957068
1005002217430062
1005002283290219
1005002369561324
32347887942
1005002398215131
32995421448
1005002306834763
1005002327910398
1005002284406117
1005002500459516
1005002484415485
4000429839946
1005001963652144
1005001920725614
32913393559
32943317035
33010642397
4001296446709
1005002353849516
32887300971
32666450382
4001319557226
1005001685740947
4000912687054
32972694121
33039550272
33030786560
4000412799298
32948951672
4000784122576
1005001304539358
1005002318163218
1005002288843128
32818888256
10000249363883
32832779862
32459391828
1005001616242678
32775072113
1005002292789793
1005001720700105
1005002318973398
4000073655929
1005001968291610
1005001687948471
4001272560515
1005002356703419
1005002395840013
32780918923
4000528823409
4000903537794
32946257272
1005002238239186
1005002313712107
1005002288875380
1005002021862628
1005001836972112
1005002219873364
32700811674
32849452300
1005002424849779
32630751273
1005002392871205
1005001515781581
1005002160466306
32831269092
32658287869
1005001507528410
4000772796971
4001208319762
4000414894332
32826250193
1005002339464071
1005002364549850
1005001993515819
1005002432408449
1005002055445645
1005002339474007
1005002281248204
32970886421
33040356723
4000166500808
1005001528831573
32672828636
1005002194533627
32951128058
4000278310929
1005002441556737
4000393308399
1005002319075677
32906653366
1005002000032857
1005001657669802
1005002147510003
1005001901458934
32865215691
1005002363807780
1005002369440660
4000843041154
1005002429547143
1005001407170842
1005002387015510
1005002281199570
32817791247
4000626384252
1005002280850260
32862027870
1005002111992324
1005002033517527
32963330475
1005002356000154
1005001844482032
1005002431985627
1005001869235960
1005002308714813
32976150355
32851448310
4000941451000
4000665716453
1005001325511575
1005001849972295
1005002157572745
4000235273842
1005002357967059
33002224481
32826491647
1005002435715521
32973868002
1005002322783012
4001062955741
1005001468295384
1005002362925969
32958248103
1005002383186888
1005002364588711
4001187055663
1005002454270478
1005001744038380
1005002495599471
1005002293655620
32955041231
4000287698607
1005001899256769
1005001670822539
32881652678
1005002319593294
1005001581650036
4001060944056
4001065546094
32833106786
32966222191
1005002398609392
1005001665104713
4000722717955
815407507
1005002354474350
32978222616
1005002068069989
32809675153
1005002323790262
1005002359536393
1005002332689271
4000303614445
1005001619496643
1005002332914251
4001019113852
1005002488653015
4000221354749
1005002205491708
1005002288745909
32981669107
32909662811
1005001694146818
33013502252
1005002348531878
4001247761859
1005002259873951
1005002350200958
4001361830550
1005002499455910
1005002288323490
1005001802881181
1005002341581207
32964811951
4000011101471
1005002352502698
32987166144
32612227342
4000834502183
1005001289433665
1005002001688978
1005001846073863
1005001438751372
1005002312941832
1005002492467662
32818467348
32887788207
32952077689
1005002240296169
32819299357
1005001354473222
4000934756602
1005002286030130
33024870674
1005001686065720
32959877617
4000955877113
4001230884744
1005002189530625
4001275028039
4000164057018
1005001758034803
1005001371549965
32891187031
4000009742549
1005002337000388
1005001631940547
1005001862134114
4000670767042
1005001529793727
33009572655
4000317647911
1005002350650768
4001244588861
32993661609
1005002254450190
1005002283161880
32830068201
1005001901964009
4001364218527
1005002462609186
1005002231306470
1005001769231900
33035024469
1005001890706943
1005001860683590
1005001617061594
32788232825
4001156868561
1005001490582056
1005001819045786
32979397995
1005001638755406
1005002177919549
33002371145
1005001637615042
4001344726434
1005001434314359
10050024012640211005002327813762
1005002468953420
4000177620943
1005002372274148
4000960367859
32997361616
1005001614932692
4001335581509
999808435
1005001477977121
1005001633861287
1005001713143974
1005001651334959
1005002314387106
1005002314360086
1005002483373086
1005002388556513
32863911312
4000302610601
1005002326707563
32318180305
1005002383102688
4000244807591
1005001977364981
1005002333520293
1005001442075263
1005002349917793
1005001431203479
32999365865
4001214540162
1005002237897801
1005001959889110
1005002414466787
1005001725293184
32762194219
4001351263511
1005002059779786
1005002004662293
1005001769618706
1005002498888901
32981513578
1005001700666703
1005001705485434
1005001297380676
4000545723245
32948452799
1005002320613389
1005001854699413
1005002381596853
1005002023051501
1005002328344360
1005002382526335
1005001944052109
32864394335
4000985097867
1005001914308064
1005001611766176
1005002399547327
32920726923
1005001763109032
1005002307866168
1005001936473092
1005002291521589
1005001889118688
1005001423029313
32932711837
1005001726669008
1005002285528687
1005002270434957
1005002070551357
33010285227
1005002383972095
4001314063235
1005002461167458
4000939194294
32963082829
4000180191911
1005002449082199
1005002228549143
33004675573
33042837246
32976818570
1005002196995886
4001221632098
1005001708503400
33006646125
32319219658
32904424900
32958466391
32774858170
4000216085462
1005002390221939
4000509990210
32807526378
32899727632
1005002483213199
1005001401741148
4000856281451
4001303371885
4000604323176
1005002232816673
32748309918
1005002306183116
1005001847517817
32252904007
4000163133687
32949706951
1005002447174412
1005002033860657
1005002255318073
1005001874360388
32988595580
4000580190062
32803918767
1005002305289582
1005001580541672
1005001875427378
1005002109855795
1005002438164526
4001218940266
4000132684164
32821794031
32815569209
1005002090903825
4000167382758
32981962596
1005001320648394
1005002408430491
32760458668
1005001780455825
1005002323539400
4000830144674
1005002172924513
1005002395338121
1005001966513152
32800574061
1005002281156230
32972417172
32954232555
4000784522430
32995054912
1005001835533122
32698990495
4000555975638
1005001385230112
1005002314498657
4000174635724
4000046214757
4000773929292
1005002480620493
1005001593342633
1005002488065871
4000960079148
1005001798252417
1005001598244114
1005001900331110
1005001438843431
4001200589475
32925851144
32326456426
1005001502285277
1005002318963422
4001033181244
1005002345987051
32875332955
1005002345800856
4000377929864
1005001970664154
1005001682320638
1005002292237458
1005002489380994
1005002055564809
33027812804
32901982389
4001227653424
1005002256044940
32801904280
4000431076852
1005001835439728
1005002333452384
1005002103762593
4001007155002
1005001355840673
32967540017
33002354907
4000549386534
33057941028
1005002255214570
1997443812
32347386136
1005002342454769
32970610626
1005001950778274
1005002279140582
1005002277126616
1005002064312905
4000917967002
32263163379
33026504334
1005002301789219
1005001952237059
1005002087865965
33048417362
4001116439450
1005002034137350
1005001953207353
32785594404
4001254981416
4000516909863
32834278138
32970782371
4000979000198
1005001631565372
32803566494
1005001690696597
1005001999362398
1005002337813046
1005002253563006
4001162832629
4000522275579
1005002362542917
1005002454290331
32950155132
4000293836484
1005002312435467
1005002346298916
1005002359823194
1005002357721865
1005001878126355
1005001692906888
4001205532170
1005001367267740
1005002481546678
1005002381417032
1005002465642536
4000185103681
1005001504162626
1005002263620597
1005002370079014
1005002394802465
1005002416018688
1005002462289744
1005001997362229
4000429524914
1005002375551061
1005002206478474
1005001525294819
4000529365009
32886306656
1005001775554490
4000306897365
1005002304397432
1005002073399760
4001062717904
4000208304012
1005002050404948
32975960217
4001119701180
4001260573216
1005001432019152
1005002344863838
1005002314470345
2052304391
1005001494593087
4001215750183
1005002304008573
4000127590929
1005002096555370
1005001982360991
4000978878577
4000793577140
32854164463
32975032750
32789012127
1005002329038075
32899286663
4001247948521
1005001547612952
1005002275315325
32989771605
1005001320478711
4000256005483
4000011622607
1005001923600890
1005002246939851
32358503038
4000594343428
1005002108599086
1005002436256106
1005002051732232
32788777910
1005001948974153
4000426346860
1005002356891636
4001237729427
32960715143
1005002325301553
1005002264744401
4001204692117
4000301291418
32588617042
4000987812836
1005002182483649
1005001398986922
32964702514
1005002281131523
4000772711539
1005002459720406
32814871321
1005001593952685
1005002265922808
1005002341268884
1005002367538873
10000351720390
1005001708318834
4000505266812
1005002243402952
1005001381572536
1005001429317129
1005002381812843
1005002381933918
32793726299
33044134509
4001280565725
4000115646758
1005002441605391
32816704134
1005001703285656
32826135917
1005001274735076
32725515150
32840893571
1005002275595973
1005002358770788
4000663862808
1005002468158515
32855172087
1005002392850726
1005001915381049
4000048723228
33025605071
1005002269124188
4001241493771
4000715007571
32866054918
1005002368976833
1005002427241654
1005002214830293
32952925616
4001184218493
1005002318101129
32428070740
1005002277034497
32835446366
1005001862779898
32896761232
1005002359808716
32819255231
1005001550795828
4000310825239
4000224995831
4000544147092
1756330094
4000532423250
32589224586
1005001325288944
1005002162791107
1005001720716942
4000292908695
1005002433105604
4000401649367
32823821599
1005001997823360
32675825109
4000010506908
1947934347
32713327022
32935042602
32918823554
1005001379862991
1005002258262623
1005002337705535
32965675864
1005002345874080
32773967518
1005002279149176
1005001509910739
32860568985
1005002350883139
1005002061062989
1005002023594870
1005002372454115
737180989
1005001864888900
1005001935293342
32975183917
32829435052
1005002469000240
1005002359146661
1005002218522547
1005001552855894
10000040595968
32616301674
1005001609118976
4000774773752
1005002325063930
1005002344504562
1005001943480065
4000864065913
32920075795
32768922834
1005002253525597
32905824500
33000447644
32853597744
4000926598347
4001320862492
1005002492208518
1005002143599098
32329614031
1005002487622034
1005001871246170
32964785570
4001272376737
1005001420359328
33003341751
32957237970
1005001407414141
1005002430975382
33010634439
1005002363372730
1005001651468441
4000033035795
1005002107666323
4001278358758
1005002304306860
4000206819506
32925938678
4000545023182
4000038935707
4000850255114
1005001817890568
32837367773
1005002315425264
4001058933241
1005001325164554
1005002478656028
1005002068292509
1005001376838625
1005002237967465
4001193193528
1005002218346385
1005002329122978
1000003189007
1005002234929522
32989786105
32808146441
4000281015285
32836492040
1005002469710542
4001128064637
4000980551972
1005002353527219
1005002198767398
1005001525541167
1005001993493474
1005002176324565
32825358900
1005001445930117
1005001333697494
4001167548379
4000033154567
1005001464173780
1005001988277898
1005001718207420
32901028756
1005002228246904
1005002478825785
33038200259
4001218173310
32691406734
4000254862898
32827427938
1005002314536226
1005002060056636
32625641336
4000313544380
1005002498777181
1005002486582806
1005001521485896
1005001577843127
4000903334741
33002732109
1005002223426492
1005001670820568
32820880977
32597315682
1005001286880690
32959663193
32960810439
32959364114
4000113623165
32860580080
32945751199
33037104140
32711791127
1005002276278605
1005002477771998
32966536979
1005002288508704
32946521316
32963808708
32899607495
32890294291
32839246545
33022619910
4000695321610
4001192023611
1005001695568130
1005002304724935
1005001665668729
1005002484903800
1005001406598654
10000183788775
1005002346241882
32829708727
1005002260485183
1005002008102473
1005002293786998
1005002330792068
1005002211472459
1005001651432703
1005002271126222
1005001652250367
1005002407025570
1005002311960566
1005002287868410
1005002500500320
1005001566808748
1005001624479492
1005002433915809
1005002023998042
32945869970
1005002433373885
1005002443124352
1005001855050224
1005002388480280
4000259010446
4000989059869
33027609784
1005001469817792
4001090493256
1005002443313602
4001272994173
10000395914541
1005002332504272
4001278960425
4000930424366
4001297205736
4001251025085
1005002449720458
32604751794
1005002315217184
32823915444
1005001893123962
4001230352568
1005001536544296
1005002303801886
1005002440830283
1005001887546835
32950733570
32982457741
4000712087382
4000183636174
33002698881
4000985430240
1005001912901212
4001114686179
1005001581303247
32817212945
1005002410137414
1005001892244140
32850802954
1005002337218351
1005001868848092
4000320609483
33050747667
4000834107851
1005002305070758
1005002089299641
1005002357408726
1005001928396017
1005002269109757
1005001630791882
1005001840572789
32891860285
32912031061
1005001737378026
1322408571
1005002253903498
1005002415085465
1005001889644135
1005002318102642
1005001506679728
4000050390620
1005001488900284
4000811933705
4001229619497
1005002219200922
10000408380485
4000808981084
4001271440330
4001300348490
4001136767056
32995630011
4000850545194
1005002453752361
32975082597
1005002362386203
32972664921
4000876338097
32840367436
32839832971
33012503290
1005002412803059
1005001278471701
4000305615625
1005001930835591
32687543974
1005002387266858
1005002327255917
1005002400956186
1005002467487315
1005001515741975
4001225269032
1005001821435556
4000100609487
32903416597
4000003732556
32696739892
4001257495189
1005001619514170
4000561869110
1005002359724406
1005001348503386
4001171469066
4001208254455
1005001296131636
1005002085438312
4000294732290
32998796405
4000657164423
1005002374921434
1005002263868558
1005002278890987
1005001957744134
4001028186364
32858458743
4000311919081
33022834713
1005001499742264
32855020053
33027338639
32954901260
1005002003683581
1005001994461880
1005002443388720
4001143099661
1005001713611019
1005001933564150
1005001921062385
4000546676872
4000031373792
1005001953820293
32758579022
1005001793150887
1005002280503145
1005001702816112
1005002496247755
1005002373557634
32974075086
1005002401934531
1005001526434447
32865690663
33047122915
4000548964186
32909426448
1005002317490002
1005002122507426
1005002333852569
1005001365147869
4001168641472
1005002324116276
32954683771
4000153027193
33047809758
1005002400526246
4001269297215
4000998814041
1005001337793462
1005002484907339
1005001632101128
32788356934
32760321386
1005001481909417
1005001697598333
1005001899318477
1005001863181420
4000788110053
1005001685890024
32833634680
32745022026
1005002024056707
1005002120906326
1005002483491037
1005001805203991
32811673561
1005002114550222
32828091698
1005002427194505
4000433785020
32895215975
1005002364288569
4000373972243
32863373746
32956128276
1005001506027613
4000997079173
4001296091080
1005002069896458
1005001864833212
1005002287986934
1005001343864736
10000002732935
4000969628493
1005001793242049
2025504818
1005002228680690
1005002334979158
1005001575657767
1005002109065324
1005001419384958
4000546000055
32740129575
1005002384545751
1005001704009098
4001309124279
1005001482922274
4000877805542
32808795538
1005002426159175
1005002356108195
32721592273
4000497366419
1005002266170337
4001228986175
1005002352692077
4000200099002
32827521190
4001214268848
4000850524734
1005002253087697
32986752894
1005001466372512
1005001971051798
1005001546474948
1005002454330926
32837981734
1005002091607873
1005002219399709
4001038772987
4001108500777
1005001780292975
33019803022
1005001883801926
4000607390589
32361017978
1005002058956684
1005002066590930
4000987019118
4001290679799
1005001604722126
1355513746
1005002328898149
4000369892318
32947743150
1005002275820674
1005002383096112
4001170854590
1005002409768596
4000448275050
4000602568366
1005002052435993
4000083208159
1005002387041063
1005002395049846
1005002361587538
1005001679334425
32918450570
32812023303
1005002193041078
4000228591307
4001286111701
1005001999593026
1005002500342543
4001167437115
4001247948945
4001064437264
1005001531963265
10000028226718
1005002350723305
32919593998
1005002349066478
1005002264788830
4000534439821
4001062100369
33008537234
32896607300
32956867688
1005002350762523
1005002306355184
32914062199
1005002220188189
33048543822
32590043433
4000929977372
32968540937
32822850450
1005001586238636
4000726091355
1005002072859681
4000862800444
32950066780
1005001471249924
1005002467167125
4000946365566
4001177482476
1005002368590098
4001217734846
1005002226483523
1005002229416179
4000603082036
1005002432410976
1005002090227612
1005002434713529
32900194605
1005001615263960
1005001880232085
1005002347362408
1005002169250376
32855323911
1005001370040491
1005002433661434
4000860852534
4000314370492
4000392855460
33001504408
32994508760
1005002459122349
1005002339423553
32972274040
1005002377056712
32946812882
1005001752210514
1005002337206438
1005002129891358
1005002226359241
1005001515333667
1005002440897086
1005002319278689
1005002387675423
33032481534
1005001364343290
1005002368800765
32869443632
1005001980143109
1005002413181879
10000158100506
4001331164761
4000449692290
32644298698
1005001375040493
32866457820
33038430295
1005002099654932
1005001367596986
32892094164
1005002249450818
4000990813560
4001138310773
4000185331656
32799829778
1005001335254425
1005002118797567
1005001524090621
32818661983
1005001303984717
1005002381928986
4000515297280
32820998439
1005001809649221
4001002818445
4000534536514
33019314887
1005002261160377
4000935895834
1005002079268315
1569522486
1005002301382470
1005002362295204
1005002226144852
1005002425797241
32846699737
33054061011
1005002277357613
1005001381411822
32950847651
1005001716627198
1005001808367627
1005002391111464
1005002068777500
1005001961234087
1005001731730873
1005002323664929
32866221483
32843167122
1005002385645732
1005002428625146
4001128454379
4000316990879
32979005843
4001032016997
32857676384
1005001437847994
1005002262419598
1005002315385507
1005002359813343
1005001292800458
4000663820847
1005002461903309
4001233037370
1005001391824590
1005002310416004
4001223108417
1005001820817111
4000819679906
1000007730348
32890347159
32966122620
1005002012633951
4001094965092
1005002306090039
4000870957394
4000844930878
32919731388
1005001645442479
4000076357666
1005002115500997
1005001817070404
4000437923485
1005001786520907
4000767146192
1005001403479456
1005002079682333
32805118426
32975179828
4000517714925
1005001999189934
33020883021
1005002010638520
33026302403
1005001540342983
1005002301263503
1005001360734892
1005002072140944
4000709752624
1005001620265838
1005001487991783
1005002406473581
32803561376
32933610033
32836754233
1005002284111327
1005002333128777
1005001665851519
32858962007
1005002346086307
32976731318
1005002489830542
4000982139712
4000192959625
1005001698863615
4000110837729
1005002032312742
32999108922
1005002376806495
1005001320106185
4000603489099
32665997580
400108288435332975287259
1005001962905028
32953103227
1005001747657055
33042095967
4001119300513
1005001467861396
1005001483644108
32874657826
4001030761001
1005002360176137
32822557621
10000331031723
1005002352640994
1005001708928414
4001173813854
1005001552658034
4001074473510
1005002328405390
1005002220766997
4000233610547
32911577861
1000008034074
4000369255866
32849190675
1005002474886555
32841455307
32416849703
32960946547
4000828183865
32721230114
1005002344092005
1005002204655821
1005001948632707
1005002060527960
32964925279
4001315315036
4001031667958
1005001839199536
4000427055090
32913345804
32909091023
1005001803967032
32608126836
1005001658513574
1005002397695974
4001038487255
4000074240755
4000105018698
1005002320475358
32590919526
33023882126
33002309216
32888996453
32953743043
4001224237034
1005002351348739
1005001710654357
1005002393189837
4000570646551
1005002357906992
4000544233517
32845202252
33054095137
4001156999092
1005001920753168
1005002301124763
1005001581378051
1005002394798482
4000335678003
1005002401017994
1005002235887345
4000176097297
1005001417634253
4000543827972
10000354783940
1005001561781156
1005001540157197
1005002199343600
4000183772408
1005002337327863
32890792356
1005002069983264
1005001420067608
1005001731022335
4000286782287
1005002314086454
1005001782903906
985264576
33005334507
1005001344798554
1005002389108422
32763854009
1005002273215239
1005002315174671
1005002383007616
4000497322271
1005001667079670
1005001448324776
32888731302
4001227218293
1005002096033643
1005002322255230
32531308259
32975810953
32437027248
1005002231772600
1005001559866041
4000866417528
4000850969635
1005002312075930
1005002064485511
33055822416
33008027437
4000844815000
32608022967
32918496900
1005002483304425
1005001576623370
1005001951658996
1005002077387612
4000890916556
1005002113340020
1005002206236684
1005002212884220
1005002066239418
32951819239
1005002167829199
4000893407912
1005002286177521
33033635029
33058181220
4000465896972
32637462774
32410649711
10000395949206
1005001670821424
4000849569212
4000098949979
4000867321837
1005002389862803
1005002166664349
4001225176479
1005001845552539
1005001630123325
4001163193951
4000241254119
33039868692
32584202832
1005002388619759
1005001848278784
1005001874414751
1005001321466848
4000631200428
4001136082844
1957277871
4001265791935
1005002240121963
32961540758
1005002227673835
32817220476
4000353236631
4000537823684
1005002378947611
1005001310809163
32996970508
1005002095724881
1005001614334650
1005001957353198
32963963220
1005001686136243
1005001888353125
1005002468483068
4000465888660
32950939606
1005002432066155
4000929557482
4001216212531
33044746530
1005001431466025
1005002313801938
1005001847662059
32668389258
4000033342949
1005002275474941
32375748770
1005001966455736
1005002456767952
1005001834300579
4001307394210
32977473855
4000866872861
4001149541170
1005002312130766
32598291006
32902887523
1005002270505062
1005002292160414
1005001651158816
32802162290
32980758562
4001260650582
32968437015
32879092175
4000695164698
1005001834637407
1005002412179825
1005002233743415
32654473237
32962769119
1005002358522381
32913401100
1005001658099298
1005002254964060
1005001284560022
1005001870149996
32952616323
1005002345996793
4000927935803
32850419350
4000602335592
32966011849
1005002259092723
32812112152
1005002264135465
1000003308316
1005002321017333
32817419391
33022376797
4001238163622
1005002381947040
32946910314
32837272742
32838891269
1005001345868191
1005001950221773
1005001330018388
32963712494
4001143870334
1005002466813537
1005001314369497
1005002224049932
1005002284119084
32842755097
1005002401111677
4000345190597
32968132726
1005001930124826
32967748578
1005001525547089
1005002220685184
1005001842775604
32994982276
1005002314265082
1005002329030162
1005001984941250
4001201345109
32922891291
32851517955
1005002497184562
1005002454314126
32905165332
1005002080441399
1005002094792586
1005001484378042
33035131845
32911737117
32984650429
1005001712667797
1005002394867907
32937154277
1005001686128525
1005002233896004
4001068994968
32845577928
1005002182281604
32843087621
1005002260828268
32746807243
32895982005
32793385035
32867537215
1005002314704460
32958494309
1005001890146147
32783636923
32946494167
1005001936063150
4000015442836
1005002298079409
4000467383479
1005002500104427
4000537096260
4000028948770
1005001848161758
33049545213
1005001776498496
4000736320556
4000939611709
1005001814335250
1005002028176253
33008057362
1005002388888928
1005001570066750
1005002417665406
1005002398755469
4001266798600
1005002120807062
32964436346
32663228857
33031324731
1005002363747179
1005001915174808
1005002079102034
4000407901467
1005002056239817
1005002110548169
535778677
1005002340516758
32976284626
1005002280437901
1005001926714545
1005001652661860
1005002103387912
1005001602265942
4001037430181
1005001941111440
4000734886738
32933007647
4000355077789
1005002053337751
4000666716985
1005001346165667
32813512569
32840905744
1005001581157681
1005002411027748
1005001781581173
32819742604
33014212198
1005002448792764
32283268288
1005001323248278
32696373259
1005001698520437
1005002120595043
1005002426644140
1005002339366059
4000010951230
1005002447446154
1005002110081491
1005002499719637
1005002256553928
32631979330
1005002275775532
1005001339213391
1005002322964983
1005001827165326
4001257221930
1005001289628864
32927770187
1005001856663195
32906499878
1005001683054936
1005001656758979
1005001636283838
1005001958012582
4001345243796
1005002021336453
1005001732294780
4000292375007
1005001979494257
1005002477628731
1005002289159241
4000174993417
1005002459433982
4000861345148
1005001815803055
4001120127254
1005001270565880
1005001558201415
32886998677
1005001823805043
1005001694833730
4001179129159
1005002354821875
4000136427682
1005001703386491
1005001478411096
1005001859352119
4001327322138
32918930604
1005002345618742
1005001617148713
4001031877494
1005001615558265
32868357119
4001143256719
1005002312060647
4000122741235
1005002182446632
4000513054354
1005002184943589
1005002330472170
33036884030
4000450026316
33049085549
32855721889
1005002319827662
1005002342369149
4000199978945
1005001909977263
1005002281496468
1005002168304051
1005002197001199
1005002272718284
4001005817180
1005002475610348
1005001908807623
1005002358337224
1005001575184051
1005002371824514
1005001730595597
4001284035502
4000398036911
32923880313
1005002075286485
1005001670026568
32629844154
32789633193
1005001973956277
1005002064142247
1005001452990138
1005002129722874
4001174697020
4001076320876
4000739637416
4000594886523
32754542609
1005001959851811
1005002317938710
1005001511524594
32921575715
4000024894359
32948316635
4000126542395
32805864378
4001345314892
32958417253
1005002272589087
1005002115990120
1005001765773980
4000953247922
1005002400279678
1005002077194539
1005001604763245
32953326998
1005001508330282
1005002206652785
4000185976383
1005002225117711
1005002318964298
32935660421
4000666265095
32775003176
1005002011556374
1005002350764895
1005002375603533
1005002244306550
4001163982082
32792533442
32844697036
4000584455153
1005002434834994
1005002283506423
32667286869
32903504319
1005001484252248
4000032410147
4000711300051
32960276376
1005002204272580
1005002365520385
32823478508
4000069766089
1005002272847059
32666047840
32766687462
32840972125
32955560799
32825575677
1005001377552075
1005002465259451
1005002346598674
1005002260158553
1005001607271927
1005002420157675
1005001813300979
4000160923397
1005001728426433
4000328857651
1005001631110105
1005002315477152
33033846920
1005002358682818
1005002358029784
1005002310577480
4000884896785
1005002299698798
1005001277813947
32810417943
1005001582566304
4000914920616
1005001357972344
1005001857404274
32919620573
32602498200
32834982035
32971938845
32848752279
32978003482
1005001928681482
1005001905530971
4000673504410
4000528380185
32875879139
1005001493344171
1005001310475597
32657538487
32845979074
4000816917603
32843754372
1005001608326744
4000302493720
1005002499015260
1005001381042814
4001018953202
1005002212813669
1005001317244893
4000960206013
4000916541599
32962071701
32957381496
1005002281181505
32598850198
1005001270034148
4000090053028
1005002294234969
4001322563674
4000278893748
1005002115814057
4000979132240
32561771226
1005002425574336
1005001609102191
1005002064555785
1005001972714083
4000369572121
1005002186534554
1005002198466897
4001294099342
1005001670885121
32965702865
1005002122529362
32960467437
32886736911
1005002392860535
32837161299
4000239910755
4001043227878
1005002238572325
4000768214023
32998442223
1005002307486419
1005002415695269
4000429594959
4000834145141
1005002452752498
1005002310662113
4000279059203
4000231472120
1005002487041860
32954611014
1005002440724951
32754954550
1005002408368593
1005002122341406
33010968470
32981040402
4000954963406
32657918807
1005002021629526
1005001785299308
32255174446
33004093322
4001232917499
32349662850
1005001928950343
1005001346018430
1005002052162185
1005002354667205
32243433630
32773321520
1005002368909873
4000273948675
1005002262099498
1005002303715186
32792058640
1005002060413086
32817481672
32908239169
32945179737
1005002490658739
32918515434
1005002003392621
1005002348421698
32854837707
1005002260562739
4000033494244
4000369397460
4000313990051
4001170585274
33014159087
4000199070366
4000065609439
4000926886395
32956272772
32850263083
1005002278884155
4000385799565
1005002007267800
4001014733346
1005002002476614
32958192501
32866242596
1005001515058566
32913425496
32592077488
1005002317468066
1005002328625227
4000599175641
1005002464871502
4000799135911
1005001587529885
32473492217
1005002476057811
1005002337166550
1005002321017478
4000583747660
32885227736
4000829257282
32921582224
1005001506511539
4001256184352
4001014100951
33045401128
32910402757
1005002459870287
1005002011345734
4000779772750
4000688620437
32830863050
4001155722403
1005001482750415
1005002466899761
1005002305079135
1005001504363983
32962523140
1005002264073141
4000614320509
4000380567744
32969279221
32677207282
1005002360076007
1005001817895186
1005002219300606
1005001817341567
1005001393245581
1005001682576335
32915158046
1005002314590195
1005002351945490
32987128170
1005002168344019
4001178711395
1005002315870096
1005002126370631
4000833226153
1005001930701401
4001204950564
2036572643
1005002403754910
32909001471
1005001800622411
32946722271
1005002254302539
1000007752787
32898205156
1005002238388324
1005002315939546
4001293338887
4001272462626
1005002293775562
4000648723210
1005002111663452
1005002287927288
1005002314388780
1005001611353795
1005002346821104
1005002314429779
4000645230964
1005001566515921
32775238159
4001299894807
1005002288414483
4000761804983
32826322232
1005001859796163
4000348987318
4001237607461
1005001450435036
1005001414856119
1005002276166495
1005002316464924
1005002413645800
4001050125939
1005002030412565
1005001961612609
1005002332907690
1005001729509418
32817490665
1005001966406835
1005002193380857
1005002387145131
1005001557279020
32951350721
32810626545
33055605365
32700120950
4001203038241
1005002308061893
4001034520934
4000771331392
32506430881
32975480073
1005001397361819
10000008324482
1005001434126710
4001287664350
4001088012546
32994438170
32725688892
1005001955037804
1005001649473716
1005002173565010
1005002330433504
1005002076399188
32914417538
32891278276
4000990889423
1005002271367291
1005001926025344
1005002455105934
4001228576496
1005002329812775
32816800827
1005002322681361
1005001619614350
1005002337573937
4000585977343
1005002363624660
32912369245
4000641017176
4001305919344
1005001685247708
1005001444967739
751594924
1005002311729176
32986092099
32824146094
1005001388749438
32928323948
1005002362379585
1005002240577451
1005001790085644
1005002209773763
4001015637879
4001120403495
1005002254647670
4000062355672
1005002336683690
4000047026460
1005001999654658
1005002224405984
32804770107
1005002234600835
32713198080
1005002428478834
1005001524551039
32970279281
32969987550
4000437671438
1005001295782206
1005002330674710
1005002280611832
1005002355876134
1005001616554685
1005002358057062
1005001728940509
32725896677
1005001415446294
1005002322786610
32947674557
32844182633
1005002441011726
1005001759298567
1005002029050780
4001169930537
1005002382801964
4001282184722
4000922009375
32839713979
10000402357368
1005002369996709
1005002180924220
33014474242
1005001354356235
32847051800
1005002356229597
1005001688528866
1005002324896877
1005001638017398
1005002455120566
1005001447260334
32918416335
1005002466191635
1005001770625241
1005001379890917
32995231536
1005002229569993
1005001881819914
1005002352477909
1005002317114942
1005002281581263
32850907405
4000720707288
1005001671091221
1005002439274087
1005001556881113
4001122656260
1005001926575483
32980782801
4001351548793
1005002058449809
1005002482188211
4001307274450
1005002282314738
32918890578
32889624404
1005002345099494
32772997939
32956182360
4001218860700
4001260497723
32867666042
4000777292626
1005001457651532
32919113907
4000706541353
4000397489167
4000536850836
4000779908698
1005001610161651
32919128157
32919514472
4000047633514
32379002192
1005002278619208
4000844999066
33029271722
4000970840897
4001041115773
1005002262395907
4000732809129
32991845669
32851552888
1005001849808796
1005001611804796
32884121710
1005001920552119
1005001631070520
1005002304212288
1005002190230999
1005002311030843
4000186219293
32908237773
1005002008029098
4001010536528
1005001936048164
1005001568772080
32832251519
32798202662
4001042965750
1005002200796782
4001093969170
1005002312607823
4000342762425
33055435566
4000742906669
1005002217618144
1005002346702402
4000148573098
32855460795
4000698943613
32955706767
1005001748944822
1005002256728518
1005002147278879
4000892070549
4000349659971
1005001580764593
1005002318792566
32904367970
33009632078
1005002254055945
33041305385
32631702929
33057112247
1005002281191171
1005002265342238
1005001444964371
1005002377586255
4001179879708
4000663804449
4000024575740
1005002297082737
1005002264996259
33006287917
1005002344617380
1005001267212297
32969062342
32997656258
32968690970
1005001625131441
32981128435
32658926107
1005001821710044
33029629782
1005002257798406
32870278093
1005002468155039
4000761313505
32726139090
32999633447
1005001450418546
4000082307010
4001135992873
32901455016
4001060600700
4000299277511
1005001470109688
1005002126635281
1005002478472247
4001131322509
1005001617915499
32853598667
32668815046
1005002372775349
33014467274
1005002316366768
4000877588149
4000803577986
1005002384147535
32951110932
1005001273999376
1005002081180403
1005002372414664
1005002278069459
1005002491410824
32888226552
1005002089700030
4000786265267
32847417716
4000041705760
1005002297501135
4000081798888
32389973783
32819407579
1005001924892237
1005002336778442
1005001462492875
1005002266491403
1005001989360768
1005001840448430
32915665506
1005002442148620
1005001302875942
1005002392275778
1005001912808958
40011587137114000956104947
32839343521
32683610656
4001183652713
1005002500415539
1005002306759956
4000984398096
32901298549
32841841948
1005002372020210
32996184551
1005001571412708
1005001590536381
1005002398212538
32805695865
1005001718112384
1799427058
1005001326656741
32977946369
1005001988577638
