1005002356461451
32957031929
1005002339092070
1005002483779572
32999355410
1005002306714727
1005002276479325
1005001602555375
1005002353295955
1005002362681782
1005002215219162
4000705808198
32824321756
32922911490
1005002287477099
33014219130
4000549211901
4000385274113
1005001810713752
32968640216
32993661233
1005002212043345
1005001397117342
1005001695937621
1005002305639111
1005002166032798
4000324402237
1005001381707094
33031093737
1005002287449793
1005001524250829
32235140022
4001116558747
1005001323172850
32758142516
4001115632103
1005001572297460
32684250212
33007009375
4001238052817
4001013543028
32875629388
1005002320594294
32999786070
1005002333688286
32742491702
4000956011766
32864440397
1005002426480355
10000055535960
1005001556453675
33057193530
1310515172
1005001403916860
4000785606302
1005002314372296
1005001681998452
1005002277071201
33007917634
32805063403
4001094212551
4000180057167
1005001907063520
1005002312207701
32440116273
4000742372072
1005002064466705
1005002246345816
4001078979623
4001350162917
32870183029
32869266710
1005001505351931
1005001475617508
1005002314459733
1005002302499539
4000677327493
1005001860837058
4000857296042
32977322704
1005002047588141
1005002240246497
1005001355070634
4000579112764
4001010221323
1005001288315468
4001111709059
1005002368330632
32944585693
4000693437490
4001327452768
32868754317
4000904121460
1005001474678674
33010275143
32895651635
4000945429164
32791483955
4000142178043
4001186277082
1005002289153348
4000008639254
1005002002623305
32976871862
1005002350526278
32959084340
1005001296066309
32998351217
1005001429446648
32853833403
4000291333804
4000628798249
1005002318559373
32954434057
32882777357
4000864363244
1005001658038146
1005002442399694
4000418696208
32949391353
1005002273683166
32862686883
1005001348861287
1005002404271811
4001050687837
32984274872
1005002081288249
4001265009505
1005001809813155
1005001835179603
4001041349325
32858159821
33009873918
1005002309235406
32875683761
1005002303486219
10000032019109
32999233977
1005001296327797
32858398213
1005001680557395
33049895585
4000928099010
32964518960
4000889436155
32860015666
1005002124383593
1005001645283047
32921652172
1005002277704236
4001135815297
1005002245602818
1005002282965252
1005002211108670
4001222646672
4000324745402
32965120125
1005001457923620
1005002368345734
33053865774
4001082907464
1005001556287520
32900785750
4000011265829
1005002469485894
32860162127
33049707660
1005001561002401
1005001946582580
4001157399138
32970308459
1005002003107673
1005002481465379
1005001375735978
1005002401067293
32822576852
32853450710
4000861509178
4000114297540
4000830271839
1005001967769810
4001243390026
4001159543232
1005001417869730
1005002258240990
1005002260526824
638327832
32794959666
1005002329786608
1005001853841983
33043896433
1005001461784978
4001134783671
1005001488467003
1005002440447793
1005001608457965
1005002246565196
1005002344993290
1005002341362118
32680944411
4001220526907
4001230715766
32266944232
1005002395744665
1005002466938924
1005002205210914
1005001794679229
32798653918
4000236851916
4000985334540
32855250482
1005002490846782
1005001930942148
4000690554914
1005001793065464
1005001621370784
1005002179474034
1005002303442706
4000223872452
32996311459
1005002346833103
1005002190797215
32919811897
4001229971302
32729813887
4000902282247
32921025891
1005001928877471
32892670183
1005001418744165
4000309406723
4000711707154
1005001955013381
1005001889999191
1005002409953134
1005002345203122
1005001928991253
33047028230
1005002242673260
1005001303503161
1005002313592833
4000022505326
32848477975
1005002452838397
1005002420968228
1005001733317102
1005002274032801
32948761281
32580533310
1005002318895198
1005002260252700
4001063164155
1005001670965490
4000828506425
1005001864742332
1005001382379725
32990252907
4000704130882
1005002325283424
32975850425
1005002319130573
1005002487394233
32899803718
32848917540
1005001525553007
1005002334025627
1005002306355747
32634064803
1005002463415367
1005002256722527
32728216705
1005001456047239
1005002229047919
32945460620
4001081971752
1005002264519111
32953257831
1005002405383233
1005002328818292
1005002430858716
1005002049920317
4000626021275
1005002339907234
1005002467405943
33044688932
1005002256624797
1005001837127037
1005002130907796
4000920938147
1005002284238692
1005002489964469
1005002233503784
32880487472
32822654480
32974247946
1005001785682495
4000756756401
1005002313306357
4000008387629
32835589314
1005002340946594
33029489362
1005002279158525
1005002462824182
33047227839
1005001856399200
4000922090394
1005001937768776
4000529111556
1005001775619700
1005001779571829
1005002304294959
1005001471416719
33016606525
1005002167855153
32796123248
1005002405228196
32348543885
1005001736758377
1005001587352636
32812543315
33019565275
4000837407454
1005001812342859
1005001425246327
32959152495
1005002383127895
32843423118
1005002304378279
1005001784832949
1005002400713436
1005002290787503
32719627713
4000545908157
4000706625338
1005002008130363
1005002457766286
1005001844289861
1005002236584048
33045298982
32923880657
1005001929223343
4000233413058
4001218924381
32872577203
4001230816061
33025529517
1005001348521743
1005001286910682
32970425656
1005002035519833
4001025015811
4000784777986
1005001525306822
1005001553050961
1005002428856650
32988300244
32580783607
1005002345024001
33016338103
1005002418216712
4001185841688
32870092423
1005002286288486
4000931276453
1005002353464661
32763021665
1005002375524639
1005002409447163
4000709120235
1005001405882672
1005002302425167
1005002393288913
32701059588
4000982948506
33012797764
1005001855001051
1005001462215411
4001032458441
4000413779323
4001278990122
4000857887260
32846245998
1005002353559496
1005001884564569
1005001487935022
1005002421498183
32615301699
1005002402519205
1005001701184319
1005002259610286
4000686873236
4000943339978
1005002165620655
1005001732287411
1005002404790719
4001036691414
1005002314275023
32763457427
1005002443059714
1005001671625795
32820822002
1005002316635928
1005001943308962
32876243535
1005002367241594
1005001731541014
32847046709
1005001953590036
4001269630132
32884454472
4001344828051
1005001489824875
1005002281865006
1005002347134652
1005001915833596
32868989428
32829218779
32917396088
1005001281606905
32859111539
1005002371660343
32850659221
32672576781
1005001817899665
32897628118
1005002309189303
4000825754274
32968010133
4001044965378
4001350638878
1005002430135762
1005002468430215
1005001785728316
33005919361
4000200820862
32897418356
1005002182279622
1005002253535987
1005001321129374
4001236619594
32825515624
4000793475755
1005002055853801
32839807967
32891111283
1005002470095243
32699135535
1005002185464381
32931489823
1005002330605957
1005001717399867
33026340402
32909637120
4000248972986
1005001448727734
1005002306445259
1005002318068819
10000369201368
1005001789763440
1005002378388221
1005001610265994
1005002473910676
4000829267629
10000195319465
4001127364306
4000379157974
4000991808489
4001290693080
4000160297307
32733702650
1005002440688248
4000856276497
1005001790606129
4000465989466
32971555016
1005001588156467
1005001923588572
1005002429444897
1005002321645160
1005002077835468
1005002330777520
32957305833
32812591465
1005002467608607
4000073868320
32828584891
32798087660
4000627250339
1005002081321131
1005002295113033
32657862019
1005002435795130
4000173114202
32812618552
1005002213773512
1005002082215756
1005001394660014
1005002170939436
32842786922
32733119671
1005001344158277
1005001887891301
1005001897326132
4001142949457
1005001288291188
1005001388858728
4001341834889
1005002267696529
4001018272823
1005001608264594
4001228518645
32800703081
1005002082055432
4001279101127
4001289812797
4000403094457
4000709792493
1005002254078625
4001296391760
32974053474
4000383416382
4000153673499
1005002348308568
1005002391074126
32294422310
1005001762931533
4000055868816
1005001616370373
1005002429219363
1005001958851084
1005002356126072
4001233804124
1005001495620610
32810772058
4000849806220
32959152131
4001228677331
32815202845
32864038860
32824490517
1005002482908914
32618354694
33037089079
4000922724523
1005001325289862
1005002292603685
1005002429150597
1005001887774254
4001157724025
33062899146
4001189922086
1005002344145201
32848184931
1005002471551497
1005002322736624
1005002484458070
4000672154278
1005001405139813
1005001958704730
4000959279547
1005002381130653
4001228851188
1005002245198470
1005001731914975
4001225242540
1005002429254742
1588541475
1005002452811714
1005001599333206
4000261709453
1005001678654917
4000498039788
1005002278754275
1005001525264914
1005002032047076
1005001977080859
32879841979
4000994405374
4000820310040
10000088320249
4001149793519
1005002299633063
1005002359757928
4001196410743
1005001860027313
4001313532511
32827369996
32606900851
33041947452
32969106208
1005001633352825
32823538471
4000859748196
4000291701304
4000218213131
32846978407
1005002375315776
1005002377821730
1005001379925917
4000299626139
32788157922
1005002394806117
1005001676730035
33004456367
33015539147
4000763561331
33008910930
4001136374180
33008907464
1005001950057973
1449063783
1005002053196138
32838285200
1005002317605130
4000756913390
4000785009876
4000955244726
1005002134441512
4000064760362
32900459278
33064319024
1005002270211438
32845489681
1005002316109106
32983189858
1005001700977882
32833186122
1005001465454432
4001050739764
4000909452071
1005002001299091
1005002314645782
4001256375184
1005002324409576
1005002301323264
1005001608982723
4000560999612
4000349668108
32742582034
4000817792895
33029816069
4001066999972
1005001976394218
1005002443695613
1005002303900493
32838974098
1005002280710594
1005001290802646
4001156134943
1005001689662391
4000100504364
1005002456561497
1005002297746787
32774862508
1005002378809312
1005002319188221
1005002234006024
33033885599
1005002264126464
1005001651319282
1005002496159860
1005001969762471
32957658606
4000110865281
4001204181628
4001277807349
1005001689624727
4000985485194
1005002432472944
4000685068991
1005001978060653
1005002459937750
1005001521002455
32860371786
1005001727491725
1005002426717802
4000821940101
1005002199380736
4001032772539
1033319358
1005002122271858
1005001868507249
4000186090222
1005002314431356
32947781353
1005002275683768
4001115989426
1005002329931563
4000182488398
4000902859367
1005002092519299
32859750163
4000558489186
32602898207
1005002428463077
32358474981
1005002345051162
1005002141488182
32960863864
32961712862
1005001278930665
1005001584881665
4000105312610
32965856400
1005002204172220
32925967818
1005001482104425
32957857149
4001204756387
1005002440731864
1005001565702953
1005001990824387
1005001464777065
1005002023743559
1005001482228963
32944225974
1005002390642722
1005001997716839
32938598163
32891962199
33026518171
1005002180377850
32788808661
4000809726081
32674889700
1005002122394832
1005002156643604
1005001669929518
33058543216
1005001537516064
1005002278053448
1005001562799806
1005002329173959
4000319721081
1005002219447685
4000814648268
32720101647
1005002012300546
1005001758415149
4000398131608
32752267777
33042011105
32997467512
1005002219373742
32754473883
1005002389568042
1005002086555830
32816860496
1005002305645812
32970454138
4001061940393
1005001450716566
1005001493079658
32735061891
1005001567476395
1005001824047642
4000785511085
4000562425534
32639533838
4001266099138
4000362801813
1005002337654540
1005001683627071
1005002294926539
4001290520820
1005001834706195
1005002128427446
32948430722
1005001754953260
32953154370
1005002453933518
32786101172
32807805414
1005002186856009
32913627136
32917621318
1005002376914324
1005002362720839
1005001880172115
32827732341
33026440706
1005002363427248
1005001666098625
1005002399022118
10000025559265
1005001672843242
32725314174
1005001415413092
4000035760863
1005002041050071
1005002240720185
1005002028850231
4001185977004
1005002454393610
1005001557174955
32848065467
32467363757
4000668220371
4001280253215
32960459176
2049039826
1005002433852354
33052047803
10050022775077334000059796224
1005001424330737
1005002265596507
4001244550499
32864304527
1005001807567434
4000103983505
4001195199861
1005002435377446
1005001329748447
1005001646929127
1005002475358399
1005001844082717
1005001695302959
1005002339131899
1005002167778561
32960781555
4000061695852
4001223950401
1005002019330015
1005002373044398
1005001738733740
32915587815
1005002391057443
1005002474248121
33007397495
32937344302
1005001993133911
1005002342303140
2045705015
1005002283292860
4001187182216
4000723662177
1005001277630648
1005002396809611
4000844858580
33021800500
1005002383404514
1005002337551593
1005002081224375
1005001882195639
1005001530227620
32862689669
4001246006963
4000942110577
1005002075063196
1005002290965917
1005001859386260
1005001411980591
32843609100
1005002363143974
1005001585688079
32881697998
1005002287221033
32247730002
1005002281733917
1005002333469214
1005002358555978
1005002162880796
1005001652312975
1005002303360906
32841180691
33061311971
1005002386947557
1005001369498899
1005002272109492
4001084627246
1005002272630801
4000639844915
33016714840
1005001918490656
1005001734357229
4001275697620
33029630266
32966646546
4001305472321
32607493673
4001127413509
1005002388182442
1005002217368154
1005001664593201
33053151881
1005001990426799
1005002275656633
1005002246978659
1005002233285609
1005001994057936
32986795166
4000231312077
4000908382502
4001252929783
4000598435074
4001002930517
10000409898018
1005002314326840
1005002427924668
1005001868330412
1005002368821640
1005001557672007
1005002363697516
4000699866406
32998256625
4000917927311
32962221840
32834279036
32956142001
1005002275114392
4001122537070
4000539110815
4000177558135
4000907042170
4000965396762
1005002454560906
1005001757459527
1005001507319391
4000622261909
1875694141
32886148648
4000908649265
32970387250
4000095947909
4000210634425
1005002042062350
32972421536
32895569126
4000262314322
1005001882419210
1005002335959851
32589612305
1005002460871715
1005001830270283
1005001325011889
32977507802
32773546478
32969327101
32902615380
4000249712188
1005001782295365
1005001329785850
4001297731234
4000241581242
1005001695060514
33038642682
4001156452405
33015635481
1005001846330393
4001027173737
4001111851664
1005002044696687
32998366853
1005002331593504
1005001651539955
4000781646288
1005001537111830
4001320551048
32896044056
1005001612021659
1005001633034767
1005001288085655
1005001859548551
4000177121334
1005002356826577
1005002042050895
1005002168081665
1005002361170527
4000328560534
1005001714130996
32934911704
1005001693331466
1005002125639106
1005002215061259
1005002388877498
1005002018680112
32845985634
1005001878184677
4000990866308
1005001479972325
33034127873
32616477977
1005002301837408
32861372716
1005002291281923
4001214417382
1005002213368144
1005001732553051
4000051226422
32957368209
4001320537445
1005002341027568
32888800879
1005001664570836
4000627818651
32893229260
1005001840305109
1005002388242769
4000003130515
32834604687
4001050232191
1005001625412501
32967221054
1005001763993869
32956008714
32988675388
1005002318834543
1005001718172900
4000429934630
1005002336994798
1005002500860002
4000548350052
1005002385384807
4000851773124
1005001594626579
1005001582715476
32830722164
4000114263504
1005001440847948
4000670662029
4001305727802
1005002469111537
4000808245047
32892370472
32640733810
4000804355105
4000711279223
1005002287640257
1005002309469410
4001098239711
1005001495526971
4000657204134
4000015653202
1005001610800813
4000793553881
32805447995
1005002363910875
1005001502632060
32858215869
2040924880
32956940845
1005001953704505
1005002358681682
1005001588010109
1005001853994289
1005001855264451
1005002108677253
1005001936148247
33002619117
1005001901329993
33050848604
32844571083
1005001988610090
1005002417251270
1005001278316107
4000261833576
4000666514891
33049708305
1005001830211784
1005002294196862
1005001286601148
33008418056
4001347775525
32705628752
1005001290406126
1005001296524805
1005001837125128
1005002448665765
1005002060001376
32931037314
1005002072473424
1005002428206456
1005001387338063
4000072213689
1005002342781178
32960860727
1005001970402446
1005001766747430
1005002294941352
1005001348948651
1005002157333563
4001127888842
1005001566656439
32975357619
4001044940419
1005002310786693
1005002413086448
1005002278809438
32235069205
32782330794
1005002306734293
33016910020
4000818075739
32894505817
32888907612
1005001593766511
32915772648
33026555195
32346205019
4000087891750
32959828008
4000441523957
1005001596389494
1005002345043197
1005001507498421
1005002409357088
32958438178
1005001375331732
1005002316996193
4000070689296
1005001356321974
1005002028156842
1005002197466278
1005002014471138
1005001599847736
1005002418577237
1005001656803638
1005001515866623
33025415765
32675488217
1005002392411581
1005002298615130
1005001460724832
1005002212452439
32818741241
1005002304591118
4000307444236
4001290672729
1005001456095854
4001044761372
4000039638981
1005001642451091
4000463582615
4001062469305
4000842266297
4000792369523
32982781907
32958099401
1005002425951756
32813629721
4000035626170
4000038681994
33043345771
1005002454372829
4000690848733
32996261757
32844902817
32654301160
1005001520699837
1005002353783156
32951472977
1005002167627949
4000341081765
1005001651350660
4001112534871
4001227782801
1005001961988580
32970009221
1005002127556098
1005001540393827
33010960345
4001280436929
4000902470664
1005002388155949
4000392922888
4000955715170
32886974850
4001265423931
4001119718455
32815709810
1005001625257410
4000466215287
32965096078
4001015261144
1005001702179243
1005001869441436
4001085180457
1005001478387352
1005001552667579
10000171575748
4000177859028
1005001571994284
1005002280580432
1005002306659468
4000585736164
1005002186963168
32870788540
33056746888
1005002021166902
32717361796
1000005458185
1005002381928574
1005002368244878
1005002482645318
1005002362623204
32976932993
4000127868470
1005001616341524
32864668909
1005002278696915
1005002490958362
1005001859938993
1005002211355880
1005002416830760
4000521921154
1005002467502492
1005001413407447
1005002443497204
4001127400399
4000842985425
1005002341291596
1005002264621535
4001056836428
1005001519938168
32439274642
1005002246483007
4001219179641
1005001693207452
4001186198053
1005001652184745
1005001388950327
1005002372889373
32610585739
1005002466093605
1005002311808240
1005002221296493
1005001873815175
4000983301361
1005002332502844
1005002358906354
4001111416417
4000112089462
4000381302064
1005001608505890
32970055999
33000415001
4000704782060
1005002400843086
4000427812764
1005001339166217
1005001736679554
1005001808871022
4001273280220
4000407628725
1005001519814672
10000110109161
4000324406698
33046917905
32951877474
1005002231711180
1005002064036896
32851625312
1005002065854372
1005002293587301
32947472444
4000842997255
4000126321221
1005001591567805
1005002201075682
1005002388296794
33027162666
4000122271759
4000883595468
1005002367393192
1005002333043908
32715749626
33057667369
32814134620
1005001464359732
4001130818614
1005002313236693
1005001496827542
4000829799986
4001339234787
1005002262271797
32997408094
4000077883864
1005001986868861
1005001922815269
1005001457927698
1005002475491014
1005002359330213
1005002387540503
4000381090188
1005001640725110
1005002443113314
1005002340501809
1005002388329596
1005001883483955
4001235649296
1005002475932781
1005001859412918
1005002235441582
32533089856
1005002190708553
1005001961796381
1005001621890265
4000399704559
33023751056
4000961746625
1005002358031669
1005001275671432
1005002394451312
1005001438015179
1005002369578778
1005002364004116
32982507853
1005002337348021
1005002457839697
1005002289848953
1005002466119658
32806550946
1005001591785380
32848962656
1005002352777106
1005001391885486
4000434128603
1005002484656408
4000278333121
4001048154751
32988901042
4001018487515
1005002103600626
1005002454633413
1005002189493674
32916653217
4001143406062
4001286878247
1005002212410255
32892771721
4000077821933
1005002180616020
1005002233351659
4000314683553
32929054469
4000096317764
1005001530793637
32798512228
32856238919
4000805180501
1005002411348811
1005002159326619
1005002318740967
1005001633111655
4000328153311
1005002091976176
32833603322
1005001525392588
32960352860
1005001343341565
1005001678022358
1005001453603519
1005001572715680
1005001413837718
1005001623408808
1005002073471663
4000539884898
32968859182
4001350206029
1005002273701456
4000997800183
32944585557
1005001591584984
1005002277646987
1005002277961444
1005002446898304
33044267702
1005001960922930
4001052578810
33049755608
32898266537
32737932121
4000945197487
1005001529674917
32678241652
32958289413
32990553738
32922163033
4001018156505
32920635973
33058700393
1005001525400500
33062947585
32782007986
1005002377854720
1972623087
32855628392
1005001835643604
1005001591654236
32827569848
33044204887
1005002288680722
1005001769829428
1005002402048333
33001192737
4000714510074
4000592528402
33022799057
32974885750
1005001942689824
1005002399649831
1005002376651130
1005001520270712
342460640
4001316992541
4000147035014
32847836173
32846577406
1005001933477160
10000395810617
1005002090556344
1005002197108796
32591172754
4001155450278
32905349367
1005002334969074
32515394135
1005001298423530
4000033372165
1005002253817964
1005001798168799
1000007938720
4000626236087
4000582880110
32953964158
33002997784
1005001999937171
4001248004451
32785644894
1005002118911374
1005002109577749
1005002377592237
1005001974924408
4000780258151
32867925146
1005002054597642
1005001793312727
1005002341865028
32922127788
32919042755
1005002337728314
1005001664737745
1005001629598404
1005001512817948
32870238174
1005001804105974
4000681100141
32649358283
32959614105
33053176639
4000697192482
1005002469055763
1005002254512054
4000044555339
32829702442
32920937416
1005002329263643
1005002384104917
1005002148132050
32959572525
1005001333683354
1005001415502931
4000595809219
1005001487378589
4001289427530
4000848819834
33056045318
1005002363889463
1005002290627780
1005002483037295
4001035101909
32970031240
1005001873910129
1005001889259559
32965004018
4000843212876
1005001637420998
32995866078
32809286483
4000606703237
4000286987453
32985685027
32856465182
1005001333580851
4000742516210
32384609577
4001225351945
32751471598
32975888230
1005001960155557
4000283558763
32854274393
1005001459626298
1005002118919893
1005001604854662
32792919786
4000063502747
4000410654500
1005002330909555
33015994725
4000060649350
1005001984420311
33039292697
1005002465447115
4001310288352
32840215020
4000022817802
1005001877558495
4000861447487
1005001718546579
1005002350759379
4000303588949
1005002301351159
1005001394560844
1005002382862258
32813791437
1000007898298
1005001929169027
32700936466
1005002359787993
1005002365840800
1005002401711763
32824389853
1005002104874979
33001334162
10000401936533
1005002394733963
1005002389075481
32358000229
1005002276565045
1005001640165684
32883387389
1005001786427622
1005002237617258
1005002416556279
32916416695
1005002332426538
4000770097427
1005002033497194
4001163698675
1005002316666321
33058523473
914805611
4000859226882
4001244862304
1005002298688208
1005001764058289
4001163110490
4000998000777
32865139982
1005002377335071
1005001884421695
32903667900
4000772177419
33008282709
1005002357793637
1005002365276799
32985919162
1005001504665682
33029848615
4000609509593
1005001582145380
4000789100527
1005001330655369
32793333258
4001162267070
1005001579976460
33041504214
32834051765
4001080956088
4001251662491
1005001690937976
32789278696
4000746554239
1005002009398072
1005002111896741
1005002233349423
1005001351772831
33035364056
4001323020435
32868393119
4000107293224
1005002084956493
1005002350226967
1005002411222537
4000827144925
1005002337699668
1005002298149418
1005002400755133
4000033582047
1005002387690270
33000014421
1005001877534057
32868156528
10000343416324
1005002310357190
32869722050
33055321269
1005002050192342
1005002301268077
1005001447354603
1005002228486764
1005002433597998
1005001928998032
1005002434307059
1005002315484609
33005192963
33033226263
441876318
4001347503690
4000785405748
1772609922
33002207527
1005001370087945
1005001442133501
10000401714184
1005002377947532
1005001646137960
4000722355994
10000395891902
32872309820
4001228538447
32370050930
1005002315781700
1005002433169086
1005001864957668
1005002459082336
32888855850
1005002033541316
1005001620742857
4000078487640
4000433899761
1005001900039361
1005001888911576
1005002443721092
4001153980228
32977527350
32618980557
32793390877
1005001920131998
4000944242706
32295688618
4001189524065
4000859853675
4000960269130
4000398797254
33020265875
1005002315911131
1005002385372718
32908377136
4001275698526
32970941856
32796405160
32988406690
1005002418765297
1005002358540590
1005001860446814
4000766106139
1005001556847898
4000297572877
32889680338
1005002233078596
1005001889507124
1005002247632907
1005001968399179
1005002365116539
4000570315416
1005001631975432
33015072285
1005002066902221
4001042592776
1005002091640253
1005001798260556
10000397893442
4001259606484
32798761422
1005002423404199
4000765681508
1005001606299474
1005001441475413
4000628764754
1005001463567938
4001251170076
1005002299470096
32853317402
32856696529
4001220182294
4001358137683
1005001355260223
4001248028370
1005001315453940
1000008417648
32824744697
1005001561760889
4001035133239
33023742722
33047015086
4000994229147
32999174680
4001208576439
32782682450
1005002337028600
1005002317924232
1005002433034444
1005002336554465
4000594712814
1005002381507426
4000126662267
1005001962076690
1005002034373623
1005002315356181
4001228750319
1005001915791246
4000008772826
32845889748
1005002199262087
33009335655
1005002350810543
1005002342540433
1005001976813972
32992374052
1005002416003902
32557062258
1005001857696849
10000028210911
1005002059998482
1005002400070539
32677666464
4000805121326
1005001685381607
1005001499539010
4000910893265
32668063881
32894376268
1005002285510291
1005002287482112
1005001693507480
4001230380870
32855223653
1005001633493355
1005002359656686
4000955278824
4001090883213
4000307797292
4001127649880
4000245434214
1005001483770345
4001049952831
1005002348398558
32975303302
4000289873100
4000378693364
33012346817
1005001652005844
1005001942946096
1005002424796238
32960069492
1005002359129814
1005002264039284
32947166117
33021713612
1005002122785114
1005002397904936
1005002338799685
1005002327309066
1005001551491639
1005001369233709
32992207110
1005002383144127
1005002120864269
32891262787
1005002336205258
1005001759445561
1005002355721153
32963547827
1005001849050672
32989215058
1005002210701125
32822225705
33014179804
4000713734990
32436566022
1005001715194146
33027816588
1005001863974202
1005001693002050
4000963549941
1005002264823036
1005001489023518
1005002369282950
1005002435201222
4000597884366
33018568283
32965036386
4001318588293
32825158629
1005002234996136
1005001645102401
4001359633060
4001358272751
1005002212252469
1005001627289220
40004840653011005001599321958
1005001882241922
1005002333454966
4000671033025
1005002252991384
1005001728042379
1005002023047898
1005002212271788
32845641546
951108544
4001247784010
1005002418251423
1005002185381605
4001225204729
4000586803253
33017087544
4000947304570
1005001452765017
1005001619877577
1005002369913378
4000398047388
1005002438579988
1005002351304307
4000325678576
4001012994751
4000971469348
32950904873
1005002342517787
1005001414175476
4000788490052
4001100704487
1005002344592293
1005002327307127
4000377232026
4001332549094
1005002281168208
1005002466050295
1005002320358649
10000405769365
4000632589043
32823049152
1005002077759356
32828726089
1005002198251206
32987969987
1005002305441174
751335154
4000633193163
1005002267603739
32963933942
1005001603796675
1005002122358220
1005002364565928
1005001858992153
1005001607582046
1005002341017394
32978697914
1005002052040849
4001214188788
1005002406868870
1005001871310923
32906098931
1005002441758130
4000418242288
33028854291
1005002377626485
1005002355729198
4000063357332
32719821384
4000170960041
4000052721060
1005001869485903
4001116136354
1005002082231981
4001039269766
4000203275555
4000804283937
4001141889442
4000617694524
32960201893
1005002329190572
32977390359
32863995232
1005001808309171
1005001307423272
1005002322113721
1005001446116722
1005002289871913
4000681366794
33018031864
1005001798561536
4001245039338
4000181277107
4001036552984
33007005311
4000843332475
32883874310
1005001319711483
1005002180568288
1005002186054504
32948580076
33046013969
1005002205053350
33001604320
32990049828
1005001567653426
4001324116863
1005002295190642
1005001763485849
1005002357319903
1005001458242182
33060018132
4001042077930
4000287257000
1005002414476495
32544095358
4001102190411
32951602241
4001243488002
1005002293764941
4000863809972
1005002307380818
1005002484556008
1005002404393953
4001274155205
33004669531
1005002443112782
32856369368
1005001936005431
32984270761
4001046390987
1005001591796791
1005002229625367
1005002314377217
4000031962286
1005001918248561
4001027883281
1005002136463810
4000794905083
32953659746
1005001920698249
1005002263134586
1005002049735956
4001225251928
4001340999075
1005001715921565
1005001381942564
1005002389920274
1005001443238206
1005002301345584
32948751845
32673664882
1005001609105528
1005002043328263
1005001678459411
32836753461
4000273012065
4001127777101
1005001399444461
32987114184
4000982986704
1005002012259780
32706885879
1005002395272625
1005001768588583
32951978553
4000387156141
4000709128913
32788919042
4001345323598
1005002182360292
4001179358517
1005002246766869
33002408248
32956405505
33025380255
1005001854640346
4001169929577
1005002411879964
1005001566474830
1005001907717049
10000384823051
32988746583
1005001840505389
32818075416
32737504525
1005001921802739
1005002004505102
1005001544143768
1005002008260077
4001065281778
1005002175942592
1005001973684529
32589409011
4000926838485
4000526254733
32907008019
1005002253994396
32368178678
32948768176
1005002373282193
32855258727
1005001993142854
1005001444374966
32857124297
1005002388801208
1005002228464662
32970006377
32839367080
4000093953729
1005001384118841
4001267895253
4000175077967
1005002069366382
1005002313605089
32836258832
4000337765737
1005002350632944
1005001932976659
1005002279429071
32857697899
32885561068
1005001671771265
32698930502
4000960574736
32843488454
1005001344616103
1005001913426271
1005001573270704
1005002495264886
1005001901951471
1005002298759346
32945289704
1005001592342512
1005002320967771
1005002330516838
1005002322819074
1005002331720079
4001171161351
1005001566906310
1005001771996138
32948320863
4000756446422
4000765220973
1005002220957616
32859832151
1005002340965645
1005002136896110
1005001966178689
4000889038221
32700100052
1005001489493579
10000104988609
32812567925
32847469091
10000066416771
1005001803994870
1005002408805613
1005001885901511
32809958083
32837270920
1005002334136892
1005001350097776
4001175635251
1005001872149936
1005001333806227
1005002316167145
1005001577129902
4000594441810
4000788958960
1005001486875005
1005002266559743
4000888181046
1005002236300877
32972489924
1005002489877472
32668313986
4000381634633
1005001974800761
4000784283447
1005001405531932
1005002314408295
1005002337806157
1005002238375177
1005002491657390
4000523674889
1005002467196692
4001282043755
1005001465185851
32862527040
1005001439171101
32858902038
32641245680
4001079432917
1005002357066883
1005002386658542
33018977522
1005001411627389
1005002304010478
32773817059
1005002223766849
1005002308762357
1005002307932712
32963363403
32915597268
32909404537
32790687566
32360051597
1005001997239992
1005002304589919
1005002484555214
32969629276
1005002354352402
4000399685012
4001226738972
4000465910107
4000891968990
4000794328007
1005001989331137
33000855494
4000434313220
33054132272
32898071256
1005002350705244
1005001598951713
1005002344797235
1005002122450243
1005002249307139
1005002068810827
4000987305660
1005001659374303
1005001430769807
1005002109101489
1944364938
4001276966219
4000293699396
4000281136537
1005001881348530
32867576313
32904803472
1005002413544026
1005002399078260
33034962294
4001343906302
1005001830314455
32793943089
4001204565870
1005002341349673
1005002337483637
32742948263
4000977502705
33004917107
32899427077
32794057456
32871358055
4001287000455
1005001519371493
32954486131
1005001359729647
1005001897093236
1005002409814850
33060056372
1005001552499547
4001228423982
33036446575
1005001499668633
1005002388949044
1005002224898165
4001154793772
4000866294650
33010172709
32880233491
690020271
32895576984
10000395896629
1005002325174400
32976599794
32374750261
10000391459893
1005002488346685
1005001625453182
1005001763076119
32970329705
32901994511
1005001775002094
32887245776
1005002389586756
32965482163
32590792053
4001244500002
33049859198
1005001886277827
1005001476410046
1005002007337339
33045400981
32824162445
4001240379579
1005002356754271
1005002254561576
4001159914083
1005001621309339
4001124571729
32983588113
1005001734703167
4000598428088
32832493247
4000748710247
32886014450
4000837355357
1005002297468673
1005002413602413
4000121999258
32844696208
1005002298160691
33000109185
4001194962658
4001359307568
33040738922
1005002317594640
4001250549086
1005002303841824
4001252956059
1005001681745999
1005001495559990
1005002277239109
1005001500703976
4000987613545
1005002386524229
1005002315870515
1405977030
1005002269174332
32831205234
4001117042343
1005001580404450
1005001785968367
32923766084
1005001941888328
1005001836907189
1005001609169412
1005002259394321
4000042970965
32827638033
4000922746795
32988559452
1005002303641835
10000106959188
1005001839218757
4000874021232
1005001714583459
1005002072400958
33004908372
1005001271422018
4000641133948
1005001576635197
4000581030590
32647716381
1005002172706219
32406097288
32848467384
32884520911
1005001536883478
4000688882465
32911623765
4000817332843
1005002405970512
1005002220631842
32975701669
1005002388456989
4000822720145
32864144799
32850083411
1005001391526105
1005001961276800
4001086101897
32281149340
32988917604
1005002412987850
1005002476830300
1005002413642130
1005002319190273
33001864334
32852817110
1005002400369252
32806921516
4000505460335
1005001304196000
1005002365967742
4000657188002
4000137706727
1005001556905167
1005001393232445
1005002389174583
1005001605691114
32956771111
1005002009031941
32757047165
1005002115302785
1005002186870872
4000762122847
32991775809
32964005927
1005001714593895
1005002231635069
1005001822345203
1005001370063414
1005001582563812
4000598946282
1005002115331276
1005001395089430
4000074360525
32635593420
32825837113
32832174445
1005002245426205
32893848166
1005001923875614
4000940897619
4000802033230
32994044446
32963080108
4001097057442
1005001906109990
32994979324
33048740426
1005002328816440
1005001933139257
1005001694523393
33054888177
1005002452852171
1005001511486748
1005001713934872
32886308808
32854583875
32973789582
32979748078
4001212255854
4000638094191
4000390573210
4001165943462
1005001853816142
4000924576321
1005002368887946
4000558025692
4000907824907
4000110200617
1005002494228159
1005002271410315
4001005469256
33029865183
1005002315213547
4000248586416
1005002423271313
4001290901904
1005002206470005
1005002276286487
1963185237
4001262187238
1005001423731073
1005002253708047
1005002344951600
4000597346348
1005002255054436
1005002399166526
1005002293440901
32688896965
1005002337807349
10000223204798
1005002328913290
1005002266075385
4000120606299
33000404207
33031847927
1005001499707508
4001230241096
1005001559326606
1005001461051070
32999276522
1005001885074500
1005002342279328
33010191138
1005002265307516
1005001383052018
32957334793
1005001279724764
32623083270
4000843245396
1005001525735330
1005001314276604
33028980379
1005002477885765
1005002375135785
1005002397821275
1005002072402797
1005002150701777
4000194915756
1005002270955890
33002614152
32790820076
4000655852810
4000237366264
33004901488
1005001625855846
1005001808674804
32964677071
4001026545671
4001254775811
1005001663830225
32293270609
1005001478989157
1005002299306895
1005001699195671
32886734239
32912103035
1005002382100192
4001122000589
1005002443599056
4001305440356
4000232130819
32998474084
1005001966991525
4000097667491
32838414546
1005001652013774
1005002475121910
32837956996
4001156696455
1005002382258715
4001337778235
32995997365
4001280763922
4001307230361
1005002332782593
4000073821170
1005002404231915
1005001612154808
1005002362183136
32519885418
1005002489986460
4000089129044
1005002291993026
1005002377727508
1005001835559184
1005002210515108
1005001690996186
1005002265305501
1005002310857885
1005001343281083
32811093673
32656277952
32548116644
1005002277735543
1005002293122864
1005002273868482
1005002288186874
32461190014
1005001869615077
32892082712
32973756781
33024052793
1005001462310597
32996152957
33047761707
1005002313508787
1005002425278363
32957088364
1005001756896960
1005002287259561
1005002372298495
1005002442771245
1005002286468799
4001031552902
4000067956931
1005002135981240
1005001716335552
1005001424787648
1005002299090230
4000136279754
4000874555028
32671859424
32832008594
4001219997540
1005002273557124
1005002370072512
1005002053771314
1005002312537197
1005001811016665
1005002288324686
4000833089067
32961136588
1005001973093500
1005001515940434
32958356824
4001313023565
1005002266499429
33048365987
4000770690802
1005002428346832
32311162611
4001039356342
32829376668
1005001979917848
1005002294680867
1005001618456016
32343609072
4001225269217
4000293857195
4000568036203
4000705859230
1750114760
1005001604320194
1005001320301083
10000339947832
1005001288096647
1005001635818349
1005002420306677
4000730828178
1005002395180064
4001241390898
4000767916524
4000378277917
1005001530038148
4000527656421
1005002352650622
1005001927908951
33042347863
4001047303410
1005001364088173
33020951093
32860855451
1005002341951439
32807964683
4001286715260
32855956840
33011834761
1005002042650156
4001359751124
4000708989896
1005002051744977
4000811540038
4001238057314
1005001782355232
4000595869425
4001066109045
32645206668
33017102237
1005002071954579
1005001570235740
32959333507
4000018691744
33026996222
1005001860395452
4000333510042
1005002387462167
1005002393276891
1005001638360686
4000317666262
32878241155
1005001804011359
1005002056735027
32882556998
1005001648624163
1005002377725433
1005002206790347
32902022999
4000306377244
32975992004
1005002496175207
32531236564
32959729125
4000607351040
4000547963666
1005002396614584
32895941115
4001153775386
4001187286199
32911991279
4000427087577
4001138764438
32597849583
1005002443039958
1005001492906013
1005002245861847
32953641427
4001299615858
4000160239927
32460783067
1005002378521702
1005001690765947
4001112236650
4000828602568
1005002442983547
33037566162
4000002697649
1005001786390046
32806519616
1005001615950694
1005001899898424
1005001446921607
1005002483824731
1005002167777887
1005002242629512
4000152511182
4001104180276
1005001344380537
32855089709
32568911397
1005002454324378
1005002382819845
1005002290180390
1005001860730393
4000172410511
1005002316211166
1005001631329897
1005001437701548
1005001736797815
1005001893512690
32872714144
1005002446718002
4000956102753
4001337827056
32914583210
1005001672645447
4000600105541
1005002270573689
1005001532580414
1005002252433627
32863549302
1222872408
32891347195
1005002342082518
4000039021650
1005001468310767
32608361927
10000342208747
32621841349
4000198986468
1005002292105650
1005001313971052
32339646232
4000627388265
1005001286582730
1005001906079295
33009070176
1005001512118084
32376374223
1005001418363577
1005002310479463
1005001975005502
1005002287698335
1005002023664084
1005001566188062
32353012994
1005002278978722
1005002068342004
32973836141
32845955712
1005002310943487
1005002322877497
1005001580412528
4000236344915
1005001610284025
32952093559
1005002023626719
32827775999
33027029468
4000955666929
1005002332909593
32928227491
4000639975805
1005002480767336
1005002283852790
32841631930
32811012348
32924051858
1005002441042090
1005002392956946
4000611694793
1005002276650980
4001039251683
32215420676
4001254577575
1005002258800307
1005001640045139
4001054436684
1005001913055854
1005001966114844
32838858105
4000894937739
32629718856
1005001882513892
1005001889805280
32343865093
1005002481221668
32550932241
1005002054054486
4000324765295
1005002314872614
1005001942354755
4000130800789
4000683573458
4000288884408
4001271111754
32848899584
1005001655306109
4001032616933
4001230781890
1005002353825614
32955083741
32953439959
1005002345116745
1005002420997611
1005001609988810
4000262444705
4001275049453
1005001465301890
1005001678797097
1005002363345702
4000755582345
1005002243964404
1005002167861078
1005002069555684
32700762255
1005001398534291
33035203941
1005002467575833
4000381413971
1005001325433207
33019650790
1005001469416029
1005002167133051
33050157062
1005001861255496
4001119308369
1005001685107814
1005002432405073
32965876484
32958241436
1005002001501404
32946805551
1005001917767611
1005002190267872
4001050414388
1005002224073811
4000224195736
32795544084
1005001961758971
1005001779372145
4000021410842
1005002426737152
32985935056
1005001793283386
4000316209171
1005002333582005
32945961101
32446134059
33005897387
1005001286412184
4000126486039
4000499880898
4000325505040
4000909269295
4000835201447
4001130940622
32984383134
4001049716944
4000179295510
32815191017
1005001499828964
32508232451
4001233364349
1005002225196021
1005002253935616
1005002279548946
1005001603609558
4000214979394
1005002336737744
4000707285767
32997139027
4001119667377
4000694090043
4000843018315
1005002242745510
1005002185539499
32449774911
1005001843307598
32976435464
4000292267724
32980938221
1000008169920
32854983961
4000280477408
1005002382063557
33017979094
4001062795706
4001050624198
1005002423137521
1005001697794735
1005002346863538
1005001519832847
10050019496135764001219465177
1005002039132684
32627586439
1005002077912361
1005001692905867
4000523599799
32847636109
4000181129069
32844007859
1005002404036945
4000955794070
1005001493502353
1005001521457964
32711598852
32960787331
33007946987
4000828839374
4000284044954
4000850595174
4000976414771
4000987362455
4000931085629
1005001354445778
32977989508
1005002096289623
1005001704382886
4000515493099
10000400045615
10000307292678
33010647082
4000777152189
4000791700093
1005002256436597
4000837368559
32993765138
1005002423820214
32999308890
1005002377564505
1005002323196122
4001014869432
4001036558647
33058348674
33043967597
4000318378010
1005001620333923
4001267973481
4000863427035
1005002322610627
32835759774
1005001967062399
1005001588799141
32991845135
1005001791801541
4001225173536
10000002522518
1005002114770106
1005001469049409
4001315606903
10000395906689
4001289465583
4000916768822
1005001431799522
1743896911
1005002241208282
4001256430993
1005001998553191
1005002207836313
32319784143
4000136278507
32805664600
4000246127588
1005002345934767
1005001902019341
1005002322788641
32928293925
1102892161
1005002224161180
1005001885409744
32389450540
1005001364658732
4000747602360
1005001686095378
1005001590860313
4000857173301
4001275815385
1005002124164950
1005001345024342
4001045424727
1005001808808785
1005002337386009
4000666086672
1005002406000363
32801637181
32987857776
1005002388765815
1005002359217273
4001218908512
1262969709
4000945313533
1005001784900664
1005001876699505
4000357277042
32821865195
1005002294993462
4000790033703
4001110377708
1005001602595535
32965166378
4000279892750
32747807182
1005002033836108
4000955971763
1005002302245447
32916315436
1005002471689802
4001075344339
1005002089312019
1005001520189824
32826159206
33055833206
4000844405093
1005002275481000
1005002398850104
1005001475917457
32678567755
32857044228
32891635789
32879253576
32985999681
1005001626283214
4000546011394
32899566167
1005002409209832
1005002313368094
1005002256854738
32855548855
32875730862
1005002197622251
4001275656702
4001235491629
1005001441488064
32702008120
1005001367349959
4001278961212
1005002444655021
32769323438
1005002277116562
32753940592
32930508446
1005002466178149
32987200985
1005002431899538
4000072283285
32922260384
4001302279627
32677975550
1005002259362753
4000057279196
32968904846
1005002052250820
1005001502328674
33043858646
1005001776253160
32967948996
32959867495
1005002398689432
32821542306
1005001705432560
1005002424818245
33046853064
1005001457573191
1005002294666143
1005002077407124
1005001914653365
1005002358580488
4001292926147
4001228865077
4001304653919
4000086472555
4001360477554
4000770189587
1005001913201982
1005002289897790
4000957409115
1005001942840050
4001271895193
32328975148
1005002121712140
1005001960253172
1005002344935296
1005001868995249
1005002468241011
32855116855
1005002281858872
1005001633955546
33016056133
1005001749960489
1005002311804352
33034683598
1005002347315247
1005002002252372
1005001889610527
1005001557284851
33055942517
1005002399051940
32859602569
1005001501420580
1005002340716990
32920197975
1005002120121927
1005002449113398
4000961724142
1005001625230935
1005001416840264
4000124400316
1005001986072671
4001344136803
4001188373630
1005002419095583
32989610131
4000714633042
4001266974845
1005001412640980
1005002077455413
4000798133336
1005001793018656
1005001622311964
4000268182140
32977527232
32983302128
1005002253959965
1005001591195555
32916433935
1005002165070570
4001270305627
4001228713033
33035352716
32698749119
4000351148967
4000735230113
4001056397230
1005002457572188
1005002400084642
1005002341567911
32665122605
1005001511613711
33056780136
32769311809
4000090147074
32902646277
32950403649
33008104456
4000792845936
32708319181
4000263189681
1005001913666268
1005001881981483
1005001958828165
1005002426249094
1005002271513375
4000886296761
1005002425981947
32847010338
4000313979128
1005001827422168
1005001747672867
1005002347651188
1005002450483761
32919188164
32791383973
32861164733
4001218859756
4000843267994
1005002331970454
1005002440216218
1005002244912154
1005002425338680
1005002241245316
4000148211401
1005002412267520
1005001515907291
4000625748820
10000381092720
32977046282
4000429331200
4000191622418
1005002359403913
32965123843
1005002122358895
32810948088
1005002353684180
4000894781429
1005002423188492
4000272189741
1005002274057028
1005002419458658
4000557393244
4000897192526
4000695475568
1005002401935890
32581927108
1005001413592404
1005001355240150
1944378316
4000523813997
4001058488666
1005002238633525
32958815124
1005002271286562
33009008484
1005002225479399
1005002114611221
32719384108
4000117783330
4000545926806
4000853267698
32986579812
32959408940
4001230956810
1005002260741055
1005002266138612
1005002180511260
1005001465680975
1005002012594044
1005001625553325
32820063618
4001143206831
4000865472518
4000864907037
1005002466402397
1005001886127744
1005002398686446
1005001994554248
4001264632660
4000601569418
1005001649232070
1005002181393401
32960087788
32860993833
1005002270760550
4000952700091
32904908005
1005002270737481
1005001615711522
4000076892233
1005002433512041
1005002245315174
1005002347719725
32959478611
1005002322088447
1005002086827075
1005001609261266
32802769356
1005002262156279
32336184862
1005001967686882
4000569563894
32907309455
1005002480540750
32948072921
33010193871
1005001793116570
10000304373201
1005002328991927
1005002315558854
32795418426
33004316988
332172517
32970666910
32880101679
32837428275
1005002318872089
4000476526382
4000887943285
4000303742381
4001189264918
1005002323287962
1005002116611048
4000933474384
1005002418483060
32806068196
4001316099497
32242575175
4001096500890
1005002359606892
1005002299132270
4000731684008
32364095689
32880540174
1005001632729658
33044994208
1005002360409061
1005001798608734
32833838090
4001217941832
32786150927
33007649515
1005002321805900
4000427680706
32751917783
4000858578915
1005002289675548
4001098137211
1005001563204306
4000720601316
32869509615
4001332842734
1664707517
1005002139586957
1005001961396630
1933672464
4000562561548
4000366767916
4000943105847
1005002374907583
32835152187
4001185071590
4000032785164
32860766195
1005001585666624
32825143992
4000308189039
1005002497213703
32589889905
1005002125422899
1005002272943505
32631573750
1005002037995054
32640920241
1005002322565316
4000584968869
1005002421278404
4001327390441
1005002379000245
32941538021
33051076458
32999615291
4001355430438
1005001417362010
1005002055082688
1005001639506308
1005002293744365
33031616496
4000547846232
1005001360266846
1005001750832175
1005002438562302
1005002047600533
32966591445
4001037027863
1005001639810076
1005002387322373
4000420401410
1005001645128803
4001219449879
1005001316037648
1005002239881169
1005002404188236
1005001984968690
32932456856
1005001475133868
1005001498949924
1005001677572020
4000629419424
33034377876
1005002325072608
1005001417929263
1005001923505592
4000365239890
33007145976
1005002313414173
33017534364
1005002433990312
32699962575
1005001376363330
32974709689
32992958599
1005002226250694
1005001709411288
4000648924806
1005001705128847
1000004721129
1005001315954457
1005002294074049
32851927138
1005001939497086
4000535473419
32697637629
32818922599
4000807773955
32987913281
1005001392281654
4001157622678
1005002234959477
1005002328873385
1005002466812398
1005002371658950
1005002428462917
4001066314852
32583400204
1005002357646159
4000130152330
1005002201065483
1005001599900950
1005001460497091
1005001923294379
4001070101097
1005002362932072
1005002358108105
33004572700
1005002393470452
32926217214
1005001961551324
1005002301923725
4000879304946
32802457678
1005001632915749
1005001736360974
4001185137360
1005002325315490
33020329775
1005002172349611
32463226483
33016765190
4000369813072
1005001834737473
4000055929572
1005001955036451
32758220588
1817764970
32945929269
1005002262189656
1005001695299597
32846447977
1005001518281648
1005002457980872
32959488324
1005001587883016
1005001738014407
32918900805
1005002240024139
1005001841355170
32829727071
1005002363659111
32892821484
1005002072388008
33024567472
1005002327359207
1005002395838648
32969302751
1005002421668001
4000267637356
1005001307814147
4001167940449
1005002354230792
1005002247247265
4000314977091
33009336251
4001218869683
1005002352367313
4000576376471
4001132020076
1005002155298494
1005002298007174
32710246592
4000109435547
4000812027883
4001170903217
33033862751
1005001874231801
32946369562
32797445413
1005002207315215
4000655875376
32913814777
4001241250257
32950179037
4000786662208
4000625630512
32949111006
1005002315172506
1005001405178093
1005002441219188
4000715542560
4000372964158
1005002314522308
1005002278291054
1005002388362520
4000662435541
4001284460240
1005002270471476
4001285073816
32957973228
4001050703183
1005001453760397
1005001515001465
1005002047177179
1005002443056916
1005002090261988
1005002469138781
1005002233093961
1000000962032
32981756753
32903921434
32968550334
1005002392541631
32894489685
1005002324744015
4000781172024
32842962043
32906796566
1005002115386549
4001200349455
1005001296732800
32870094970
32986563815
1005002346936319
1005002473697710
1005001272138361
1005001795135192
32972364827
32729510901
4000925610505
1005002338973862
32931053925
32826704749
1005002333011626
33005262840
1005002475671420
1005002424103004
1005001606983272
4001085240238
1005002448172415
4000832954393
4000001529489
4000590523071
32911899086
4000379013072
1005002490077791
1005002268003821
4000126251043
4000739332031
32961408049
1005002319498760
4000202101222
1005002187185281
32855443328
1005001736611840
1005001479578605
4000650501095
1005002453102696
4000830105272
1005001868497843
4000529482675
1005002028300879
1005001793841043
1005002346872338
4000032378349
33046254753
4001320207457
32864614727
1005001437838333
1005001657812610
4000851973394
1005002364035008
4000433456008
32894471671
1005002429524323
4001229605317
33000969712
1005002203967649
1005002347223344
32946757870
1005002363370449
1005002008332247
4000750998404
32982804683
1005001918879445
4000069142658
1005001582739372
32338517068
1005001730710590
32856921781
33028223515
32977486638
1005002294053053
1005001983069213
4001227412478
1005002490093506
4000927899518
32988505472
4000465973792
1005002378295135
32617766686
1005002316325749
1005002348721282
1005002460865959
32856670043
32893948347
32945897300
32833527535
4000474803286
4000570151593
33042042962
1005002434429570
1005002196133740
4000842609826
32757666689
1005001994953154
4001115609158
32955218190
1005001817103214
1005001865473388
1005002047579385
1005002380918831
32303225078
32825929640
4001019608575
4001316716505
32822123884
1005002258466120
32506542280
32792163246
1005002341271898
1005002323743439
1005001298993736
4001354618672
4000345025054
32855994043
1005002314401573
1005001448845356
33027816579
1005001859242035
32985815186
32769733272
10000138650942
32832097503
4000776844563
32998921606
1005002182291492
1005002350827604
1005002468437202
4000180560815
4000212838092
4000181157152
4000971597802
32918744566
4000843035286
32919478681
4000890297781
32724419558
1005002363461004
32884341631
4001315275858
1005001965329125
1005001519388437
4000277494005
32798809815
32334009650
32847370835
4001188433983
32981465989
1005001525448485
32934897362
1853178027
1005002448291845
1005002480652528
32961847938
33007359287
1005002301634705
1005002293851773
1005001445922061
1005001290773364
1005001804001317
32975427615
32853735171
1005001683493099
1005001812917119
1005001581103760
32806279841
4001076570446
4000531155453
4001298841028
4000430166584
4000816614114
1005002085450919
1005001769791094
1005002191724319
32647991566
32852557023
1005001802672223
32921522064
1005001862860118
1005002298720348
4000207237926
1005001754656462
1005001803319830
1005002307215689
1005002443625862
32960934235
1005001387055477
1005002498441409
32834030775
1005002357893882
1005002283314119
32971590912
4001119720640
1005002414512485
1005002326906445
1005002351944744
1005002300131237
4000726677397
1005002320876053
32788077575
32581043193
4000047219346
32724395965
1005002263429847
1005001680128077
32967209511
1005002295336433
4000108146667
1005002410091671
33030301261
32870351398
32726941431
1005001995500530
33000673094
32831605089
1005001640455627
4000808564269
1005002117132395
1005001614093652
1005001825666554
32947950275
32950959907
4000699389550
1005002331096870
4000472000399
1005002037406604
4000038572115
1005002440003945
4000808374960
32992901099
4000409543015
1005001902095019
32968454017
1005002413998335
1005002232848765
1005001988927822
1005002425887995
1005001834609423
1005001376227472
32858576815
1005002482459198
1005001887953893
32778343060
1005001965711062
4000932265874
1005002356104365
1005002339376946
32884273525
1005001702676912
1005002357883250
4000125044080
4000082731511
1005002417190309
32868586737
4001053642052
1005002037372587
32795335159
1005001417611242
4000433880437
32972137696
4001274245894
32594681178
1005002279076544
1005002306495025
4001239914641
4001054342225
32762255422
4001058364369
1005001779264958
32558876051
1005002313987439
4001226003531
4000122063525
33024770746
1005001709152594
32868028373
1005001695278522
1005001578916506
32914354571
10000095497063
1005002433876121
1005002447384404
32869883395
32978573558
32954228953
1005001623464535
1005002327208778
1005001842049083
32968549707
1005001995569542
1005001517220781
32975239564
1005001889603371
1005002377916111
1005002431324755
1005002129350172
4001280293423
1005002447657653
1005002340319588
32891450085
4000437873135
33027770564
1005002052611645
1005002489114190
32831763297
32822377389
1005001965032192
1005002355986046
32723832463
32743869716
4001028065989
4001212654564
1005002314111221
32881839577
4001068094736
4000944713662
1005002166821174
32910948441
1005002259987629
1005002465963545
1005002426581305
1005002346846054
32391073929
4000557047057
4000918366618
1005001573284089
1005002427888208
4001230764345
32878837415
4001150012361
1005001313156295
32967066037
1005001624850461
4000922341449
4001350952187
33011447139
1005002304922913
2034667598
1005001792500070
1005001948282721
4000234715590
1005001567792028
1005001493812184
4000490012025
4000860058153
1005001889689879
1005002467259302
32725409177
33026483782
33009219870
1005002384226066
4000998125513
1005002323627857
1005001604433184
4001164176360
33038778276
4000224938509
33005134513
1005001813634662
4000302865602
32832517949
32975071648
1005001836116208
32977491215
33035808938
1005002045864551
32569796603
32902089704
1005002397803947
1005002005932710
32417798909
1005001942214344
1005001339738122
1005002234946561
32857169317
32883061639
4001109343277
33026369415
1005002439367913
1005002240558955
1005002286759110
32566877999
1005001484788943
1005002365561243
32882886908
328376497114000516893578
10000399720875
32968013544
1005001960298946
1005001400497183
4001204555451
32752550157
33034679710
32949967627
32888275108
1000007587474
1005002439017403
1005002182613246
32918430293
1005001915812341
1005001831233808
4001276083688
32776306167
32597211861
32750355122
32962747512
1005001915008484
32989952571
1005001456984661
1005001268606422
32814059808
1005001732189606
32803936600
4001228042850
1005002418400256
1005002247899080
32633633839
32829763187
10000040583831
1005001496905552
1005002266312131
1005001534163198
32952641675
1005002392909453
4001316798740
10000052716668
1005002314037667
4000113504954
4000640993535
32830367727
4001241487286
1005002336351437
32357961733
4000595274653
4000927353674
1005002424674772
4000638125479
4000484207373
1005002170772559
1005002004745978
33000003768
1005002288792970
32293963283
33035756146
32983895488
1005001587724851
1005002398138954
1005001525440557
1005001731390227
1005001441280717
1005001686729283
4001031406149
4001114957575
32921272986
1005002389717145
1005001470456672
1005001960563026
1005002449700732
1005002356419641
4001204526594
4000991003396
4000016131567
1005001850296529
32880894899
1005001981676605
1005002028426582
1005001563013815
1005001571668175
4000738604760
1005002254495697
33017283766
4001084231028
1005001762383217
4001305966026
1005002056212472
1005001976898142
32806464463
1005001303273986
1005002280457616
1005001839268452
1005002305151783
1005001895965831
4001191853409
4000667746316
1005002319248888
32847300564
1005002427284184
33045944975
32870019233
1005001867734616
4001209351855
32914085221
32975301272
4001155983069
1005002347391436
32989049867
1005002482426476
32916743159
33054628745
1005002437616418
1005002160432397
1005001572184879
1005001956949608
33027800891
1005002289040836
1005002314175951
4000960539954
32957651883
4000544168310
1005002414879347
1005001855471467
1000006309617
33003547354
1005002448038211
4001310785163
1005002417058112
32921291317
1005002298077920
1005001504340602
32912589724
1005001344657750
1005001598622233
32974523031
1005002337377136
1005002294720124
33051173756
32843731327
1005001709791145
10000245404487
4001292138474
1005001695945540
4000043750809
1005001692488409
32948611048
4001272436662
32703719841
1005002421174422
4001149112916
1005001899935399
4001230539632
10000088400203
4000861336615
1005002401166411
4000928572159
1005002148239665
4001185978976
33027517535
1005001396825971
4000253384391
32920053673
4001361018528
33034493756
1005002092292541
32842040363
32631215235
1005001967546171
1005001885645757
32775899136
4001047705659
33048426720
32922302131
1005002309657803
4000771364753
4000466054994
4000402370706
1005002307040108
1005001639337347
1005002361659632
1005001897870450
4000128432021
1005002179534723
1005002346706844
1005001885756518
4000627015374
4001252128781
32908290056
4000404540653
1005001834517623
4000302953283
4000690873797
1005001445863660
4000916842505
1005001597954739
1005002387786794
1005001475361322
4001203196697
1005001843231734
1005001835159284
1005001608726629
1005001284779849
4000113797029
33023662877
32953218873
32898093107
1005002457839003
1005001839311224
4000863682212
4001233846313
1005001381311999
4000599641961
1005002409278268
4000259080694
1005001510337249
1005002309107272
33046672330
1005001695277845
4001018401651
32973151762
32785830070
1005001505143964
4001098222353
1005002090299966
32364768621
1005002348290119
10000289233679
32590781000
32322529565
1005002400043361
1005002448195460
4001231471193
32962399567
1005001510500947
1005001524051640
1005002140944145
4000887082076
1005002262492147
1005002253871394
1005002122358406
1005001666444838
1005002231775856
1005002461164540
32944816966
1005002314854601
1005002340971652
1005001314554601
1005002133364529
1005002333228003
1005002370889536
4000084221365
1005002452935265
32878847236
32825340170
4000237499951
1005001311718429
33012484660
4000926824163
32800603339
4000368074201
4000420964266
1005002320556501
32866122395
1005001429735837
4000777534401
1005001519115109
1005001557533910
32891404809
1005002375013863
4001176285469
32973116960
32275775959
1005001482820700
32599736961
1005002087989588
4000090986551
1005002206002160
1005001586016727
4001130240748
1005002376766319
1005002012310705
32885314972
1005002314330074
32856009197
1005002085891296
1005002283620660
1005002454276786
1005001822410238
4000709726522
1005001705233441
4000448891357
1005002278859108
1005002165828799
1005001430623595
32703769506
1005002255754966
1005002403903011
1005001944112408
4001230838138
1005001489877290
32969732004
1005002255492187
33004512270
1005001317541090
33048656287
33003530827
1005001418432733
1005002060029127
1005002425288322
32891627026
1005002304006114
32803890732
1005002271405170
4000036435365
4001054102222
32956918553
1005001287157907
4000981648152
32816866038
32977168003
32973076219
4001119225760
4001127390063
32832496750
1005001913325024
1005001425148622
1005002314718766
1005002239443725
4000706816127
1005002213187693
33025049083
4000009503457
1005001393142600
4000740849920
4000323016754
32859426381
32793078284
1005002304332609
1005002342571298
1005002310583341
4000107687852
4000588717932
4001172367349
1005002206061163
1005001462946625
33008518403
32617159921
33021019827
32890225103
32872014549
1005002224974439
1005002376776038
1005002077690782
1005002282161447
32819363985
32855072266
32969733308
33018776665
32647568187
1005002289753424
1005002198838041
1005001789739357
1005002470090587
1005002352971231
4001345642593
1005001971210798
32999772669
1005002291049266
32821428057
1005001972817859
32863974256
1005002377812385
4001290200834
32965395954
1005002336338080
1005001692451685
1005002297880488
32880883846
1005001305431982
33034953096
1005002199539032
1005002358025284
32683126678
4001179667638
1005002418007470
1005002357003100
1005001285268277
32865659282
1005002468868838
1005001521954169
4000000837251
1005002224992419
4001203050041
1005002383112817
1005002375408831
4001224007228
1005002318433100
1005001869654928
32884612391
1005001500536964
1005001908636513
2009779907
1005002418590980
1005002487573101
1005001395392038
4001313738135
4000148695103
4001061301985
1005002347351691
1005002466967196
1005001817965449
1005002206884176
1005002365083009
1005001828284965
4000132862853
1005001832350966
32870952725
4000781976770
4000314878021
4000849859853
4001263838952
1005002287291276
32857825234
1005001754181174
4000134306503
32967701664
32812159514
32813815599
1005001926290695
4001275622468
1005002268953226
32975178627
1005002413415196
4000628990623
33051738766
1005002359863897
1005002364869274
32733100522
4000981662627
32934899934
1005001785794761
1005001488677951
32344013627
32819458714
32958238134
1005002367846812
1005001541420899
1005002490160289
4001227796474
4000285547685
32989173487
1005002494059748
1005001868004410
4000990913965
1005001670748681
1005002369771412
32908257689
1005001298429984
1005002192379874
33048170054
32761218815
1005002468251372
4000214942797
32897196933
1005002414432827
32813456381
1000007846654
1005002304784115
4000924260081
33012090581
1005001885372899
1005001942892663
32861710598
1005002393090672
1005002324049625
1005002316277167
1005001414072739
1005002318155907
1005002334262985
1005002327803456
4000154208862
4000074837687
32947066195
1005001594615790
32885217528
32840651009
33011875524
4001255026582
4000358207740
4000133472717
1005002047275008
1005002301947458
4000927250679
1005001567005174
4000226878763
1005001915412832
1005002491579773
1005001391432224
4001081057341
1005002198077988
1005001893139914
1005001539106840
32995286317
1005001952005483
1005001708091086
32906971240
1005002438866837
1005001585890748
1005002394792323
1005001843582090
1005001288222158
32976509016
1005001429281754
1005001694764497
1005001348625785
4001143576210
1005002454472144
1005001972652495
1005002076839652
1005001623839504
4000076153041
32751406839
1005002489351365
4000809885419
1005001453798444
4001359488133
1005002266427540
4001260735610
10000217537061
4000507618172
10000321568128
32847244106
1005002231687326
1005002398509576
1005002204275842
32890953713
32980953540
4000529687430
1005001515909350
1005002185012817
33041113309
32814095793
1005002312866574
4000909933150
4001071817012
4000815297925
32969823229
32907721843
32893119550
1005002124436743
1005002002607729
1005002282846838
1005002476512037
1005002180931526
32794512015
32818267478
4000685798648
32240536134
32998968816
32903919008
1005002263535626
1005002314180985
1005002311814967
1005002314091408
32959972869
32769732774
4000378073659
32888191205
1005001601287242
32991553022
1005001593110221
1005002223351559
1005001694577026
4000288142617
1000008336647
33012786327
1005002350069372
1005002020456747
1005002412177640
32851200535
32815851693
32681592903
32868956019
4000242138633
33040773410
1005001321270060
1005001852996972
1005001288295329
33028053022
32828918600
1005002218526680
32911749400
4001053985497
1005002119416546
1005001405587240
1005002393870944
4000123225806
1005002007765522
10000319888665
32390289694
1005001683903563
33018685866
32903500383
32811230895
33000472683
4000791390782
4000251514314
32952674489
1005001694108924
32718732652
1005002095194270
32798743946
1005002171947387
1005001813127853
1005002170363355
32959981901
4001224100213
4001226600526
4000232222031
1005001726010331
1005002495914379
1005002454651550
4001249204106
4000767867172
33035919388
4000959257663
4000323042146
32858402040
4000827338488
1005002351071585
32919195193
1005001553194589
32506299628
1005002317124984
1005001286087184
1005002471546928
1005002361662692
4000997439471
1005001425611618
32833146355
4000275945513
32927670130
32889700671
32458629036
1005001592737258
1005001560692135
1005002398712080
32867119306
1005002300642122
32812084657
1005002347488318
33047108433
1005002497026731
1005002433738288
1005001587822295
1005002420170420
1005002210943613
32853166285
4001220593483
4001137057233
32967223928
1005001847568181
33006062075
4001100628567
32974924420
1005002380713695
1005001928526513
32954339171
1005002066619939
1005002228461563
1005002278465101
1005001639590839
1005002435872301
4000368111319
32969392351
1005001876806604
32812113144
4001111441920
1005002489715364
32810485836
1005002357685205
4000983296292
32981072737
32824297733
1005002198600554
1005002390207148
33058259858
1005002459958621
33051243416
4000211525062
1005002373173583
4001244301707
1005002480870255
32863759868
1005002310691337
4000983402927
32968001359
32795498654
1005001882381442
1005002298120826
1005001627650783
1005002115231323
1005002407980103
1005001518767311
1005001670897176
1005002072997162
4001270448745
1005002390305794
1005002456802709
1005002454325872
4001362210164
1005002388811952
1005002053747329
1005002121070531
1005002359989154
1005002239309556
4000966559672
10000350215088
1005002282022866
4001212717441
33005050494
4000292149520
33031283667
32889228150
4001328876242
1005002411194776
1005002311549385
4001014833338
1005002187483384
1005002344918751
1005001583160191
1005002242241063
32853179331
32641929921
33015603875
32980978871
32967079408
4000236246734
1005002313711713
4001105316058
1843573686
1005002223369577
1005001334472804
32987873230
1005002063419169
32758769931
32962184252
1005002459969687
1005001738027400
1005002369287582
33045243516
32798794521
1956373819
4001114276782
1005002000118472
1005001839876412
1005001280092455
1005002339517140
1005002380535063
4001055579779
1005001993524333
1005002337302893
4000313645150
33022631753
1708946179
1005001803157965
32584239634
32921392168
32249542070
1005001293599865
1005002393417347
1005001614560334
1005002488863346
4000924324705
1005002350147534
1005001316092330
1005001880517717
1005002334708143
1005001948717537
4000341420181
4000256112198
32881582626
1005002252133493
32997320878
32781349038
1005002316056584
1005001645164298
1005002087464093
32910370492
1005002298632505
1005002260938898
4000183805561
1005002356447962
4000098878445
32917774202
4001036122264
32856831075
32976166166
33045046908
32911477638
1005001323302199
1005001284876046
1692798715
1005002185147634
1005001557049959
1005002381888201
32951034746
1005002089215367
1005002398808415
32289280655
1005002038282758
1005002310903736
4000558504298
32994004545
4000849915030
1005002330086969
1005002336581280
1005002362232524
4000096444389
32955820622
4001244166282
1005002139359016
32598307881
1005002488066818
1005002498748765
1005002313426351
4000122996978
4000035101105
1005002241634928
1005002002445276
1005002059555770
4000021511537
32973329402
4000837577164
4000521698728
1005001367932758
1005002414497449
32893659611
1005002471052267
1005001580619818
4000389980051
1005002218128811
1005002206395454
1005002136405986
1005001983554726
1005002260099848
4000149134452
4001228045503
1005002394725989
32805360855
1005002313980869
1005002492770921
1005002318506723
33044409339
1005002474766606
1266926524
33033038964
1005002281876541
999623763
1005002091533154
32920303881
32747600556
1005001998475417
1005002345767945
4001221679999
4000336924551
1005002352192581
1005002482548391
33022642468
1005002463145643
4000538486083
4001323681611
1005001705796609
33016246842
4000188615724
4000389679654
1363726456
1005001556322092
32868725640
1005002339859470
1005001989202365
1005002279747033
32434062204
32920212900
1005002330559883
4001196833508
4000313619135
1801179890
4000750567541
32701447693
4000286920907
32984659475
10000391378306
1005002267371685
32699586377
32965182982
1005001426836980
4000458417006
32888442886
32842730647
10000147575304
32957445172
1005002342890033
32857664923
1005001438636363
4001262692333
4000118967395
1005001411674396
4000430052110
1005002316069305
1005002272361896
32467391610
1005002335785790
1005002204414045
1005002297762844
1005002446856614
4001156704533
1005002238177836
32597492344
1005001491369269
1005002258999271
1005001731183433
32983822788
1005002206748630
4001365894682
1005001403789447
1005001566210993
4001107823380
1005002250538090
32663872231
32326460487
1005001872078899
4000207224559
32741221107
1005002319210718
4000091493573
32608146247
4001170269899
1005001806085691
1005002315680497
4000640246008
1005002463400154
4000266470753
1005002423776954
33035252019
4000682677535
32525492683
32898486292
4001086534187
32886076660
32824566518
1005001484119360
1005002356307291
32890037706
4000459676188
32948814616
33011996260
4001012984853
1005002283409110
4001294693375
33000480292
32944905462
1005002025714064
1005002483613662
1005002354292736
4000711834193
1005002302355111
32865618568
4000203851463
1005001286356794
32995502898
1005001619663778
1005002210339313
1005001594987138
1005002454329148
1005002347917572
1005002397695972
1005001333642746
4001058405284
1005001905992861
1005001867373290
1005002416096846
4001045952848
4000663810862
1005001774734574
32946145631
4001314657226
4001084900886
4001360614993
1005002397934308
1005002467775673
4000018936447
32849413148
1005001325844892
1005001841083789
1005001706615900
329202168161005002233076759
4000777563148
32842748923
1005002055908411
32626683987
4000115454583
1005001889981439
33002746099
32955922926
32922939475
4000111611661
1005002061247033
4000040806368
4001023031872
32811204647
1005001555728875
33052685648
1005002378410098
4000972295783
1005001397827651
1005002271611332
32702847591
1005002377570324
1005002443567249
33060443870
1005002327828435
33006044368
1005002259886798
1005001868603059
1005002367560029
32973674799
1005001803483421
4000141027554
32873231925
32913605784
4001133035019
32768489994
32899743918
1005002335562168
4001111108747
32860125336
1601692133
32854323451
32231297578
1005002133810516
4000869676445
4000345146120
32992867767
1005001325524024
32891681648
1005002320274868
1005002262384594
1005002350860138
1005002225257150
4000348426396
1005002325124275
1005002224606405
1005002404175331
1005001670571710
32244279798
1005002326906812
1005002484617804
1005001706821044
1005002065982889
32900633249
4000575136769
1005002123609167
1005001859321879
1005001408660844
4000711862001
1005002233379335
1005001800971840
1005001841753726
4000072240707
4000450018259
1005001895907810
33036270951
1005002408290100
1005001566120229
1005001906434723
1005002238913630
1005002467701521
32965997474
1005001579219179
4000352772744
1005002032692795
1005001987473840
1005001418948425
1005002404829456
4001285839420
1005002221417124
1005002241469472
1005001319758253
33049993239
1005002358302167
1005002425835719
1005002357650696
4000112139488
4000109289148
1005001585844709
32901994708
4000499156004
4001158958564
1005002420292414
4000224094201
32857107755
1005001873787085
1005002268002397
4001198009884
1005002323966556
33011154080
1005002364839638
32970515689
32313720342
4000105441505
32836428220
32998637142
32995756923
32947433636
4000529685179
4001109085649
32958807809
1005001628961582
32789276762
1005002348231741
32852937085
1005002011866917
1005001588149819
1005002438164247
32862155207
1005002214065726
32321972063
33038626836
4001097497168
32831782688
1005001350725451
32846357941
33037416319
32904654552
1005001381578825
32835703756
4001022790592
4000370676941
33015457621
1005001613239378
4000800557772
1005002237894151
1005002167238064
1005002212001141
32870866816
1005002401333790
33000085717
4001008833122
1005002261363928
4000601818569
1005002358849264
32900513681
32862309086
1005002459767814
1005002313392304
4001166404382
32822636544
32849872308
32950123902
4001119496530
32954271071
10000352641633
1005002454346936
1005001541005730
4001187648067
4001101134158
1005002355924706
32828999801
1005001626872826
1005002314313641
1005001750513258
1005002413230737
4000790500531
1005001344501735
1005002270716505
32883719930
1005001360175274
1005001863570955
33013721797
1005002254579438
32534123546
1005001708919370
1005001470691969
4000429499980
1005001884680701
4000204329958
1005002187783514
1005002170902023
1005002128542373
1005001930986978
1005002442811690
4000504022858
1005001408082933
4001198377031
32997274484
