32949739103
32998699749
1005002339205318
1005001419195359
1005002314405541
4000067150935
4000994942132
1005001423893851
1005002185923020
4000657083582
1005001935107568
1005001389453853
1005001798288008
4001148144964
4001086276056
32960875685
1005002179788372
32962806652
4000171756308
33042929946
1005001859104937
1005002435289820
32850392857
1005002277724990
1005001340541349
1005001499058799
1005002393778989
1005001849035564
1005001382071122
4001270513046
1005001810980299
33030608174
4001222473813
1005002347297935
4001295397562
1005001840762977
4000314088249
4001218973136
32676888445
4000963521047
1005002315812102
4000098864065
1005001864096038
1005002377748400
4001264840705
32362072158
1005002427393958
1005002267700184
1005002283724194
1005002371391436
32628308857
1005001657595403
1005001839499439
1005001290583193
1005002102837800
4000038861005
4000695305559
1005001400485016
1005002413264472
1005002099508099
1005002358572333
33007242322
32893141125
1005002302219739
33049232239
4001225205030
1005002383233429
32971335750
33049077292
1005002292726774
32913850605
4001277761610
1005002337448983
1005002487775830
1005002417488249
1005002376850665
32581043099
1005001334417319
1005002335189380
1005001705325338
1005002314490900
32960692770
4001282017824
1005002357486512
1005002344266535
32828013738
1005001678715826
4000183939650
33014073875
32392437039
33015927419
1005002271855497
4000100338759
32851792996
1005002328049996
32881591011
1005001430266481
4000720426815
33058088326
4000884633020
1005002370670515
1005002317218745
1005001313747667
2036106565
4001057051857
1005002386607606
33009183588
1005002347587515
1005002322954937
1005002395087094
32836811461
1005002350749190
1005001441278876
1005001867912956
1005001957380626
4000631297540
1005001644459052
4000904332088
32737785897
4000677208196
1005001287134458
1005001940995944
4000419099114
32852987015
1005001271668834
32752279882
1005002164966635
32854314388
1005001671412234
10000408177353
32916953109
4001195921168
1005001640129366
1005001876580782
32951078521
32638828897
1005001943033231
1005002484243996
32874777989
1005001849498808
1005001439171044
4001224313669
1005002322060933
1005001544160880
33058296275
32711543918
1005001697344323
1005001591758082
32759988235
4000127775123
33026527387
878818500
33011606369
32874414928
32804695459
1005001890652530
32831624568
4000336911866
32961930505
1005002042298174
4000959719624
32827509479
1005001369962852
1005001591996386
1005002320966716
4001345741764
1005002454365304
32882540090
1005002341919877
1005001999003577
32876331442
4000040585736
4001229546002
32789970655
33051154588
1005001758131451
1005001315799515
32848428645
1005001425503420
1005002496384663
32773900474
1005001860770448
4001178970986
4000315820703
33018741297
32988910034
1005001769348938
1005001939711087
1005002002585368
1005001867427026
1005002440042213
32389910787
32767743549
4000249247535
32965954027
1005001878624478
33010071237
1005001982433077
4001203546276
4001276896459
32317938273
4000480411940
32922557440
1005002254174995
1005001511422968
4000207152634
1005001645116492
4000659071787
1005001368020733
32802245162
1005002332497741
1005001333740228
4001165291840
4000148560641
33001451804
1005002483094584
32948628191
10000350951410
1005001269609240
4000781658396
1005001679678860
32755646836
1005002339567472
1005001561206309
32870041442
4000210797985
1005001763098169
4000415070865
1005001799719870
33047476366
4001147768399
1005002371594886
4000548480000
32932188123
33004283922
1005002438523793
1005002370846413
1005002398659566
1005001867510335
32853717980
1005001421323178
1005001896799130
1005002339452693
32571879929
1005001901094222
1005002186001261
1005001671444160
4001140386505
32925117686
32653392483
1005002384242498
1005002447981190
33030919159
1005002341971470
1005002392295274
32978705688
1005001657910210
4000143295847
1005002270852835
1005002396406365
32916945329
1005002394726494
1005002287534711
1005002310150318
1005002204921556
1005002422028858
4001270859828
32959513360
32812431439
1005001678003768
4000636435244
4000150562771
32548774516
1005002428530657
1005001313420657
33007720088
1005001495975096
32999987032
1005001465291930
1005002432916704
32794315806
33049450995
1005002460437029
32869611500
33013923883
1005002069171852
33063051437
1005001808893892
1005001769606987
1005002253391572
1005002131391929
1005002275407471
4000259949352
4000756416176
1005002376734315
4000561006158
1005002316455414
32716824768
4001127344954
4000206833955
32985699699
4000944449373
1005002345153377
1005002318582140
1005002434972103
33004721055
4000089718387
1005002490205170
4000045966919
1005001907164031
1005002286548096
1000007384381
4000120606610
4001015087259
1005002277208098
33041504977
1005001468446618
1005002161706622
1005002384493142
1005002351282910
1005001968479228
33028737417
32597553782
32324861033
1005002233108043
1005002009280008
1005002251098368
32952224741
32919611351
1005002262820002
4000574415129
1005001976800275
1005002263926290
1005001550186753
1005002341863232
32669237374
4000859319476
1005002315785764
1005002497498553
1005001567077244
32865570058
4000642549664
1005002413348001
4000202637909
1005002246597851
4000156054861
1005002196858969
4000771286966
32977894099
33029498137
32958174127
4000686886256
1005002238825554
1005002426697398
1005002079921517
33015669869
33040319674
1005002371628138
4000437710997
1005001757973670
1005001344400642
4000955870636
1005001703135326
32849370732
4001154144105
1005001923549425
32849910396
1005001365420434
32895073720
1005001793063558
1005002170897886
4000549168731
1005002291942323
32908785342
1005002108665174
32623797515
4000027130935
4000067933768
2028624393
32836060267
32955087244
1005001344610289
32708233426
32972348158
1005001270732480
1005002294537165
1005002388662769
1005001700597995
1005002315749170
32947182548
1005002240566307
1005001910012078
4000879748275
33036265577
32809298321
33045928016
4000241767215
32900044322
1005002368404364
1005001530725499
1005002339760897
32916726859
33056129766
1005002288516605
1005001365162416
1005001557735291
1684420867
4000341356260
1005002352950360
32809188513
1000006140043
32535977064
1005001926384450
1005001575508262
32926981640
1005002487687775
4001139264406
1005002250202401
4000203609765
1005002307502604
1005002313645391
1005001830206972
4001038757624
4000445847283
775674451
33036749402
4000848405651
1005001858627180
32901536929
4001089326037
1005001303566129
1005002304488826
4001013226582
1005001624600669
1005001846718832
1005002467527023
1005002403373492
1005001965673722
4000666121273
32782078175
4001168091062
1005002283204126
4001109151701
1005001731351841
32816814822
4000077393571
1005002317818415
1005002294224092
1005002423673485
32913965047
32979622212
32899336792
32651936649
1005002329907055
1005002434044357
4000691393229
1005001762585010
32817186623
1005001914549689
4000106562118
32901035485
33004661358
1005002355667616
32829877876
32806719238
32968774315
32726708949
32805612964
1005001659618790
4001250819525
1005002099843503
1005001501385873
1005001848070558
32887175289
1005002459771633
4000863898214
4001313433548
1005002396283470
4000738330265
1005002408934573
2020940941
1005002485162745
1703513399
1005001645651169
4001215825998
4001286112116
4000742896286
1005002281154441
4001139655145
4000804349239
1005002359700211
32937214583
4000515709806
4000874540752
1005002289570753
1005002404774025
1005002095994749
4000893416754
1005001711556603
4000237293749
4000923045909
32855412761
4000858152107
10000140078735
1005002307201306
1005001469452398
32590435332
4000309421412
1005002089384588
4001315083671
32738543320
1005002490905850
1005002276889478
4000222041450
1005002394163311
1005002273946852
1005002453236007
1005002298776381
1005002205691262
1005001715997766
1005001547998774
4001297610295
1005001405043137
1005001826101084
4000768351429
1005002325282230
1005002387828859
1005002122320827
1005002033686227
4001130932083
32762068627
1005002323315664
1005002318495514
32932983939
32992939175
1005001553717554
32566380068
1859879376
4000940432941
32667547004
1005001994368404
1005001373479873
1005002293614923
1005001914534059
1005002265302426
32796239052
1005001586231898
1005002069454149
1005002109915290
1005002085377614
32949603797
1005002398578610
32787258420
1005001623487018
4001238653701
1005001977821943
1005001868362964
32566735782
1005002294813969
4001157510648
1005002440562316
4001021667910
1005001456597770
32607755602
1005001586016497
4000284186700
32229678286
32859001216
1005002389612473
1005002431076192
4000070018005
32657965995
1005002282447004
1005002320942536
10000399953439
1005002296410268
4000375345418
1005002210238999
4000141084826
4001023612463
32816893363
32884411486
33012813381
1005001961137992
33050652893
1005001361435787
1005001985654916
4001061617531
1005001478304459
32971239633
1005002483604139
4000194870312
1005002006635178
1005001722985034
32900000842
1005002440201292
1005002204744400
1005002338755404
33004436266
2035750845
1005001279865168
32834578393
4000084844247
32698939696
4000095188734
1005002023837583
1005001552044263
4000840517407
1005002265188878
1005001894460874
33048712598
32998214522
32945685364
4001114237666
33056345498
1005002385199634
33016824580
4001125339970
32905227037
32670065180
1005001656711645
4000357654542
1005002195850683
4001193276659
1005001737388947
1005002282944970
33058572407
1005001921302949
33022991056
32953837913
33029374423
1005002303840588
1005002266595266
1005001626410383
4001255576146
32328901492
1005001591099573
4000742035032
32870144859
1005002394844735
1005001593572445
1005002417923133
10000397756706
1005002314574135
4000173233187
32810196333
1005001572445396
1005001839866817
4001195007538
4000185971232
32835202167
32854520659
1005001678245268
1005002412337327
1005001271410711
1005002050746303
4000303200940
1005001511380601
1005001456253267
1005002247175157
32847292552
4001044344347
1005001645920868
1005002317568374
4001279013624
1005002447954313
1005002454226598
32953063934
1005002317931620
1000007749000
32777846793
1005002336371472
1005002439890624
1005002383364359
4000918205501
4000755002322
4000779761222
1005001619687601
32590325073
4000782596538
32973583337
4001280769560
32980365069
1005001615404162
32844461752
32696625281
32820266601
32790931922
1005001698230411
32776346943
32856686166
32840033419
1005001943036012
1005002348675525
1005002482578750
1005002168266670
4001030123409
1005001615198873
4000274550904
32949788525
1005001929592834
1005002357659608
1005002440634103
1005002303749421
1005001804383156
4000549130796
1005002475069102
1005001797104082
32814975524
1005002467591707
4000062945990
4001168268164
32940799697
1005002328989715
2045898749
1005002146083555
1005002483050280
1005002304459564
1005002122501154
32958847664
4001148367221
1005002377465831
4001175000657
4001347024789
1000008316682
1005002239344204
4000726995774
32893037971
33003632257
4000415981551
33042826930
1005001799265700
32975375774
32831028545
1005002252662029
1005002476282122
33006287167
1005002411127254
1005002435913458
1005002431213509
1005002310325583
1005002110760305
4000902816356
32839147109
1005001490937575
1005002197422724
33006998778
4000812012656
32858842095
4000444079476
32966160318
1005002308613748
4000479270597
1005001900491182
1005002056749362
1005001717844223
1005001645418254
33035019834
1005001623338619
4000985708828
1005002457110203
1005002037754389
33055317667
32406271874
1005002500289730
4001037387674
1005002306089387
1005001629076563
4000938644018
1005002243304844
1005002361676635
4001339707104
1005002047344488
4000244770945
32970494582
1005002425658153
4001199699996
1005002483363993
1005002303239611
1005002413291376
1005002317411922
33010300306
33043706974
4000540499210
1005002328845532
1005002228858172
1005002393228830
1005002237951683
1005002304376336
32728732989
4000793039960
1005001431600770
4001270316908
1005001816868162
1005002418465764
33002496439
1005002336202482
32894423100
32960561561
100500230725357132890608250
4001271235267
4000760551979
32347424928
32974557891
1005001961441322
4000982500260
1005002446541208
4001184252339
32580780625
4001199679829
1005002229570970
32260198507
1005002413275279
1005002120905609
1005001963200927
1005002058036666
1005002235118140
1005002392704913
1005001794522007
32832972943
1005001967225467
1005002262077079
32467032623
1005002060120320
32976692428
32870566168
1005001415143926
32828470018
1005002406652146
32919451071
1005002307668173
1005001868409922
32913528153
1005001802365726
32848509888
4001003083951
1005002342539895
33024247111
1005002368776390
10000033472510
1005001882254607
33040444873
32389461778
4000901171842
1005002275201580
32821686497
1005002389459153
4001153685446
1005002291074042
32852257249
1266834247
4001194383058
4001204660594
32866252468
4000677387570
32898349496
33036920020
1005002386945787
1005001406221929
32701038499
32898076585
4000262997325
1005002286849250
4000215743874
1005001992235739
10000316074924
1005002333511079
4001152758795
1005001524146118
4000154734229
32870471571
33025868344
4000465153766
4001116773338
1005002283246356
32837147002
1005002319106280
1005001845670660
4001039212328
4001149147713
1005001618085937
32722491522
1005001612344861
1005001633419859
1005002328588581
32861041068
1005001838790785
1005002443520944
4000226177193
1005002395145192
4000419272886
1005002431045103
32441653254
4000341372332
1005001507985136
33022600754
1005001280816420
32948659700
1005002245926346
32932484864
32999834089
32808089610
33037916585
32581826387
1005002437900129
4001174945488
1005002390141345
1005002376394203
33025283276
32713017688
4001230814077
1005001378128130
1005002224546679
1005002283350549
4000118087810
1005001962839006
1005001868554571
1005002314420240
32895897731
4001021628991
10000420592523
1005002286450403
32824427520
33051032015
4001022942247
4001240682009
33023611606
32610152185
1005002238959190
1645158660
4000233772580
1005002423680328
1005001918515155
1005002328894640
4000777255495
1005002264214789
1005002072469556
4001165706435
1005001837759862
1005002271275762
33009043719
1005002267922817
1005002315228385
4000842605988
1005001605467319
1005002444044761
1005002239957033
1005002265619353
4000545845266
4000598718078
4001360577295
1005002487233510
1005002292081755
1005002473788156
32824253112
32990026498
1005002389657181
1005001830324226
1005001579135314
1005002435261309
32972471882
4000152182186
33006375748
32653367466
32985616000
4001231928551
1005001598727313
32966220749
4001214308061
32842919534
1005001411544212
4000318346297
1005001531007610
1005002441764675
1005002291194254
4001174417578
1005002252780508
1005002322840871
4001175269762
1005002233410881
1005002419154156
32873744081
1005001968163511
1005002341003398
1005002441028322
4000807545045
1005002304783350
10000356042896
1005002166787503
4001218115335
33028261626
33004887801
4000843032002
10000209784184
1005002191789138
32895144413
32972301452
1005002327212890
1005002233352429
4001141774493
1005002280771701
32865027691
1005001365016386
1005002329276761
1005002372269976
4000116113238
1005001874026874
1005001835636019
1005001604966661
4000071050812
1005002467420848
1005002115666256
2012232010
33061030004
1005002428711554
4001280379546
4000842992380
4000701167966
1005001550963600
1005002271591666
32965778236
4001089282038
32693006213
32841693537
1000001578811
32803937654
4000913210889
4000087794699
32892430676
1005001525165641
32946360614
4000760204702
1005002176652929
1005001517983918
1005002277611354
1005002268309384
4001291056591
10000326923062
4001040639237
32797400732
4001157338848
1005002167768616
4001232145380
1005002233074735
4000982403080
4000174136481
4001203555132
1005002432067585
1005002492640593
32852437532
33010154644
4000332751846
1005002175982666
1005002264900925
1005002413584518
32810121160
4001119651880
32862193409
32984727045
33021981912
1005001994383366
33002956394
1005002050687516
33039082132
1005002382903158
1005001304860984
4001135825165
33004539991
32909238841
1005002286652342
10000138632238
32669905081
32961150002
33027115757
32504551983
32308885584
32953878648
1005002387964578
32836497981
1005002428066169
1005001915318287
1005001943016088
1005001842912678
33007719919
32610259107
33012974190
32971882450
1005002115165653
1005002318933601
1005002289627311
1005002309386717
1005002447338298
32813175891
32972437384
4000921750640
1005001759189214
32969368871
1005002439638497
1005001450650650
1005002445230440
32806817102
32951442631
4000144222754
1005002022693393
1005001417368718
1005001525361534
4001193361708
1005002122563192
1005002306004635
1005002073790773
1005001820312899
33035683538
32962200058
1005001918350805
1005002314476892
1005001684760878
4000540177900
4001256768226
4000691800275
1005002313872097
32377409596
4000273172959
1005002101661366
4000023651143
32984763374
4000803119298
4001230930079
1005002283190625
32241003970
32959644840
1005002167439646
4001252380648
1005002459922927
32960036491
1005002114740586
1005002352198211
1005002453832463
1005002074975704
1005001711087521
32911243393
4000281879795
4001268387308
1005002496984631
1005002467920500
1005001913316954
1005001759700149
1005002359475140
4001067871526
1005001977003135
1005001957164891
32973776671
1005002298767433
1005002305886585
32870362272
1005002328864496
1005001645790260
1005001631199202
32837297990
1005002352586505
1005002234184243
1005001878289414
4001106507182
1005001512688745
4000807737523
4001012559021
1005001823901679
1005002255503826
4000990650428
1005001361394377
32985237718
32973020441
1005002023117987
4000237267840
1005002412189703
1005001608712835
32965731508
4000616066899
1005001320696767
4000259863101
32990923947
1005002281941261
32825853136
1005002282871619
1005001677755562
1005002344550710
1005002038310140
4001276392778
1005002229954114
1005001571371414
1005001377948461
33056326014
4000245709956
32967026788
1005001780721575
32828123182
4001128480540
1005002395769907
1005002287027619
32887006147
32843676711
32888060483
1005001411463094
1005002294631107
1005002443161159
1005001463891980
32955128629
1005002412476825
1005001976382368
32962133663
32981796592
1005001847193328
1005002487453898
4000812597105
4000844154074
33023071707
32620057280
585143236
1005001678319615
1005002392918396
4000375858696
33015165917
4000087051604
32991539459
32693526092
33033279334
1005001876911645
1005002275732762
32924779448
1005001280722872
1005002167235866
4001172612514
1005001988978261
4000203169755
1005002383065474
1005002298970311
32856466804
32909203383
1005002412185296
4000385768176
33021529262
1005002371750246
1005002253713763
1005001292918681
1005001393076946
1005002117643337
32915382780
4001115741494
32981311612
32880602260
1005001855455976
1005001876826049
32857638983
32977252197
1005002094337896
33004480393
1005002382279234
32844631633
32577707536
1005002421175996
1005001362176820
1005001393659096
33017103804
33051190745
4001047813108
1005002051215803
32905377871
32851677361
1005001470390036
1005001290039402
1005001474317033
4000337590890
1005002450258976
4001228206886
1005001762034661
1005001849282011
4001264501209
4001071918695
33014696515
32412266705
1005002387982610
33051080463
33014961403
32983612298
32962776384
1005001754668082
32970167846
1005002284019283
1005001334768996
1005001362114278
1005002398279452
1005001707952317
4000848408199
1005002074268945
32666846092
4000373359772
32838149018
1005002340610870
1005001509748936
4000961370257
1005002388660931
1005002365208267
1005001332719619
4000841443258
4000602984581
4000122969008
1607613085
4000906171347
1005002487725856
1005002172270659
33008869187
1005002240022681
4000987365822
1005001678417441
1005001934896673
4001051091883
4000895499362
32858028050
32816521221
1005001365895066
32893338554
32971559973
1005002399537701
1005002402367139
4001360129101
1005002364499919
10000319796039
4000221751895
1005001928096832
1430400481
1005001793872857
1005001931079821
1005002330785226
1005002389353445
1005001582758181
32921231420
1005002475072251
1005001844563022
32602062682
32696588773
1005002019937415
1005002126308087
1005002332700074
32914539291
1005001510835834
1005002338960148
1005002321700154
1005001996854144
1005001580512175
1005001401557486
4000469279721
4000073634918
1005002312478029
4001228762128
1005001651946726
1005001526259124
1005001419627037
4000182170259
32674003404
1005002277654703
33007953596
1005002259342578
1005001825366758
32837485560
1005002365443746
1005002293420817
1005002171513868
1005002431295603
1005002279717436
1005001929051142
1005001377195693
1005002334454641
4001202297181
1005002323953364
1005001592660996
33054360176
4000171785565
1005001356244141
33036795443
32812829824
1005001775255643
32978283401
1005002298136856
1005001727957365
33018388823
4000058736972
32999706571
32879766199
1005002358006948
1005002010675378
4000253613003
32856580849
32972702473
1005002000189876
32921327215
32997513466
32739726713
1005002365939377
1005002314386307
32837202681
4001308083003
1005001889131683
4000867096540
1005001599341004
1005002233603719
1005002205319845
1005002357300091
32967109908
1005002305682708
1005002454351380
1005002345017952
1005002423903966
32981966466
1005001538120402
1005001271416218
32529541960
4001343716760
1005002394510130
4000074474898
1005002426735988
4000552723783
4000958956515
1005001431243244
32805727505
1005002468012710
4001126309753
32911455298
33054088531
32973157007
4001058550085
1005002316094161
1005001689868208
1005002037338207
33028445924
1005002316429665
1005002245838032
32857000201
1005002344618366
32919479856
1005002310053671
1005002436148697
4001313902875
4001015857096
1005002300820897
32954146607
4001132013797
32818268441
1005002003883952
32991992797
4000448335284
1005002373337179
1005002383771468
1005002275300799
4000529052339
1005002122597044
4000075500200
4000768707712
1005001680538584
1005002268569878
32676860243
4000642377595
1005002315154760
1005001350041806
4000221524245
1005002372323070
1005001553376298
32788491145
4000801171704
32966843530
32803849517
1005001436150750
1005002478191595
1005002293524657
32847859966
32960361327
1005002477519223
1005002382662785
33000269138
32881572640
32570570056
32813324737
4000228235440
33026874994
32819386982
4000177818883
32869536613
33058096071
1005002340745946
4000434481301
4000786060298
1005001594293578
1005001852035203
4001190737955
1005002051786812
1005002179744839
1005001614143785
4001066618165
1005002298091944
32487408393
32972230584
32853762634
4000035193111
1005001809110769
32989819102
1005002480880909
32999583508
4000324636033
32981783392
1005002270520885
1005001784932156
4000175822145
4001321594681
4000575633529
32793922696
33037332799
1005001614831136
32883055301
1005002009436024
1005002363952097
4000794355941
1005002197500675
33010812643
1005001581010201
32759161121
1005001927706906
1005001858726375
4001215718316
4001033310480
33007577870
1005001717711168
1005001265914923
33009761272
4000262016980
1005001495235446
1005001922566826
1005001999005400
4000982907721
32997440342
1005001686047729
1005001748589855
4000197295313
4001278908565
32870970145
1005001877623024
32926087243
4000133874798
4001038891598
1005001479958768
4000739316063
1005002359828173
1005002382885255
1005002381716827
32965627685
1005001799432301
4000589734664
4000418498509
4000331915327
1005002291915787
1005002059436714
4000451278967
1005002447302308
33005637932
4001022783976
1005001982559193
1005001510725599
1005002428528211
1005002215627743
4001033167795
33053888276
1005002426818862
1005002310927536
33027264030
4000253135936
4001207554997
1005002168070749
4000584835135
32901912671
1005001639579728
1005002414961196
1005002297101162
1005001997391432
1005002376119857
1005002363577586
1005002312327836
1005002122406751
4001308162121
1005002392401520
4000842672315
1005002281789887
1005002170761093
1005001582850277
4000671122690
1005002268826499
1005002180480461
1005001767438353
32985135599
1005002198689359
1005002312736002
33063623764
32961454113
33000191323
4001264256552
1005002278735728
1005001870167705
32825962185
4000291607403
4000333070983
1005002090699924
33010922475
1005001746913880
32878107335
1005002314450218
1005001640574249
1005001993108975
1005001411573917
33046336436
1005002376141691
1005001928135747
1005001798262604
33051849322
4000979244523
1005001476526071
1005002278765716
4000876242467
32982157606
1005002452839804
4001300459262
32792648195
4000634984372
1005001617788243
32860258672
4001042624626
4001167622091
1005002196856538
32967828349
1005002438253830
1448295310
32810215867
1005002386586383
32975018579
1005002447217845
4001225282178
33000383519
1005001682274942
4001251000538
4000098721593
4000102822397
32984647919
32863905418
33053265978
1005001915130902
1005001835525190
1005002234550555
1005002392594560
1005001494172170
1005002396063328
4000703665471
1005001985561773
1005002346617734
1005001677410323
1005002265442060
1005002367440770
1005001304811160
32996631145
32800999562
4001334431023
1005002241278031
32868884010
4000628005885
1005002320609241
1005002491999242
1005002368197634
33031678055
32916321408
1005002122466536
1005002467381004
4000012973940
1005001690614932
1005001579239237
1005001469469093
1005001927245580
4000066100100
1005001733791152
32948226021
4000679506220
1005001834532590
1005002319376031
1005002317329030
1005001812638248
4001034301849
1005002225928807
1005001387202909
32694325305
1005002488813265
1005002288139505
4000989683794
32836717724
32882663807
1005002239716749
1005001922796105
1005001623419336
4000216112233
1005001727070593
1005002243942865
1005001890443266
1005001657096949
32805301091
33011458566
10000146570411
4000251310957
1005002318956210
1005002354014461
32952265441
1005002330555854
4000458479345
1005001482120903
1005001374423233
1005001635346992
33032583433
4001337977379
1005001315673049
32667378627
32984119869
4000089746691
33045240967
1005001671028527
1005002441693699
4001298384503
32835235963
1005002314838451
4000174719796
1005002384724636
1005002494384473
1005001666227305
1005002337125428
1005002192946625
1005001855153358
33039026854
1005001913145445
1005001525437574
1005001800474494
32967422981
4000182202853
32845525184
1005002260968118
4001350499240
1005001472374500
1005002425801797
1005001966770315
1005002363400890
1005001670835711
1005002369233357
1005002408845115
32978260504
32860116640
4000744318585
1005001810957955
1005001866870996
1005002485008885
4000706091684
1005002459119777
1005001572483003
1005002315773814
1005002233538684
4000375491369
4000774674444
1005002319191037
1005002266941076
1005002203995968
4001358855473
33032852688
1005001330430310
32876490687
33019765085
4000214128754
1005001923253992
33020128881
1005001307498281
32870796875
32571133931
1005002335331904
1005001617225679
33009695035
1005002490137039
1005001402646931
1005002428554018
32917548517
4000235525604
32845666166
1005002314211945
1005002089160885
1005001479964938
4000100406640
1005002289630634
4000716735726
1005002019832092
1005001659173380
1005002313075050
1005001453758498
12616175141005002212354099
1005002275572030
4000230402295
1005002280634040
32675256822
1005002279001844
1005002419132472
33022220918
4000505288542
1005001615266052
1005002440713461
1005001799112745
32914205398
1005002198395597
1005001593588035
32945208985
4000303050377
4001268547662
32921898007
1005001996686031
1005002306451062
1005002090195737
32843518717
1005001374050551
1005001907925179
4000506176950
4001235579043
1005002393750746
1005001722606288
32806593488
1005002313477907
4000085718014
1446706882
32954172207
4001366150998
1005002307747830
4000523483040
1005001921717965
754346804
1005002359545029
4001168021592
1005001834684238
32976950128
4000884881020
33004109115
1005002148148780
32799035350
4001201810571
4000607829803
1005001982528778
1005001519513408
4000038701960
4000209507037
4000057383244
32917805845
1005001481748277
4000955791817
4000174407008
1005002271584445
1005001830585898
4001101418678
1005001425163939
1005001302199058
1005001843922091
1005002500471476
4000089173122
33021747751
33035221598
4000091200562
1005002318520293
4001031617631
1005002237960695
1005002293460406
4000677606984
4000917058363
1005001957492855
1005001669902199
32955464581
1005002299673767
32984398741
1005002199293987
1005002159339403
32970460047
4000019014936
1005002313203688
33029772984
4000224184758
32849369100
33048985813
4000821647866
1005002315971724
1005002275433029
32809658462
33061239382
1005001714664736
1005002340665712
4000441998926
1005001620186743
1005001575235677
4000502231474
1005002304431009
4000115960332
4001047401637
32375413139
1005002223827079
1005001649388159
1005002318496181
32411148074
32983743599
1005002109992155
33045079603
1005002256501685
1005002219347578
4001157799075
32792474788
1005002246385370
1005001320870140
1005002270965460
4000310710439
32331821251
1005001720741508
1005002298699590
1005002257136635
32869114048
1005002052492648
1005001843359614
32938636099
4000796637393
33033868738
32961625949
4000755563383
1005002318762524
1005002392936456
32917422785
32810973793
1005001742799148
33033206792
32782502995
1005001495715961
4000115904686
1005001304163570
1005002085050479
1005002111590844
1005002317049368
4000970769753
32827354337
32782901427
1005001942884902
32899719669
1005001738691642
4000626070321
4000714752495
1005002221277565
4000606702946
32779290063
4000197844939
4000904119223
32965604856
1005002028118161
32920311924
33034016218
4000876011676
1005001869805648
32848448235
1005002467540678
4000899572066
4001126990735
32959100710
1005001957771955
32918761614
4000443212844
1005002086594001
1005002294142033
1005002252112450
32906038645
32968981418
1005002003636443
4000018861515
4001351004594
32908583622
33015560013
4000075886233
1005002382789551
1005001958707565
1005001525562518
4000031470742
4000872944310
4000116886292
32936635498
1005002459734688
1005001556485195
33023971476
1005001828652091
32308226242
1005002430894250
1005001721281782
4001275950561
4000389145912
4000812851018
1005002476776097
1005002288781783
1005002474120424
4000601867245
4001288058875
1005001973400150
1005001483394938
32848340814
32951191092
32840607825
1005002394928548
1005001902245748
1005002293677193
32993069328
4001097512069
1005002312109618
1005001511431039
32409211183
1005002442778292
1005002399886975
1005002466592830
4001279629775
1005001948848112
4001228044265
4000553263174
1005001324758172
1005002006474947
1005002416657835
1005002335130021
1005001622401102
1005001836720770
1005001499616081
1005002339184129
1005002238850468
32995003669
4000002509356
4001155256190
32899370778
4001343747847
1005002330645498
1005001411640580
4001065038324
4001279264055
1005001844635062
33019716349
1005001965228948
32889199523
4000699161101
4000954999188
1005001831090460
1005001405651031
1005002432479834
32906149635
1005002485464325
1005001997031898
4000570756833
1005002352330094
1005002469560319
1005002289643639
1005002365235388
4001057994214
32935027658
32904247272
32823657906
1005002342546694
4000850669705
1005002310944352
4000414525748
32896112185
1005001605589707
1005002360726764
1005001922644647
32398159582
32631873503
1005001848069781
1005002383364414
1005001511688020
32957935045
4000378349202
4001157710251
10000358528170
33004431969
4000995317730
32793675300
1005001661499432
1005002413487903
1005001901858442
1005001726190181
1005002198192285
1005001648645519
1005002289390752
1005001547678875
1005002235075758
1005002247599270
4001090661419
1005001333847120
4000777785019
1005001915780109
4001268053177
1005002301277217
32945882483
32722965256
32876395594
1005002492614174
1005002494426266
1005001952413111
1005002318945526
1005002013023377
1005002072870352
4001183399630
32765602480
1005002262239248
1005002327379525
32846295169
4000210785955
32957588901
1005001980034867
1005001499534068
1005002438966373
1005001910145297
4001116412136
1005002254083268
1005002405168753
4000720402866
32859561256
32787994339
33057599420
1005002355915666
1005002264296719
1005001742782941
1005002423501352
32856499304
1005002080761895
1005001383726083
1005002250406074
1005002315811826
1005002389921558
1005001830350524
32839634644
1005002260095973
1005002251095284
1994037166
32905722423
4000115165858
1005001315476563
32871675721
1005002342388229
1005002428308258
32998199026
1005002167882032
1005002322429798
33010106103
32800445171
32948833765
1005001361529658
1005002313537537
4000896288110
1005001317129180
32843237452
1005001493459662
4001237606682
4001013763471
1005002017368610
1005001308385491
32542523148
1005002312087707
4001331515607
1005002428475025
1005002318175635
32958098304
4000164740914
1005001653069752
1000005618243
4000196381374
4000343810623
4001069688188
1005002278070720
32622444469
1005002338067462
1005002247479268
32890584871
32981978160
1005001775621892
32957352072
32985657536
1005002319224390
4001247857144
4000349573634
32803131798
1005001317339737
10000395898032
33051171266
1005002176449327
32906914666
32887923193
1005002055405329
33009985681
4000622840471
32972049969
4001235464315
4000269843092
1005002271998283
4000215758826
10000226388410
1005001852467005
1005001321013317
1005002262099383
32920649114
4000122055641
1005002467438541
33011239164
32811584340
4000473675124
4000397561064
1005001863939173
32881430873
1005001531519128
1005001381068474
1005002218245538
1005002413908043
33045930145
1005002448609789
1005002337353273
32946606962
33053581127
1005001466429220
1005001929083401
756413745
4000459139573
32798510678
4000939084815
32961919472
1005002244739543
1005002180578333
32918263923
4001054846933
32982580356
32800523963
4001150047884
4000317958299
1005001840096271
1005001966761457
4000181837656
4000086609635
1005001670371939
1005001936745185
32902899565
1005002444092559
32553901423
1005002492532407
1005002330664839
32994823155
1005001926257128
4000049489044
1005001619297503
1005001633131367
33019694027
1005002372348998
32985115362
1005002218645880
1005002333005851
1005002289435243
32950893616
1005001355393192
4001004099024
4001059247121
1005002393347135
4000378711084
4001267198844
32975765545
4000557570956
1005002332980978
1005002322415369
1005002201595942
1005001867360992
1005002297035043
32613368541
1005002317386183
1005001998331777
4001327974295
1005002288672783
1005001585733502
10000032914827
1005002414197334
1005002122460200
4001264700079
32879953396
32961276906
1005002071198166
32862863299
32859754962
1005002168029152
1005002454320129
32899606795
4001216871535
4001226520348
4001176292972
4001251980714
32813023395
1005002327700610
32811053974
4000210082910
1005002246561995
1005001651225138
1005002333420371
1005002428007191
32762828496
1005002180585901
4000291835685
32838727551
4000830279188
32529962479
32822607109
1005001482347458
4000388104163
33022371719
1005002362670078
1005001316026617
1005001757852046
32974965908
32804539252
1005001483553377
1005002452882324
1005002254580503
32698265714
1005002396774907
1005001618223631
1005002269185115
1005001952432023
1005002340270501
1005002244513085
4000306924444
32768667360
1005002274254653
1005002476572097
4000279943808
1005002328507516
4001100636499
1005001883513378
4000013735439
1005001507378958
4000784852616
1005001537032122
1005001895619525
1005002466068906
32700774769
1005002443582983
1005001614898377
1005001865765579
4000630149886
4000200021738
1005001464449010
32525707766
32982121227
1005001855988773
4001021837726
32626018898
32979023074
32869276535
4000287039610
32539995497
1005002388213695
32995824218
1005001888176528
32847385548
32999157824
32889193734
32959278363
1005001398433343
4000278665647
33052854312
4000052440841
32961146359
4000722117613
32567165423
4001069620026
4000740219741
1005001572078979
4000397381604
1005001974754884
1005002291024256
1005001442175115
1005001961269318
1005001437565953
1005002351494219
32848479280
1005002467967641
32839139014
4000853874563
1005002275682739
1005002342349206
33015663251
1005002393072012
32863128213
1005002149902921
32964777402
4001054243676
4000118393891
32814209059
32976009290
32790135417
1005002348027137
1005001373121090
32837384311
4000849915178
4000986773510
32854713531
4001107331855
1005001880638250
1005002363308394
1005002080811921
1005002272684418
1005002454351127
1005002340329842
1005002436120631
1005001813916590
4000702378379
1005002357575790
1005002398880365
32901373310
1005001511561280
1005002264486040
4001227791948
1005002443399838
4000059805534
1005002328775576
4001253306886
4000209991743
1323227920
1005001889710607
4000771916460
1005001487584241
32869968034
32863422362
4001241831552
1005002459234303
1005001632617012
1005002426499553
1005002157374198
1005001961657142
1005002269203713
1005002310184688
1005002017135953
32255858543
33041752509
32893871703
1005001848619273
4000049438967
1005002478209815
1005001419297146
1005001784863855
1413475965
1005002332855571
1005002313175801
1005002160702966
33039955442
1005001638806505
4000525447505
32494208445
32921079861
4001142850462
1005001688161708
1005002303432348
32759803409
32812862869
1005001413261369
32902803865
1005001638379928
4001216996084
32978733884
1005002485508733
1005002284209625
1005001848017893
32866330251
1005001291198134
32857572613
1005001657073197
1005002247472515
1005001531491734
1005001755847831
1005001914901016
1005001906082936
4000459041851
32650065163
4000016128490
1005001484162101
4000242866587
1005002409864521
1005002137336417
1005001448219929
33000247638
1005001836381853
1005002399940826
1005001921159315
1005001492603742
4001013604948
1005002426747396
1005002319617347
1005001496343099
1005001844545940
1005001525276801
1005002180197241
1005001670821634
4000117933531
4000668380137
4000776490464
10000169872805
1005002398403035
4001345981536
32907065641
1005001458245354
4000742216711
999797428
1005002121054809
4001039840840
1005001326349118
1005002319099325
10000402977639
4000268852011
4001211788629
4000844668248
1005002441492184
1005001851631364
4000007361154
483901818
4000903540359
33045976042
32948321621
4001122624863
1005002301210780
4000206354167
4000776327493
33049539082
1005002086310647
32957074276
32388263838
4000056830227
4000626999852
1005002120256079
32540613064
32947193841
1005002306435937
1005002266396720
1005002268179123
32860561189
1005001868690208
32943444763
1005001839032126
1005002283125366
1005001511555438
32865248555
32969553664
1005001982658041
32275245497
1005001469626300
1005001619846434
33018713781
32854005547
32986332029
1005001867455015
1005002066230574
4000291845937
4001225323098
1005001883061508
1005001972358630
1005002136041873
1005002454577035
32911670129
1005001369887911
1005001942657595
1005002449393954
4001255440197
1005002468975119
32781000492
1005001692917100
1005001908514004
1005002351273422
4000114348845
1005002369420400
1005002390561424
33046012538
33023945813
1005001680502552
4001218328548
1005002120339732
1005001411488502
4000859369257
1005002309038652
1005002303933872
32985957265
4000521666240
1005001768836789
1005002290437839
1005001345678368
1005001742580177
32595446326
1005002252779301
33031875048
32884023110
1005002427991961
1005002295265637
1005002050311533
32951283155
1005002214190501
32815080747
1005001557213805
1005002340829363
1005001501041605
1005002046986514
1005002347509262
1005001901678593
32832403327
4001037045022
1005002070239780
4000465885456
1005002383344316
4000309964646
32858675283
1005002327271734
4000545940736
1005002302500556
4000028114184
32889772546
32797870200
1005001905608472
4001079355586
1005001387246097
4000390458367
1005002315194464
1005002244759225
4000135175576
1005002475771759
32866187248
1005001933396190
1005002429132197
32937501750
1005002362901239
33033575426
32747041236
32951173819
1005001679744181
1005002388155616
32780304435
32869190795
1005002282251914
33044309457
1005002323085759
32829313080
33021339725
1005001975171757
1005001830082737
1005002308736784
1005001890875433
33028372784
1005002475792042
4001154352766
4000820644998
4000781464562
1005001926903455
1005002328080670
4001036050783
1005002301378759
32994585285
4001062319192
32958872609
33016451225
1005001971846502
4000321496152
33028382797
4001061356435
4001200398927
1005002058572439
1005002435940284
33054248383
4001052995647
1005001454030323
32434488429
32770192960
1005001405131915
1005002329206538
1005002334946859
1005001604398320
1005001458556028
1005002277633853
1005002469140768
1005002081515921
33050730569
1005002430601606
1005002460943422
1005001434347595
4000522024528
1005001812721131
10000186606092
32888884680
1005002353411516
4000677021155
1005001361579475
4001294474676
32668818457
1005002314337024
1005001430166843
1005001458628666
1005001280970869
1005002476234672
463584729
1005001510474969
32620530108
1005002310338911
1005001494388998
4000710280253
4000017912930
1005002496907481
32789118095
33038430148
1005002459448210
1005002282693961
32943449372
32969648212
4001142858368
1005002405013289
1005001851659815
32823999165
4000979520600
32965296580
1005001953639416
1005002353238627
4000571476532
4001193122873
1005002167770640
1005002331892348
1005002187694803
1005001946489001
4001263107595
4000268809094
1005002342592440
32660584324
1005001867962120
32897876382
1005001678628351
4000410834788
1005001763973678
32865207885
4000666173922
1005001485304468
1005002284733358
1005001555280274
4000345124922
4000780460303
4000519861819
32475525154
4001068075931
4000917842759
1817820299
1005002396630796
32812064688
1005002273293379
1005001338989809
4000899298927
32955289669
1005002389042432
1005002318257300
1005001379658043
4001134921325
4000055324702
1005002314840757
32918402948
1005002481388714
1005001699955580
1005001490923245
1005002214681781
1005001599262794
4000641033044
4001143165973
1005001957358051
32619571711
32917584593
32857790924
1005002271070171
32886192952
32977727852
4000345732711
32924333547
4000789293732
1005002295021561
33056421168
1005002279729215
1005001498790482
33012029221
32877179947
33049921557
32897023759
1005001859545179
1005002334458352
654549234
1005001588147733
4000397486894
4001174542330
1005001722100991
1005001500927072
1005002314353873
10050022940222451005001653053988
1005001537381466
1005001776709697
1005001626684704
33027882351
1005001272735795
1005002426215656
1005001518514192
1005001320924074
1005002304162016
10000356043483
1005001867628654
32884693391
4000954500040
32914445886
4000616337062
1005002002749877
33028129380
1005002323620580
4000910174963
32792649635
1005002315764507
1005002253567338
32816987973
4000859765825
1005001287486630
32811371283
1005001920442910
4000595303538
32879316883
4000371399067
4001320739450
1005002359725956
32607422188
1005002049913381
33011747949
32988366390
1005001874308942
1005002219724833
1005002027531498
4000523265100
1005002082163843
4000941827992
1005001878724396
4001053259675
32669968968
1005002220099611
1005002211580440
1005001933065310
4000237029888
32882187921
4000337880660
1005001849366535
4001142244671
32962285133
1005002340830880
4000519735189
1005002263120270
4000006453974
4000161541299
1005002292705379
1005002460670040
1005001376318293
1005001679214285
1005001686158380
1005001304469923
1005002276705464
1005002462817076
4001241038789
1005002368199328
1005002388733882
32991241378
1005001851288943
1005002191684633
1005001394141063
1005002388782645
1005001972245441
1005001694962926
32921460891
1005001799411717
2027535687
1005002385025753
1005002476199728
1005002185385027
1005002239568246
1005002299228578
1005001853361228
1005001888553387
1005001503033468
32907080020
32982268514
4001015132535
1005001760644235
32649758920
1005002311389771
1005002316386123
32794231430
4000350968082
1005002317249122
32965067753
32968288481
1005002201178080
1005001580493518
4000083141933
4000849932666
4000248849989
1005002346093390
1005001732635413
32712660045
4000959185478
1005001458856644
1005001561480399
32989521188
32957033749
1005001850504945
1005001836411683
1005002500494353
4000921523670
1005002245737512
1005002302161978
4000381051395
1005002382829728
1005001614348239
1005002340587362
1005002312817272
32987928373
1005002442202012
1005001859932566
4001014462095
1005002038322274
1005002304477966
1005001350081642
1005002447992368
4001143530942
10000293188289
1005002028515904
1876115883
4000661030995
32826083794
4000204312519
4000184165169
4001161914488
32723418804
1005001475933483
1005002306025033
1005001453478100
32893680653
4000604262968
1005002293714034
32797724296
32938157814
1005002485035521
1005002358115006
32695801614
4000987644808
32282630190
1005001972107718
32843337384
1005002284112585
1005002099324401
32813097008
1005001335597645
4001171411387
1005001967606419
32822593307
1005001849099636
1005001988346508
33000543077
4001153660918
1005002373327494
1005002256249610
32849585555
1005002212376994
4000837422257
32853503155
32956815931
32822371591
32999814322
1005001758422302
1005001620063854
32862637258
1005002392300851
1694542290
1005001937213715
1005002292400492
1005001903546758
4000175520452
4000626119438
1005002205153253
1005001609655676
1005001867837258
1528200180
32355170244
32963924599
1005002293905538
1005001334027091
4000072912323
33041155450
1005001356673697
32827555180
32323298692
1005001516675015
1005002291155887
32603467463
1005001996539956
32865906143
4000399180408
1005002351745322
4001333176514
4001230803829
4001171746733
32723271325
4000010639184
4000335608038
4000050388214
1005002384542037
32904659495
32793522383
1005002142844271
1005002317899106
1005001612087011
4001333452837
1005002291933407
33004074057
1005002239006048
32990780625
1005001612923584
1005001711085302
1005001405705487
33046848496
4000448475692
4000953811391
1005002433557937
32850190292
1005001288264050
1005002298163179
32829861389
1005002313178482
1005002395007382
1005001834125854
1005001812555659
33048787421
33043337752
1005002478314501
1005002326979633
32969283299
32968406823
1005001452794290
4000987336381
1005001991689615
1005002037453943
4001056162528
4001079800845
1005001621336871
4001345994595
1005001942430849
32616893608
1005002386898822
4001122594052
4000062988452
1005002461991316
32828150078
1005002114808413
32825674638
1005002224762029
1005001555583315
32625523597
32728365154
4001251028331
1977860370
1005002425757261
4000294743516
32622345716
32967784921
1005002356954392
4001252271386
1005001682814223
32982526770
1005002314275611
4001116204366
1005002080739649
32869596470
4000453610464
1005001287209548
32998627532
4000557525670
1005001351632147
4000781285906
32851881263
32823598506
4000558598996
4001149894924
1005002418387603
1005001928759428
1005001840383535
32788838073
4000281356817
32982057556
4001150951138
4000046430957
32390671565
4001159403085
4001272086009
1005001296058009
4000484744329
4000916618486
4001324155869
4000739448274
1005002360230266
32858914624
4000267181272
1005001708040135
1005002443654816
1005001305248684
4001109448086
1005001768324448
1005002333234587
32638924956
1005002433283262
1005001447227286
32661463711
1005002246927414
1005002362078613
4001013042720
1005002164861454
1005002291123908
32898594168
1005002313162238
1005002409785158
4000170258818
1005002317707220
1005002272999887
1005002197453383
32960913249
4001015245871
1005001490210333
4000901549118
1005001302189503
1005002422063605
32911623627
1005001954923279
4000151632192
33015229208
4000251899675
32567825904
1005002324822478
1005002311164854
1005002228263586
1005002377546308
33049810275
1005002295581169
32940194822
4000053923609
1005001840429117
1005002166091054
1005001586433352
1005001633468073
1005001793474770
1005002449827227
1005002315190198
33044159280
1005001678640682
1005002107567377
33047769767
1005001692637689
1005001884207218
32947194223
1005002060602910
1005002473311147
32962523492
1005002167061899
33021915748
32841248638
4001043064240
32998410659
4000548127666
1005001870767114
32999413121
1005002376619732
4000897870071
32911652293
1005002309336481
4000574758312
1005002433029033
1005002060701943
1005002330314728
1005002257727826
1005002377500861
1005002352270247
32244709721
1005002007957198
4001228548601
32384675610
4001031953250
1005002129480377
1005002233106966
1005001597831098
33010193335
1005002355746796
1005001897255470
4000139687034
32869583647
32991508765
1005001623001231
1005001407341908
4001031657461
1005001997665985
1005001393697285
1005002233954469
4000166706464
32813395650
1005002466984532
1005002310610393
32855999926
1005002144272019
4001096475489
1005001835088043
32696449740
32992770225
33008089443
4000093145319
4000777823871
1005001816777915
32970078126
1005002393527641
32293858250
32979374528
1005001600044753
1005002337804345
1005002340158907
1005001995137376
32627441595
1005001683388097
1005002367927478
32832336851
1005002240841501
1005002387107503
1005001423289551
4000885404788
32817535952
4000655876422
32984815019
1005001633391485
1005002073635669
4000483633208
1005002290642024
4000832756731
1005002434842091
1005002466335565
1005002367377282
32970511033
4000803411133
4000796654029
32919592074
4000545993549
1005001446294348
1005002488347375
32447474538
1005002337694575
32954168556
32869532068
1005001349708858
1005002317624036
1005002293586194
32916714477
4001142574141
1005002439035010
32750472561
1005002441541207
1005001657169198
4000851221062
1005001756189223
4001230397339
1005002317652312
4001315258893
4000114903293
1005001935837624
1005001812714832
4001252138901
4000260714710
4000727012437
4000405327170
4001140077903
4001290284571
33028754148
1005002146701691
32962744226
1005002341017062
1005002318880962
4000510588190
1005002288525350
1005001562761440
32671971537
4000897568615
1005002447957512
1005002180341545
1005002378807465
1005002336288067
4000938019319
32887518453
1005002368074113
1005001850748697
1005002232657163
1005002426078964
1005002043671748
33050629832
1005001905116412
4001230209419
1005002386978131
1005002213623547
32854525379
1005002387000841
1005002120547709
32346896877
1005002287785727
4000675686245
32726579236
33045398646
10000400024764
33043230006
1005001811793821
1005002310563491
4000969608940
1005001961427301
1005001381406902
1005002173145004
1005001656686527
1005001994268399
1005002252666591
32841963434
1005001845589328
4001346710657
1005002132980747
1005001947802911
32953257635
1005001335747086
1005001688014435
1406125729
1005002475146433
32856094093
1005002266578599
32921823870
1005001999166145
4000922578722
1005001285191362
4000695817131
4001240081740
32802897388
1005002276196016
1005002361223555
1005001898858143
1005002368571861
1005001731242923
32624743687
4001015294580
32984286733
1005001678243730
32975439933
1005002381871420
1005002392597640
1005002315620307
33057805917
4000108698127
1005002346110092
1005002330703792
1005002283678109
4000225774330
1005002252710109
4000641389363
4000843091843
1005001455925847
32878492466
32814690632
33042340175
4000853138774
4000764897052
4000924773014
32943004258
32968125509
1005002143147179
1005002238078296
4000077494607
32844359313
4001061041249
1005002358136953
32960206472
1005002376351154
4001012169480
32862981692
1005001515859600
4001278867320
32838650529
1005002239314005
33030266748
1005002286700399
1005002281138556
1005001658128500
1005002421542562
1005002454347726
1005001367566514
1005002311735502
1005002233270821
32918863711
1005001541642958
32978843169
33015367770
1005002094436611
32792915515
1005001758795512
1005001928656615
1005002338452946
32845492762
4000807108628
4000232945893
32915145366
1005002300305497
1005002480812752
32711748068
1005001808319622
4001167572301
1005002070048210
1005002295170995
1005002294319842
32799972090
4000060968419
4000689802424
1005002389692691
32798250009
4001062205418
4000938638940
1005002271380848
4000291981097
1005002500464826
1005001288244615
1005002314562421
1005002376592935
1005002312003686
1005001397377931
1005002377284535
4001350713019
32866467466
33045585170
1005002306825792
1005002497153304
4000374776211
1005001489743043
4001010585417
1005001670521272
1005002351728243
32861737601
32882793341
32846958738
4000078095004
32905571300
1005001952280207
32820824747
4000358286079
4000828198121
33021876597
32532378207
32536064170
1005002090233118
1005001958734074
4000032003836
1005001514783914
4000080164412
1005002400558239
32237811011
1005001406026394
4001258530694
1524706411
32699110856
4000050223017
1005002314212600
1005001273790905
1005001645674061
1005002408661161
1005001454613220
1005001487285052
1005001626715499
1005002341439168
32839241090
767960366
32844026016
1005002381126970
1005001685522494
1005001651983616
1005002353732588
1005002298127637
32859616427
1005001429887235
1005002205652653
1005001566438783
32924947076
1005001934681472
1005002367350347
33000966777
33029059430
1005002289462050
1005002035989477
32852671976
32956701125
32822290112
32957887218
1005002400141985
1005001287651256
1005001883614135
1746936125
1005002362455673
1005002268130354
33004217299
32791732045
32919264699
1005002086219074
32957969544
1005001854114824
1005001540664878
1005002252560504
1005002460073558
4001156960749
1005002194163391
32976944392
1005002220759900
1005002468599088
32985095300
33006674798
1005002480911900
1005001715483002
32329906160
1005001593675172
1005002418103082
1005002258436335
1005002254777881
1005002420894621
1005001977150706
4000125457008
4000216409280
33031795034
4000044560116
1005002375171391
4000137120505
1005001515316095
32807524121
1005001638239736
32891080924
1005002211205478
1005002229118359
1005002171000601
1005002397950424
1005001412681794
1005002467383608
1005002223968737
1005002421676426
1005001439104608
32619519441
1005001989661176
32664364274
4001294202999
4001305745215
1005002377271887
32934171636
4000493300180
32664210439
1005001392671375
1005001289800102
1005001574405367
1005002205012743
1005002224237610
1005001710302021
4001263027621
1005002046637622
1005001454717322
1005001685794329
1005001977227815
1005002315889500
32833449622
32818614367
1005002378942873
32403363869
33048192513
10000002553148
1005001714228298
1005002112288073
1005002141313127
1005001501415067
1005001644598172
32869811626
1005002315344343
1005002329238076
32974048602
4000707422475
1005002318162239
32833232633
32945669505
32902907902
4001024933214
32809190371
1005002318925054
1005001856516747
1005001738219868
4000366169756
4000857961230
33028682241
4000872711814
10000108041647
4000857415004
1005002000123818
32939668884
32858042701
1005002006994888
10000153265432
4000229073591
1005002198469690
32647944158
1005002243057921
1005002401255156
4001007094496
4000292413622
32950072020
32805744938
1005001488582675
4000369940660
1005002227472418
32932540383
1005002266647983
1005001641220709
1005002283644048
1005002314000681
32652938612
1005001968209576
32971370722
32903651656
1005002384104229
1005002315326668
32977036316
1005001998223634
1005002342277206
1005002100271837
1005002286893827
1005002281680070
1005001619237311
1005001613202070
32960892550
32965429865
4000842633712
1005002241601890
1005001438775835
1005001870279692
1005002137256883
1005001854177432
32855831759
32824657481
4000585569943
1005001850782030
1005001489557308
1005001375563510
1005001391623498
1005001759249434
1005002065742095
32812363982
1005002378092888
4000978889296
4000277185449
1005002064421172
1005002368034175
1005001376445013
1005001933767961
32828973104
32895091908
4000960972708
32917722787
1005002400375712
32834378175
1005001361287707
1005002023556507
1005002408170245
32978721736
1005001734163109
1005002286775108
4000684694015
32675720395
32916756236
4001059999389
4000641436238
4000849087610
33038161482
4000550113973
1005002357698227
1005002240217980
32843754856
32632784475
33061279398
1005002348779366
4000890139816
4001113287869
32918101827
1005002184301805
1005002258515856
32824861394
4001259527353
1005002125937073
32883710180
1005001934265443
1005002267620065
32965798510
1005001315867030
1005001501962122
1005002468922874
4000699502603
1005002095836642
1005001883904440
1005001640197164
1005001931778807
1005002431255446
1005001930936534
1005002384275819
32653205323
32916438370
32949815272
1005002419044399
1005002122265840
32787604914
32830361718
4000709149605
1005002412576655
32360125914
1005002074800832
1005002331909518
4000065328445
33005388220
1005002484545748
1005001266222021
1005002132807978
1005001328996123
4000244162319
4000851927085
1005001913951492
32982519067
32785062005
1005002246228346
1005002351763156
1005002383279877
1005001930829981
4000601175376
1005001779751340
33003899223
1005001870471959
1005002122592134
32894285143
32845239522
4000943170041
1005002443788629
1005001574964991
32932926530
4001209074356
4000331889056
32850851980
4001085167031
1005001269888596
4001171486398
4000917640251
1005002275368312
1005001953412841
4001068335101
1005001526130748
1005001650928834
1005002027312508
1005001506865801
4000116302976
4000219012641
32960226156
1005002368841927
32959549242
1421980041
1005002439632690
32974569752
32940778506
1005001387781427
1005002305279849
32918069154
1005001510140262
1005002355754268
1005001509565611
1005001941507430
1005002438530629
4000108538462
4001186430646
32841767254
1005002465852888
10000349440045
1005002485136546
1005001555367506
33045598242
33001228588
4000828330288
1005002198346264
1005002246897895
4000864278062
1005002056245706
100500248338374632952182585
4000627067014
1005002108330424
1005002165500526
32845710396
1005002233899628
1005001437922642
1005002007509718
4001265834294
1005001966376907
1005002196906248
1005002388601347
32348082587
32991300183
4001099166279
1005002239164423
1005002326652913
32974365354
4000107349889
1005002260224925
1005001344967455
1005002112930362
4000067505477
10000381681762
4001262287502
4000064538968
4000695382707
1005002028545489
1005001670518705
1005002322899541
4000431639213
4001243504984
1005002373170251
1005001971571202
1005001967166539
4000434720841
4000272168656
1005002341517385
32670679739
33053280297
1005002423950937
1005002033134364
4000311790128
1005002389318040
1396183100
4000022775329
1005002287044028
1005002281901533
32781577900
32888472146
32918790081
1005001685045844
1005002382661233
4000246228897
32979371828
4001127176616
1005002347610140
1005002468194916
1005001521393287
33004801799
1005002332210714
32854752547
32884849494
1005002097383007
1005002245556198
1005002079988233
32669948326
1005002334248929
1005001608681150
32995718216
1005002315783027
1005002336289452
1005002192102546
32959647434
32828640553
32729405095
33037565843
1005002257780294
33052366641
1005002351862096
32854589783
4000065577199
33058627297
1005001859179213
32790090722
1005001777784206
1005001500108145
1005001592223690
32947769560
1005002322786149
32849091111
32963931452
33002241551
1005001594106647
703097138
4000989068451
32914592797
1005001468533039
1005002439721871
32989404405
4000906696309
1005002063708078
1005001780663795
1005002061973450
1005002313373308
32991977066
1005002387322400
1005002071453560
1005002103132394
1005002333683602
4000153429493
1005001824721987
10000341522337
1005001779703984
32965732092
32810204959
4001051046524
4000522042505
32340607583
32977499415
1005002322067734
1005002427765852
4001300857674
1005001793132321
32967368596
1005002122376320
1005002467438985
1005002371572920
1005002326344066
32332444808
1005002173386705
1005001786259439
4000553247175
4000843295016
1005002449391318
4001136603063
1005002024748005
1005001936158066
1000007655926
33047990112
4001130816427
1005002375137046
32978514190
1005001425245354
4000964366118
1005002305988221
1005001488855881
1005002314764065
1005001779918350
1005001834986225
1005002490552491
1005001672401406
4000723108839
32508232581
1005002326009117
1005001441517044
33023536159
32633284998
32587734580
32897953015
1005001292842774
1005002025101174
4001037519616
4000314063195
32634454149
32763502759
1005001816895416
4001227197143
1005002288632971
32922843546
4000296290674
1005001807917709
1005002397728938
1005001940915276
32851996932
1005002404686115
1005002062462687
1005002339779921
1005001315509681
1005001552750477
1005001795737173
32557720350
1005001775095898
1005002273925326
4000215451242
1005002495863061
4000249561045
4000722941487
1005002377516174
32902942907
4001003785803
1005002295421179
32980185379
4000080439819
1005001705589240
4001128563752
1005001483784178
4001355296886
4000917981599
4000926491697
32772360978
4000937383018
1005001308723118
1313833019
4000548144475
1005002038599659
1005001894185709
1005002219011670
33027956011
32962727746
4000788369943
1005002404486629
4000120264562
1005002454550684
32968543433
4001132888796
1005002300214265
1005001338391883
4000713020035
1005002367624911
32982742555
1005002184795439
32842798527
4000203168064
32988794593
1005002378772641
1005002315622370
32967284807
1005001835440420
4000300187033
1005001920714656
32799033346
33035185709
1005002072518042
32887339911
4000941962583
1005002240742725
1005002311888663
32847629661
1005001722095728
32943205731
33007365539
1005002334098499
4001198263422
1005001946257362
1005002252537677
1005002413829347
4000907096866
4000274177412
1005001847686878
1005001532836362
1005001612567716
1005002259784616
1005002265429050
4000265929216
4001228742063
1005002287853257
1005002304237843
32893087990
4000442399101
4000982584749
32797886531
1005002386702267
33028863366
4000291268942
1005001573714072
1005002487105992
32874042125
1005002416694452
1005002439638841
4000936578338
32855397828
32919025812
1005001377265631
1005002314294897
4000543783482
1005002308911596
1005001617359093
32711535715
1005002487306325
1005002317140063
1005002336468976
1005002449514298
1005002233395678
1005002122513060
4000641310013
33047866846
32860265412
1005001581353662
32924108243
4001079205161
1005002218687658
32898656436
1005001321538010
32339689467
4000164141895
1005001362616544
1005002394004657
32913341784
1005002449812247
4000795089123
32913413401
1005002260831902
10000362677613
4000993518534
32836476320
1005002297631598
4000398244242
4000966536183
32647971998
1005002358192591
1005002372404518
4001294156429
4000327383637
4001296617123
32848255574
1005002219364995
1005001453385254
33013935626
1005002437688673
32852920359
1005002382750004
1005002399184416
1005002144058967
32935138785
1005001441662670
1005002099415039
1005001457664945
1005001700132846
32878093202
4001289011811
4000717360811
1005001626194866
4001077150333
33017772361
32913040770
1005002337522497
1005002315869092
33052331183
4001230404553
1005002277635783
1005001971853751
1005002068583232
32924893366
1005001560566679
1005002290949553
1005002489726663
4001241501570
1005002404484856
32997786447
1005001316811176
1005002405820389
1005002050615401
10000339583535
32553662970
32986239274
1005002253850817
1005001603375797
33035061053
4001127374632
32844826058
1005001566837742
1005002327380424
32991957890
4001278918339
1005002259411075
4001141389594
1005001937012634
32858211446
4000979799084
4000495341452
4001111819595
32841403429
1005001435923940
32818202471
4001172557582
32949858220
1005002315679418
1005002343014243
4000315965270
1005002318378081
4001268353428
1005002272644392
1005001446017627
4001331375164
1005002340638189
4001226376183
32880913674
4000102318787
32983237281
1005002380990522
33051237484
4000344954239
33061363934
4000626454548
32865895733
4000857422278
1005001481494211
1005002211447528
4001153195220
4001224134707
32857184971
1005002337442109
4000463562317
1005002206093032
1005002206497933
4000164994378
1005001645548026
1005002229019064
4001222649002
1005002304259461
4001318638859
1005002293320599
1005001853645529
1005001727612272
1005001793146565
32764184136
4000190699088
1005002274107595
1005002307052669
1005002326652036
1005002365379285
32554549068
768778621
1005002023363658
1005001877032581
32907485673
1005002394157177
1005002388764123
4001339383393
1005001587996980
32959655050
32994378356
1005001928979989
1005002281747917
1005002284563474
1005001599965201
1005002300841558
1005002282417257
1005002444996913
1005001794333332
1005001843727790
32982144175
32884634911
32811765783
4000429916051
33013921202
33025652672
4001221104625
33043236765
1005002281889668
32815449269
1005002344993352
1005002351848338
4000622553000
32657344654
1005001679685975
33053843741
33018039582
1005001373365128
1005001680533373
32898067652
4001176567223
32848512515
1005001873615186
1005001859299394
1005002273900706
1005002333137330
32997152088
1005001834602535
1005001517196295
32792285707
1005001930482429
33022037890
32857780381
4000519401998
1005001586867871
32849545898
4001147028548
33058886931
1005002353563984
1005002289665572
1005001505019173
1005002381548714
4001179516182
33037690640
32904379918
1005001371503403
1005001458138203
1005002347651698
4000282107797
1005002337857639
1005002337177532
1005001978335340
33012362774
32858760180
32840599611
1005001471916655
32821125928
1005001813995335
32763804887
33014919921
1005001346479184
1005002063506668
1005002245830146
4000388140358
1005002182056619
4000365139806
1005001894596568
1005001392461993
32904538197
32672370721
32954123006
32951379183
4001041631289
4001187437731
4000133902882
1005002313377800
1005001441427750
4001080518635
1005002006518528
1005002227940064
32975250019
1005002049717258
1005002406570261
1005001580645311
1005002401129730
33062698744
32657290694
32844051402
1932919508
33032707246
32687966666
4000263522366
1005002234325233
4000689724811
4001250435954
32888460737
1005001577213679
4001155411977
1005002256642621
4000558481633
1005002399589782
32918909191
1005002417278586
1005002356395402
1005002482157449
4000328977478
4000097320160
32802383965
1005001926700032
1005002195849996
1005002101773419
1005002345909080
32512489537
4000241345561
1005001404877332
32990120307
1005002378407092
1005002204843856
1005002281575692
1005002224375672
1005001965274913
1005001786333328
1005002490314954
4001349528413
1005001906866047
33050665761
1005001493393408
1005001736756612
1005002246538247
1005002211569082
32694800118
32510714626
4000223133640
4001212076203
32967385187
32961813778
1005002235250378
32703900320
1005002259407451
1005002321129715
4000017083685
32696178480
4001220445693
1005002358136920
4001113215029
1005002246111470
1005001913613176
4000854424573
1005002401701981
4001204933504
32826934089
32953914534
1005001514301406
1005002166281317
1005001971339413
1005002490374943
1005002134882468
1005001798770812
32908128332
1005001831290684
33046514884
4000833761293
1005002361394413
32860472929
32894240049
1005002316570153
4001172630961
32845361747
1005002007246900
1005002146401260
1005001791980073
4000696640747
1005002155215717
1005001713997692
1005001678173171
1005002139324454
4001076348103
33004652558
1005002402306550
32873415781
4000714770901
32982226849
1005001391382198
32784470854
32954039987
1005001500568115
1005001774090686
1005002460478589
32889688618
1005002424464169
4001234611075
1005002038163176
4001128049866
32631822407
4001045367037
4000934642478
4000034115223
4001163132430
1005001640115761
1005002051476869
4000578955897
32907196971
4000945097425
1005002347761906
1005002150282675
1005002432601234
4000788971184
32857545922
1005001689779212
4000496881711
32843017685
4000004918348
4001270447176
4000835111754
32811853847
1005001287255180
1005002467424722
33035690757
32831539785
32824604249
32907244013
1005001317527678
4000738931715
1005002171447828
4001280712692
1005001286616867
4001209080041
1005002232447177
32805810538
32812813866
32780862367
1005002080361237
33018277929
1005001765560933
1005002128452482
33000927213
1005001394277629
4000814964946
4001233566136
32847542050
1005001436075799
1005002281272031
4001208887174
1005002337239408
1005001896298996
32836490511
1005002146671081
4001160198569
32822455213
10000400047093
32894067849
1005002379249528
1005002278102024
4001241162127
1005002243324539
1005002294200069
1005002146879802
1005001779821751
32751791465
32793505809
1005002357362090
32921907960
32625091174
1005001423988258
1005002314222765
32345397865
1005001295503480
1005001658586418
852704143
1005002416642368
1005002345927674
4000839636243
4001345703084
1005002321041426
4000661073428
32620222465
1005001385829315
1005002235104654
32957239027
1005002203730639
4000433793648
1005002268265586
4001160482475
4000469241221
4000595603546
1005002288758343
1005001953962080
32853506544
1005002338928887
33009318502
1005002257839246
4000903791359
4000905368455
32974186374
4001338064222
32801819494
32911944537
1005002481205168
32888351684
1005001793223522
1005001859701892
4000813840752
1005002238072603
1005001797885821
4000253613433
4000626190017
4001271648940
4000788721030
1005002432247693
32903993631
32916592659
4001228397022
4000052297415
1005001321022872
1005002247064898
32969522348
32991037422
1005002292247562
4000034883408
1005002201166259
1005002288567496
1005002329019634
4000286144688
4000329527712
4001146920824
1005002267483152
1005001930704990
1005001594898934
1005002265532587
4000953492130
32895800953
1005002425862511
1005002058630414
1005002323560951
32899502129
32942706224
1005002229774531
4000322277773
32620256809
1005002293287410
4000707211747
1005002366179994
1005001860236285
33035365954
1005002398049070
4000844977034
1005002271419107
4000916954146
4000108991968
32916543855
32351308237
32954850455
1005002281983428
32793235871
10000028397722
32878513817
1005001472830690
4000800404378
32860300015
33028754772
1005001834961748
1005002452634886
32608035781
32694169832
1000006779110
1005001862901584
1005002047007389
1005002412074927
1005002219510716
32958023171
1005002099192430
1005002162261797
4001143810983
1005002072808956
1005001771850211
1005001860810442
32856906637
4000537281263
32934687887
1005001899012910
1005001677333599
1005001872469250
1005001535189070
4000216730612
1005001562923285
1005002403659853
32954636734
1005002482542917
4000698351655
1005001891704644
1005001732195325
1005002383180604
10000129793824
4000321924600
1005002314438694
1005002047460578
1005001380246529
1005001319921404
4000744736371
4001039606828
1005001403397644
1005001330040415
4000370779201
4001184678734
4000173633264
1005002458793755
1005002296759398
32860382541
1005001955164647
1005002276252983
4001276345159
32869313869
1005001909831607
4001211109750
1005001742160076
1005001380180670
1005002315324219
1005001895626675
4000640869237
4001103253270
1005001763267582
32820317224
1005002289788973
4000211101683
1005001849493020
4001289212596
1005002284649265
1005002376873164
1005002401417964
32804385795
32995856372
4001064708654
1005002268455240
1005001452724618
4000533497681
4000052667533
32887811148
1005002346215266
1005002068083069
32746913463
33002513327
1005001656540469
32858039209
32916489606
32866780816
32851820361
32972605155
1005002323586582
1005002482466324
32949084474
1005001746985254
32985201648
1005002402441207
4000979454357
4000467616024
4000891010040
1005002272350955
32825953624
1005002233031007
1005001737089763
4001000480920
32367270555
1005002448850912
1005001822897863
4001245346074
1005002274033996
4001201949461
4000314441048
1005002086300750
32845862143
33006170464
4000883817866
32819448918
4001128275242
1005001450981359
1005001850605089
1694729771
1005001584484530
32493403339
32912175511
1005001301515943
1005001707811700
32796490962
1005001333850672
1005002198121979
1005001627297616
4000289418640
33023637463
1005002345152827
32817322682
32852577472
4000434039532
32994948553
1005001849030759
4000682740341
32990484812
1005002359704186
1005002312475551
4000618909967
32898154720
4001274986460
4000068175860
32960197556
1005002412707690
1005001771322032
1005002291740224
32830367186
33046772437
1005002298599721
4001042523117
1005002328856747
1005002293673324
1005002205040656
1005002330414411
4001224241442
4001093841970
4001002101850
32647075067
1005002010996658
32670115198
1005001419808952
32976251791
32833345637
32790922874
32774501279
1005001598046230
4000443377439
1005001971940209
1005002334789314
1005002229219160
4001228796059
32831864021
1005001896184894
1005002364033703
32965214927
32720790974
1005002372354207
10000012743234
32893748705
4000212318304
1005002235685478
4001359306376
4000672674651
33007413664
33024324026
1683930199
32853472689
4001215766455
32899606022
4001077056711
1005001348638438
1005002282280951
32959168127
32797155571
4001267718334
32830159365
32455924629
330057690731005002329834346
4000021736869
4000986158389
32900248906
4001209390472
33030006758
4000073475133
1005001278495322
1005001343035772
1005002161732111
32588173767
1005001999098650
4000459362955
32854005219
1005002357789359
4000004552889
1005002049806148
4000670689563
1005001816813659
32794010981
1005001974019108
32967378174
1005001569968777
1005001293214060
1005001680425726
10000055710100
32367453534
1005002253515763
32988563906
10000389376168
1005002115469685
33012849126
4000335951456
1005002430293543
33058774024
1005001731534220
32891963026
4001033872648
1005001585953110
4001135039537
1005001690224593
4001077631064
4000944967301
4000761015394
1005002367485251
1005001821415292
1005002266496901
4001023443106
4000703342489
4000776480753
1005002384126457
4000460563043
33054336631
1005002277463282
1005001308323948
4001236919577
1005001824954025
10000126949671
32578590942
1005002262349464
4001102191699
32965874213
4000776117304
4001231784943
1005002336302357
32798143728
1005002217764306
1005002293536235
1005002448901759
1005002336816377
32808522502
32840103763
1005002364321991
1005002362065260
4001326300937
1005001333227957
1005002304064440
1005002271826646
32609697203
4000883778241
1005001730493877
1005001958721611
4001237763926
1005002132698525
32836833967
4000111844236
1005002323700171
4000899019376
32910238176
4000308775154
32922472290
32855327151
32954384780
33014208361
1005001339425599
32952941560
4000296010408
1005002285598994
4000484108298
33018523649
4001271007104
1005001872945311
4001279040532
32854015026
33038220016
4001044036960
32834238844
4001297322589
1005001285691868
751054560
1005002314359457
32808569614
1005002453979054
33034048141
1005002409069904
32956346108
1005001950306452
4001076974139
1005002413394622
1005001632799836
1005002038607932
32893593737
1005001834771481
1005002277950675
1825802897
4000663664326
1005002237162274
1005002091762599
1005002332138831
32870386665
4000450053543
1005002498945059
33034418897
4001177870449
1005002400332368
1005002105103037
1005002068949691
1005001475010607
4001257792897
4000579439331
33009301274
1005002031906992
1005002301786238
32362476427
1005001604947796
1005002472795838
32900200924
1005001873793609
1005002357422849
10000033630602
1005002237673439
1005002357657451
4001208716084
32953987610
4001290595703
4001290777282
32795534487
1005002401880625
1005002351022675
1005002254246599
1005002181155663
1005002241028880
4001027532487
1005002324071078
1005002219999284
1005001502192845
4000842698047
4000619744465
4000019019793
1005002308762372
32852753738
32978231140
4001250585054
32887663073
32563637338
1005001506636737
1005001977382665
1005002386968506
1005002065440228
1005001763010297
32907817597
1005002368085281
4000113898422
4000889674299
4000715706476
1005002428243199
4001016456750
4000544319162
1005001743170166
1005001843454005
4001225047992
33009565400
1005002076556536
1005002374695779
1005002264180447
4001027879782
1005002264403202
1005002332979302
4000364307379
4001352382827
4000708436059
1005001528580329
4000883543310
32861291936
33010492852
