1005002028457239
1005001308434529
1005001521603038
4000397580883
4001190657590
1005002342841113
4000012390697
1005001457798474
4000595810392
4000406175109
1005002347686036
4001189779266
1005002338555237
1005002420118270
33050213028
4000746835609
1005002478312694
4000270474168
4001089894056
10000417707058
32826924651
33022700694
1005002413483283
1005001797219739
32901888098
4000723475169
1005002245174161
1005002233205787
1005001531749832
4001115450703
4001115456970
1005001997778161
1005002419443823
4000982929413
1005002234553081
33044205201
1005002187260372
1005002388572972
1005002019106844
4001107651447
4000468392887
32858567860
32567827866
1005002301516552
4000467855188
1005002315153023
4000679970886
1005001787061659
1005001308741375
32805904713
33030010319
32822718221
4000780335051
1005001864141107
10000386965753
1005001666694744
1005002465710077
4001257705336
4000139428793
33031851778
4001122606223
4001204123462
1005002317842163
4000418595597
4001107232068
1005002289067350
1005002128854881
1005001693646531
32775365777
32591011365
1005002004110606
32783608107
1005001681847715
32780772002
4000004688911
4000709407742
32894941006
1005001447139957
33060422182
1005001839869603
32666661824
4000922657507
32984638566
1657339832
1005001788931553
1005001562341626
1005001630851615
1005001854112002
32993151536
32818912758
4000295024224
1005002125133412
4000060994410
4000030578211
1005002395878034
4000906445950
32909312566
4000689693971
4000692904246
4000816534685
1005002327903704
1005002273535365
1005002388291787
32494028776
4000491878878
2054941962
4000966170773
4000383297868
32579119589
842274554
1005001864677632
32370600037
32801332917
32970001385
1005002322921556
1005001478562907
4000973457691
1005001748087501
4000966346677
10000033523867
32321082765
1005002261265002
4001101590357
1005002494221798
4001211576008
1005002310080327
1005002345076909
1005002284717296
1005002164903997
1005002457072360
1005001301941097
1005002358249476
32975681283
4000682896280
1005001692908156
4000433078626
4000047362384
1005001703454008
1005002310115810
1005002271384946
1005001612077787
1005002242356610
32855418903
1005001626712783
4000200422133
1005001644420757
32735441069
1005002305397040
32656337136
1005001373748107
33014061233
1005001482116780
1005001686700016
4000921236699
1005002450412195
1005002271433206
1005002327742555
1005001758687239
4001361030019
4001091156956
1005002171431804
4000945286511
32851706572
32820655344
32626777897
1005002068517579
4000379028030
1005002278531697
33012122894
1005001548905858
1005002291884259
4001201201421
32899331193
1005002176363680
32964264022
1005001703776233
33037140185
32955122637
4000108229971
1005001502379246
1005001390415245
1005001731862154
1005001868523602
4001189824567
1005002353981636
1005001354687416
4001145435808
1005001552209259
4000807975669
1005001656915685
1005002204222747
4000152529806
1005001441483243
1005001513143015
4000061112921
1005002500198818
1005002351150663
32967465435
1005001803717834
1005001721518495
1005002304335641
32953733490
1005001556706131
1005002404697327
1005001329855383
33010614168
4001291692138
32899737440
33011748674
1005002433508864
1005002418586732
1005002424422000
1005002205746000
1005002491359224
1005001921487623
1005001518479971
4000819319570
1005002027759449
4000052743460
32807109750
32633991121
4000443075246
1005002337664838
1005002189420284
33010497318
1005002315985474
33003046280
4001220351347
1005002495590214
1005001995005221
4001162746739
1005002348734549
1005002114756687
1005002263730808
32726887972
33005818270
32970883497
32892313057
32830703780
1005002452737963
32859737986
4000836247834
32901041816
1005002341036343
1005002206583088
1005002239051257
32916868752
4001114094769
1005002357007763
32757248360
1005001525388489
32857744342
4001038983661
33010980038
32846238606
1005001929143296
1005001849174267
1005002512850756
10000149555195
33007728682
4001310405677
1005001797459390
33002020050
4000530562005
1005002289257882
4000510540964
4001271641307
1005002387345392
1005001792134726
1005002308765040
32894251434
4000631333783
1005002321537454
32916049900
32912369151
1005001524028443
1005001333500337
1005001714431654
1005002355838046
1005001509916132
1005002147194723
4001108765073
1005001646304159
32822905999
1005001907460826
32930925358
4001253084814
33003063674
1005002297462545
4001130807708
4000206820741
32977578723
1005002370688549
32950588901
1005001431128964
1005001973022086
33013798449
32973207275
1005002292729046
1005002400124977
4000437360050
1005002381556422
32862814638
1005001671027600
4000780713643
1005002316021884
32906031763
4000006953623
1005001577617964
33025525381
4001351108851
1005002358217023
1005002334323543
1005002340247371
32961593805
1005001342985963
1005002109856229
1005001726872315
1005002393612548
1005001476690997
32898264889
1005002122369476
4001034984110
32748462563
1005001915885330
1005001851264805
4000679325457
33054263098
32966988732
1005001820349187
1005002335325358
4001104248356
1005002137536945
1005002315145520
32565081030
4001098708345
4000861491417
32938453137
4001245885189
2028252443
32847637725
32825086924
4000562052679
4000923612195
1005002119787469
4000661050689
1005002127378025
32640770104
1005002108337796
32819902026
4001129549020
1005002251773375
4000545506781
32650923384
32974113339
1005001406371053
32894735249
1005002311365139
1005001364299531
4000251691970
33005522881
1005002376760267
1005002371933706
1005002340585787
1005002181050017
1005002315786178
1005001695328105
32674499272
32966218528
4001365112657
4000592517727
1005001385799279
4000406235333
4000717366375
1005002466538607
1005002259609213
1005002440769222
1005001803481338
1005002443062960
1005002413289325
1005002277896223
4001061842117
32838801218
1005001731411325
4000174214971
1005001705956225
33047421565
1005001856620565
32817403139
1005001861780462
1005002181373123
1005001457368120
1005001823255399
1005001992247583
1005002229183432
32999108675
4001096182676
4000072672859
1005002385002120
4000900569596
4000922705919
4000004813876
1005001339501555
4000181135726
1005002394290369
32921283982
1005002471248785
1005001902119238
32977531046
1005001645392519
1005001491283775
1005002128766239
1005001793063345
1005001922496945
32874442294
33018981899
1005002030446595
1005002318029052
1005001617926352
32956753748
1005002305248542
1005002277844289
1005001797299576
32750460044
32862661239
1005002443181019
32833350466
1005002433748566
1005002168069785
1005002281736217
32839175246
1005002409570814
1005001393954425
1738838217
33029414488
1005001903072008
1005002245860965
33052601209
32668143009
4000057677512
1005002318718932
4000224262808
32850350595
4000641405322
1005002022952513
32932963178
4000256212994
1005002140844716
1005001715160235
1005002314400641
1005001839070431
1005002355600676
4001248932281
4000585122271
4000866760290
32953713102
32832571328
4000695527174
1005002001524507
1005001856705107
1005002291239165
1005002438981827
1005002387735506
1005002268122194
32897595004
1005001757507179
4000309870041
4000537439352
1005002089424512
1005001689027262
1005001942539850
1005001679230547
32828345339
1005002317943157
4001267496499
1005001650729337
33044530088
4001172142200
1005002025558975
1005002272131880
32823569576
4000301039139
1005001834487657
4000267426417
1005002265439175
4001164992763
1005002301535784
4000585983745
4000492061650
1005002412765223
33038659512
1005001677089112
4000369709034
1005001656857479
1005001515117678
1005002167397256
4000940862044
1005001552703891
1005002361439196
32976952315
32860769248
32953197468
1005002483974635
33020193834
32713851932
1005002354300821
4001170759232
1005001567443492
4001036560394
33023621962
4000894230347
1005002334004906
1005002428168303
4001230277993
1005002213258793
32892243940
1005001763917945
1005001529409600
1005002321373503
32824003670
32858419365
4000277400395
32986636425
1005002277483544
4000295212246
32997487115
1005002367747110
1005001494937337
1005002423362868
32959154273
1005002051460152
1005001551201710
32992442690
1005001566935325
1005002276014232
33030022057
4001348086738
32812437736
1005001278484992
4000567032081
1005002089279369
4000826767556
1005002284414036
1005002351701044
1005002244539357
1005002302300292
1005001527071830
4000853060444
32991343854
32858702243
1005002327495959
1005002291404949
32460004292
1005002104544286
1005001302247363
32886378463
4000035728780
1005002330477133
1005001728569455
1005002490789125
32930507004
32792241703
1005002393512729
1005001493859266
1005001834806095
1005002347635666
4001112337915
1005002264750164
1005002248233645
4000170155037
4000109011964
1005002368945199
32961102566
1005001299631131
1005002359533993
902564567
1005002369146292
1005002318462195
1005002322951773
1005002281242779
4001132577340
4001197588091
1005002283630165
33053689940
1005001898697782
1005002457542770
32825189450
1005002281200258
1005001694655892
1005002175364864
32588519687
1005001805023636
4000799440745
1005001993584724
1005002006361050
32823689101
33047636052
4001161835817
1005002275430421
32953826567
1005001867148994
32294916975
32983500550
1005001672732214
32634509634
4001175157491
1005001768161924
4000834676886
4000026599508
1005001582813170
1005002433632213
4000990904760
10000088381813
32869802715
1005001685792485
1005001446074712
33012663191
1005002276705133
1005002462681023
1005001847351656
1005002419122110
1005002292547697
1005001316786991
4000667188708
1005002284001333
1005002457490960
4001070565154
1005001669707709
33043011826
4001222837643
4001192460403
1005001742652081
1005002234680634
32828650668
1005001599834678
1005002431260880
33012230519
4000743221055
32985281736
1005002111432471
33023351786
32835970630
1005002314365344
4001275000844
4000281463555
1005002289189176
4000242647252
1005002280729089
4000933475514
4001175263429
32913238063
1005002206001224
1005002424940063
32916105264
4001209351024
1005002406079786
4000160348656
4001242557717
1005002362451906
33002819406
1005002320015517
32710532882
1005001952573535
32877894267
33039001410
32829405179
1005002307245481
1005002312554975
1005002467761641
32987969420
1000005090441
1005002150532431
32845868875
1005002477521457
1005002167749584
1005002080709992
4001077828856
1005002026701854
4001247684952
1005001329755333
1005002252263295
4000631303755
1005001768984636
4001305877934
32823678245
32977059848
32951459613
1005002314337134
4000780084072
4001235229091
1005002072359814
1005002122580144
1005001980036532
1005002198736657
4000979330485
32792154580
1005002381619912
4000979209487
4001140678457
1005001688357901
1005002323050233
1005002443089983
1005001770430526
4001063617968
1005002011779063
1005002387075955
4001146745777
4000452604925
1005001385897869
4001322601066
33012030544
1005002304378315
1005002495949605
4000915552931
1005002371759853
1005001720633176
1005002285805387
1005002421211054
1005001697600927
32855420879
4000238584622
1005002191583433
1005002459752369
32952038742
4000767657903
1005002330645831
1005001304482674
32967927116
4001171653978
32792516265
1005001763155104
4000909804235
1005002454301562
32650564686
1005001717114629
4000406724498
4000169958467
4001224494574
32846898229
1005002027113151
1005001928691304
1005002268057539
10000316778760
1005002003690419
4000007093325
1005002363734470
1005002302297392
33037529266
1005002371578135
32905326879
4000809766533
32842666252
32968489670
4000261954541
4000860984283
4000295170034
32798883046
32855275600
1005002393966192
4000698449041
1005002406008295
33057467628
4000353942732
33027312828
1005001523878678
4001284630735
1005002260567006
1005002313993740
4001141850363
4000262842446
1005001417302171
4000784514415
1005001495715939
1005001639514485
33015299445
1005002352946138
1005001300489456
1005002314269582
4001348091340
1005001373707646
4001338063195
32882175706
1005001967739506
1005002419599583
33053627071
1005002065118634
1005002186966829
32806636043
4000279821657
40011538929121005002272691748
1005002017839188
1005002433598972
32817636071
1005002167787610
32554305831
1005001381086486
1005002386940242
1005001792673513
1005002330655181
1005002212901991
1005002384605239
1005002448528627
32840351373
1005002456460378
4000637213136
32532394478
1005001525584009
32981367757
1005001538565116
32788011874
32704960516
32692630133
32590481342
1005002003788823
1005002419115779
32914445102
1005001394129679
4000220841345
1005001700295265
32800852847
32318966888
1005002354480060
1005001720637294
1005001381601770
33054474706
1005002447711928
1005001413964392
32905480319
1005002497072950
1005002076662451
1005002466962623
4001346070662
1005002292232874
32887310347
1005002433999257
32883164022
1005001397226638
1005002338902903
32963685872
1005002341594496
2048827548
4001001447202
1005001756729551
4001174406107
1005002288118456
32859442797
32854415620
4001094518651
33001433791
1005001942888455
1005002474223843
1005002474486194
1005001364392506
1005002167878150
32838421491
33003673221
4001188506721
4000849780892
1005002289009490
1005001998831917
1005001781342457
1005001595925941
1005001706623436
1005001992353255
4000812562181
4000068542874
1005002427922020
1005001518345811
4000983191381
1005001883593871
4001047227214
1005002228505496
4001186539940
32973143650
32830538140
1005002108687083
4000798528864
1005001611811175
32826431450
4000189917903
1005002469335190
1005002298604768
32814251945
4000751914158
32821733264
4001008366413
32629931826
1005001735930960
4001171399294
1005001513395116
32691468964
4000282329283
1005001971313901
1005002470441616
32581314003
4001302904309
32844239973
1005001319482430
4000433872691
1005002305126017
32676485082
4000704118007
1005001525419422
4001055267444
1005002336415206
4001038905078
32986592079
1005001817170106
1005002267973848
1005001882602051
1005002166847982
1005002318161915
1005001732478211
4000196094496
1005002490159279
1005002412178920
1005002281842709
4000899016236
4000407360660
32921211145
4000955037216
1005001958524054
4000081137578
1005002314437823
1005002303613053
32857007447
4001059879147
1005002351457417
32907984455
4000324259632
1762059226
32749413724
1005002322640242
1005002454297827
1005002302696707
1005001893872662
1005001414108742
1005001859973044
1005002326269108
32852047387
1005001389471019
4000188510716
1005001845231043
1005001618338238
33005540216
32814153918
32907298095
32998650586
1005002475954316
1005001883503800
1005001679467514
1005002072571716
1005001894606282
4000708516031
1005002438113224
1005002271822739
4000599390961
1005002499373130
32791884038
33040364606
1005001833609859
1005001504378762
1005002357434651
1005002390449548
4000089850848
4000586609123
1005001775004152
32882171814
32849406049
1005002423751484
32929313646
32962367729
1005002240172569
4000302863380
4001231336546
1005002428407459
4000267256172
1005002304071771
1005002467111242
1005001876610152
4000918328495
1005002134612437
1005002022349700
1005002466844727
32741281859
32720466245
1005002382197620
32982166304
1005001284542664
4001090913315
32464379743
32880891996
1005002307713742
4001000438830
1005001901598496
1005002363265997
1005002460406745
32948125748
1005001848748129
4000897983852
32996357359
33019096093
32932596547
32761043882
1005002190694629
1005002368952735
1005001997774590
32854266814
4000170505510
1005002314468024
1005001708248699
1005002320979913
945931252
1005001414542233
1005002292606977
4000086589143
32918317467
1005002476066757
32795132778
1005001550707762
4000015473780
1005002461846264
1005002482894994
32856730614
10000396856356
4001161602774
1005002332154401
4000373140226
4000794031736
524564182
4000906669568
33030161053
1005002367410528
1005001947799931
1005002453488566
4000348979788
32830642607
32974600730
4000826168540
1005001648493655
1005002176687552
32976774235
4001041513236
1005002499368844
1005002350925431
32973958064
1005002411864626
32846927749
32985751667
1005002264457333
1005002026977179
1005002405375452
1005001626015123
1005002328992350
4000279196932
1005001892476269
1005001633164713
32564882927
1005001475207753
32859332145
4001163053408
33005468019
1005002288410665
4001326276438
1005002310525446
1005001487623221
1005002289001003
1005001704653963
4000092521844
1005001446011607
1005001572115802
4000940890622
1005002332449642
32960818489
1005002133806707
1005002319269256
32664457515
33004022498
32869212736
32989462213
4000252331761
33016991960
1005002487726451
1005001990668256
32857403099
1005001582109095
32308461106
4000202577526
32838645575
32899776202
32642545397
32759140787
1005002212953963
1005001290550718
1005002221009079
4000199104626
4001234179059
32875800682
1005002318015160
1005001907560054
375013495
33040657038
32958621046
1005002128379975
4000278929275
1005002070195210
4001018992628
1005001844207334
1005002488038839
1005001901496650
32812875601
1005002362746918
32906063245
1005002237507103
1005002371637566
33007604813
1005001469872600
32962555368
1005001559914092
1005001914715649
4000799762201
4001139060900
1945264473
32840053360
1005002400274972
32834252153
4001244506850
1005002461204127
4001333416615
1941911756
32657681073
1005002418855266
4001273336036
1005002087928437
1005002427719967
1005001470228541
1005001418269051
4001350849653
33048709918
1005001706061783
4001170893190
33037562045
32274890224
32895096823
1005002413823063
4000382713859
1005001495817753
1005001746866164
1005001518774023
4001035599693
1005001631103082
1005002477625708
1005001824143134
4001149877112
1005002377517747
1005002341332072
4001175779474
4000735837575
1005002208076296
1005002394750448
1005002247275525
4000798540863
1005001435383823
4001213720714
4000483505185
1005001646604240
1005002191590026
32873493059
1005002205008082
33027533320
32920764173
32950059546
32797316410
4000064574393
1005002342533114
1005002160638341
1005002295647132
32897577733
32402338444
32975484191
32422490047
1005002007309268
1005002466157315
1005001387795680
1005002469932228
1005002495828671
4000905517731
1005001930237623
1005002259821937
1005002314305762
1005002344161005
1005001683487073
4000084861106
32976815766
1005002050273913
32918866659
1005002053663161
1005001867396190
1005002495880042
1005001329742339
32296213864
1005001947303750
32973672695
4000868509979
32589413357
32671920651
32628749125
32384055734
4000466210082
10000157065844
1005001894239157
1005002431103888
1005001615765924
4000530322104
32798970354
1005002453431520
1005002347301756
32894881158
4000908592345
1005002236232619
32906759734
1005001983164392
1005001389253651
4000807989809
1005001329792531
4000373455399
1005001548902900
1005001861085716
32792959046
1005002023761125
33035495537
1005002000274446
32960688433
32932332958
1005001326540036
32904490709
4000026354544
1005002471269709
4001274273471
4001045226752
4001305631935
32692064245
32966761329
1005002191524554
4000626058990
4000828620046
32974888277
4001075265296
1005002319252453
1005002314300259
4000088701684
1005002030601044
32836157737
1005001451815315
1005002353593743
4000709693042
4000082440229
1005002425932149
1005001309542360
32802889274
1005001681338841
32833977414
4000057257062
4001355702061
1005002334991915
1005001447672067
32304680181
1005002423963568
1005001665730389
32909431540
1005002240518503
1005002125312554
32948194419
32835477189
1005002313912975
1005002337231214
1005002377576131
4000484922851
32355088743
33009842946
1005002073116853
4000216059082
1005001652394974
4001175682910
1005002125956873
4000427101436
1005002356549659
4000704170030
1005001935325038
1005002132476447
1005002044354881
32460904810
1005001651285817
4000338852223
1005002150360999
1005002311983863
1005002354105914
4001001990210
1005002271862249
1005002292353216
32970609449
4000943122886
1005002066189529
4000830431401
4001160824177
4000777689601
1005002378922012
1005001415319955
32826911673
4000195251745
1005001652431433
1005001697649131
1005002070257815
4000022244326
32796080868
32958482318
1005002381345040
32879679671
4001049156635
1005002237755829
1005002417203560
1005002123784235
1005001621308315
1005002352650619
32855158157
4001313546867
4000104432836
32688687264
32814755035
4000115381616
1005001515984022
1005001345427960
32966093906
32814517146
1005001515810842
33059617891
1005002371487287
1005001277938957
4000794245141
1005001568847279
4000648880481
1005002328010936
1005002461919606
1005001437676883
1005001666434418
1005002410045074
1005002421132716
4000655786625
1005002192351687
1005002382072483
1005002382403995
1005001793017374
4000966345349
1005002287399381
4000223465991
1005002481272060
32979554885
1005002262430427
4000785251438
4001232106061
32692884762
4001006330941
1005002167979203
1005001694318071
1005002361232163
1005002021419953
32793865444
1005002281959259
33062535874
1005002423722056
4000245294349
4000506355268
32679604916
1005002134184733
1005002293694280
1005001454470190
4000032739589
1005002270318193
1005001736665624
4000627014348
1005002393555306
1005001325215031
32864975458
1005002353772852
32281250395
32881584323
32993584141
32850945587
1005001965347284
1005002237622127
4000094694003
1005002497420993
1005001693976900
971370588
32849812125
4000112745291
1005002280526318
4001336907911
32832413282
4000389669708
1005002044290766
4001187997368
4000028763390
32852521409
1005001502493812
4000848828797
4000058107777
1005002384761620
964662380
32858139529
1005002245311273
1005001625486192
1005002277521674
4000180724536
1005001657800429
4000662691611
4001227946806
32972511241
32659144824
32942831907
1005002319195679
1005002038060768
4000346930168
4001110164956
32608154918
32986227924
32902264704
1005002197748137
1005001500252823
1005001444689047
32961426210
1005001877552704
1005002110047962
4000225432922
1005002446679645
32322530963
32822196334
1005002489318505
4000013797746
1005002443688267
4001015117818
4000992925982
4000030107210
1005001506611673
32425055513
32798716613
32636584872
1005002309946503
1005001587034937
4001062550141
1005001512847536
1005002027726477
1005001305015602
32637399119
1005001307971038
1005002067690015
1005002376108787
1005001763658505
4001314028171
4000847594603
32687023546
1005001893588015
1005002420817441
32816924148
1005002112957282
32794307769
1005002400603200
32688717745
1005002371637118
1005001530382992
1005002346712692
1005001296869482
1005001412447846
1005001453501449
1005002172939053
32673356075
1005001465845015
1005002295640018
4001180516287
4001084055062
1005002007630064
1005002305316407
1005001687850258
1005001549552913
32221574542
32391030332
4001159306971
1005001830073538
1005002425773917
32823705734
32818561283
1005001855057300
1005002425119128
4001119334566
32987757507
1005002211866254
4001038603821
1005002457930789
1005002326292364
1005002219074395
1005001865843859
1005002345085161
4001248922436
1005002315807873
1005002234780392
1005002412724989
4000036070089
1005001381704979
4000293845824
4000237673376
1005002211901390
32580040195
4000248023236
1005001529742606
33012227743
1005002319078295
32738921199
32587541570
32842982185
1005002224268893
4001231990254
1005002168168334
1005001507207670
1005002212326318
4000016046741
32953744754
4001179695762
4001163100200
33007226346
1005002351295867
4000264850846
1005002486222919
1005002091191709
4001040757062
1005001405375374
4001231259276
1005001278473914
4000465896729
4000856317073
33004871267
1005002019629686
1005002233719343
4001248626266
1005002295519347
1005002418262831
4001270865380
1005002307714454
1005002235195658
32858784773
1005001765767053
1005001566763372
1005002069808060
1005002294670575
4001290379946
32858840459
1005001870190038
1005001965433903
1005002495334513
1005001873246118
33059578788
4001124709782
1005002365211713
1005002342541463
1005002305318533
32998456643
1005001797706013
1005002388227622
1005002251779357
4000384358487
32958786058
1005001446418547
1005002234450054
4000955504874
32637203323
1005001879912181
1005001752836637
33038108190
1005002266585909
32978933038
1005002420536439
1005002280678921
4000029192586
4000791719384
1005002007953602
4000430072434
32911395302
32848162956
32818967463
4001105748337
4000058318748
1005002393878995
1005001958664788
1005002439667196
4000850433642
4001041140587
1005001670803725
1005002282828087
1005002317379777
1005001576345842
32779194539
1005002306321698
4001282941266
1005002119384757
4001126901754
1005001327168247
32960974124
1005002462247028
1005001902780083
1005001320849015
1005002041905956
4000834058462
1005001556231009
1005002451138206
32977707858
32886362969
1005002317771348
4001264147909
1005002384676578
4000900468994
1005002449512811
33057284604
1005002353535071
1480146207
1005002136476182
1005001802860572
1005001670968991
1005002081417064
4001079449273
1005002358859457
1005001878304226
1005002413459901
1005002314262806
1005002388313794
32793679905
33062063771
4000253611178
1005001855672972
32982881755
1005002295110078
1005002108316204
1005001797788937
33012821051
32886873114
1005001332777426
1005002467839437
1005001998627894
4000679711390
1005001981916427
1005002260935237
1005002373001318
1005002254537663
10000181400920
1005001874676245
1005002333413931
32913266202
4001231542041
1005001308009917
1005002408668191
1005002334496983
1005001636451138
1005002277542298
1005002091578880
4000539067327
32957042828
1005001269507423
1005002428456739
1005002427993597
32858448952
4001057960649
4001111548967
32995642950
1005002271854851
1005002022155271
1005001364223323
32975149878
1005001458773105
1005002357583279
1005001307989261
4001320866532
4000194070319
1005002268733417
1005002387185069
1005002334060257
1005002450395218
4000382910775
1005001665947837
1005001303671150
1005002271817084
1005002448125248
1005002346881975
33029114227
32826150631
33031859466
33056324258
4000631954169
1005001678153296
1005002500321407
32990810878
4000781281248
1005002315732153
1005002266208586
32988987147
1005002434342109
1005002337757694
1005001694102428
32813746555
4000210236434
1005001872169392
4001200360164
1005001659301946
4000242094567
1005002306106837
33034346701
4000740401993
1005001439062923
1005002281528322
1005002245108417
4000011388768
1005001640370997
4000197100738
32938890309
1005002152346982
4000546587118
1005002260218334
32856408286
4001066492665
1005002115645215
1005002297885176
1005002176897332
4000642475783
32857051907
4000481059922
1005001757427761
1005001528916035
4000760557187
32975105541
1005002326238887
4000478065220
1005001465862247
32809353252
4001304758069
33037013321
1005002369787926
1896866756
1005001773884783
1005001736633679
32847414214
32964780823
1005001460612650
4001366468250
4001138983173
1005002167958554
4000936345357
32889638232
1005001682129938
33055164100
1005001406420904
1005002253493507
33010167952
32900024631
32861197172
1005002334091476
1005002122497437
4000600416736
1005002229136522
1005002102118575
32917106784
32899686928
1005001381700061
32923970546
1005002475313948
1005002054472999
4000873747474
1005001815430207
32848319770
1005001865407979
32403382935
1005001779980203
1005001894735035
1005002078933182
1005002347136853
32893554667
1005001810454897
1005001849806589
4000755984698
1005002268005083
33047657580
1005001810136352
40007269377271005002353942848
4001013646618
32915420479
4001287411931
1005002277605519
1005002226541794
4000505521345
4000081070398
4000497826044
32973431566
32917230071
1005002496356586
1995315257
4000497637536
1005002286673591
33046924887
4000057804716
1005001436915181
4000963672783
32808938141
10000348641427
32890545551
1005002340283920
32721776734
1005001511608832
32717967274
4000221883759
1005001884062630
32358244808
32515517926
1005002340406586
32435001459
1005001548082904
1005002248191760
1005001591135323
1005002450200963
1005001868947273
1005001620311971
1005002086878090
1005002112745274
32853787881
1005001300307405
1005002267292720
4001332612113
32842006744
32916119672
1005001997472133
4000435063961
1005002461088873
32975692558
1005002200802438
33039548741
32953431677
1005002199372746
1005002388912906
1005002296324879
4000377490143
1005001877118875
1005002288805621
1005001705586778
4001220926473
33049010055
32809676636
2043475296
1005001988769719
1005002038159395
32776219236
32981924155
1005002277693646
1005002322872317
32837123514
32836460378
32379114214
4001120099131
1005002398753237
33013807013
32946572129
1005002326893529
1005002265523095
1005001319362109
1005002324661402
1005002294284395
1005001551827409
4000941689787
1005001296674278
32970275913
32858219476
1005001747449280
32766087834
1005002233820461
4001237247564
4000278439166
1005002433319609
33002115271
1005001322786064
1005002277310856
1005002258150916
33032312193
32913488741
32974553992
33027501960
1005002286557784
4001264590387
1005002304317612
1005001349751350
1005002316742146
1005002124180221
32834914107
32864002145
32826859317
1005002430556975
1005001315268819
1005002319651044
33021102493
1005002225170614
32876301152
32993136950
33023827544
4000180159344
32950838170
1005001901257941
1005001999497809
1005002278437089
4000547716837
1005002283921199
1005002324073212
32966728730
4000252820362
4001250812250
1005002401430611
32819020382
4000492607938
1005002261293911
4001234715792
32828760147
1005002072171842
4000747806626
33057935754
1005001457837529
4000253228547
1005001755980958
1005002304131186
4001093504525
1005002288040803
4000543827455
1005002075366757
4000068669427
1005001687783860
1005001458182027
1005001619362773
1005002070048011
1005001604926190
1005002281585407
1005001945906939
33009349810
10000134763144
32867341237
1005002350637234
1005002376035951
32832447454
1747514070
1005001670870804
1005002350669038
1005001933298646
4000282328881
4001320566013
4001304425643
1005001590828404
1005002322070240
1005001541682057
1005002362470883
10000402365249
1005002065631317
1005002283645018
4000013578639
1005002206325673
1005001843200173
1005002320483924
32998963663
4001203233079
32859923891
1005002467126259
1005002407664486
4001185066727
1005002454342874
1005002130573178
1005001270327046
1005001868815885
32923394639
1005002204021012
4001309044034
1005002120274346
4000382471322
1005002389106100
32843579140
1005002038773494
1005002277303249
4001326834413
1005001561537019
1005002314378006
1005002293140291
4000121242363
32564375827
32889818157
1005002289190679
1005002120397297
1005001495943585
1005001622966673
4001338418767
1005002252726349
1005002369447806
1005001564730301
1005002311485719
32807879476
1005001507492076
4000707541462
32839637319
1005002016457442
1005002469661554
1005002478307134
4001041299544
1005002339475424
1005001683904128
1005002474452485
1005002352652053
1005002122589843
1005001885182646
4001326068782
988641792
1005001515912320
32981779086
32950039890
33018431171
32968577026
1005001340237646
32980994983
1005002225751430
1005002477795190
1005002482958956
1005002490041898
1005002296852413
33033782266
1005002065317037
1005001394778371
33011217028
1005002382673048
1005002253607835
1005001968285988
33001228284
32909201465
1005002108672182
4001212841870
1005001458357662
1005002121974384
1005002468792198
1005001452534813
4001322663795
32819070855
1005001926823698
1005002310508483
32886476812
1005002393579475
4001159241521
1005001839083561
32845260666
33003565959
4001230553960
32758237820
1005002377926954
32901395960
32974658825
32851588811
1005001271682452
33042741147
1005001611014144
32863470810
1005002342978955
33029795857
4000382263647
32808850351
1005001722849039
32856767291
4000427121170
32984015863
1005002392749030
1005002467660189
1005002221143922
1005001626881410
1005001657598524
4000990758300
1005002424186855
1005002481257004
1005002500534202
1005001999162105
1005001606533918
4001270402981
1005001901455064
1005002099983727
4000048883755
4000526336683
1005001529391170
32602531994
32949770649
32919735549
32647611928
1005001799203476
4000005700950
1005001939308144
1005002268170325
1005001580392487
4001275615818
1005001928113762
32691796542
32866349074
1005002364796475
4001237872982
1005002273725289
4000860903728
1005002426724229
4000910282501
1005002454236560
4001062046136
32919013706
1005001940930521
32954174330
1005002393939966
32860084020
33051436245
1005002348852568
1005002284252965
1005002023479076
1005002100261844
1005002240527652
32737169912
2053893691
1005001415250072
32950673957
1005002297795236
1005001727112683
32812591409
4001268453809
1005002395245241
1005001437501866
4000286154810
1807539594
4000785593697
1005002330464625
32889256157
4000035941297
32999212038
1005002214695319
1005002476712803
1005002427810510
1005001585042434
10000318897013
32793767001
4001233393847
4000401972317
1005001656823755
20000003870910
32829091899
1005002301170484
1000008621310
1005001873288510
1005002302354468
4001326393538
1005002398131053
4001212918185
32946994209
1005002484121843
1005002214747978
4000971453831
1005001546852457
1005002377687719
4001211365958
4001164431096
1005002449721949
1005002263264020
1005002462799120
1005001460146047
1005001830140699
1005002313763127
4001222988638
1005001298617604
1005001910047801
1005001559887903
1005001708261889
1005001413090364
32620999463
4000429658159
1005001321313030
1005001561612555
1005002051122997
1005002400368198
4000784118286
4000045337400
1005002315899341
1005001708077030
32739565502
4000342353281
4000479945047
4000227531809
4000114843610
1005002340989100
32971265507
1005001591162519
1005002242142729
32898109952
1005002172898525
1005001438746940
32918317456
1005002345260045
32811900803
32828850789
1005001950328141
1005001909223857
4001128378900
4000017328874
1005002284357718
1005002402207235
4000682351038
1005001900047380
4001302365218
32670350871
1005001834542589
32795044199
10000089162802
1005002347760402
4001252382877
1005002466008400
32857685309
4000449784364
1005002293639627
1005002023277947
10000375273160
1005001592151702
1005002282922794
32982272567
4000250588018
32807034522
32847123736
1005001873516887
32827371883
1005002324132898
32255679400
33008825909
32856429487
1005002007195792
33056453414
32817757018
1005002428201029
1005002043595449
4000469341944
4000442782020
1005001977810427
4000516421302
4000261809326
32854421973
33004554836
4000120350437
32852345041
4000247813640
4000924238364
1005001799112015
4000461016861
4000771150357
4001268368526
4000074179786
1005002351449615
10000352389387
32978127596
1005002011991329
1005002293529347
1005002447334657
1005002379866617
1005002264220439
32742699548
32800582302
32844368775
32862925842
4000731168302
1005002275515596
1005001941102345
1005002398864290
32795079469
4000029113096
4000844057694
4001210175231
32787021546
32959109751
4001143398723
32957537226
4000668534405
902607681
1005002235057447
1005001459938093
1005001828864060
1005002333787373
1005002316360777
1005002422862395
32845679669
4001138461324
4000103942900
32998292626
32833108131
1005002416762276
32253319789
1005002489466264
1005002359385194
4000955941113
1005001597090739
1005002241549890
1005002346683367
32843029481
1005002398375855
4001039375129
1005002372692673
1005001917802594
4001175501631
1005002212070638
33022692431
1005002324585897
32599599433
32828844740
4000611266844
4000123567930
33016293066
4001344720273
32625094802
1005001518734746
1005002465335903
4000464331943
1005002490473468
4000364648728
1005002093084056
32944909084
1005002468303892
1005001779535316
1005002210004628
1005001525363800
32887442394
4001164489255
1005001609665725
1005002253026316
32965268250
4001162764487
1005002293642535
4001031308710
32977869205
1005001797122837
32817025141
4001209263960
32805509024
1005001558384205
1005002440127251
1005001888600930
1005002452739497
33046730164
1005001846017024
32956526536
32902046675
1005001747123379
1005002405536307
1005002439224996
4000842696031
4001221526425
4000805408479
1005001737032801
32830534871
1005001464045471
4000966576479
1005002498702574
4000411150786
1000005835911
4000655903122
33033398209
1005002469930014
4000943867740
1005002426828341
32882007379
4001007088603
32994532528
4000991003104
4000044178494
1005002277385976
32970031391
32968097305
1005002339934723
4001109186832
1005001924749733
1005001445574726
1005002167465471
1005002231945630
1005001752733759
32828795515
1005001565597314
32642446574
32879029385
1005001316464498
1005001400420611
1005002316577927
32965323492
1005001882620481
1005002457488839
4000868284166
1005001555664213
4001098621820
1005002283082737
1005002229282654
4000555010463
4000598255720
1005001635995363
1005001270424041
1005001738554112
1005001414449859
1005002421363113
1005001893799117
1005002253893283
1005002454247605
32270822887
1005001431486518
32766687738
1005001560158271
33031847492
1005002301547221
4000857214470
1005002024453926
33001233572
1005001268837446
32948786517
1005002438775707
1005001307399859
32923800353
33035715758
1005001884445873
1005002460963922
4001012994897
1005002400270257
1005002313706665
1005002204018932
4000631465644
1005002313774671
4001296740088
1005002442666381
1005001670796830
4001286419996
32288860150
4000099118634
1005002102264154
1005002070359297
1005002313286862
1005002107636796
1005002429651987
1005001846571294
1005002269287213
1005001337446488
1005002309564886
32967164357
4000941067954
1005002102081644
1005002329448227
32819911312
1005001880256429
1005002239592077
1005002328253448
1005002411028882
32685767373
32590355802
1005001525477355
4001255166846
32671914140
4000961880647
1005002129822269
10000122492390
33022297411
1005002298156919
1005001908171893
4000192419664
1005001708444293
32888140311
32793003827
1005001796648930
4000990291067
1005002340809511
4000082323132
1005002258805944
32794208165
1005002252154473
1005001900644362
32858107624
32874873954
1005002289014714
4000883877067
32632656865
4001045386307
32808671191
32294067331
1005002291611194
32812259593
1005002466273234
4000183026939
32797377680
1005002278728816
32817518107
1005002475549260
1005002314092250
4000071448179
32839128818
4000850504815
1005002332079963
32919038766
4001257639862
1005002369301303
32821179308
4001282447480
32672087587
1005001876902844
4000920468137
1005002129698562
32672166816
1000006306997
32646229395
1005002443044888
32953384127
1005001398125703
32952058657
32884534321
1005002488829753
32912331176
1005002315102600
32773131920
33063386684
4000032175270
1005001303148081
32972541726
4001009260309
1005001994163875
4000415349107
32863575866
2048279765
1005002283659035
1005001664126201
1005002418236658
1005001338068894
33037202439
32973904332
1005001821523955
1005002367941525
1005002316370842
32966618421
1005002199246643
1005002021690260
32987443272
1005001999868198
4000772909428
32941139979
4001197008360
1005001937972591
1005001474570264
1005002228244633
1005002434465302
1005001576500347
4000006979441
4000224129231
1005002314208904
33002857606
32918387343
1005002454328187
1005001405842055
1005002020043459
32863051557
1005001625522750
4001270292603
4000278475764
4001281678207
32851731900
1005001413456691
1005002264622257
1005001478055642
1005001315372056
1005001791929733
4001137491642
1005001612900644
1005002426851274
4000642287363
1005002254346747
1005001640140074
1005002314395278
32850119018
4000690665491
32989695837
1005001480219720
32890504397
1005002234138124
1005001381287098
32827788016
32964276145
1005001592647092
1005001508252746
1005001727045121
1005001436235197
4000053590324
1005002246305082
519868188
32581000787
32852608535
4001274002748
4001010992437
33005762950
1005001775259718
1005002315705182
4000843001574
4000857318977
1005002039399656
4000904368602
1005001726418751
1005001604949409
1005002263810133
1005001354762487
1005002333425349
1005002334567090
1005002342685438
4000230244250
32869634904
32874419453
4000473948217
1005001621668868
4000786565799
1005002295457257
1005001652473622
32825427291
4000265938065
1005001834381161
32720838977
1005001967030070
1005002380947234
1755218606
4001152156750
10000423754132
32865980156
1005001499997748
4000552872377
4000718357534
33045058207
4001119336167
33001368379
1005002323298823
32968919225
32640486382
1005002315737689
32914328521
33001591351
1005002490048456
1005002375422218
4001339953482
4000996527249
32987785578
32962700618
1005001621525561
10000395869093
32955798757
1005002333171021
4000693563731
1005002314369083
33039032974
1005002464884436
4001137393587
1005002316417510
4000643327840
4000955878003
1005002218300630
32802496501
1005001465263996
1005001505973526
1005002271070962
1005001446224805
4001359740976
4000492830745
1005001661408073
1005002231989782
1005002468338979
1005001789967357
4001299443777
32975129609
33012426809
32840691594
1005001889145529
1005001859621298
1005001555976971
33000216496
1005002024759295
1005002484731452
32852389685
32858508997
4000117197097
4001138425783
1005002305777183
32997394947
1005001921527426
1005002490408959
1005002043098961
1005001434689152
32859696900
32965066025
32887511157
4000642357576
1005002469580644
4000312555349
32828416034
4000176563891
1005002271125406
33019108962
4000449154018
4001051189333
32825767461
1005001349604981
1005001664097506
32959632623
4001293487997
32865448784
1005002252713187
33025570315
32554501851
33017913302
32739855092
1005002436162425
1005001274169752
1005001894459874
4001202040223
1005002122581101
1005002351729470
1005001499231723
4001137598185
33002052900
32985783699
1005001638697840
4001339782347
32965638834
4000394206723
1005002264643539
33044424253
1005002035723895
4001014261162
1005002271701475
1791722306
1005001321204157
1005002458433316
32911020749
1005001777761508
33020577692
1005001557878171
1005001492885298
1005002055415628
4000532902812
4000060414264
1005001285174055
33030965221
4001047813054
1005001958845166
1005002311050046
4000065771224
4000023205117
1005001868581620
4001103707326
1005001567333470
32814335774
1005002326527510
1005001478858589
1005002027744667
1005002267626367
1005001821243675
1005002164330240
4000838207142
32868998719
1005001830994047
1005002114649450
4000095946666
32825705409
4000930390106
32843932252
10000402350521
32898612874
1005001470607289
1005002219036682
4000313358174
1005001873734220
1005001727903797
4000296536571
32839510532
1005001954998118
1005002346793495
1005002181617394
32850723948
4000163094017
33059870152
1005002355904070
1005001926878859
4001018626918
1005002439843353
327399106221005001656959023
32792478758
32988114840
32643331304
1005001825743128
32907035646
1005002229140330
1005001418334880
1005001919122323
1005001626840130
1005002291580342
4000076416411
32993225720
32862585695
1005002341298921
32922187275
32853841168
32960969749
33054643095
1005002002279730
2035523367
4001272020969
32921372703
1005001556391161
4001234178216
1005001699295122
32985913559
1005001456251148
32976032387
1005002210781766
1005002376744157
1005002241924741
33011557828
33004670921
1005002460490365
4000133469228
32892559819
32906203091
32347851729
32918354156
32991233930
32978523734
32949884805
32945153924
1005002467181174
1005002425852339
1005002449943697
1005002485365701
1005001419909337
1005002395080662
1005001763549847
4000198492406
1005002210338344
1005001867486911
1005001976268527
1005002344790664
1005002247236821
1005002069968186
32839872307
33061618052
1005001950082930
4000004956498
1005002406528301
10000363170230
32960448893
32963401953
1005001593583059
4000238780693
32981894617
1005002294155703
1005002404153805
4000897716392
4000746199912
4001110076872
4000005647146
1005001540418083
4001112661431
1005002291337090
1005002319320518
709499165
1005002317849011
1005002033314699
4000186378156
1005002351290298
32998369751
32816764594
1005001962504393
32789806062
4001100913959
4000463185811
1005002282967705
1005002489223888
1005001551616558
32960659324
4000249757045
1005002377679347
4000169466171
4000987027958
4001271541465
1005001853858004
1005001327421353
1005002310916051
33002976925
33039500156
4000115572832
1005001559434503
4001264131016
1005002304924657
4000959228172
1005002244743140
1005001612835060
1005002499792235
1005002323334716
1005002160249235
1005001369647204
1005002205224371
4000934854751
4001286333506
1005002324182171
1403415376
1000008545418
32920365481
1005001628721795
1005002371636817
1005001720762495
32538363821
1005001356188760
33044647240
32844367704
1005001485371665
1005002363804792
1005002021639216
32909480959
1005002394013718
1005002335036128
1005001644644319
1005002383423802
33057303535
32860431962
1005002239631826
32368792643
4001227904034
4001165045077
1005002099472505
32996148141
1005002488555508
4000910599497
1005002289693534
1005002483406551
33005319268
4001272174178
1005001703939562
33018629410
1005002403201849
4000308475731
4000215249992
1005002181020211
4001269259697
32982042194
1686945587
1005002277130403
4000570477208
4000244246171
1005002410796992
1005001872494449
1005001561752323
1005002340817683
32905080179
4000038414997
1005002394871172
1005001827158508
1005001816883624
4000897392188
1005002313974197
32930624090
4001325859029
4001338024678
32756321069
32913898060
32956527741
4001228721091
1005001901223081
1005001604177363
4001042884499
1005002358026356
1005002309848925
4000601747162
1005002376290587
32864558864
1005002280909037
1005001588343549
1421772269
4001136515353
4000669827450
32837218239
1005001948939146
1005002314455555
4001278949219
1005001291100092
32926486422
4001152354441
1005002314341147
1005002473641417
32316186948
1005002306618670
1005002383816436
32731936853
32668946043
1005002265486491
1005002433079478
1005001812968621
4000777180258
4000842968842
32865926238
10000416011247
4001254269454
32795149609
1005002278354274
1005002283596383
1005002427828719
1005002068312345
32535631811
33025614317
1005002496013752
4000917252533
1005001841625205
32960309417
1005002471281177
1005002092624193
4000247887622
1005001420278532
32862492820
4001304604751
4000469817664
32862984990
1005001418479068
4000283122565
1005002100018130
1005001616574595
4001146397009
1005002074297765
1005002204241548
1005002339466221
32981572102
1005002198871533
1005002011350299
4000531753668
32366593235
1005002428462077
1005001930897572
4001154621401
32836183749
32822611548
4001244988347
1005002042154287
4000681090563
33013634334
4001247071814
32872915926
32817989121
1005002120228260
1005002462543479
1005002483186191
1005001936185904
1005001732078637
1005002080507417
32840692127
1005001813735269
1005002336833945
1005002329242984
1005002282318539
4001127298576
32849517773
32967108752
4001304677831
32385541368
1005002376602629
32846581184
4000266030101
1005002430480333
1005001581483290
1005002085834416
4000988668301
1005002270127248
4001160386466
1005002323318881
4000187290065
4000993653231
1005002277419967
4000990984295
1005002253390574
32982360237
4000990714423
1005001406396515
32304344425
32931574262
1005002344874447
32840428029
1005002265493830
1005002270325983
1005001834277626
32843088517
1005002447917439
32453144889
1005001966361924
32250479963
1005001683313197
1005001511675505
32977152676
1005001792059191
1005001625343752
1005002363144088
1005002477343537
1005002454319814
1005002315931121
1005002416309282
4000475343118
1005001705354021
1005002372609586
4001276723575
4001030065141
33055620870
1005001849198411
4001365714470
1005001985939891
32831808287
4000808229059
1005001680035199
1005002459612667
33010922642
32893498525
1005002483491188
1005002329569217
33036657944
1005001446566289
1005002312535879
1005002309790466
32830628856
1005002315577661
32723019169
4000604216706
1005002314344185
1005001976318712
4000466005399
4000849219991
1005002402303320
32563680025
1005002310891860
1005002187810316
4000082559904
1005001825664261
1005001321348409
32910593239
1005002345661627
33031141003
4000903685655
10000282459297
1005001702375684
1005001495347943
32955076161
4000786088355
4000627286602
4001267615232
4001223538402
1005002317917530
32980858222
4000098166982
4001012998374
32932142526
33044284378
1005001957517330
10000068878440
1005002356560571
1005002465654628
1005002276984582
32628591690
1005002459964533
32865845932
4000181833823
32983395080
1005001405548543
32961468874
32982218547
4000850617043
1005001682161400
32468908674
1005001770023773
1005002287411539
1005002038769448
32963121601
33022510693
4000197530195
32967330637
1005001638880199
1005001909441695
4000793653979
1005001462614889
4000663990833
1000008160641
1005001961550371
32917115267
32959645057
32583753299
1005002410210668
32657769401
4000299629670
1005002315455257
1005002319855789
1005001664479818
32954530748
33025393293
33027621691
1005001983845013
1005002245171751
1005001332888537
32725981323
4001277875493
1005002211404895
1005002306045465
1005001695368616
32807015320
1005002393189901
32971018031
4000479265296
1005001614630304
4000739566184
1005001965136908
1005002314466086
32796075663
1005001270281809
1005002314422029
1005002373130299
1005002473530452
1005002409679957
4000930654429
32972248259
4001206283323
32861162542
1005001758238586
32916236135
4000625705831
4001217605511
4000955521553
1005001565112671
4001233806390
32838965643
4000108250776
32973147866
4000780573796
1005002171124297
1005002252738411
1005001334418160
32975612883
1005002336380978
1005001619300444
32978287864
1005002267947966
4001068097127
1005001900183189
4001182361255
1005001965556010
4000096034666
32905085548
1005002128613633
4001069545894
4000806291713
32822257340
32991495957
32955732520
1005002319236434
32871535370
32969983277
1005001319915077
32845993481
1005002099441346
1005001623725479
1005002441328504
1005002450357795
1005002059245301
1005002035597910
4000484204319
1005001290499671
32863774654
32960354559
1005002430832897
1005002384046901
4000280899981
1005001921918077
1005002270025484
1005001300238995
32959617154
1005002412714769
4001278886422
1005001802451800
1005002375057042
1005002313100015
32848664728
33057062203
32991940964
1005001792718858
4000062901259
4001143623659
1005002462550583
1005002334536044
32858369079
1005002271427190
1005002365150820
4000340416772
1005001464655498
32695065985
1005002372479229
1005002315254067
1005001865589698
1005002365595273
1005001924433191
4000363966150
1005002485300808
4000663989723
4001217637671
1005002453193950
4001316915393
4001178194846
1005002243840888
1005001445980925
1005001523789993
1005002359842427
1005001848995555
1005001954858709
1005002461954614
32697186418
4000625975909
1005002365505903
32727175193
4001307297794
1005002471741496
4000073336415
4001158818768
1005002474220847
1005002376083500
1005001883968640
1005002271567336
32909985329
32822089707
1005001562107227
1005001604020578
32990048297
32563864110
32662816570
2053298291
32831906652
4000853746210
1005002312019415
1005001273167834
32994297739
32921139353
1005001463415007
4000365407592
1005001931139027
4000993770966
4000554791574
1005001622542059
1005002342515677
32815453352
1005002242595316
1005002311451387
1005001557852410
32736503985
1005002413885168
1005001810771299
1005002007089612
1005001494571869
32671581546
1005002302509514
1005002341003381
1005001888050985
32824235179
1005002260236488
1005001671092691
4000810851711
32859762408
1005002060586868
1005002374761132
1005002245145577
1005002387602735
4001218508260
32859457651
1005002296849233
1005002294133349
4000282083191
4000127845428
1005002287359252
1005002119036198
1005002353601045
1005001899166357
1005001494813542
1005002362498229
1005001443200917
4000231192392
1005002417177045
32924551416
1005002246927504
4001109247189
1005001494405440
33013955175
1005002317103998
32981171850
4000080152134
4000243253313
32855296322
4001238887742
1005002018825708
32856795861
1005002406345557
1005002319018099
1005001615556464
4000401346146
1005002130423211
32937249470
32980974958
32906641642
1005001762050034
32884486096
1005002023520254
1005002111405555
4000463482478
32842879406
4000193486213
32876309753
32836056747
1005002362384634
1005002361693875
1005002425797964
4001288724873
32892294184
32854302071
1005001656329864
32773940019
32937196602
1005002345201110
1005002287874659
4001135449633
1005002326113680
4000205828596
33013594655
1005001453159389
4000023357412
32989123106
1005002393288402
1005002440278146
33009614693
1005002282005374
1005001560002966
1005001446463337
4001246348043
1005002307562431
1005001988438593
1005002339692216
1005001996628158
1005001567421189
1005002280711554
32981162312
33055819900
1005001586996623
32772863603
1005001907029423
1005002317160701
1005002244197009
32849505830
375056995
33043237918
4000158641603
32640868266
1005001324684768
4000113208407
4000429916218
1005001511922860
32640239757
4000051786300
1005001639688057
4000853766616
32841790159
1005002347901389
4000181201799
4001141930656
4000971248763
1005002122296821
1005001679084206
4001270368427
33043349593
4001068376986
32866988883
1005002366963140
32981298956
32953852665
4000155560868
1005002136461964
32899155644
33003282322
1005002316015738
330455766
1005002223222246
1558567678
32894351571
1005001329029572
1005002420413242
1005002241376297
1005001937801223
1005002168527286
4000179421007
4000784497322
4001272645141
32317086007
32987318997
1005001598952267
1005002276093546
32881425083
4000134767314
4000321718295
4000558096900
1005001355922650
1005001580806589
1005001460000967
4001022187875
4000202084557
1005002259934619
1005002389911053
1005001928424809
4000857829487
32855812090
1005002330629327
33002503992
32748518044
4000039490195
1005001639095834
1005002231748332
1005002341314682
1005001775488508
33062174916
4001108284131
33027792807
33057398812
1005002288948845
1005002287281527
32861022869
32947433106
1005001933792266
1005001688445294
1005001413243984
32842887279
4000214968872
4001042898409
1005002233171548
33016994223
1005002443377619
1005002340590941
1005002170704692
1005002475555552
4001343760769
1005002398335895
1005001341385364
1005002454848429
1005001676789910
4001144906658
4000218206126
1005002132429627
4001323005463
1005002309168756
32860516758
1005001985155221
32856604078
32885373740
1005002136065183
33057567382
1005001813353144
32953884993
32950021266
33017984310
1005002475287789
4001078017912
32798173725
4000879764292
32933222420
4000469037111
32920583550
1005002409522470
4000016116597
32681912367
4000459713171
10000397724476
1005002430911478
1005002357621568
32887166364
32834404829
1005002300294651
32840097117
32955941677
32901211431
1005001780366513
32847779765
4000202699598
33026655417
4000410042213
4001143519372
1005001936856318
4000691323100
32809448429
4000926172987
1005001813514312
1005001836641683
1005001681379971
1005002314340887
1005002165947534
1005001487229721
4000777348330
4000684614079
4001247247606
1005001391378457
1005002281238190
1005001417789673
1005001997302413
1005002393099521
32676830406
32959916503
1005002372967685
1005002333539927
1005001849781343
1005002142389695
1005002278155648
1005002413117874
1005001393179434
1005002272359685
1005002396139494
1005002435636208
1005002314058485
1000008629996
1005001708208031
1005002436835981
33013812838
32983451525
1005002228473025
1005001939333455
4000894892497
1005001868542029
1005001835531139
1005002427316468
4001334143248
4001054798223
33000363106
1005002350193535
33036906940
32974280777
1005002388703359
1005002311759436
4000644937604
1005001669784907
1005001703981121
4001066341729
1005001885155206
32915442560
1005001614223970
1005002499316074
4001284999845
4000735229672
32838646156
1005002358910637
1944407056
1005001947292956
1005001900842315
4001252057864
33008096164
1005001732055450
1005001946400896
4000989976167
4001065701448
32968702944
32856367801
1005001997689774
32622317071
1005002466944876
1826278314
4000663081495
1005001997187806
1005001392003650
1005002378769140
4001191774805
32607904642
1005002280423524
1005001980234293
4000303857612
1005002118023819
32919672207
1005002489991891
1005001342805739
4000028751966
1005001669540692
4001280246246
4000278551542
32833640590
1005002441824392
1005002247799823
1005001284869261
32962314875
32455203738
33000342665
32962231238
32943361981
1005002395988088
1005002314395341
1005002074076106
1005002248603277
1005002247464772
1005002426097578
33003707399
1005002294658998
1005001813498479
4000817162332
32957004533
4001228750159
1005001439115377
1005002380541441
32673487688
1005002490409692
4000234898443
1005002293865077
1005001738580132
1005001710269113
1005002315125366
1005002237955688
1005001625227427
1005002386558623
33005743903
4000040878025
1005001699730032
32871703453
1005002233909338
4000747923488
32811683425
4000575828085
32853515086
4001212413002
1005002373564240
4000250083597
4001118371176
1005002408704139
33002444846
1005002322796046
1005002499126107
10000117457931
4000397484705
1005002263130643
1005002100143123
1005002265797971
32882664881
1005001504654337
1005002186297212
32820193679
4001274331568
32961494777
32803678228
4000546828326
32820284978
32967142013
1005002210996592
1005002294049566
32791040373
32579217223
4001123761350
1005002313673688
32848415434
4000291237277
33044588244
4001291131707
1005002270996069
1005002312912251
1005002348335270
1005001869777182
32994580080
1005001924934473
32998618639
32953512353
1005002196148635
1005001473937824
32862846361
4001272347512
10000214620395
4000955107480
1005001830418597
4001236988672
1005002077486380
4001014441413
852800426
1005002306338563
1005002107866643
10000060879503
1005002307668452
1005002086096079
1005001446355927
4001127681828
4000026193895
10050022557918811005001389574142
1005001803273626
1005002423617411
32852696106
32391418403
32718633312
1005002447549549
1005001931022238
1005002347753412
1005002254658255
2035168932
1005001996978451
32788476344
4000498121814
4001215607600
1005002485921893
4000773489569
1005002245424297
1005001730500769
1005002428606234
1005002309117422
32995450385
1005002090559535
4001210944889
1005002443053699
33046964297
1005001314600216
32800594903
1005002329662956
33006599968
1005002219896947
1005002263655138
32291006936
32765930655
1005002497105037
1005002298428602
4000443363284
33001829298
32813240587
1345895457
4000083690101
4000570961405
4001122262824
1005002370626650
4000336182163
1005001988585212
1005002416284221
4000226749008
32958038987
32900491050
32960173403
4001113401163
32948168362
1005001970206721
32800893107
33000981642
1005002321217220
32825699593
1005001830078952
4000961754074
10000329067541
32913608578
1005001717432540
1005002204914875
32993122082
32894976578
32854039705
4001327570319
4001005464136
1005001529342646
32625721040
1005001560679805
1005001698683754
1005002372673793
1005001872779550
1005002314795541
32867288130
1005002264481085
1005002213430965
33024737276
4000505949854
1005002314418008
32848523590
1005002219565788
32814674210
1005001651222676
1005002341452310
1005002401191433
1005002003852697
1005002016962239
1005002442085886
4001296286639
1005001670750688
1005001603402286
4000252615550
1000005311587
1005002388344096
32800726929
32906495897
1005001447163155
4000861439335
32280010999
1005002393769362
32788001188
32997834889
1005002372773691
1005001949144849
1005002306965243
32946664245
1005002351873288
1005001623973267
4000800185304
1005002324222046
4001066718366
1005002206386414
1005002288298568
4001090654339
10000289035330
4000581280277
32871965649
32902013673
4001041147350
4000674824162
4001241682599
33011920876
32478506750
32876302229
4001175549587
1005002014816274
4000399365173
33003470697
32914522751
4000808325761
4000064575613
32990037529
4000574123300
1005002316427504
1005002456999793
32950433322
1005002055226690
4000979416900
32966933710
1005002481715530
1005002346162690
4000105208892
4000268059947
1005002363798870
1005002460281304
1005002197183144
32968051080
1005002111593513
1005002399616497
1005002008294485
4000375451850
1005002000363183
32836686465
1005001271582888
1005002167637869
4000279464908
1005001524221561
1005001485043857
1005002332881277
4000393629148
4000472661796
1005002496322523
1005002399694604
32884619991
1005002179623964
1005001374384950
1005002492351758
1005002459257855
32838306339
33020706188
32947510738
1005001395426817
1005002224074259
1005001843994810
32804610610
1005001487322960
4000334819941
32728205747
32858284983
1005002460603930
32969259764
1005002247774612
1005001385220687
4000554788606
4001298312320
1912939350
32604172501
1005002314256665
4000689702379
1005001525541058
1005001941726172
33057267764
1005001614924827
4000472957244
1005002334857039
32830078568
1005001994131165
33021829962
32966635643
32799239747
1005001457557884
1005001686290039
32964031117
1005002342404548
1005002346339071
1005002066125681
1005002253169040
1005001361943442
1005001616484578
32799422035
32973491332
1005001583014196
32898142315
32848948628
1005002350944725
4001061104886
32866953144
32300913415
1005002277941233
4000062821725
32940308006
32959904019
32854404055
1005002374919772
4000442167924
1005001813343224
1005002314328852
32833519868
4000891535531
32825482032
33005532355
1005002238318739
32959020777
32932080295
32581811436
4000149212424
4001124887103
1000003937101
1005001885058966
1681890367
32294889306
1005002462098562
1421719200
32786312795
4000155231554
4001294148362
4000658038329
1005002468247404
1005001840330571
4001133066067
32890722743
1005002313015793
4000457049129
1005001898811941
4000215628952
1005002146396495
1005001329801703
4001350438609
32536082021
32957074219
33035988134
4000018205020
32748897608
32918288899
1005001642770229
1005001834902194
4000677589957
32610712968
32867495646
1005001749126431
1005001858138133
4001286945107
4001059607212
10000400025225
4000986702851
1005001350142575
32840410574
1005002509889573
1005002276908761
1005002347763933
32729983949
32799153138
32849663592
1005002294043238
4000154790123
32703112543
4001267679032
10000397711428
4000279900735
32912694844
1005002315659522
4000735710656
4000993113977
1005002277615720
1005002233119972
4000945256025
1005001795420092
32859533966
33005834563
1005002297180715
32259679703
4000805446505
33014795708
1005002319078000
1005002397874470
4000464687018
4001364772597
1005001454565418
32945437566
32786379432
4000626507378
1005002294227164
4000548861302
4000219304900
33000459798
1005001860848402
33006099101
32968966199
1005001615308308
1005001310392577
1005001554051486
4000853761056
32490129818
1005002289092033
32836535491
1005002310942744
1005002404581780
4001115426899
32789797599
10000138011331
33002482733
1005001860017969
4000239595730
1005002308060911
32954249410
32973991045
1005002293057363
1005001729052330
1005001645580639
1005001713844049
4000313675392
4001337871755
1005002418089044
1005002356123259
1005002304359286
4000800242998
1000006429623
1005002040919082
1005001419095130
1005001948384287
1005002375460208
4000688869408
4000860341831
1005002314287404
32974674655
1005001519912425
1005002439578356
1005001374595878
4000077797518
33013957972
32791902256
33039406675
4000292683137
32862142550
32883676877
1005002234045762
32790915610
1005002067578311
4001310032933
32831677375
1005001953415781
1005002469042665
32973777395
32830514194
4001365037078
1005002410194752
1005001360415935
32814826643
1005002078554518
1005002319210040
1005001709810498
4001149450666
1005002275861114
1005002416587727
4000784886810
1005001858419438
32954814434
32815724128
33012674293
1005001882333530
1005001580124935
1005002321159367
33004169959
32385838058
1005002089884058
4000836689843
4000018597346
1005001772729719
4001110598387
1005002383708218
4001069202236
32970042812
1005002029353782
32939582974
32512200888
1005002400119201
10000356665370
4001230791364
4000857295044
4001206364349
32932752083
32888390054
4000058199504
1005001583112126
1005002469694966
1005002462469702
4000304801914
1005002421618946
32847230128
33035441451
4001275744443
1005001886333031
1005001964979955
4000990919105
33031160384
4000470255718
4001231791389
1005002339819062
4001275330731
1005002365551405
32860324320
1005002347368471
1005002355951661
4000065077421
1005002319031915
33010154675
1005001482830045
4000812656017
902607757
4001343349957
32593967919
32856044146
33014151408
32976663210
1005001675386456
32962711940
10000000381208
1005002260128676
1005002378762762
32888258670
32869589705
32762429073
1005002068177831
32954244289
1005002413350933
4000837515383
1005002328074591
4001230677259
32785412941
4000165248486
1005002342619336
1005002292432284
1005002210493259
1005002269182233
1005002341759735
1005001265523757
1005001625807847
1801234703
32882451768
4001307567141
1005002306556547
4000388872265
1005002352956253
32880440661
32659802486
32966992931
1005001579671805
10000370224944
1005001873070005
1005002364434485
4000773137722
1005002327206360
1005002356265969
4000956115984
4000317975364
32823957350
4000270223180
4000146906031
1005001463935237
4000463539879
32891371968
1005002400668868
1005002322897011
32890704131
4000670409650
1005002271124623
32858249115
1005001792556601
4000791494008
32918599752
1005001525269961
33011979878
1005001976875055
4001328513388
1005001424870111
1005002367841959
1005002334007551
1005001864435488
4000830452759
1005001808851986
4000422927678
1005002204829981
1005001670893409
1005002243474342
4001247557982
1005001953345390
4000456251427
1005001680437539
1005002385054827
4001353209443
4000040037147
1005001881404802
4000642271500
33005961362
1005001944581249
1005002314420104
1005002011777054
32791052061
32301996407
4000096557065
1005001905320067
1005001656830292
4001315554012
33015630525
1005002394801368
1005001618522093
1005002262266966
1005002284028021
32970013923
32816615526
1005001591633322
1005002288000556
32828206176
4000908409444
4000545719767
1005002287315177
1005002206779035
4001365495970
1005001973618439
32825791093
4000305255372
32964134234
4000741242002
4000750418396
32597522409
32393708807
1005002424632157
32846692449
4001099429481
32988029774
4000086102470
33023460937
4000661101124
1005002293275725
32857577305
1005002500444765
32837734479
32953877930
1005001839786939
1005002358496939
4000437435119
1005002243359417
32901081954
4001359695659
1005002313879021
1005001535041316
1005002346745588
1005001694000566
1005002396439257
10000334796354
4000484071815
1005002233094331
1005001873290271
1005001698495034
32862295509
33043332838
1005002313793145
1005001839279584
1005002184675107
4001269175857
32747584975
4001013877687
32675770426
4000597874456
32958212913
32874167802
1005001835312670
32964291789
1005002329616188
32895394305
1005002388180250
32594731808
1005001349943727
4000996666700
1005002282805930
1005001359729382
1005002403654594
1005002033803000
4000238203004
32811572407
1005002313771850
32870036334
1005002389463744
32969832121
4000696593676
4000516282041
4001031857281
33028023010
32928433099
33001313206
33013839868
4000219750361
4000624911441
1005002347167723
1005002265445985
4000589731793
32860031674
1005002337354694
1005001490014559
1005002247155085
1005002435578316
4001060892557
32483363707
1005001693772383
4000217043570
1005002219601270
1005001787213628
33054609538
1005002280446657
1005002431274475
32832025999
32883026036
1005002054560046
1005001798055623
4000075588525
32852967247
4001321591718
4000865407067
4000624485503
32954143979
1005002394762075
32820242539
32994482865
32970964628
1005002275649757
4000449972230
1005002315657934
1005002231696270
32880333554
4000894536682
1005002426545727
4000776720288
1005002326518470
32904588937
4000705749903
33003918152
1005002341112578
33059121666
4000834689820
4000581479901
1005002324096794
32954322346
1005001640529989
4001196123160
1005002389087069
33058923974
1005002334307686
1005002281443540
4001297101082
32917577233
1005002317635942
1005001874410880
32945092758
32844441174
1005001656893335
1005002122446090
1005002314406755
32720389949
1005001953233782
1005001834522032
1005002148942368
1005002282360528
32961232830
1005002440671924
1005001515781842
4000603228773
1005001769871327
1005002452660201
4000777264261
32951633907
1005001694659387
32855360732
32976972941
32750912594
1005001453069728
1005001600608393
1005002262459950
1005002316183193
32340292888
32579067468
33024578308
1005002487382263
1005002432227831
1005002114842809
10000384972802
33051686492
1005002382846859
1005002314196233
4001364913459
32853019667
1005001515818670
1005002233006010
33058042391
4000090262622
4000663801868
4001043766493
4000926381517
4000850675445
1005002072390043
32831183459
1005002239594959
1005001586878669
1005002469110661
1005002362041748
1005001530482905
1005002162193305
1005002208166758
4001350647675
32883309504
1005001432343435
32890270168
1005002450271091
32992871875
1005001380236404
1005001274776055
1005001941915402
1005001887708197
1005002310997237
32819584175
4001085497284
4000209406706
32832512252
1005001585622965
1005001850445780
4000026327994
4000984179855
33015882772
1005002417221411
1005001599561530
32922508914
33063414582
1005002459217060
1005002356564658
1005002258586562
32844913121
1005002212978015
4000095927603
4000209987600
32859052384
1005001890380502
1005001837079929
4001025805272
4001300419203
4000225691344
1005002339437557
1005002264059219
33045856868
1005002311160197
1005001989553638
4000769862560
4000456173939
33005293412
32921131620
32967216916
1005001834394891
1005001728511241
1005002409898259
1005002171567641
4001176874401
1005001381633304
1005001736763376
1005002322450325
1005001626446375
32952088546
4001285129582
32847164114
1005001922329666
1005002100747207
1005001870395186
1005002273523033
4000434393698
32214072509
1005002387940849
1005002201278362
1005002306557770
4000970646595
1005002399894687
1005001522367655
1005002466637504
4000035931683
4000554759943
32683312360
1005002322802661
1005001977470933
1005002259973382
32998237251
1005002122424776
4001250948069
1005001368140107
1005001320774647
32790094374
32920585959
1005001548188275
1005001867284522
1005001799324581
32825698721
32844452845
33029014412
1005001558741351
1005001375089552
32952742405
4000322185273
1005002349665436
32893199831
4000687022394
32948128134
4001160650395
1005002474422683
1005002276246819
4000989473918
4000886066887
4000302666367
4001322199324
4001327495177
4000769785642
4001267535145
4000549481058
1005002449202587
1005001515130949
1005002345042609
32917602140
4001277430409
1005001494297237
1005001791603445
1005002460027342
1005001494790824
4000184175380
1005002342113524
1005001913690809
1005002302413231
1005002213095200
4001315038707
32870572889
32624446380
1005001900930779
1005002383699132
4000127418490
32942778564
1005001406164293
1005001402748238
1005001304086535
4000801057702
1005002012286356
4001293614196
32969411375
1005002314283334
1005002489200772
32844152301
32848493006
4001364307189
1005001890883030
4000805868725
1005001934650756
1005002330310488
1005001406308643
1005002247605836
1000007595624
33009602761
4000089276240
1005002122535322
4001273324048
1005002483784293
1005002239492456
4000122159819
4001317650549
1005001736325528
1005001769178903
1005002500355744
4001041942794
32972900022
1005001869569733
1005002426703493
1005002117137646
1005001737436487
1005002293764466
1005002206977379
1005001402794955
32962566450
32818711195
4000974197924
1005002173258843
1005002499042273
1005001355138542
32297793105
4000545885864
1005001710222121
1005001514178259
1005001626469587
1005002362041099
1005001877826170
32819911248
1005002350855438
4001037971670
1005002179277067
1005001744706810
1005001476630061
32702731751
1005002489073199
1005002301165545
32963619906
4000297502463
33034239772
4000818115337
32856604452
33031750801
4000020317261
1005002224699605
4000151770120
4000277652731
4001029370417
32996847862
1005002306754954
32846193477
1005002301435669
1005002070838005
33004264977
4000955827232
1005001458144797
32840423965
1005001820623137
1005001817360007
32695261071
4000025227452
4001305863502
4001351959034
1005001967445847
4000248514532
1005001922311745
4000959740581
4000986680935
32823576463
32832748350
1005002465348928
1005001560403682
32803894386
32966372165
1005002255060209
4001041061320
1005001388154666
4000804787033
32958260837
4000434261991
32953817994
1005001394408261
1005002351737099
1005001441991328
1005001873162993
4001083670746
32821440320
1005002308068729
32816045742
4000850223116
1005002271723721
1005002428298995
32854905823
32908765589
1005002352287020
1005002399555259
32676013545
1005002465772247
33004708594
32917501257
1005002029111939
33027714770
4001146415052
33006546885
3284230950532930628997
1005002086415175
4000497742866
4001117730167
1005002233016198
4001138102663
1005002027967937
4000270722078
32956366562
33023186974
1005002385123518
1005001962127019
33000502731
33048687639
32933135728
1005002033180252
1005002344416660
1005001596390826
4000959106072
1005001759582518
4000107290093
4001199136343
33040468155
4001215744182
4000373538062
1005001491465058
1005001285208758
4001055512254
1005002078846745
4000995222445
32996479487
1005002029280515
1005002436167063
4000990971084
1005002166913679
4000044056206
4000339997841
1005001705739251
32974801114
1005001600161695
4000177916715
1005002495728477
33019893668
32614635392
4000225736195
1005001956405305
32924314685
1005002264401879
1005002064076992
1005002001741651
33052817166
1005002246852428
4000129451676
33007688940
32969421380
4001032381467
1005001988680435
1005001867125624
1005002208426390
1005002233067861
4000544699993
1005002239449873
32749355405
4000089836111
1005002433208722
1005002404946807
1005002405538809
1005001302475554
1005002457815751
4001148767052
32813561787
4000780280781
1005002206139390
32824810567
1005001670472893
4001365518264
32975635611
4000032382120
4001286398387
1005002426075737
4001225242410
32926635185
1005002350665809
1005001555244973
4000850307965
1005001315336711
1005002314248191
32995680847
1005002470374416
1005001731568105
1978769009
1005001588304371
1005002099845315
32975074988
1005001921828707
32779380266
32884727012
1005002404719867
1005002248362515
1005001797888216
32996539196
1005002288818291
4001201865531
1005001986986548
32908459320
1005002136336680
1005002467141853
32913917134
33041533386
4000875277256
4001275827755
32853470720
1005001274200279
32716923540
10000395935501
1005001604333647
33011548413
4001028181957
32602311034
32974445314
33041163346
1005001677559368
1005001269844654
1005002434487082
32905769698
1005002364106963
4000662871579
1005001828535277
1005002295369020
4000691173703
1005002410847755
1005001519774750
1005001859757913
1005002269078696
1005001482778036
4000065958135
4000916396059
32959945806
4000364091840
1005001596450867
1005001672664638
32971032803
4000595778727
4000809188857
4000061483523
1005001768233779
1005002449326769
32909802337
1005002337007646
1005002490358865
1005002292034141
1005002337667805
4001328801369
33001725244
33012003334
33026409760
1005002481661994
1005002040538285
1005002471078841
4001176410106
1005002499542552
1005001505745943
4001151094874
32890801593
32836591093
4001084320726
4001262748531
1005002364529247
1005001295885084
32836152358
32803653968
4000235151874
32366605104
1005002428017940
32975556769
1005001572504381
1005001765653079
1005002388609739
1005002443503153
1005001953627203
4000031417037
32868713124
4001256284613
32921354473
1005002185421933
32982577415
32951291399
32970944919
1005002331104096
1005001779952002
1005002274599958
1005001957492481
1005001525365849
32539232479
4000619264590
1005002287246996
1005002340152507
4001150247480
32914509740
1005002331744319
4000732736519
1583361822
1005002314456740
1005002318167302
32952319982
4001223342489
1005001580303573
33053717584
32832880176
1005002329803578
1005002314484885
4000117678355
1005002307688086
32410335047
1005001322021638
