1005002087428121
1005001524498261
4001280829498
1005002489270414
32666143419
32901370261
32920407157
1005002121445633
1005001640449355
1005002466983768
1005002254091176
1005002129317290
1005002014100600
4001047174399
32808059283
4001309308188
1005002018145874
4000040092847
1005002448876016
1005002419896402
1005002112571994
1005002468966550
4001132004509
4000955762549
32782317650
1005001500675755
1005001863226942
32995496014
1005002484471031
1005002296102464
4000489433009
1005002358233823
1005001817133156
32861689741
1005001271522695
1005002454349442
1005001370010315
32901391072
32609655557
10000345637102
1005002174393991
10000001078608
1005002333124023
1005002434035784
4000307741607
32893279366
32949321271
1005002270247521
1005002340476086
4000594957613
1005002342245190
1005002282591562
32994144936
1005002263547179
4000176061675
1005002373523452
1005001501206373
4001243944891
4000739607546
32899175740
1005002279120333
1005002463362166
1005002329265609
4001178896390
4001324582555
1005002194535388
1005001482746084
1005001612661665
1005002480001537
4001250435810
1005001859140852
32504489254
4000662348667
32843437679
1005001696223198
1005001928021395
32817869533
1005002313955677
1005002367458321
4001018337399
1005002307035943
1005002027283967
1005002270475937
1005001839201374
4001038664293
1483128224
1005001793774270
32801748118
4000843838136
1005002250169345
1005001639800494
32945488775
4001345312229
1005002262469357
1005001501395719
1005002326810688
33037525913
1005002355913280
4001230426033
1005001324808682
32970026291
1005001278981822
4001361663032
1005001506586442
32857997671
1005002141069605
1005002136365438
1005001770477054
4000848800562
33001038388
4001000457737
32624315097
32892407582
1005001493713555
1005002275469898
4001053228637
32534219033
32560334476
1005001908982643
1005002256847258
1005002412195674
4001109977756
1005002139701391
1005001329798444
32963928504
1005002220599723
4001128889904
4000470192880
1005002310369580
1005001429391600
4000944758059
32979105365
32920799121
1005001742680270
32897802303
32878961591
32891430262
4000955841964
33005080973
32827603941
1005002198536944
4001026737249
1005002224485393
10000004718434
1005001796992162
33038909023
4000230955796
4000545771784
4001228669004
32855180943
1005001822355408
32916494964
32864060047
1005002292758407
33029817661
1005001670708772
1005001675470052
1005002396423695
32841790860
32788319469
4000015786638
1005001830235786
1005001877294453
33001580409
1005002469570092
4001111980537
33038852576
4001283633976
32852071379
1005002322128461
1005002460059365
1692421075
4000314590576
4000299581061
32836214255
32959607627
33062186851
4000347955565
32983618266
32885849333
33037240186
1005002239389011
1005001830775008
33024708276
1005002394177691
4000433924798
33024260354
32900948098
4000027566137
1005002115127192
4001133897744
1005002448755932
1005002287815558
1005002317267419
32944073382
4000310259948
1005002038805986
1005001798793304
1005001815351782
1005002246283306
33026130039
1005001518344828
1005001646095784
4000690992128
1005002328129803
1005002256982288
1005002381711095
4000960026059
32904517592
4001323486293
4000834099811
32855984027
1005002352931338
32990084213
4001153219927
32973956964
33031168690
33012381375
32915874775
4001150308386
1005001692807894
4000207962974
1005002268031572
32824696852
1005002208433491
4000948343723
1005002026849764
1005001756765249
1005001374578338
4000453357060
1005002346859211
1005001361673127
32877622904
32859821418
32601438474
32348888098
32926343211
1005001869717419
4000324939639
32919868617
32676298364
1005001446947897
4001286328641
1005002221406617
4000926160350
1005001299936698
1005002382944349
1005002235047994
1005002352238926
1005002316342382
32821183062
32804542495
1005001346195845
1005001619148137
1005001632705688
1005002053507404
1005002165870671
1005002352792843
1005001426283505
4000495389077
33052214301
4001224743092
1005001481819692
1005001478464498
32824727756
32909285518
4001135907777
1005002255482838
1005002316404910
1005002291217785
1005002441036568
1005002443510548
1005002316447997
4000879834777
4000185851484
1005001525998571
1005002396578606
4001251758455
1005001792980576
1005001458106794
4000220993286
1005002405555505
32921183925
4000930627227
4000941104449
1005002329486293
4000427700421
1005001580950187
1005002179800448
1005002348819362
32950599773
4001361134284
1005001981143411
1005001645550809
32853294327
4000402151898
32701124064
32386097077
1005001540643565
4001174903210
1005002496842861
1005001305226310
1005001552338039
1005002369995740
10000027445447
1005002287889333
1488215842
1005001474880357
4000875107494
1005001896119617
1005001591374847
4000789436275
4001236909273
1005001632254842
1005002053283946
4000731124838
4001194384881
32610687973
4001274334262
33012261877
1005001478127346
1005002039484598
32998360574
1005002459867593
1005002329448363
4000291666579
4000985674061
32846020463
1005001329754931
1005001742791752
4001002836009
1005002396087892
1889797346
4001289779164
32993131337
1005002024458851
1005002286894215
1005002450507194
33044556836
4000273445082
32808857343
1005001817869315
1005001609649528
1005002270371625
4001120723071
1005002364545926
1005001575323655
1005002365960307
1005002329407446
33017134059
32788494279
1961745223
1005001264894119
1005002292507530
4001064377599
1000007695191
1005002325417386
1005002316926213
1005001282537439
4000755125889
1005001413103622
4001157033327
4001169762607
1005001864005484
4000778751514
32990501619
4000933166694
1005001972654730
32978007384
1005002374522278
4000318287562
1005002449737486
1005001334409488
1005001630777744
1005002419165484
1005001909851488
4001322110567
1005001307193806
4000851103981
1005001842811989
4001111272387
32963824892
1000005952516
4000096289842
32859328226
1005001385940659
1005001664650271
4000618894128
32798437849
1005002229620392
32848519651
1005002279965043
1005002332380916
1005002060552765
544220868
1005002341336888
4001352712749
32852040454
1005001365525235
4001215896273
32819315751
4001222667867
32990110311
32615293188
4000480837400
1005001689346077
1005001288487350
32826245120
1005002372366945
32958878823
4000421897858
32964099805
4001217696733
1005002363903590
32913814849
32974268662
1005001878862220
1005002214178323
1005001525468089
1005002426278141
32983427126
1005002028740858
1005002014303650
4000469137822
4001130571044
4001230282251
4000876978928
1005002172115054
32863683307
4000105253960
1005002239130963
1005002207268401
33062015723
1005002242138699
1005002301030586
4001270735107
33017116140
32840833896
1005001433942886
1005002368188357
1005002373107474
4000852737013
1005002443159065
1005001848824854
1005002172069021
1005002443632647
32956798241
32464837541
1005002437653115
1005001948666606
1005001842892063
1005002306213155
32849891165
33012082762
33019367100
4001231727577
1005001962883239
1005002387223944
1005002421320096
32986527831
32974740380
1005002081101447
4000269239645
1005002125155839
1005001510862527
32919462673
1005002129164175
33000729678
32952464638
4000153836123
1005002399081399
1005001731971156
32905977807
4000025063335
4000236258234
4001257790082
1005002319261832
4000480059482
1005001616859236
1005002376950146
4000969209300
1005002427882387
4000998806159
1005001825394123
1005001562588637
32975398460
1005001367519526
4000741416033
4000843236486
4001334450899
32887062887
1005002110350311
32864374370
1005001584682614
1005002234630180
32701422934
1005002484412486
1005002286061178
1005002134492727
4001249962436
4000049486320
1005001552417359
32996990271
1005002357810097
1005002360118294
1005001834566916
1005001316304043
32952616849
4000988186774
32814436273
1005001966350626
1005002246839000
1005002246346365
1005002072249566
10000012723466
1005001545342075
4001054836622
32869478316
4000687678431
1005001313426551
32971443513
1005001350795195
1005002312442917
1005002347349300
1005001622921634
4000252490582
1005002277898442
1005002192093378
1005002414033491
1005002264620402
32854432903
4001058125652
4000434164674
32847645896
1005001949161735
1005001759424131
4001075724265
32609024931
32885299885
4000259945166
1005002262388813
4001041185181
32858302568
4001208371869
1005002288063524
1005001954590031
4001069277499
1005002295235926
1005001585803137
33007158692
1005002351789003
32990132877
4001054318011
1005001922533684
4000205859732
1005001400232507
1005002204499873
33038632626
4000517172705
1005001774735258
1005002337148779
1005002287520075
1005002408422017
1005002329790977
33046115374
1005002083764980
1005001444488367
32967366167
32996510660
1005001289804168
4001156017162
1005002313302840
1005002469407865
33022740916
1005002103513571
1005001912782132
1005001316655244
33027820502
1005002376201362
4001308833683
1005002054890623
32852584669
1005001770150094
4000460654220
4001062546841
32802893553
4000005733581
32981752551
1000001534316
10000000708006
4001227043932
4000538448611
1005002144221497
1005001942915756
4000378439844
1005001853361020
32879913141
4000576946423
4000506024407
32699417920
1005002361499564
32332177796
32965971334
1005001614747425
4000738884482
1005001893935935
4000801874079
1005001501346219
1005002370780499
33010648539
1005002227985208
1005002096679805
32954862725
1005002419942785
4000850667777
4000549798631
32871034642
1005001343299441
1005002056734263
1005002346256397
2055075711
32996297951
32850458334
1005002191812087
32961262704
32946913489
1005001406538209
1005002399616272
1005002059355974
4000844257479
4001354692560
1005001519419031
1005002346367082
1005002384027900
1005002213053186
4001275894921
4000310713239
1005001860256574
1005002216638338
4000837407279
4000800042540
1005002400529628
4001038536681
1005001527813645
4000465727476
32967081959
1005001775667844
32787330151
33005524477
32923179229
32975249966
32989593811
1005002361128469
10000306898312
1005001446325177
4000618754383
33027958503
32829408534
1005001950164299
1005001865108705
1005002225947536
1005001278703105
4000029976152
1005002390127504
33004393530
32857835117
4000321304110
1005002235673253
32947934153
1005002158472837
32848771072
1005002245583783
32818809618
1005002431150433
1005002203660242
4000805964684
32889048818
1005002266605980
1005001504074057
4000393636574
32809423745
1005002346518528
32954911518
1005001759610785
1005001702698398
1005002367171199
4001069460220
1005001495784476
1005001882382362
1005002382145912
32298604886
4001116271759
1005002285987302
1005002347645429
1005001576765108
4001197171585
1005001273773974
4000317943466
1005001839443416
4001316899434
1005002485177024
1005002386662521
4000357602302
32779067535
1005001774367909
1005002306069141
32962143965
32597755651
1005002089427483
4001197866018
1005002378096523
33006683436
32859378373
4001286235725
4000966983590
10000028341189
4000299860163
4001099490008
33002578456
1005001808980103
32975354203
1005001767658861
1005001541289557
1005002363878612
1005002276687856
4001214234552
4001283133985
32657846971
1005002356961257
1005002381941530
1005001921396154
1005002186997505
4000705689486
1925159517
1005002265166549
1005001509741381
1005002363525344
4001283537380
1005002431125006
1005001780497960
4001191207480
4001144803666
32864269883
1005002404428348
1005002247121128
1005002489970196
4001350185495
32237815100
32835203140
1005002030776444
1005002371911240
1005002268762755
33055643679
32916980549
33023934290
1005002384363254
33015579984
1005002214056669
1005002315330799
4001192226403
4000556712109
1005001439185228
1005002168719026
4001224108293
1005002180931520
33004416495
1005001708064919
1005001398843005
1005001639688283
1005001626266668
1005002246482776
4000823627068
4000442586808
1005002004799711
1005001677365430
1005001465128305
1005001426990015
32320814498
1005001736766169
33007514877
33035772197
32975491039
4000138945742
32760498832
40013454197301005001528926138
1005002247438971
1005001295741181
1005001901742623
32806548721
1005001343371065
1005001525385661
1005001744129828
4000299613675
1005002244651384
4000801599066
1005002066207970
32893592229
1005002375175288
1005002322611544
1005001648312389
32859276861
1005002028531291
33004333620
32963587133
1005002225872619
4001089723005
32866816760
1005001402840288
1005002258915789
4000931168892
1005002409968419
4001042570090
32823653126
1005002279019722
32982456304
1005002495803810
32854320172
4000273160049
1005001922908054
1005001664763466
2019891069
32905448131
32739610723
4000966194042
32841466165
4001356902334
1005002344953476
1005002263326937
4001192428306
1005002485190114
33016639704
32876758308
1005001867242780
1005002134033035
1005002383240344
1005002384209046
4000918847034
32914116102
1005002122326662
1005001862416912
4000196048456
1005001580753266
1005002408383453
10000371562181
32862349994
32967724183
32903591185
1005001666925784
1005001614557624
1005001917645379
1005002321287007
1005002028002951
32832596347
1005002241456771
1005002301557735
32982899722
33048854004
32789202732
32994428145
33030870605
33016624756
1005002226012676
32856782897
32497905474
32876286269
4000175884267
1005001869141496
1005002316118794
10000085139817
1005002328392722
32573987698
32922933424
4000922488749
32830821547
33018319833
32895017573
4000783161470
1005001406799955
1005002167200188
1005001872768128
1005001630757416
1005002372024201
1005002265437080
1005002423608901
1005002286164977
1005002039520222
4001277498277
1005001962140466
1005002375016179
4001245001046
1005001940082008
1005001983076029
4001061116887
4001278818764
4000173528650
4000070598283
32862271139
4001063010750
32291870428
32918528141
1005002024181148
32895365518
1005001888642369
1005001869152448
1005002319844132
4001302269336
1005002242879556
4000669083293
4000595560688
32850741145
32897781901
1005001298007103
1005002497353997
4000419998898
1005001510597911
4001188701275
4000206148624
4000786432154
1005001451625541
32964157188
4001360767250
32849105651
33039193866
1005001899527286
32930672011
1005002287898638
33062402385
1005001730892350
1005002342582436
4000326650262
4001365305965
1005001922710669
32964776641
1005002371646692
32677691827
1005002383212225
32856146179
4001278959525
33013736107
4001365242468
1005002296813197
1005002317795735
4001094604854
4000463554876
32956457627
32843430303
1005001300121985
32858979053
33036751368
1005002314661004
1005002401769259
4000955029285
4000436409547
4000764140387
1005002411859530
4000894297418
1005001446011165
4001359840098
32948799513
1005002449823196
1005002336952709
4000569202299
1005001942755930
1005002247318682
1005001966482564
32392886569
33028611897
1005001680506750
32909296588
32978021873
4000129666719
1005002474937065
32968204094
4000549312601
1005001779586831
1005002308987730
1005002320723976
4001031327478
32914037599
1005001807327097
1005001511534871
32901844606
32833335350
4000130757185
32955281593
4001213603519
1005002252145226
1005002352640270
1005002474334404
1005002258650327
1005002440977493
1005001285186874
4000250551643
32923527719
32868905830
33003698918
1005001326299440
33055492745
32791856128
4001333183004
1005001876541970
1005002113116861
1005002111929429
4001082571970
1005001580026372
1005001835285144
4000136964620
1005002409942972
1005002199028321
32953157541
4001294647078
1005002426342881
1005002478709181
32277959042
4000607153915
1447458798
1005001893779912
32829731502
32828728489
1005002329457091
1005002475428225
1005002319275374
1005002001553597
32646133290
32761146084
4000226922848
32854803429
4001183168078
1005002459601283
1005002375343544
4001281960522
32948135520
32849222063
1005001850692282
1005001570944853
1005002322669960
1005002034397796
32849252345
32769788195
4000248950929
1005002238749660
1005001598488498
1005002330898637
33040350668
4000237180374
1005002104447868
1005001598009885
4000629327665
1005002172222002
4000844935513
32853578712
1005001726892510
4000314179596
4001037440784
4000244476293
4000258031102
1005001367604962
4001210741323
1005001997014570
32794677582
1005002333524139
32921632077
32506017288
32806763327
32922659415
1005002275560328
1005001817022545
1005001355111725
1005002289104417
4001257614108
4000642313720
1005002409881540
4001199717466
33015394054
1005002425527979
4001210584967
1005002326569914
1005001792900995
33007239995
32320196513
32898408599
32754363812
4000284212866
4001200976358
32881745649
32886613318
1005002314113052
1005002051615164
1005002428599198
1005002388439041
33028111221
1005002246339113
4001244004726
10000423241898
4000773893104
1005002279294606
4001251745590
1005002207340091
1005001966506425
32989500003
4001293781600
4000234654198
1005002326639886
1005002148244876
4001351189263
32967303824
1005002341800845
32697785228
1005002292587241
1005002252184783
32800478413
1005002213465942
1005002490641290
1005001559850057
1005001824388797
32831731080
1005001658392055
1005001357266283
32968955875
1005001600142884
4000722627447
1005002112216314
4000898722148
1005002122502498
1005002166513620
1005001896179119
32970236148
1005002287945958
32889534940
32962283822
32690300631
1005001363042635
4000558306739
1005002443720270
1005001265549635
1005001458484867
4000038981152
1005001900266890
32670926758
32879944267
1005001878650172
1005002377763624
1005001451793302
1005002377765061
4000990438715
4001299991613
1005002304979621
1005001274062703
32970632677
1005001774271791
4000905507567
1005002111411081
32850095056
32909924070
4001019017908
32794986175
1005002255802491
4000277065286
33039505549
32814922058
32748397947
1005001369488234
1005002467578061
1005001386858270
32978932017
1005002033272184
4001257316650
1005002167968272
4000279020278
1005002384686508
1005002342554245
32872795951
32793597228
1824300553
1005001525287694
1005002388683977
1005001501512075
32895048543
4000849687548
4000575781927
32893677581
4001165685549
1005002275939003
32648778589
32922044859
4000089939800
1005001835834522
1005002394439235
1005001897665872
32890371536
32837021127
4001325992942
4000965903638
32993109024
4000112797519
4001031199535
4000931389173
1005001942796989
1005002256029559
1005002002099836
32869802733
1005001417799564
32845462353
32899727236
4000116630733
4000970889120
1005002387494259
4000047987772
1005001515483973
1005001728270742
1005002314385850
4000532980337
1005002361345583
1005002021631097
1005002238815109
32950021145
1005002027951749
1005002316781934
4001169742444
32916949750
1005001923739318
1005001369299177
32640093442
32840839483
1005001515253701
1005002386260210
32885900242
4001217170537
4001272081724
32975178900
32821441261
32673452519
4000235450396
32925659077
4000207085765
4001218894979
1005001354489130
1005001985635234
1005002139058420
32949023803
1005001737188326
1005002439995441
1005002103294765
4000994105631
1005001902404218
4001264131334
32840451640
1005001935905257
1005001367689409
32712759357
1005001687978618
4000108670539
4000543588838
32863465121
4000123066929
1005001876829231
1005002305720606
33020520337
32673515728
4000070376758
4001057089731
1005002206118943
4000033205691
1005002377457849
1005001848354415
1005002001941144
33002975666
1005002227609770
1005002044673729
4001362673108
32869109866
1005002490493386
4000225084121
1005002280847902
4000308098648
1005001699849537
724095009
4000525337721
32987184486
32999816711
1005002390251675
4001173226387
4000089933014
4000982647254
1005002324166006
4000324743391
1005002042959926
1005002350558438
4000183460662
4000178089410
4000151656993
1005001687405835
1005001290615692
1005002144285100
4000698565956
1005002337106366
33007945225
1005002315514414
4000773993283
4000024174323
2041637881
1005001424708622
4000944647759
1005002411829221
4001350792333
1005001812295244
4001043710438
1005001532211060
32891981894
32947373109
4001248765783
4001112611472
4000654530646
33008085502
1005001769638792
1005001890217257
1005002375631761
1005002167427514
1005002406349071
1005001900573833
32996002566
4000755830223
4001208731009
1005002431460327
32970992527
1005002262222719
1005001295679564
32812952145
4000955848961
1005002312636768
32853064392
1005002344151808
4001252700177
4000472641223
33038025324
1005002170900886
4000029062564
32652688209
1005001973868966
32955080194
1005002206403947
4000829625741
4000939722426
1005002395505773
32792780544
1005001416699280
1005002160196013
1005002377555416
4000771170594
33055149081
1005002499936033
32814991292
4001049832871
1005001873354561
1005002353310919
1005001288247676
4001086373460
4000435447356
1005001330897532
1005001957050747
1005001972509381
1005002053043875
1005002264094951
1005002312142520
1005001726187196
33000106349
33034271807
4000730420028
32917984282
4000834715605
4001177807997
1005001397629543
4000837573290
1005002419222010
4000594841254
1005002286587857
32996060253
1005002404078573
32249791478
1005001418468022
1005001589278413
4000723454918
1005001900251649
1005002286122894
1005001525286996
1005002432294119
1005002451140726
4000945505942
1005002418581921
33016536421
4001337858348
32973116704
4001204634704
1005002324342633
1005001670973264
1005001460447493
4001347767071
32880650476
4000660296328
32835182643
1005002459208941
4001179799653
4001218174632
4001263449882
33005015073
1005001271552298
4000213846735
1005001689419718
1005001658496745
32958594332
1005002449750185
1005002316211974
4001114978129
4001294543874
1005002287119157
1005002490576466
4001249255094
1005002395453892
32804313854
1000008134604
32475049821
1005001466339389
1005002239036083
1005002255120150
1005002474132126
1005002500076060
1005002205633034
1005002130088899
32951196435
1005002304577381
1005002244796542
33004536206
4000770198837
33048777963
1005002239345779
1005001488751871
1005002399017902
1005002072557182
1005002012254429
32800012963
1005001775562182
1005002376250957
1005002024539230
32992588385
1005002384770350
1005002285775181
4001240812914
4000278262327
4001345708512
1005002485642842
10000346455417
4000833761061
33052449117
32961076431
32858536713
32760144480
1005002235828514
4000918969188
32855926780
1005002142241345
4000701211657
1005001710446368
1005002218931895
1005001310004421
4001181769170
1005002386604771
4000433347100
32916422322
32238069731
32397630218
1005002357830663
4001026917100
1005002317094192
32770029948
32867538737
33032954212
4000036095626
4000944472990
1005002394250767
1005002244976389
1005002363510945
4000007047774
4001230440012
1005002329646981
1005002051204781
1005002101841492
4001025540727
32842974383
1005002443684233
32968748486
4001012652343
32451554564
4000267802507
4000265893017
1005002368521676
4001026662956
1005002246169961
32608800816
32948964498
32857007032
1005002105429542
4000898869108
32979663261
1005002387753981
4001301530853
1005001482833266
1005001981715348
32856901183
32623623118
4001021418709
1005002306825231
1005002477470821
32311665750
1005001547398942
4000812230466
4001275020321
1005002382603337
32383383172
4000595888057
32932699011
32970274094
32902059405
1005001990303695
4000284657120
1005002329119418
1005002376698319
1005001673662879
1005001470806078
1005002278120207
32976747241
1005001676860090
1005002453348256
4001247871781
1005001658807506
4001255103191
4001278813850
1005002395331226
1005002287180279
1005001288195062
1000001330636
33027533547
4000546040568
32854947534
33011573165
32619536936
4001024970076
33039974198
32927650664
1005002315594770
32807478248
4000223011005
32869513968
1005002364159324
4000058584410
1993473186
1005002217744666
1005001345451974
1005002288328285
4000217123625
4001230092141
1005001896134269
4000590219438
1005001835655783
32993625189
32805580919
1005002090889150
32827585493
1005001907077862
1005001946604255
4001229731800
1005002167470500
1005002258576044
1005002392458917
4000249742918
33049818690
4001032069416
1005002119088580
1005002224032169
4000281462728
4000280676773
33052983766
4000285879062
4001075295894
1005002446808987
1005002310772078
1005002261407823
1005002102205324
4001313088572
1005002315829885
4001364394131
32803811533
4000693370617
33052519573
1005002312155794
1005002384840458
1005002266784291
32966515791
1005002439762533
1005002252267741
1005002051245651
32541250223
1005001338933790
4000569798735
4001358527729
4000221548517
4000237758983
32976894441
10000408399525
32800342121
1005002348225307
4001220579240
32985588337
4000967803416
4000268818869
1005001463563331
1005002304063437
32811589521
1005002035783107
32981309098
1005001452377799
32962484400
1005002303702462
32893255687
1005001274495482
1005001286445634
1005001680664809
1005002364300742
4000729120610
1005002314535386
1005001864960725
1005001997234829
33055325128
4001212630269
4000196542316
1005002361710881
32810103144
1005001505449389
1005001407485714
4001244679810
1005001670557559
32788903248
32949566568
1005002276523894
1005001598735927
1005001723500097
1005001647903360
1005001895270525
32844706309
1005001556846990
33003395204
1005002396017823
32858917870
4001081472193
1005001867777544
32774874381
32799115206
32845899773
1005001779347646
1993248456
1005002218734280
1005001973308494
1005001818384045
33059010445
1005002350696641
1005002357672158
1005002296889890
4000386924147
1005001829929456
1005002298142228
1005001775478759
4001351464456
1005001586756376
32969583177
4001217536253
4001160148780
1005002377308675
4000296515514
1005001793217200
4000708559206
1005002364099057
32968858746
4001233103558
32958150130
32849146674
1005001525293919
1005001973064742
32985568868
1005001657633690
1005002019007170
32724530510
1005002393469904
4001237821471
1005001562619397
1005002344807041
32798789736
32900850621
1005001530717168
1005001633889494
1005002423670923
4001296664475
32974352646
1005002491012795
1005001488941055
4001270888297
1005002318348649
1005002419209813
32801206964
32891790783
32399300135
4001205032724
4001226078392
1005002391465842
1005002381805642
1005002048917962
4000725208928
1005001524729882
33045311690
4000489249331
1005002079970090
10000022856063
32690434642
1005001547708252
1005001397126832
32329385518
1005002387992374
32699234211
32845987709
1005001975097595
1005002034558221
1005001981038127
4001207500884
4001260127490
1005002481028608
1005002428142725
1005001364761342
1005002462016099
1005002232522109
1005002480188840
1005002254951131
4000382837337
32417160774
1005001994139713
1005002454349229
1005002254364465
4001316925474
1005001515863764
32890833696
1005001656910834
32950745480
10000395871267
33045826391
1005002460063634
1005002448417569
4000113576712
1872405238
4000238937381
1005002353288604
32855339757
32949297248
4000419628824
32706626361
1005002400425756
1005002336567796
4000442336983
1005002438666637
1005001725450571
1005002383099583
1005001840852405
4001328716911
1005001450628319
33033304180
1005001680079195
1005002404640475
32968316577
4001061875331
1005002494945434
1005002271784161
32835894754
1005001376005957
1005002212702321
32983225886
1005002286908503
32842273007
40012330187051005001987742625
1005002347134136
4001359777241
1005001834699484
4000218458724
32790854403
1005002427826746
4000937429723
4000546640847
1005002207450853
1005001555352317
1005001513116428
1005002008050946
33010468025
1005001961292549
32949700276
4001242633290
4000641179330
32757540584
1005001731239210
4000405280127
1005002301122917
32810688698
4000433867896
1005001543277853
4000192519068
1005002064987846
1005002087334466
32630063283
32808626057
1005001693834900
1005001393777902
4001204949344
1005002466095679
1005002296592767
4000814746851
1005002487996437
1005001762977989
32494811546
1005001504456810
1005002272051476
4000599892283
4001228713158
1005002290939654
4000943783237
1005002003843366
1005001718124529
33044151532
1005002406807240
1005001804380039
4000869746867
1005002466129576
1005001665834160
1005001487090412
1005001677097883
1005001966469889
1005001639315477
1005002358717718
1005002336207915
1005002457716076
4001234271744
1005002477275762
32884815709
1005002275109929
1005002410862452
32699378989
1484533550
1005002260480487
1005001793170413
1005002392842675
4000245858330
32843445768
4001072076535
1005002393400984
1005002316082137
1005002094557486
1005002271847156
32866643635
4001362566081
4000341257800
4001110805450
32797550396
1005002181596004
4000066736261
1005002381342858
4001361510972
1005002286186039
32739196401
1005002314214983
1005002267584559
32623718451
32952021424
1005001441486239
4000828225814
1005002359803756
4000840068609
4001149323048
1005002072533361
1005002419068173
1005002069473611
1005002286449239
4001166267493
1005002453676179
1005001287988727
32878470987
1005002222281217
4000867622184
32814517038
1005002281156443
1005002454407489
1005001278412734
33003046784
1005001984892980
1005002490493154
4000188427466
4000229810290
1005001550107702
1005001848948876
1005002115402730
33003716640
1005002066248770
1005002355753057
4001282436066
4001258738214
1005001937806498
1005002255130343
32990665131
32891182486
1005002297420772
1005001566319927
32668716033
32993510026
32826920008
4001081232570
32811447717
4000747906079
1005002497322456
4000731239184
10000146697522
33002364973
1005001748060747
32927092566
1005001933386424
4000889572792
32848777570
1005002356022515
2017378083
4001208758286
1005002265481113
1005002490214030
1005002457888192
32996041212
1005001966555819
1005001732315661
1005002314820335
1005001968404681
32857291059
4000320998936
1005002256945098
4000070809855
10000016020104
32868844557
1005002369141873
1005002332685723
1005001672705946
32999197654
32556188639
4000847884356
33001041467
4000661075792
1005001341284860
1005002071468532
1005002468108636
32998943335
4000402888476
1005002212873068
1005002038602711
4001081996169
1005001715627006
32997229544
4001223811025
1005002207552330
4001043420275
4001346580979
33017308632
4000239574979
1005001774978862
1005002448852208
4001106359753
1005001495336911
4001333498409
33023293664
4000637046373
1005002386977204
32563552534
4000919985586
1005001933737242
1005001617180243
1005001554528948
4001365558484
4000806201251
1005002271293245
32985828139
4000076114525
1005001664434140
4001009970905
33056572126
1005001859680728
4000843341352
4000631808457
1005001386817178
4001086591855
1005001607645118
1005001815064014
10000350972301
1005002210520450
32818997466
32883471440
1005002362458064
1005002393024750
33024148225
1005001708036777
4000902895213
4001226579377
4001365019425
1005001525349768
4000890740489
1005002262389730
32850400911
1005001646483999
32885092572
4000410420103
1005002339605561
1005002307763460
1005002404303190
32536779515
1005002182121511
1005001861250315
4001027544118
1005001915695626
32821667785
32909087309
32791074422
1005002028212597
1005002373323563
32923527148
1005001681730071
33027169596
4001054901992
1005001821684198
33038743906
1005001670074098
4001032622926
4000714463590
1005001354376174
1005001320269640
4000937408874
4001115695832
1005001607561466
4001305881040
4000791529713
1005001329833420
32843887905
1005002350735547
4000050417426
1005002469906747
32857025728
32973802328
1005001515544639
32367668201
4000666128260
1005002263949227
4001332198517
4001147429170
4000295846061
1005002298783313
32721772138
4000787832365
1005001506559978
32962623265
1005002293556282
4000582381909
32824753805
490029143
4000979370736
32819272943
32840225005
1005001423238628
32917689845
1005002463306095
1005002252477765
4001042636612
1005002286356514
1005001270474451
33024782667
33005359780
1005001933429964
32765084869
1005002332170314
1005001711070238
4000469922078
1005002431539307
32703980363
32782809641
1005001385481061
1005002348442978
4000078636378
1005002363995220
32807115353
4000474686997
32973798324
1005002211138655
1005001890594668
32842920678
32633481018
1005001857127828
33012747013
32914956098
1005001290805271
1005001639851956
1005001957171863
1005002220364954
32699766169
4000028260116
1005002314940236
1005002356925620
32503909349
1005002220063388
4001308033302
1005002310571357
33039739165
1005002220587711
1005002144130833
1000004960165
1005002328070770
32251167000
1005001867365378
32979977061
4000975582311
1005001956713607
4001283444494
1005001567736763
32377430133
1005002148757108
1005001903708574
1005001708815105
1005002428095413
1005001997404393
33034263568
32976619311
32858655531
4001136845479
4001126306240
4000779970243
1005001592582091
32898151422
1005001640153373
4001225210642
1005001429726454
1005002319014388
32856203848
1005001541745425
4000006479269
32952911180
4001220067434
1005002408937185
32361760721
1005002476723968
4001095760235
32826653269
1005002274807039
32850247260
1005001705329133
4000319058338
32966355835
4000819703291
1005001475069014
1005002298175370
1005002315894186
1005002424893061
1005002337321814
1005002302122570
32955531786
32346299891
1005002178300408
1761151912
32608063598
1005002298033204
32963342741
1005002382198032
4001227708520
1005001543203429
32828034225
1005002290896781
1005001522130920
32964308914
33010888560
4000881488652
4000983456419
10000251383143
1005001705052308
32378374183
4001242537859
1005001436100020
4000693880297
4000063114533
4000540084193
4000561927695
1005002176640566
1005001265378342
32824313854
1005002289583332
1005002319187704
1005001780973657
4001143376886
4000495768603
4001090503890
33013365595
4001253320997
4000135745686
1005002314032311
1005002150421101
32346957969
32989687696
4000715162029
33029557977
1005002376023909
32918613166
1005002245698258
1005002352689654
1005002454338014
32967257454
1005002313825453
4000532027595
1005002432856666
32859073008
32990976861
33048167832
4001229973158
1005002417130928
32983141802
1005001544614290
4000783863898
32879393221
32921582022
1005001942101169
1005002372633805
4000546643546
33050771134
32921268325
33022440030
32941073623
4000517268688
32968077833
33061463483
4000858916923
4001150602337
1005001387832230
1005002328109723
4001075642722
4000342107352
1005002334549397
32835152857
32849228235
32978493837
1005002404343834
32835961133
32987500967
4000543737610
32959500347
1005002395797281
1005001887669322
32986846940
1005002043569369
1005002273242977
1005002419316342
4000659607220
32982486308
4001145846572
4001106344337
1005002228965599
1005002327885466
4001053076580
4001164395672
32974967042
1005001946189693
1005002047291480
4000944391895
4000314590478
1005001572122660
1005002249426327
32947805806
1005001700877638
1005001621370220
10000032946728
1005002358736098
1005001696433301
4001156758964
1005002346304738
4000828667589
1005002301505875
32948277769
1005002337153089
32856269631
1005002382383289
4000429000390
4000235525849
33010775528
32951872564
1005001803595819
1005001446061999
32996919552
1005002070577702
32839070796
32910811211
4000051410007
32896039563
4000044580643
32851207385
32813185874
32901013877
4000090155482
33053015757
32961454052
1005002317554867
4000760270890
1005001302413490
4001028170556
32824213018
1005002272594882
32789195013
4001240225687
33039417572
32843214913
1005002320580369
1005001391852844
4000243227461
32778371339
1005002399984213
33030038893
1005001525552162
10000329130400
4001061556413
33027792867
32965176330
32851631385
1005002319129214
32815787473
32906485690
32951634585
1005002438825511
33033250380
33006162370
32998993493
4000982255200
32831600442
1005002378785523
1005002395129899
33032979876
32850443624
4001038404849
32934787028
4001224056637
1005002331037464
1005001447065734
4000784756998
1005001871328787
1005001975502874
4000843243508
1005002468825669
1005002262865696
32821013729
4001010778369
32955545938
4000402199840
33030006594
1005002498925777
1005001512300321
1005001415107890
4000640995362
1005002207615658
1005002352189692
1005001359641156
4000696758052
1005002434803736
1005001617042582
32759803410
1005002162104910
4001290941599
1005002390868355
32775465227
4001139666774
4001064974231
4000499217579
32923415669
1005001830310222
1005002252466686
32847193386
1005002396018007
4001284707510
1005001971103569
4000993793281
32980098819
1005001515940538
33040153511
4001179075330
33038152595
1005002460041834
4001230835424
4001159702942
1005001874597097
32964075919
1005002344230484
4000018759158
1005001622095536
33053114497
32953401712
1005002239877368
1005002314420600
1005002467474038
10000397729952
1005002346045768
4000013250924
1005002327700716
32854750616
1005002328178338
1005002244944474
4001032023856
1005002259566527
1005001375778602
32996934900
1005002459541577
1005002051561728
4000851684154
1005002206336173
1005001637889876
1005001344838500
4000443204823
1005002268864484
4000262812528
1005002354378351
32908214835
1005002125460468
1005002014786331
1005002242198239
4000466096561
1005002394769529
4000990252053
33051146929
4000852136607
1005002252644014
1005001351196426
32927694428
4000350020978
1005002243967503
1005001656471934
32833611782
4000033622240
1005001697721899
32693161440
4000170392276
4000666581101
1005002060713673
10000046657566
32914877851
1005002389410568
1005002452682320
4000069234398
1005002090050637
1005001978240162
1750452489
32888158144
1005002420379828
33003713385
33028906390
4000868735655
33015567495
1005001599156627
1005002101753180
1005002313436056
1005002345834653
1005002289651561
33035400652
1005001265136527
1005002168263066
32763486826
1005002225056898
33004381412
4001039999915
1005002075293592
1005002496134291
4000357100882
1005002458682625
32918653878
10000315938183
1005002406079577
1005002219822717
32841968611
32810175066
4001083602629
1005002324172284
4001151969628
1005002120999879
1005002198316976
1005002466136785
32706891684
1005002441739414
1005001525540269
1005002357559018
1005001980369039
1005002302303127
32926606095
4000731209795
4000183186324
33042232040
32849196329
1005002281307142
4001159925459
4000138722245
1005001953761344
1005001831377429
32835721218
32969855381
1005002198696751
4001176703210
33047160012
4000836082346
1005001626645963
1005002053962889
1005002389813258
1005001393150702
1005002283427760
32989095861
4000696911780
1005002246402759
1005001677302006
32915634478
33009717780
1549153878
4000521064077
1005001984381643
32990533425
4001025218250
1005001821532886
4000821566326
1005002350576365
32949076574
4001039248481
1005001327598813
4001044363417
1005001275237617
1005001847914273
1005001731140587
33051879476
10000125629498
1005002428372696
1005002258044467
32793227400
1005002106188900
4001116287614
4000629276071
1005001740448198
1005001847529985
1005002377704679
1005001944012093
1005002309614033
1005002215669016
1005002181912811
1005001659077550
32963201318
1005001623568196
4001143411339
33038808727
1005002227795657
1005001888522433
1005002296993679
1005001362219706
1005001678212296
1005001520448070
4001118302275
32608105622
1005002498468638
1005001612092659
1005001398938286
4000857165993
1005001903122389
1005002012661477
4000704457949
1005001688963863
33017555190
1005002464764841
1005002066941250
32988456938
1005001309932226
1005001645816129
1005001325333443
32708123827
32860048805
1005001608325437
4000437901419
4000024710361
4001035375365
32854862418
32750334723
4001294215535
1005002469743671
1005001627143933
4000403119779
1005002466467359
1005001794647207
32907967726
1005002313495356
1005001458456807
1005002384943630
33018307735
1005001381220669
32890238418
32338161584
32985677665
32947278816
32847132932
1005002301454701
4001293626125
32950669218
1005001458907093
1005001560884609
1005002359274726
1005001568872997
1005001616690447
1005001373798098
1005001793166233
4000755335471
1005001930860581
1005001423752283
1005001997603266
33043215062
32758696956
1005001762772946
1005002362950438
32766131589
4000824295722
1005001586105893
1005002337366774
32947457743
1005001779911294
33056926214
4001062241815
1005002440658249
4000593532971
33022295412
1005002384467475
1005002439896154
32914427809
1005002212900130
4000606840017
4000232739168
33021837859
1005002466163661
4001109184881
4001249005721
1005001483248089
32969362790
32975769977
1005001651792539
1005001957408346
1005001570854597
33028818312
4001080158564
4001324971397
1005002262351731
10000291043227
4000979502718
4001296072717
32701676574
33042397784
32339338596
32880867146
32943826833
4001322418419
1005002304312811
4000890713562
1005002283042649
4001108336442
1005002388696943
1005002317636252
1005002129574833
32814223688
4001365447343
1005001834991560
32936308051
1005002322411762
1005002176957835
4000541079925
32884677915
1005001889911778
1005002265994714
4000222192696
4000039179196
4000350705598
32803670671
1000006558178
32950085736
1005001933869589
1005001287396199
1005001429953068
1005001504464198
33044070761
1005002286970022
1005002124555183
4001095079835
1005002281766876
33048590287
1005002288570674
1000008194354
1005002327948023
4000058606887
1005001841538937
32832570877
1005002475739105
2010310802
1005001452408737
4000406181379
32853298454
1005001343988121
1005001633650081
32890565484
1005002305010809
1005002375289977
4001224184374
33024508066
33052820799
32932084810
4000678315241
4001082696676
1005001463457440
1005001583255105
1005001728300098
32949050640
1005001769974397
32863545293
1005001693348609
1005002136629228
1005002074395117
1005002241636325
1005002277981204
32969057408
1005001856115491
1005001482622904
32628214666
4000036828343
1005002063140267
32973081224
1005002276858263
32969542391
1005001275425986
1005001618273670
33000657513
32842224362
1005001446132946
4000267837416
1005001640235229
1005001442586873
1005002218649843
1005002472944733
1005001354488410
4000014783539
32378772264
1005002338987986
1005002012483562
1005001763515097
1005002454524546
32757365531
4001129193557
32853831139
4001278783151
4000299953524
32955309853
1005001579036839
1005002394031017
1005002361761667
33000803520
4000209994950
1005002232495534
32976956551
1005001585620117
1005002473825527
1005002081242069
4001213966317
1005001418325092
1005002323796004
1005001274729190
4001150265254
1005002425586817
32844509069
1005001821905195
33018534449
4000990965200
4000777995345
1005001464477898
10050023290314981005002294130062
4000850652867
1005002232004710
32979659180
1005001447039730
32948048045
1005002412252598
32981165410
32912175429
1005002377109944
4000385271876
1005001488037052
1005001971207508
4000247041020
1005002336593269
1005002288874114
32870305760
1005002319157610
33059944730
1005002097541792
4000987162339
4001285731526
1005001551207647
1005001546660365
1005001899369172
1005001981634566
1005002224292617
1005001343917181
32948907327
1005002447832570
4000503672390
32890320853
4000822645238
1005002228585271
1005002138394164
4000196270167
32910200293
1005002286710599
4001253615658
4000202562879
1005002069985041
32868123604
1005002068425443
1005001666699226
1005002375630564
4000231957944
1005001297779193
1005002332046396
1924371476
32919235200
4000326535078
1005002002119985
4000640623251
4000762498537
33008815937
33002330458
1005001657759565
32798410775
10000358267966
32896023041
32869291994
32959965256
32914356914
33013753452
1005001833524806
4000200301057
32949699288
1005001313209516
32863015447
1005001292423551
32773207735
32912308197
1005001435929873
1005002269007108
1005001652731835
4001134358545
1005002329985824
32950473852
1005002345985828
32848668331
32959944046
1005001397160037
32817150043
1005001321400882
4001333653322
1005002309160653
4001293746504
4000497767306
1005001447272482
1005002026808243
1000007961046
1005002319679654
32952722317
4001360932653
4000435203384
4001050780629
4001232582997
1005002247004255
32886471053
1005001334515576
1005001644681019
1005001605376953
1005002271944051
4001233464499
1005001446622840
4001079957037
1005001862330669
1005001329693761
33000218126
4000052629498
1005002317677620
4000796808984
32662238668
1005002412440633
32968488272
32955857132
4001131139645
1005001639947338
1005002362799505
1005002319587963
1005002327775382
1005002401396423
32802951153
4000863559809
1005002239865363
1005002388346402
32905914701
1005001275205494
4000109242976
1005001818806363
10000402399263
4000532252546
4001338824303
4001238474228
33029668820
4000510824368
1005002011056079
1005001290725117
1005001688974307
1005002170641925
4000993662874
33027324514
1005002490986310
1005002112175846
1005002180479589
1005002338905785
32951284218
1005001647788919
1005002401191210
32992150146
1005001775061263
4001256370462
1005001840203540
1005002008270636
1005002353656035
4000714706525
1005002346324367
4000040998528
1005001579366517
32684999455
32644627031
32967427634
32943339481
4001116376181
4001077322485
4000317680867
1005002271913747
1005002464817324
4000744911190
4000786797508
863182524
4000479926689
1005002337619952
4001189707983
32922833190
32813687434
32848166091
32951325122
1005002339928211
1005002365954472
4000196051903
4001104439364
32783636448
4001313529759
4000237284895
32955592995
32877105980
1005002252616014
4000843256330
32861025941
32898261388
4001220164747
1005001824353358
1005002239463823
32794291728
1005002314503964
1005001349066773
4001220198880
4000185345021
32863396538
33010273442
33043501916
4001014265056
1005002351613885
1005002358238630
32860482535
4000182034945
1005002345856730
1005002510218926
32858089091
4001027955607
32748506544
1005002344484852
4000770198887
1005002462266033
1005002389743398
1005001462334550
1005002244990186
1005002120241643
4000401380155
1005001397764859
1005001518218200
1005002382186892
1005001716609484
32978461580
1005002122441454
32946470157
1005002061268812
1005001890773031
1005002483183444
4001212537570
4000239020720
1005001932965182
1005002469055953
4000627198699
4000794451983
1005002248082450
1005001868709643
33060128152
1005002313469606
1005002476517606
4001113443508
1005002046544474
4001228557493
1005001890455877
33015377267
33025309405
32987445185
32378926688
4000938997332
1005002310991056
1005001579062549
1005002032011348
20000004363168
1005002438864545
32880847303
4000937438124
4000331085775
4000714850345
33006903918
32865893091
32667626042
1005002210043387
1005001339097004
4000492117672
32858189337
1005001978137239
1005001571982806
33034732811
1005001423136829
4000106858825
1005002298571404
4000708829273
1005001456707612
33039600312
32384675477
32921912695
32966897723
1005002448634032
33012917920
1005001789757093
32983707579
1005002313523388
4000626178135
1005002395609565
32953771180
4001044321637
32897842389
32947980060
10000395827224
1005001859295132
1005002158845922
4001244049527
1005002287968482
4000683521858
4000173235727
1005002210487891
1005002301702337
33051178317
33014785400
4000706539395
32921856633
4000071345729
32812286009
1005002377826229
32915890894
32961766814
32733858051
1005002060085793
1005001576132684
1005001942808988
32915681287
32994461733
33010556130
4001152396777
1005002417775025
1005002267651790
1005001873553074
1005002426906052
32975105985
1005001753325349
4000296905554
1005001581746682
4000764385679
1005002352054495
1005001307940886
1005001985680002
1005002424962705
1005002468186822
1005001973752942
4001046955582
4000465222590
1005001699187403
32932488095
1005002220855744
4000210820957
4000798553597
4001041757791
1977859501
4001213960430
1005001686115300
4001041859963
32855252270
4001028718628
32249588195
4000704746278
4001135126856
1005001562893784
1005002038741561
1005002388408297
32819682303
1005001636685483
32660473564
2029572185
33051668055
32904318407
1005002170871931
32847587063
33025710558
4000916763838
32902913065
32754086371
1005001591626200
33020711075
1005001825356584
1005002344888487
1005001697904647
1005002307439857
4000465194587
32859812327
1005002374813463
4000597857735
4001041095531
32369855991
32891273278
32576984407
4000353755569
1005002335018557
1005002357570204
1005001632109360
1005001678613652
1005002027816823
1005002326196629
32870350122
1005002277325308
1005002184362792
1005002327311797
32884920144
4000961374229
1005002442405271
1005002288136972
32963675331
1005002317249675
33017715775
1005001927617612
32842153721
1005002144388756
1000008259052
1005002166810988
1005002242184391
32668119464
1005002323528480
32802425848
32358180941
4000329387746
33040668036
4000941216114
1005001309515172
1005001409379067
1005002460150277
32979577102
1005001870303796
1005002100002965
4000614184815
1005002114408663
32989778954
1005002166784571
1005002315826397
1005001325317384
32961835485
1005001918166233
32971489530
4000110495277
32640482481
1005001928146585
1005001800644478
4001347286238
4000012205327
32834297862
1005002304384747
1005002367511197
1005002336253730
32867728555
1005001659294357
1005002331736950
1005001423127876
32884496789
1005002341012209
4001240162847
1005002268091145
4001025164135
4001006944247
1005002356619416
1005002357229188
4000987325605
1005002312478659
32949698339
1005002091655785
1005002089417242
1005002219409603
1005001374430958
1005002362778350
1005001905700700
1005002137354366
1005001514757918
1005001464895955
32884955421
1005002315177600
1005002375077104
1005001890806347
4001334520836
1005002345644906
1005002304847558
1005002438434811
1005001598152634
1005002388106482
1005001566642834
1005001780259421
1005002350695882
32904982595
1005001986107443
1005002232886656
1005001735292248
1005002432215613
1005002320209077
1005002388862096
4000636657214
1005002279173601
4001228607576
1005001727440943
1005002255169086
4000440155447
1005002482686549
4001167362588
1005002292417518
4000472920351
4001043429097
1005002337504288
32509065058
4001170986029
1005002277553852
4000336569963
4000403251655
1005001768938482
32891935392
4000970459897
33037602100
1979357826
1005002426221644
1005002448191786
1005002486098869
1005002027190108
1005001718844796
1005002339487085
1005002376691239
1005001499936225
1005002366121702
4001136344685
4001114258074
4000858956734
1005002323020745
33061130677
4000358551123
33017106602
1005001850303398
1005002336103265
1005002344911003
1005002230017820
4001288982025
4001218093854
32824561796
1005002012327160
32908239026
4001226379547
1005002185552909
33003974671
4001316087611
32949503508
1005001769588247
1005001295442942
32841713756
4000080338488
1005002347547166
1005001571545846
1005001874192022
1005002495791661
4001016698292
4000938399716
1005002315047187
1005002423104566
1005002341624425
1005001876621175
1515190338
1005001439274501
1005001421462634
643372390
1005001600011746
1005001678705390
1005002271650718
10000009725863
32884900694
4001188627660
1005001632375310
32824352136
33012142059
32993499512
1005002430785146
32528605226
4001223648273
1005002069591126
1005001884866981
4000708858369
4000238928122
1005002350800206
32387640693
1005001988378232
4000730380085
1005002386473278
1005001423424738
4000379076435
4001120537792
1005002235091439
1005002484217315
10000386338256
1005001284685509
1005001519882440
1005002289258405
1005001935909375
32860838647
32952038620
1005001890144579
1005001556784565
1005002418576824
32823821948
1005002352319824
1005001951406874
1005002453586256
32905036505
32819613067
1005002340254363
1005001464162402
33002003260
4001264347611
1005002305973483
32920004486
1005001650772332
1005002490392981
32975310886
1005001562706077
1005001286972201
1005001280408096
32908245302
10000395953116
32777458318
1005001878359873
32903098484
4000011519808
4001333063785
1005002427796891
32918466859
4001041122345
4001157540730
33012934915
32655848662
32806742059
32979958583
1005001489377977
4000387067833
33028288095
1005002346629153
1005001626040300
1005001703861748
1005002427229423
32869846788
1005002322617944
1005002004373838
32989023339
1005002265866561
4000982914689
1005002321117301
1005002351312608
4001211108019
4000395770117
4000643087795
1005001598724656
32883363116
1005001500246996
4001359955306
32890967353
32841313312
33016390326
4000695639115
4000204695696
4000236036087
1005001315453946
32888220336
1005002091511691
1005002128796374
32761863596
1005002278585364
1005001628698414
1005001304626382
1005002276729303
1005002054439228
4001153795784
1005002380978032
4000195019731
1005002468261336
1005002324648402
1005001665862986
33035028467
1005001913961422
1005001849711576
10000141588535
1005002333943480
32334492649
32842064296
4001147507266
33017475622
32955613623
4001297504363
1005001963053839
4000528490046
1005001887555791
33053624841
1005001472005786
32916256100
1005001462375024
1005001890518469
4001156548148
32813702134
1005002336894537
1005002091247723
1005002280701042
33054255220
1005002467072999
1005002346153157
4001254278501
1005001868275857
4001143163742
33032584905
32844559936
4000117080080
1005002287197961
4001163040421
4000991698670
1005002446964359
1005002476183462
1005002378611365
1005002352504014
32769930846
4001157569798
1005002313365173
1005002367695993
32953447979
1005001854189612
32839621038
32838506081
4000748575456
1005002043645564
1005002483986296
1005002288988716
32588200331
1005002301205133
4000167955001
1005002288484406
32789750531
1005001573858501
4000147740116
4001078861233
1005002431496334
32975740448
1005002376089289
4000028628801
4000666104502
1005001687573500
4000585652104
1005002364161698
4000215194157
4001158425681
33007174448
32973702971
32903086637
32831004326
1005001597783427
4001077524025
1005002080104268
1005001417265188
1005001486787339
1005002271769651
4000214902016
1005002411862579
1005001551346489
32682307303
32860431806
4000321567146
32710032475
33005704988
4000160597724
1005002137476074
33003718193
4001018939528
1005001765338107
32950664274
1005002271805264
33038637378
4000068459127
1005002234359911
33014813046
1005002350709735
1005001977696972
1005002357664459
4001165899319
4001122518159
1005001632245891
1005001774682411
33022247572
32992513518
32978291675
4000099212658
1005001922031566
32970737412
1005002334798072
32998796698
4000382593347
1005002345027731
1005001611500793
1005002373088124
1005002363560123
32912172681
1005002394167107
4001210149488
4000988662294
1005002343029438
1005002380745306
32867512812
1005002348074460
32846324009
1005001274139584
32958116610
4000126775057
1005001735305734
10000382254350
33057771795
1005002288585856
32963562898
33031579535
1005002412382619
1005002115206181
33044381514
1005002442166313
32983311953
1005002310780412
1005002051131867
1005002314113207
32870102760
1005002224544453
32994532653
1005002350423372
1005002227940074
1005002361900834
32965107524
1005002413634401
1005002367898939
1005001779921111
32857138975
32463015946
10000004170313
32954680669
1005001521933034
1005002306029713
10000348708452
1005001555391770
1005002313903167
32637787612
1005001642617035
32940009532
543911025
1775722194
1005001375632439
32879635774
4000558594855
32858682901
32967807671
32878461435
4000935742218
1005001825353891
32580932895
1005002383030716
4000547995213
32948180135
1005001921491015
1005001386927718
32899681586
32912594464
4001215071990
1005002369471962
32263192186
1005001580151483
1005001748213387
1005002396423320
1005001456889228
4001349639079
1005002262381674
1005001393817058
1005002293941273
32718517943
4000975097401
32806095112
1005002314109995
32977210969
32710219174
1005001656767717
1005002071390031
32844972410
4000672460759
1005002196271585
1005002369367241
1005002332599370
33005000793
32918300952
1005002265282802
1005002225283086
4001227355654
1005002101764306
4000881155666
32835392448
1005002247041553
4000849837755
4000201920537
32997468593
4001333290840
1005002447318593
1005001926872145
1005002327206479
1005002052498450
1005001964978333
1005001821579263
1005001669642019
1005001840551448
4000956191190
4001108041649
32979257914
4000936661069
32756357322
1005001329200331
1005002477847644
4001286502692
32900971079
4000397564058
1005001878296268
1005002315307277
4000845042755
1005002327097959
32982924972
1005002324167251
1775614719
1005002279156248
4001154665504
1005002435335443
32846394957
33004303233
1005002280668135
32860401534
4001361906288
32982369884
4000283175566
1005002314350093
32784629908
1005002382509315
1005002440214147
32984715037
32849597433
32861366174
32990932607
4000545806313
4001094946824
1005002269513165
4000143010072
32960126588
1005002398333059
4000480461061
1005002314459186
4000357317263
1005002474323603
1005001908718567
1005001763947149
4000152141432
1005002306444918
4000342455344
32523984789
4000876862106
4001262843542
32972197026
1005002371493328
1005002287586594
32888298576
4000910533955
32976099021
32956582577
1005002365664140
4000152030478
4000912546234
33008123540
4001217059401
1005001905388652
1005002126481185
1005002395747171
1005002318772451
1005001270092058
1005001479263737
32946416368
1005002382979773
1005002242418145
4001190657841
4000769972408
1005001793873140
32374819872
32721314595
1005001903816748
33010408885
33046042258
1005001736716838
1005002329046652
1005001744309848
33013278251
32906738412
4000773187308
1005002218533222
1005002271669354
4001095589792
32862828288
4000011825554
1005002330512527
1005002384806146
4000039373893
1005001867389218
4000974432117
32846949069
10000055607895
4001119793480
1005002461474342
32709393019
4000979772887
4000161201989
32919579074
1005002446743510
32988330761
1005002240790957
40011835056154001222884279
32894915304
4001296308151
33027493943
1005001592999551
32961459317
32371842148
33021860852
32856250590
1005001538784270
1005002076627161
1005002476529292
1005001553325917
4000202684432
33001430576
4000955593133
33013988102
1005002309511334
32613101391
4000444382176
1005001977625020
1005002266182159
32676778317
4000114804576
1005002278898762
10000365511071
1005002020833073
1005002351517658
1005002357791033
1005002285882556
1005001803035953
4000441715511
1005002136424956
32908308211
32786078000
1005001864021184
1005002353392037
32982566236
32959423822
1005002465980007
4000197905103
32966121657
32983746192
4000693940984
1005002421571582
4000267557918
1005001634081026
4000770194791
4000468892478
32949502638
1005001412307042
32893247957
4001186953205
1005001278372906
1005001489777731
1005001479716986
32845302092
4000243260277
4000401790232
2027462090
33000307751
1005002314955718
1005001334156882
1005001790586298
1005002482987373
4001196927039
4000117043461
4000705001575
32384942423
33023605839
4001218808000
4000955835282
33047750298
32851281906
32975976043
4001268895017
32981329950
1005002428005893
1005002020248295
1005002315304007
1005002382358612
4001195833641
1005001575484911
33028930785
32879941325
1005002391008133
1005001588355025
32969634532
1005001388067639
1005001834725385
1005002438982401
32945672382
32981442978
4001095724753
1005002386865113
4001191407857
1005001834165894
1005002180360495
1005001587369636
4001135032640
4000756305796
1005002352053220
1005001717653872
1005002264718991
4000930728308
4001253508221
4000030408725
32955963758
4000138988999
4001361283782
32947942748
32901173936
32976241405
1373931371
1005001859564529
32893617730
1005001813123991
33049923659
1005001458276785
1005001983203277
4000930716264
1005001884347207
1005002287684133
1005002147977266
32966324843
1005002318306732
4000893334835
32997265111
1005001627970650
1005002454448219
1005002373447698
1005002282415210
4001223228517
33040889024
1005002381149130
1005002278199664
32910137629
32400181017
4000960189630
4000688733668
32966968991
4000698628041
10000032881391
1005002334256544
32915223133
1005001374018306
32890453475
1005002434339343
1005002354332791
4000418784953
4001314340327
1005001768623023
32803561620
1005001425087832
1005002390683689
4000946264499
32953606013
4000966688693
1005001507398136
1005001827560126
4001278192806
1005002441703715
33021336104
1005002401174185
1005001525049047
32958776315
4001252232580
1005002287211870
1005001566936885
4000249910574
1005002232821916
1005001337622832
1005002212232324
1005002187030999
33028779244
32794217614
1005002241286070
1005001493994368
1005002435390852
1005001325348066
4001178031433
1005002090811703
32967150736
33010314961
33024958504
1005001781089929
4001248311234
4000018840911
4000062786011
4000593577631
4001203840017
1005002435473935
1005001369893915
32725156017
1005002386956694
32960100977
1005002311713483
1005002488181089
1005001495826615
1005002314418699
1005001753528830
1005002084850785
32924298840
4001128520444
1005002197071795
1005002134854331
4000188429756
1005002037700110
1005001330500043
1005001406627032
1005002220219109
1005002158565551
4001166239131
4001042536368
33007455027
1005002303974015
32985238096
1005002330720881
1005001379758101
4000965328124
33031867524
1005002489432508
33044458642
4000468902251
4000169967786
1005002224599374
4000979284936
1005001934846299
1005002297955082
1005002419278097
32720656717
10000127358786
32836743858
4000492092065
1005001500624675
1005002332278507
1005002311276229
4000173038756
32666854772
1005001333516663
10000212817472
1005001530054935
4001334547235
4001326421981
1005001570161991
1005002264605448
32919630193
1005001469316510
1005001478282659
4001152625142
4001361086162
1005002324182450
4000083783020
32875608740
4001191666107
32638871462
32918244299
1005002305178526
1005002394973740
1005002205689329
4001233949861
1005002328243461
1005002219404530
1005001717973931
1005002340869995
32803365468
1005002484267143
1005002314279695
32950348082
32983063326
1005002438552478
1005002328865467
32916695687
1005002001628753
32491247274
1005002492110275
1005001566659564
32901684931
1005002316200987
1005001936229672
1005001830361342
4001115604551
4000002786318
4000325051961
1005002179525401
1005002495435657
4001102819571
1005002377128399
4000164175693
4001219752291
1005001889438685
4000388106132
4001073025939
32919948569
1005002399668724
4000723565077
1005002282601090
1005001882439418
1005002309645172
1005002333674251
1005002129233560
1005001320316467
1005001591807677
4001290524784
4001083354641
32823300254
1000006805555
1005002166876878
4001350843879
1005002356693336
1005002045977761
1005002318740987
1005001385657691
33045578338
1005001344293888
32827040758
1005002377938940
4001313449515
1005002356885380
32887378300
32987278536
1005002464866715
32952281036
1005001560056483
1005001785771131
4000180764683
1005001980315707
4000108917517
1005002299703343
4001286074639
32976318994
1005001511801107
32785858426
1005002404018396
1005002289651852
1005001479026686
4000677223137
1005001872710287
1005002396014584
1005002015241753
4000734031995
4000094234649
32794529221
1005002466113334
1005001457388064
33033271712
4000228753852
1005001469540044
32852431667
32959689781
1005001374905239
4000321910617
1005002460195404
32807431986
1005001554745375
1005001414240841
1005002087861939
1005002497210586
33004078150
33055498706
1005001893315516
4001206748650
1005002272391701
32822205494
32956259811
32915681626
33053446807
4001248707583
1005002100175947
32754610825
1005001438911450
1005001581044613
1005002328925094
1005002467725059
1005002460560253
4000500034486
1005002417063106
32934563317
33004431397
32351037874
32991980705
4001091636111
1005002309038930
1005002085676057
33013827340
32887210188
4001165234447
1005002321613468
4001268582189
32737565556
4000793592769
32987284288
1005001482250229
1005002445473017
32851835889
1005001280327231
4001294051939
1005002381744101
1005002085353267
1005002349663820
1005002329472951
32955012453
32866248967
4000833468292
1005001731275037
1005002077013321
1005002204606197
1005001917702346
4000248034451
1005001542907702
4000328290428
1005001497648747
1005002351834620
1005002337914556
32379929982
1361028633
1005001636202623
1005002167607241
4001035010973
1005002314441128
32971827821
32889001612
1005001274200704
4001232720246
32960564141
32615833217
32980197977
4001321299507
1005002227871723
32979370704
1005002170953764
1005001899994374
1005001615700713
1005002398756697
4001317109470
1005002346190697
1005002232644350
4000790311234
4001335645699
1005002052609421
4000456772046
1005002331849870
4000756591443
1005002027051838
32897952590
1005002463946994
33009814020
1005001519261457
4000064754508
1005002333938226
1005001393768839
1005001845598806
1005002350724483
32842850796
4001148007160
1005002458960869
1005002394294027
4000528996455
32960756123
4000640508283
4001153472052
1005002352813954
1005001931905608
4000511524374
33003263523
1005002413299305
32969402143
4000898630098
4001332285399
1005001500976306
1005002491767361
4000715661752
1005002421422710
1005002386410130
1005002282771043
1005001495374141
32931374291
1005002359877385
32949965555
4000120380570
1005002270916758
1005002384232968
1005002259798923
1005002418251363
1005002454610280
1005001966317572
4000566838618
1005002318601414
1005002277537391
1005001777163787
32699342812
4001294181912
32990827180
4000690987572
1005001325171804
1005001528968794
1005001858135839
1005002352817741
1005001741469740
1005001979460741
1005001847213129
4000844907465
32914227955
1005001271000913
4001058285376
1728935307
32857779700
33028218259
32974186424
32974920932
32987669201
1005001955060006
1005002428183751
4001301676259
33049755396
32974931365
1005001792318754
1005002277735499
4000125996871
32461609639
1005002323710281
1005001625921625
32897645470
32816683982
1005002284286967
32843767376
4000923085082
1005002112463441
1005002237888512
4001213806486
1005002324342208
1005001834245639
4001231663288
32802285676
1005002208301525
4001350478685
32904963951
4001242887278
32809543728
1005001459031503
1005001958776366
4000806240221
1005001515960194
32970154262
1005002428623424
4000699755976
1005001721524302
1005002231463691
4000859249901
1005002305845056
1005002388362031
32977621113
4001060651318
1005001763401311
32982566266
4000545993251
4000764194159
32852404657
1005002321113454
32826020463
1005002464922282
32861826903
1005002313285976
1005002003016213
1005002231688744
1005002454435296
33006815869
32720421374
10000160354250
4001040868997
1005001686242035
32948648837
4001319558265
32775607858
4000047568285
1005001275541284
1005001928301701
33059598670
1005001264965421
1005001656886521
1005002213310307
4000790226547
1005002395080186
4000154665812
1005001500601785
1005001580530745
32974198613
1005002166713638
4000930972088
32803240158
1005002063979266
32345964494
32952628972
1005002482883841
4000523620426
1005002388380380
4000960727304
1005001339096729
1005001337987978
1005002359285854
4000132522309
4001150020729
1005002367381835
4000614773026
1005002255248117
4001104697537
1005002449372087
32728860572
1005001851606607
1005002370311197
1005002327388144
32841705071
1005001677317272
1005001938178192
1005001622199688
4000691251103
1005001329768051
1005002238991443
1005001515711912
10000404578685
4001270892873
32755553319
33023175203
1498851445
4001291038017
33062283404
4000415095729
1005002201987078
1005002490458586
32833792226
1005002260016885
1005002482998871
4000492034234
33006583932
32861493813
1005002282396167
4000309602482
1005002002882411
4001042332885
32997956851
32957454666
1005002494311590
32970393963
1005002368735719
1005002449740946
1005001873424264
1005002197637674
1005002319398395
1005002343749059
1005002120093168
1005001908238547
1005001613149881
33009445835
1005002314269894
32338882306
1005001285749784
1005002351245836
1005002016828812
1005002353118402
1005002344988254
32968922279
1005001864420081
33037735039
32729408847
1005001792908246
4000865444567
1005002073971196
1005001602359143
1005002232590853
4000882844106
1005001584644596
1005002343989978
32962395320
32800782536
1005002295882607
32818822510
1005001423505259
4000381225265
1005002170831197
1005002409520774
4000296119963
32857664813
1005001814066192
32961583935
1005002339571544
4000480444095
1005001891914001
32929593126
1005001963570752
4000083265942
1005002227791414
4000595797581
1005002405075615
4001076662263
1005002286899544
32685648028
1005002276294521
4001291570886
4000935313827
32884968608
4000709767349
1005002315600947
1005001297357202
1005001774319885
1005001685971988
1005001888156605
32874891653
32858111161
32987861463
4000844248921
4001170026777
4000258172617
1005002372597473
33001173111
32995286565
1005002170937339
4000220502807
4000699493525
1005002108497675
4001228504861
1005002219327989
1005001594315550
1005001489806810
1005001270945997
1005002293597860
1005002500610053
33016645638
1005002377619898
1005001889934245
1005002347147021
1005001685461994
4001323728559
4000554785362
33018833455
1005002287143474
32651231715
1005001680538626
4001076020531
32930915680
1005001471889793
1005001592870172
1005002271732912
4001085800041
32915603509
1005002406292322
1005002316751589
4001143123195
1005001314412594
10000395929280
1005002268687915
1005001994171113
32957372703
4000789508234
33040970947
1005001475522544
4001278980431
1005002319175799
1005002316962155
1005001477780684
1005001693684745
32883603886
1005002322067106
4000595832141
4001040787207
1005002448850118
32440523367
4000773622975
1005002228614229
32946020190
1005002002998783
33001940549
1005001585849368
1005002267459041
1005002277213026
32785467699
1005001906723862
32850590286
32933270646
32823410848
4000544737964
32800143249
4001317354030
1005002166712133
32845985096
1005001560055461
4001208360566
1005001392436240
1005001986206654
1005002314282782
4000977228472
1005001648095448
1447566773
33023583921
1005002237574180
1005002091424195
1005002205671338
32806469015
32907898575
1005002351524481
1005002208011076
1005002033162531
1005001488399828
4000237749603
4000077495123
32854963096
33013898845
32891204303
1005002348658413
4000627269496
4000214988572
32396761288
32893687939
4000850109706
4001251772147
4000794728019
1005002313465829
4000627939317
32877901306
1005001855723801
1005002291840803
32927266588
4001271473493
4000505603844
4001272385291
4001280163438
1005001923539604
1005001451332490
4000142135116
1005002144183568
1005002404673322
32809910712
1005001643766683
32914817195
4000162254006
32990782866
32920550591
32788528847
4000643647507
32972645608
1005001810961467
1005001823084197
32726463724
32290077504
4000679690407
32984746066
4000207144381
4001300066377
1005001612305690
4000116102874
1005002428961281
1005001817327942
4001241783026
4000002729698
1005002229643975
1005002314316997
32998917191
32980037274
1005002176473021
1005002090667192
4000210107137
4001106874543
1005002237607259
1005002417206346
32798711880
33011748841
33061375835
1005002339638520
1005002335195711
1005002318999377
32978079552
1005002316409432
32829316729
1005002313568453
32854485341
1005002317966980
4000937614206
1005001694803874
33030558951
1005001847565466
1005001873888631
1005002342931260
1005002092174557
1005002012027224
4001057823385
1005001412383944
32969514670
1005002318006678
32923995741
1005001736770529
32987046948
1005001966824841
1005001895824554
1005002428140002
4000423767086
1005001584553075
4001177947686
2051848941
1005002354349707
32899649913
4000141861886
1005002394513683
4000614266994
1005001729965015
1005002205195688
1005002272950361
1005002058162383
1005002214726918
32827941424
4001232364026
4000935402229
1005001314511679
32943721263
1005002287150868
4000862796102
1005002291805672
1005002292872459
1005002438380507
1005001653411787
1005002353629921
32792818436
1005002345109736
4000528809631
1005002317111987
1005002344894834
4000057342282
32931641673
1005001482800383
32914908683
1005002319091962
32980694316
33030012476
1005002340505887
1005002313481880
4001230400285
32835215735
4000354420782
1005001711812763
1005001500979917
1005002276299044
1005002074666592
32964700201
4000479752977
32912377032
4001270381795
1005002365045811
1005001559807342
32971847304
1005002119740728
1005002109765775
1005002052566323
1005002392991630
32864753530
1005002180215488
32968511843
1005001966250645
4000192257665
32996139022
1005001708688163
4000675334636
1005001680492428
4001116013646
32608523266
1005002325614270
32371277939
33057121390
4001301545669
1005001620890741
4000829495906
4000921107793
1005001397648654
4000701487259
32952701198
1005002454649513
32351783108
4000934249536
1005002490579863
1005001941453945
1005001272983096
1005002257661022
1005001438130220
1005002456689045
1005002319108218
4000779003737
1005001273314127
4001137672021
1005001576571537
1005001868652082
1005002253432978
32866958670
32834366807
1005001459116002
1005002332993761
1005002433221210
1005002337830353
1005002274074499
1005002377198523
1005002250104369
1000006280902
4000627265273
329638181824001286233274
4000303873847
4000983479184
4000347060128
1005001284747911
1005002314209849
33019587509
1005002315821374
1005001601061551
32838287526
32799639011
1005001839932843
4001310788715
4000065808375
1005001651865915
1005002400187495
33023302823
33004003434
1005001977661596
4000165071657
32392672218
33049111169
4001264858391
1005002277998899
32864598556
33006184529
1005001360362145
32852082578
4000850677387
32651172721
4001323926557
32580108545
1005002430968627
1005001307590011
1005001658146858
1005001657789128
4000184185529
32933692581
1005002000238601
4000781874278
1005002132369579
4000802037728
4000723265724
1005001868071160
33028283564
4000116819572
32993117995
1005001658794235
1005001284967850
4000532314667
1005001567207745
4000786243670
1005001577505150
1005002415959777
32852724175
1005002326410196
32950084690
32998984400
1005001657888722
1005002270509988
1005002335212256
4000433806731
4000623949930
4000054868537
33056356262
1005002392370859
4001135483083
33062890164
32852335266
4000335551594
1005002289721637
32858619969
1005001657246935
1005002112053543
1005002499538399
1005002200935552
32966342022
4000500105324
4000433782338
32851396001
1005002363884946
32708322498
4000022996656
4000966236532
32905034034
4001150236054
1005002468329838
1005002398848509
1005001973107386
4000974921233
1005002364533763
1005002495458471
1005002025294342
4001065187010
32956779564
1005001946805745
32735480876
1005002176285227
1972959881
1005001981794153
1005002277069674
4000536426734
1005001679336110
1005002212289464
1005002378466422
4001077928685
1005002307728277
4001084434109
32971211532
1005002258320298
1005002203962663
1005002438838905
32909283657
1005002146365583
32921103224
1005002028081791
1005002059263078
1005002297419191
1005002193635327
1005002405320604
32921235281
1005002292551024
1005002400702286
4001034489966
1005001864987143
4000067079566
4001265380518
1005002352703779
32902212824
1005002427291931
1005001463033083
1005002319062137
4000662478975
10000141582181
32983088206
32748533032
4001227385412
32606564044
1005002294031730
1005002319744681
1005002381311642
4000603029332
1005002324157745
1005002379198009
32825055592
1005002306246236
1005002007851354
1005001500177363
1005002245963593
32853228165
1005001731042769
32240544988
1005002357980008
4001174934980
1005001586337974
4001209105058
32785876425
32909772158
1005002316629016
4001228378111
32862737520
1005002231774708
32948646457
32609433207
1005002141024545
1005002281905515
32914279781
1005002372126155
32699669270
32862957759
1005002304047786
1005002234261147
32623952104
1005002246351775
32965935962
4001198238268
32911912411
1005001379801435
4001116409657
4000365801928
1005002337045568
1005002272475141
4000144990784
1005002341010285
1005002329887745
1005002338443295
1005002304414241
1005002310238995
1005002160207627
32999863091
1005002090617909
1005002490351728
4000238409519
32846065850
32843518186
1005002313654741
32996968403
1000007946103
32363490791
32957269338
32877168054
1005002130746975
1005001915215274
1005002367915348
32844144808
1005001639678320
1005002347652332
1005001393987361
32526823662
4001099181365
1005002304442848
4000169682496
4000390253966
1005002121043902
1005001736696511
33064335239
32834768749
10000381639752
32869557144
4001078751838
