1005001808651064
1005001589099315
1005001557801618
1005001604208121
1005002261071271
4000216632774
1005002434665458
1005002396471407
1005002394589692
1005001914990676
4000208151118
32990062432
1005002357170682
4000148630475
32873959365
1005001737560236
32957114275
4001056065173
32616868969
32811387540
1005002022588262
1005002351551628
4000095332261
4000449658215
1005002489814754
4000074324345
1005001989998437
1005001845586833
10000357851979
4000982055215
1005002305004915
4001309304678
1005001646508809
1005001336346754
1005002317749369
32773872567
4000209450228
1005002423619584
33027559672
1005002323829430
4000188378126
1005001321474541
1005002488548921
1005002304060302
1005001864567615
1005001586569320
1005002079189670
32564251134
1005002314385400
4000832729527
1005001975245345
1005002259166095
4000265060048
4000144082251
10000400022800
1005002398552616
1005002247266531
4001078859561
4000386801073
1005002448200100
1005002438118918
4000717948788
1005002411071098
32715271112
1005001514126563
4000116016254
1005002215151588
32892819656
1005001508583797
4001237764290
1005002334079451
32890232119
4000472647238
32814335968
1005001835414824
33029435383
4000198806504
1005002369097390
1005002388673482
1005001594783166
4001010845789
1005002319074621
1005001717334388
4001033650218
32963788804
1005002310898657
1005001544209707
4000766122469
32874976985
1005001805155967
32475002882
33001974986
1005002364318898
1005002460131909
32855738298
1005002370738861
1005001644875803
32810218308
1005002444358946
1005001603382987
1005001478602329
1005002289680464
4001023596687
32816094961
4001256086001
1005001605051395
1005002287257436
1005001580886077
1005002264671464
32596700438
1005002375447307
1005001657625641
1005002316496007
1005002381989999
1005001356397020
4001040826991
1005002329015269
1005001626753448
32906923720
1005002457312870
32998793007
4001150498318
1005001609679798
1005001965479755
4000881821025
1005002448181934
1005001487440489
1005002250939303
4001225264095
1005001699380743
1005002238295398
4001228637044
32972401110
1005001841781003
1005002431367625
1005002304113746
4000484291815
4001309488414
1005002310037318
4000689386087
4000833251132
4001351529693
1005001267412454
1005001383725333
1005001965712366
4000698320967
1005001468809064
4000010929178
1005001812476773
4001044480612
32557935925
1005002090243598
4001227181168
4001305733822
32892613864
1005001498019679
1005001999306425
1005001587915803
1005001346963738
1005001884426638
1005001765666336
1005002309610990
1005001868592186
4001280338673
1005001759509186
1005001714233495
4000144713454
1005002108941949
1005001872429017
4000180065798
1005002008759818
33001346841
1005002381183059
4001358343341
1005002488920987
1005001265388176
32818000477
1005001860165128
4000273232503
1005002288516404
1005002303992867
4001076509789
32927678049
1005002317948494
1005002221009257
1005001430991148
1005002465506578
4000879631623
1005001580994564
4001174897095
33055873734
1005001397263390
32667233880
32820804324
1005002467670654
1005001710010524
4001212847793
4001270592823
1005002354059088
1005002371870659
32832874721
1005002409328276
4001188664249
4001157934097
4001259648798
1000005874024
4000292998807
32741285084
1005001865542025
1005001584304816
1005001387823782
1005001336591368
4001169696326
10000397711951
2012216573
32902059577
32883871272
33005435252
32977795364
1005002003513687
32882722574
32829877742
1005002007244114
1005002304268720
1005001986460947
33006277685
4000075522035
1005002280558657
1005002399560006
1005001998300732
1005001855052840
10000028442786
32661572470
1005002317912669
1005002108565805
32852629851
1005002295273911
32849616571
32951232035
1005002433755043
32582301069
1005002238719886
32613749014
4000800212133
1005002456916231
1005001629166233
1005001272600753
33055295153
32857087300
1005002286233572
4000627810786
4000633003602
1005002424790612
32860366118
1005001802954396
1005002346853438
4000038185873
32845804873
4000261118841
4000466114489
32952228903
32710047431
1005002374857648
1005002327218908
4000133502751
32959957304
4000264146708
4000206108045
1005002232508805
33055198200
4000857595006
32737539394
1005001873305566
32996885524
4000672960895
33011975998
1005001490433359
1005002327816853
32834462284
32973461720
32825538554
32818729199
4000990300012
1005002169170685
1005001436382007
1005002033293530
1005001448634672
32829536616
32857622802
4001191406996
1005001889741773
4000151114253
4000844456118
1005001424214519
32606373783
1005002400307717
32994711808
4001092518291
1005002477887749
32979799160
32325061315
32974310921
4000067418806
32851226246
1005002121896331
4000192153840
1005002351520951
1005001915719942
32980884719
32723456880
32916955617
1005002378927335
1005002372399845
1005002310498666
1005002372984601
1005002389624398
4000224881419
32969782451
32981824951
32818770663
33028614572
1005001988770891
1991247911
1005001625863600
1005002167276080
32812939715
1005001888529672
4000101076042
1005002478676073
1005002263640249
1005001809980866
4000257949551
1005002443989965
32546187732
4000186764103
32921070039
1005002369586788
1005002387252974
32998107722
4000062665428
32808046162
32957077181
4001260353804
1005002266472450
1005001657472977
4001039454059
32821142079
1005002051176690
4000342152295
32247755814
1005002277774381
4000990773995
4000296121939
1005002263900341
1005002346139181
1005002304374339
4000694602953
1005002170806986
1005002248536853
1005001323107476
4001052616608
1005001541312606
1005002212132054
33001549800
32931461839
1005001844767046
4000986528912
32835142727
1005001803389091
1005002353340231
32994442636
4000751905712
4000145846305
33058494435
1005001570416687
1005001769530677
1005002361134977
1005002057024609
33027710694
1005002265597175
4001062955720
1005002361189391
4001234615230
4000853239820
1005002332028724
1005002465167158
4000641306384
1005001926802911
1005001429519607
4001178085388
32973739443
4000030404265
1005001966259656
32474760620
32991929078
32835243679
32775795953
1005002404416244
1005002266567257
32782379218
10000256956752
32949783584
32959487983
4000002958522
4001276760722
4001220515580
32907366974
1005002278646436
1005002212136793
1005002484877327
32911285247
1005001387417890
1005002350311915
4000607127458
32791206184
4001317521741
1005002295877216
33047609549
32995296681
1005001727752345
4000466229199
1005002254140538
32957251946
32854372676
1005002311850889
4000483503024
4000227694396
1005001640614391
33040112930
1005002289173039
4000362575649
4000994615942
1005001858230660
32910404045
1005002007818553
4001224612553
1005001962649507
1005002003385739
4001272438628
1005001275413505
33006443160
1005002369884424
1005002104459863
32748000896
4000340004096
32944033776
32679875245
32830919938
4000583186094
4001297280380
1005002228952187
4001187101386
1005002414314305
1005001656852445
1005002313509983
32962969309
1005001516264360
1005002278143601
1005002350574972
1005002293416735
1005002350152429
1005001471042365
1005002297480317
1005001709327869
1005002282040942
1005001525421436
33000369567
1005002337594169
1005002309004813
1005002404188228
1005002259055183
1005001556518430
1005002181533995
1005002342248600
1976543193
4000990963685
32840549197
1005001526491461
1005002241946533
1005002314325360
1005002153520162
1005001700642493
33012722071
32978359883
1005002281339055
4001288030724
1005002363623822
32805565480
4000047091063
1005002315882844
1005001419002621
33032189087
1005002438498415
4001291082575
1005001775170406
4000148275281
4001314634682
1614577459
1005002443484277
4000848284913
1005002337927221
1005001946539802
32978153544
4000311533444
1757959097
1743763733
32882761673
4000769493213
1005001609841962
4000386503037
1005001629514021
32986387127
1005001512695369
1005001515855751
1005002105897667
4001175578385
1005001705874637
32818560178
1005001676438700
1005002284751245
1005002293615709
1005001997068656
1005002377051895
32823703100
4001184822723
1005001637463170
1005002200961773
32595649933
1005001614612474
4000844912303
4000055118571
1005002248702568
32276748909
1005001333283549
4000279285096
4000242495215
1005002204959943
32378057477
1005002311458462
1005002357862506
1005002426359792
32848815572
1005002357155800
33012393277
1005002277649128
1005002320902998
33021007312
1005002194117744
10000084842135
1005002122252972
1005001525279911
1005001453806409
10000315031094
4001278810888
4000836891607
32615632884
32801968624
4000353133819
1005002076751139
32970466292
32846848891
32994125798
1005002288909711
32817763532
32961599112
1005002478755506
4001325972768
32966333326
1005001928894008
1005002438739032
1005002458319668
1005002144989132
4001046137591
1005002362862532
1005002212484818
1005002367925078
32820149668
4000206548632
4001263726658
1005002349469832
1005002018803480
1005001872262730
1005002403537357
4000538925372
32691239435
4000856266698
4001234296030
1005002173429533
32898162906
1005002241415655
32845510033
1005001658718261
32738636770
1005002280457433
32668080873
1005001990006589
1005002276584449
33055776276
4001240331061
4000300381056
32849580833
32936275441
4000076701932
1005002167107011
1005002448520802
4000777668986
1005002063164986
1005001518641664
32737354112
1005002337833101
32802281452
32820339427
1005001861274635
1005001914191458
1005001697962848
1005002367484494
1005002440750286
33027978349
4000789707819
1005001975135159
32862537073
1005001699110506
1005002259857760
32957476789
1005001525363633
32819701646
32574412381
32807499826
4001103193314
1005002371583762
32835575079
4000876438170
4000433638530
1005002253409721
1005001962681724
4000623934379
32770984405
33040420640
32634508002
1005002358701290
32994056834
1005002314386303
4000047463825
1005002362192309
32833265084
32954533619
1005002188216521
32980920994
1005001499965695
4001050717657
1005001329037224
32963850986
1005001599992266
1005002270901275
4001332373361
32294240500
1005002370304607
33006509649
1005002334220247
32954458241
1005002384460733
4000990728761
32568086160
32908481537
32872915983
33053644481
32907280474
1005002272360069
1005001736747404
33055849094
33001320254
1005001802884390
1005002482162296
4001364276692
1005001924737842
32917980352
32835062323
33003498855
4000381380706
32631939811
32810457410
1005002324249802
4000263126777
1005001872326218
4001293810706
1005002438723707
4000129646321
4001111969769
1005002261568406
1005002207875406
32766621936
1242581828
1005001709513783
4001132857318
32812942643
1005002231697299
1005001572298630
1005001686089779
32997151067
1005001955116316
33012080542
1005002028498716
1005001764714920
32969277031
1005001327661943
32583279528
32826152830
32851111329
1759561572
33013957148
4000828011196
1005001978380191
1005002313165361
1005001273710144
1005001543835711
33013410957
1005001649486913
1005002268438246
32907543703
32879388317
1005001484859422
32812148948
32661450018
4001128553893
1005002167013883
1005001459040461
1005001808108830
1005001602639611
4001261752443
1005002304942988
1005002263994281
33024253710
1005001850262209
1005002096146035
32826518362
10000319803141
4001267964702
1005002484897563
4001042537338
4000373752681
1005002438452129
1005001950557591
33009833557
1005002372534131
100500231447005932795658040
32884734177
1005001834668213
4001251649534
1005001563489812
1005002337304837
1005002161637242
32999737285
4001214178091
4000995247325
4000351507637
1005002409092322
1005001458498467
1005001813014350
4001333401754
1005002447043531
32853914765
1005001660079903
1005002282412009
33039518162
4001093707999
1005001297307518
33049312331
2012428313
32711947301
4001358821900
1005002345858242
32956936590
1005001774362140
4000875108417
1005002289936455
32978326696
32677227226
32788621330
4000725203177
1005001873250164
4000496004298
1005002078832822
32974668189
1005001882548794
4001065380694
4001292838020
4001004909285
1005002355610833
1005001687283880
32909496080
33005648494
1005002253350543
1005002033117565
4001267953306
1005001962657657
1005002199347725
1005001642470859
32820287552
33001623885
33016296565
1005002076990167
4000834224601
4001026867144
4001362191558
1005002421969749
1005002447996576
1005002346082207
33002596209
4000397505216
1005002445697954
32642368805
1005002180223989
32767189684
32850138589
32864224038
1005002267899923
32870139902
4000096132181
32979666013
33025989448
32695518759
1005001810770540
4001115119987
1005001403622601
32964402497
32886247914
1005001736611959
4000812641415
1005001874526564
4000709681434
1005002286234192
32811294531
1005002339570234
4001004083744
1005002218899312
32850452763
1005001451812192
2055050592
1005001905026550
1005002444343145
4000168564512
4000033414889
858481636
33055827864
1005002193767730
33055496620
1005002122497491
4001286186213
32451770051
32857184666
4000216000712
1005001793001801
32867011017
33027525863
1005002478516714
1005002252836965
32981998069
1005001993583263
4000994554461
1005002288118878
1005002314330877
4001143077636
4000411074785
1005001592261024
1005001729328532
1005002498100823
1005002052451216
4000203676267
32857272128
4000927422290
1005001478284678
4001269683407
32657126351
4000303122682
1005002373293845
1005002252396537
4001126737176
1005002206584779
4000295558467
32998979861
32902509431
1005002291959550
1005001814375982
1005002449720919
1005002244959674
1005002050537845
32222994372
32384143554
32821601698
1005001415355983
4000957625711
1005002181725054
4001154085734
1005002314349376
4001010379575
1005002393829358
4001036062131
32312975388
32995755282
1005001316507478
33017280796
32840746123
4001265350232
32922151569
32855057316
1005002347644810
32982304105
32595977656
1005001626170857
1005002362772513
32934559338
32813857268
1005002245263383
32846451775
1005001588096657
4000348046358
32991054213
1005001719132202
4000740610154
4000773303521
1005001922129977
4000624260265
32923193480
1005002478705215
1005001511126324
33040308795
32915444988
1005002351864856
4001263534063
1005002365065700
4000817884016
4001214685806
1005002320304269
4000505578914
1005001878268807
1005001451574256
32950446185
4000280747157
33044611266
32609433192
1005002388212716
1005001980469648
4000350426844
1005002082515973
4000726594045
1005002397714389
32587018120
33008324467
4000266470429
4000041099339
32850117143
1005001994525324
32920188332
32355751828
1005002437868191
1005002219085385
1005001637338346
1005001852382642
33007164262
4000955495647
1005002247709103
1005002375283148
4000392836332
32777180217
10000395867165
32719465695
4000257598219
33050402440
1005001942609228
1005001698807068
4000897402179
32963229369
1005002327062877
1005001499108754
1005002420332825
4001128203756
33014069845
1005002368818316
1005002380504885
33031891781
1005002224538162
4001037889870
1005001333758851
1005001798349696
32910601107
2053898205
33017730329
1005002024605010
1005001529475581
4001123133342
4001036637267
1005002102144102
4000223737599
32827515058
1005002188649466
32708451042
32929505262
4001250857358
1005002429164282
1005002381525833
1005001285786555
1005002450558658
32982251727
32866549165
1005002335691931
1005002427795858
4000411159371
1005001823951730
1005001823548520
32837148687
1005002388706986
32697304736
1005001672421577
1005002400288460
1005001389690990
1000007223736
1005002425900340
33048577303
1005001972976351
1005002192031510
4000611056818
32804737816
4001037369421
1005002339732826
1005002344936834
32855128335
33034128436
4000907381382
1005002360065138
4000801909927
32865975868
1005001265828380
4001175706029
1005001915828351
1005002344255173
32948612775
1005002413437180
32994900940
4001223152106
1005002394061647
1005002337744373
1005001540584713
33055445418
1005002310510530
1005001941162204
1005002256380062
1005002425695562
4000357037639
1005001404856584
1005001634057166
4000727149711
1005002122322674
32792480932
1005001789838152
32958238064
1005002085039422
1005002375442856
1005001620052052
1005002254788761
4001081523882
1005002314295335
1005001971302968
1005002239461327
32790800730
1005002389276559
1005002313837389
32868640532
1005001888717649
4001194112342
32895608972
1005002454302336
4001175363606
4001056605044
4000344022346
33012088851
4001125194525
32871103045
32636057221
4001137419850
1005002492507500
32848556866
1005001705047779
4000047902368
1005001580900507
4000213329637
1005002084451294
4000382748471
4000888974637
4000982417550
1005001864464824
32764119368
1005002291889408
32910826537
1005001305905529
1005002396551950
1005002371727708
4001005348226
32372932032
4000983449047
1005001469951159
1005001326224134
4000534870383
1005002330722727
4000724113623
1005002332030598
32893088793
1005002304106319
1005002433168953
1005002252654632
1005002349749597
4001013646262
920497119
1005001962073653
1005001711694140
4000083832785
33051324807
4000403329377
32896733229
1005002398488453
1005002014300058
1005002322032033
32251203832
32910794874
4001290713112
4000546613615
32868934573
1005002392059400
4001029469811
4000048756163
1005001756477221
1005001824792447
32704331899
1005002329603032
1005001785613114
32851790331
32838665525
32583927260
32790982380
1005002295234500
4001068364821
32980866984
4000218211317
4000155797388
33020092660
1005002450922965
4001174463865
1005001520693665
1005001942857967
1005001872455620
4000262489218
4000811609592
4000027836687
1005001731470038
1005002271917456
32963931201
1005002264031792
1005001271499232
32851135768
1005002348948279
1005001998408257
1005001588299247
1005002323451292
4000120851498
32810973087
32805370249
4000906810741
1005002357589409
1005001935326033
1005002352363974
1005002037442958
1005002433378845
1005002275344520
1005002014211219
32832356332
4000105687468
4001196282712
1005002233477784
1005001639522058
4000035672671
1005001450544616
1005002365454040
32807249244
32815849213
1005002263686042
4000370150574
32997302721
1005001314963611
32880623379
32898203009
4000211519158
1005001525470397
1005001307788784
1005002264068742
1005002239435416
1005001518244691
1005001334330117
32854652999
4001244445863
1005002280550551
1005002327137858
4000919358332
4000039387844
1005001996525637
4000516491094
32971547719
1005002419803768
4001238966889
33006154427
1005002345116663
4001132702716
1005001313870120
32369196290
1005002297383907
32963275790
32823674599
4000560774209
32689574951
10000186629224
32988643745
4000378026660
32710370918
32968444091
1005002333329329
4001103613806
1005001775282642
1005001580668119
1005001915034619
1005001966498591
1005001927790873
4001298938001
32708341497
1005001411354683
4000909609166
4001153312978
32910315225
1005002224462831
4001228663125
1005001650347781
4001282222809
4001037014673
1005002246568450
32848621329
32960466831
4000517094611
4000070952355
1005002442723566
1005001305487926
4001221586060
32720266521
4001343444784
1005001354907884
4001338127125
1005001543958945
1005002298186270
1005001987804272
1005002293541879
1005002355860060
32428155999
1005002314336675
4000509362112
1005002271763795
33045137146
1005002386451905
1005001337824195
1005001436513924
1005001446198117
32851211573
4000989324033
1005002378138637
32982465048
1000007752711
1005002467029939
4000678283249
1005001500965756
1005001631982980
33003146541
1005002350112516
32866784782
1005002314389556
1005002377707753
1005002180602075
1005002224104965
33034732043
4000479908995
4001295877435
1005002477497075
1005002260084972
4000257685791
1005001566641473
4001268494438
4001183787529
1005001478605765
32890609795
1005001720350060
33006341336
1005002271153144
32842903374
32853275477
4000228446893
1005002302193697
1005001368561374
1005002345716972
1005001845143762
1005001375499103
32845772142
1005002223495604
32952325526
4000196408641
32393902463
32858564810
4001199431414
1005002050521577
4001055505833
1005001874455187
1005001686059650
1005002100194788
1005002292167588
4001058348243
1005002166157303
1005001779879358
1005002254206122
32757670399
4000960125000
1005001559716173
4000946941477
1005001877748722
1005002288933587
32653142845
1005001617800706
32727885376
1005001893161882
1005002276930439
1005002317322348
32991262457
1005002408015486
32885898760
4001275214035
32335456347
32900686894
1005002270830636
4000235794278
1005002018319115
1005002303943206
32818009435
1005002283150525
1005001975944887
33003274865
10000390949296
33030387818
32845002390
1005002307669667
1005002433057911
1005001694838352
1005001425384138
1005002250119498
4000189830582
1005002362156856
32868481321
10000395880063
32956280915
1005002171929193
1005002224806420
1005002037225482
1005002333273453
32770102910
4000708372395
1005002491042801
32658005848
1005002382985128
4000235190125
32820641115
1005001604771609
1005002267903771
1000004442016
32905978316
4000197155224
32676488817
33000615399
4000076440604
1005001541224826
33034285371
1005002457047981
32803165579
32849808419
32835264200
1005001626946466
1005002068896388
1005001873681626
1005002236389787
1005002349536867
1005002363772144
32791058937
1005001555908189
1005001797800775
1005002260936197
4001218127624
1005002318707563
1005002288683285
33057073990
1005002466122478
1005002178015834
1005002253571169
33016047035
1005001762891522
1005001417502365
4000848822899
1005002259613704
32854450089
1005002396337058
1005001912906354
1005001418275082
1005002426910418
1005002394388590
4000042644785
4000189811803
32890367097
1005002197234278
1005002320221542
1005002241003286
1005002143424692
4000864056429
1005001775013255
33027729313
1005001274892825
1005002389628348
1005002241566040
1005002377454910
1005002005860355
4001237735491
4001250604399
33043880823
32832324454
1005001515874648
1005001483023885
1005001952558832
32954863668
4000694435736
32764179998
1005001749010497
1005002014628272
4001130865231
4000777479495
1005002420214366
32847058856
1005001611819018
1005002386185086
4001090761445
1005001502843938
1005002311126976
1005002237784749
32812574115
1005002370118945
1005002055418748
1005001864870425
1005001965463994
1005001862810773
4000156658518
32656753799
32675454027
1005002213092071
32965245927
4000943306815
4000173610935
4000670729043
1005001756606671
4000964944647
1005002276888053
1005002319445027
1005001885104705
1005002314332116
32815306872
1005001907745170
32829488270
32786178843
1005001648131495
4000687537347
33051273378
32585676182
1005002439077343
32918137330
32893602050
32941028248
4000917603424
10000328712263
4000097537936
1005001971004343
1005002281682056
32999762246
4000117993789
32652935219
1005002207436929
1005002342521550
1005001265480112
32889993175
4000264114791
4000223399367
1005002166746353
4000850480384
32905207784
1005002113605433
1005002264238439
32963113172
1005001524742996
33008177150
1005002329647150
1005001625101390
4000814739584
1005002170755643
1005002376353682
1005002298951272
1005001419114806
4000309713992
1005001463102058
32806624368
4001231902669
1005001725973747
32825880371
32932224188
1005002257323697
1005002317703203
32848608517
1005001295514557
4000837958082
32975357591
32905284781
32848370622
33035205254
1005002255169307
1005001895435667
32718300797
1005002256920121
1005001267536888
32958955874
4001224912854
4000850668627
32328987383
1005001972765739
1005002318467637
4001152743818
1005002393386917
32869430789
33011784305
4000026579031
1005002346151333
1005002281733102
4000588604673
10000374245169
1005001415117182
4000196343794
1005002282063966
1005002314336222
32435021589
1005002309700275
1005002357670811
32795024795
1005001602223184
1005002344909924
32703311190
1005002288823160
4001258960377
4001084253875
1005002023199337
32966854471
4001272355663
1005002161709646
32860627291
1005002413915351
33042793202
1005001317161814
1005002400098523
32868100758
1005002404149202
4001046338764
1005001388071781
32338920178
1005002315592986
1005002211886632
32907044559
1005002100216744
1005001875004643
32728873339
32842168177
1005002298771926
4001028467229
10000350050419
2055333030
1005001287067425
33021338830
1005002311377986
1005002011371971
1005001501445291
1005001314948794
1005001455865299
32973539168
1005001817228849
4001015799278
1005001488717214
1005001585280650
32839076499
4000704046971
1005002102697211
1005001695457438
1005002460682264
4001220662955
4001294058071
1005002241444194
33034196800
32952307637
1005002347561464
4001196838215
32578216559
1005002396260666
1005002302629252
33041168913
1005001281152546
1005002304210529
1005001297756712
1005002315655062
1005002304571445
1005001802690535
32859469401
4001280163967
1005002388248665
1005002328279329
1005002454351772
4000197781855
1005001452307373
32853074886
4000236968140
1005002168044032
32951816443
4001230819827
32917145835
1005002444580714
4000128212033
4000452392073
1005001848764735
32948179488
1005002330603684
32883906823
1005002232939152
1005001286778122
1005001894606290
4000031485156
1005002429024522
1005001670822583
1005001670909238
1005002293940739
33031937564
4000941525271
32673426842
4000959979555
32865859451
32809633547
1005002244946018
1005002418209868
1005001525372089
10000003689681
1005001456499144
1005001698763022
1005002305999610
1005001678321292
1005002286520153
4001078122971
4001127465483
4000835064920
1005002032062945
1005002165786518
1005002252112458
1005002482431117
32837121145
32878373381
4001072064312
1005001515253523
1005002295527269
1005002453777034
33061287400
4001240416966
1005002409273483
4000595863842
32832708813
10000158414707
1005002265014305
1005001701354295
1005001955180195
4000625714846
32933550241
32770985929
1005001511840476
32960631338
32962535620
32825137457
1005001622854997
4000905711245
1005001980266888
1005001967930083
1005001931678540
32374735789
32899871906
1005002358166848
32970392852
1005002410918733
1005001907360740
1005001515936223
1005002462583018
32881674821
33005821619
33024301957
4000154509526
4000599311635
33043976312
32888017829
1005002263883737
1005002106189573
32843802552
1005002011567800
32983140003
32965481394
1005002070323621
1005002363087565
4000429931290
4000857498144
1005002372358027
1005001779919393
1005002328097902
1005001463709304
32962383547
1005002470876459
32949812843
1005002120799681
1005002436495412
32820194129
1005001266880602
32958191119
1005001769611476
1005001392983041
1005001620938466
1005002451171634
1005001975225463
1005002384370433
1005001640340320
1005002129442909
1005002434984622
10050022359260764000718647676
1005002340133366
1005002012551009
1005001681501522
1005002428776770
1005002315273153
1005002083619170
1005002137829152
1005002292008384
1005002074173878
4001278945574
1005002294659734
1005002231689392
1005001639852630
32982089735
4000300440672
32914745874
33014098614
32651240146
32871959098
1005002295344607
32868964394
4000043984845
1005001625151930
33047421543
33027812727
32889505882
1005001354705028
32932360827
4000544008986
1005002334042785
1005002242558525
1005002176403844
4001245202785
32618830189
32469740414
32987008571
1005002497296890
1005002368772816
1005001388187743
10000014286380
33015876946
4000492907891
32689952078
4001359142877
32819827067
32695381258
1005002419469431
1005002037522554
32964697294
4001221708598
1005002243990262
4000282558364
1005002314245451
4000842671507
32999710432
1005001572964882
1005002220867300
4001241245571
1005002167772694
4000132376581
1005001762349101
1005002270722108
4000533327079
1005002244267055
1005002433463875
4000185685742
32922701559
32955046385
1005001500807628
1005001458107307
32855576615
4000087757732
4001153098562
1005002400269959
32809170904
32842716179
4000842996587
1005002298784422
4001050041241
4000155254407
1005001419267720
4000108122687
4001230102053
4000290049828
33059665496
1005001479307764
1005001896247083
4000237721604
32815848885
1005002291848129
1005002494565809
1005002473701427
1005001617170166
4000362139878
1005002339101300
1005002344070990
4001103293001
4001163526442
32858741063
32948222576
1005002488455075
1005002431528572
4000080670801
1005001329779615
32560865920
1005001538210513
1005001770195662
1005002251991234
32845506361
32895589906
1005002446488556
32875170660
1005002283983766
32996142469
1005002382539879
4000800368243
4000208201978
4000994809728
1005001976380432
1005001458033532
1005002316261315
32980485227
32786521036
1005002295026919
32813839729
1005002454364791
1005002246986071
4000910601526
1005002346523758
32910047916
1005002097103080
32898673666
1005001645055189
32821592936
10000043219349
1005002381748357
1005002152545996
4000289025416
4000926913094
32917061860
1005002359170235
4000954068406
1005002077473169
1005001503765156
1005001943706647
32900515783
32817082496
1005002133568242
1005002241053958
33025909891
4000465900228
4000789313814
32852064836
1005001557733913
1005002459895276
4000098951996
4001215295189
4000429542521
4000023379745
4000988843988
1005002247752484
4001290432612
32980075560
4000885057683
10000157378978
1005002098726843
1005002304691948
1005001625269614
1005002193996389
4001284579268
1005001475050566
1005001914530516
4000396065343
1005002051229485
1005002456931559
10000020881683
1005001540218698
1005002198027783
1005002378133368
1005002292909921
4000005776060
1005002100650418
1005002309466840
1005001400346812
4001128865286
32982562847
32878944137
1005002284480753
1005002449676941
4001238056774
1005002385185097
4000173814919
4001218431179
1005001915271456
32910298187
1005001418337995
4000818154124
4000662682367
4001339829079
1005002362655152
33044767505
1005002196876834
4000395339445
1005002037154831
32956844423
32962719344
32530287878
1005002307597574
1005002448938611
1005002297895723
1005002382357849
1005001637469020
1005002377701250
1005002206127010
32931269108
1005001977121722
4000254180339
1005002011424808
4001013337953
1005001511629191
1005001834739568
32946078911
32986957162
4001088741822
32854725745
1005001680388875
32878899900
1005002494653621
32772605092
1005002290085816
1005002442051660
32860298728
1005001789499985
1005002265650349
1005002352358865
32921738066
1005001593910179
1005002345043475
32806029816
32974847211
1005002239146608
32917740606
32902213740
4001109083401
4000645294033
1005002298840681
1005002275798674
1005001281874990
1005002105560576
32962876737
1005002179877012
4001364370794
1005002314300966
1005002232773423
4000012561098
32878836772
1005002399793126
1005001781949394
1005002244634799
1005001953033389
32808269254
1005002365518754
4000743494989
1005002271698697
1005002219599309
1005002224084712
4000672317015
1005001966475619
33042163659
32998569085
1005001701282930
4000385002848
32919378423
32971915727
1005002146583325
1005002434483479
1005002459905698
32890331549
4000464096129
1005001870472268
1005002176944469
32994136941
1005001701429434
4000901322895
1005002274170114
1005001315800764
32791312747
1005002401751728
32610259013
4001138003138
1005002264579420
4000183970551
32968736359
4000564200261
1005002443670399
1005002368800566
32803165099
1005002076945332
32959279751
1005002198492218
1005002485829424
32885949126
32426360555
4000063941828
1941930574
1005002180491210
4001230837123
4000895270390
1005002253423855
1005002410536131
1005001613469114
1005002428052104
33048782154
32576219293
10000012741520
4001286718572
33016026311
1005001505519759
1005001761782909
1005001790180009
1005002390248525
4000857187177
32794886653
4000691115036
4000709163398
1005002422223098
32857417102
32947335420
1005002414882182
1005001379746336
1005002220824736
32903566100
32990847965
1005001794218388
1005001954897355
4000711216493
33060032700
4000293258538
1005002034550096
1005001356473924
1005002328396643
4001115847766
4000714754547
33049948027
4000002724581
1005001835597307
1005002205462707
32981787685
1005002150754434
32763065655
1005002377433438
1005001852606641
32819789240
32711412548
32640868523
1005001672018659
1005002310901323
1005002008137396
4000248484851
1005001929234697
1005001324431669
32921331237
1005001333346857
32820823909
4000361258065
32943415000
1005001921839094
1005001286010574
1005001482398883
32890948630
1005002341591014
1005001402884621
1005001339976976
1005002297155203
4000211563069
4000803423895
4000617460195
1005002388536432
1005002268921654
1005002252545475
32858089826
1005001705116712
32848840436
4001179155864
1005002084324849
4001320912242
32984526202
1005002266699879
1005002247596970
32885532860
1005001334771991
1005001617437978
4000761679453
4000850194985
33007083141
4000210684594
1005002357721041
1005002261033888
32643410928
10000395916532
32867720781
4000925405935
32835217616
1005002301426625
4001250592878
4000073526526
1005002343185354
1005002306629394
1005002211693663
32887904358
1005002482735926
4001156299521
4000372917995
32993920790
4001189333664
1005001521959642
1005001568220007
1005002073245309
4000955107893
1005002421537070
1005002337280915
4000538701034
32505102734
1005002359709789
10000395830638
4000261404135
1005002293578711
1005002110665314
1005001421500705
33025403897
1005002417093147
4000021911487
1005002307533242
1005002327839647
1005002350799531
4001265729061
4001041132360
1005001557425914
1064346204
32953410288
4000713065639
4001307293533
1005002466262652
1005002182430105
4000442692021
32652218664
32852515570
32667646107
1005001652146580
1005001287756933
1005001376746837
32961971939
4000760797799
4000972903949
32841979048
1005002461117542
4001139153100
1005002330184770
32965651998
4001320919066
1005002481218646
4001157220321
1005002452881529
1005001946481094
4000807595221
1005001927702995
1005002207787387
4001163027872
4001227266519
1005002345112051
32846217806
32824074931
32963580573
1005002233045101
4000920305177
1005002438257618
1005001765829617
1005001397448615
32701301411
1005002259664631
1005001463962978
33013071235
33056378129
32637526390
1005001926674233
1005002328967983
32950289901
32970965092
1005002304644726
4000404450468
32881340633
4001143436121
32592756840
4001255464359
1005002160431760
4001175283962
1005002341750794
4001249962154
4000528780975
1005002462030652
1005001470313178
4001344694842
4000985269789
1005002022102406
4001128051984
4001170229020
1005002426487529
4001163496924
1005001556316324
4000860358425
1005002362514392
1005001893371487
1005001367945445
1005002318481447
1005001843937825
4001062072211
1005002312971780
32836271437
1005002446759883
4000897720719
4000043376514
4001041146600
1000007629874
4000274285499
33058104837
4000124519588
1005002307239740
4001287187074
1005002470675278
1005001865186488
4000833548680
4001062159509
1005001354597954
32852938538
32885321789
1005001468331391
32991996336
4000990023601
1005002488597744
1005001942838656
1005001525447382
32580209366
1005002020150125
1005002288090919
1005002314465947
32810875292
33014105849
1005002319129732
32890977511
4000385358600
1005002288409582
1005001849808152
1005001651688283
33002698936
1005002399201795
33009256013
4001332615603
1005001427034913
1005002262528755
1005002467363080
4000567330018
32909214729
32995158343
1005002181525106
32967824044
32913752571
32597280563
1005001952625006
32989912176
32944197951
1005002358933022
33015671784
4000105880871
32825978650
32817282069
1005002433491631
1005001670848956
1005001622739965
1005002332950652
33000722883
4000991302277
1005002285975847
4001266459707
4000985632320
32457642970
4001228648443
32680145502
4001270481646
4000888984633
32956397677
4000228570927
1005001608795094
4000111521344
1005001304764091
32832587451
32746360787
33030272603
1005001413793731
1005001775542405
1005002353494219
32325624936
1005002166723712
1005001377911227
1005001525338722
32509130254
32921243137
32869654987
4000311318188
1005002313682770
1005001935957369
1005001691356249
4001038363149
4001090678719
1005001840482341
4000659993105
1005002361990168
1005001667543007
1005002024634788
1005002389292581
32413385886
1005002262657288
1005002404176438
4001252436753
4000344617657
1005002288788699
1005001863056363
1005002451755627
4000082394585
1005002378626400
32956899933
32354238205
4000960873640
4001143611208
32869649529
32840618686
32805467606
32806722069
4000030507101
1005001792409154
4000287292281
1005001967253701
4001149798883
32228007190
1005001627036329
1005001458449985
32824950509
1005001397027476
1005001573074237
1005002280514348
1005002388967986
1005002273983153
4001010279787
4000265157293
32847728028
32756053481
32869234218
1005001639961048
1005002379512515
32955113876
1005002279271444
1005002330387460
1005001585951178
33000952060
4000982908697
1005002002420322
1005002368249995
1005002277426283
32944585394
1005001679322359
1005002072575151
32820087184
1005002286134735
32228361490
32948719935
1005002049092520
4000170315458
32742343547
4000741834874
4001228518713
1005002314387445
1005002167493088
1005001854845035
32873864033
4000163300985
1005002347587851
1005002317765753
32751189659
4000084235542
32933406670
4000329419180
1005002344151256
1005002330329623
1005001530593506
33058923467
1005001672593689
32902096930
4000747191334
4000049910692
10000110699892
4000049895334
1005002064634179
32999502377
1005001721947842
4001159518741
4001242821109
4001227621004
32870808177
4001268329419
1005002262104068
4000677120795
1005002400481323
1005002329211012
1005002245022847
1005002408389258
32464143262
1005001862891140
1005001367807369
1005002304200665
33020165362
32954552705
4001297073528
1005002293433022
4001101418417
1005001768587208
32931286598
1005001557072320
32847270173
4001209295455
4000640857895
1005002339585847
4000901502288
1005002339492488
32944014683
32829612253
1005002344284494
4000357034264
4001297372084
1005002166480045
1005001547617306
4001150714901
1005001835429860
32623714829
32911035039
4001038916981
1005002112809418
1005002455042609
4000064633996
1005002276001871
32842317850
1005002394209221
4000792480693
32824604855
32983530481
1005001765094186
1005002440977756
1005002388489703
1005002399680420
1005001326464090
1005002497311399
1005002377054280
1005001833448833
1005001895446459
1005002341337123
1005002266357032
1005002224906736
32640308447
4001179176459
32993104265
1005002201883664
32951378870
1005001635592376
1005002058702254
1005002337782489
1005001511128600
32832154416
32800244047
1005002330892072
32974292795
1005002295155096
33008824239
1005001525425424
4000842705079
4000249641806
32906477337
1005002440256319
1005002296810133
32811559672
4000478804150
1005002494054924
1005002151840681
1005002341273732
1005002107986984
32851988022
32956229877
1005001815359256
32767034841
1005001859139450
33019897583
32816950393
10000242926426
1005001313206594
4000074675066
1005001943095069
4001295901906
1005002399076054
1005002224314785
1005002033764001
1005001865056407
1005001986004171
1005002259496961
32522191895
1005002310980320
4001014002699
1005002494416798
1005002467489219
1005002316315733
1005002318563997
1005002092881891
1005002467361335
32771138071
4001230264604
1005002196680000
4000789388480
1005002084246278
1005002380835451
1005001972203525
1005002363440664
1005002322831860
4000270814420
1005001890571457
32974333448
1005002314983315
1005001587766233
32763620231
1005001865562434
4001258512477
1005002124818815
1005001786511993
32957554830
1005002315294912
1005001765725153
1005002352007687
32912722188
4001079130278
32862718314
1005002057978902
1005001307547826
33016618899
1005001454516321
33031851747
4001085037878
1005001992614133
32908533954
1005001893278206
1005001820620971
32835687122
1005001295588280
32639635231
4000175098412
1005002323495409
1005002339561764
33034612808
1005002153083892
1005002324954421
1005002233486891
33035313220
33053873724
4001156300786
1005002312174131
1005002312160761
10000012611466
32999872601
1005002442458446
1005002323314298
1005001622101553
1005002252441662
4001068259967
32862704733
1005002253699182
4001271881266
33021293358
1005002194004048
32788005325
32561917257
1005002061973794
4001340693406
1005002370363438
1005001873091255
2035513899
4000628041107
4000726978335
1005001867329570
4001039222632
1005001617576574
32923527777
4001190267595
1005002324558249
1005002339128863
32506038192
1005002315799357
32958365504
32790285159
1005001885509389
1005001614651768
1005002369107525
10000197100726
4000016653645
1005001923228377
1005001736706329
1005002318037365
1005002368984814
1000008681390
1005002166158492
4000909652035
33017302125
1005001825681071
1005001633471106
1005002318115990
32949084088
1005002190761741
1005002329021502
4000711897605
1005002425796143
1005001419271683
4001099167037
33039320641
1005001830313088
1005002316435968
1005002389096288
1005002082197534
32889594400
4000822723269
1005002340184793
1005001777382259
1005002329142618
32686384583
4000544858800
1005002337579434
1005001953782433
2021924057
4000449907787
4000196127620
1005002237363760
1005001400350144
4001102475696
4001156671163
4001044990984
32987326966
4001254424846
4001272472537
1005002487966571
1005002081393263
1005002366015897
1005001920744611
4000835148763
1005002369433936
1005002237483197
1005002293963638
1005002433789302
1005002428010811
1005002255590101
1005001348806981
1005001690009137
33014171253
4001179387367
33033493616
4000734301117
4000715153242
1005001874779977
4000902990561
4001058348473
4001155527596
33037309061
32873014579
33001343268
4001157223509
1005001659696565
32779334299
595317736
1005001967497511
32798027674
4000725580290
4001214252506
1005001908582653
4001299915380
1005002419136073
1005001986867829
32876415336
4001125361408
32885804803
4001148941123
1005001515878658
1005002443637707
32846865707
32757642888
1005002322166746
32860365534
4001160306282
3287308085932819041738
1005001406219938
4001252878247
1005002337635763
1005002231498587
1005001884860883
4000228826767
4001203171068
33012560778
1005002357420125
1005001920921711
1005002221615080
1005001771021206
1005001808762219
32855295997
1005002137486740
1005001978139065
1005001869038107
4000900187320
1005002462509794
4000509989261
32990892079
4001185814465
1005002369625002
4000621617584
1005001764103139
1005002238595314
32367196298
4001080210440
4000203526305
1005002301017564
1005002305386651
32999745541
32717249556
32751043452
33054564457
4000703403250
32843676514
1005001963745115
32795012825
4000007614243
1005002047256583
1005001405445860
1005001736818411
1005002268753336
1005002276962620
1005002386497686
1005002294064695
32812607438
1005001953161484
4000627288719
1005002037420890
1005001835532880
32899677710
32697769590
1005001938730431
4000994084659
4001304803251
32931533514
32958898259
4000971290253
32850521773
32920931038
1005002314214979
1005002450536476
1005002027956848
1005001611667155
1005002096513670
4000627075357
32921131584
32959699376
32809113856
1005002122418368
4000992951345
1005002317971886
1005002307488300
1005002340000986
4000173922757
1005001291451821
4001277892538
1005002012390440
4001355037224
32902288176
1005001291530074
1005001651593176
4000987054181
32853246244
4001215736579
4001221665280
1005001990531215
1005001774390274
32998850574
1005002264445856
4000790434643
32992370152
1005002388257358
4001227564511
1005001981778882
32818593499
1005001876573286
1005001798063421
1005002322966662
1005002233893752
1005001863821133
4000967583259
1005001880365011
32771218875
1005002280559613
1005002142570451
1005002333926235
32855386294
32584588887
1005002382867392
1005002309865523
1005002368624145
1005001334736744
367138658
1005002314797695
1005002264884381
4000832649707
1005002398849469
1005001594187397
33008894172
1005002224503927
1005002180398155
32948760001
32959973799
4000890058655
33012230429
4000287835766
32302308400
32860006229
32956541949
4000798360952
1005002413336823
32829434552
1005001321260466
1005002255911988
1005002393760163
1005001511563507
1005001269550074
1005001817605000
4001258752699
1498322188
1005001463133691
1005001731842494
32921479438
1005001837289147
1005001724127860
1005002426335237
1005002311722909
1005002318415161
1005002202364714
1005002113403017
1005002465974387
32221744453
32946844705
32832048685
32993436138
1005002265890201
4000378437854
1005001418335956
1005002345071942
32844736301
4001259014970
4000456811096
4001003458595
4000641906227
4001284417260
1005002307353601
4000243624325
1005001402676847
32521903039
1005002453570359
4000295846883
4000530512563
4001197716492
1005002265701718
4000281833903
33005004496
1005002304298847
1005002344891573
1005002241025106
32971793991
1005002264029561
1005001608553019
33031847803
32893691465
32919882562
4001278866299
1005002481938722
4000140262008
4001127334313
1005001626169788
33044874680
1005002322675033
1005001541827895
1005001447966973
1005002362221472
32867105605
4000191654612
1005001736317696
1005002457367192
1005002228414906
32815157472
1005002428389793
32955342773
4000910660552
1005002291261814
1005002292588075
1005002167018857
1005001722945502
1005001732896844
33043787239
32815603406
1005002440174568
4000295881980
1005001348540135
4001127557368
1005001408281860
1005001688811878
1005002277783415
1005001874654916
1005002477420947
32991491460
4001290167949
1005001694087196
32981118006
1005002296563744
1005002340401100
32813498679
1005001614795121
1005002289709224
4000419104129
1005001697782462
32819756890
1005002375761940
1005002328742912
32994127490
1005001825690290
4001332135720
1005002340138424
1005001732429607
32849747694
33019428149
4000581453956
1005001305372240
1005002152358159
1005001476025461
1005001764181318
1005002377548083
4000907995238
1005001889784449
32852265336
32962727141
1005002235182328
1005002416316578
32681956261
1005002100749211
1005002467565624
32794355609
1005001949169559
1005002314348488
1005002189799552
4001114445782
1005002355845815
4000708274779
32995120450
32976418678
1005001900056120
1005002108561592
32459876413
1005002409800332
32673382224
32840973441
4001138585896
1005002297316556
1005002330979599
32823538872
1005002375348898
4000842984777
1005001469514399
1005001612040463
1005002454597870
4000189007090
33021060593
4000337789474
4000677174925
1005001775533507
32972776947
1005002328409753
1005002314170912
1005001630207568
4001110994250
1005002356392877
32848282480
10000317821186
1005001456392107
4001356219070
1005002325461691
4000157773729
4001308278620
1005002244236213
1005002405093497
4001313413074
1005001980969005
1005002441251251
1005002111449274
32596547909
32895812161
1005002394578562
4000766857370
1005002491009767
1005002293977542
1005002296982414
32973555537
32985235778
33017308611
4000563566868
1005001655109999
1005002312021573
1005001942722695
4000953229674
1005002447773865
1005001665356525
1005002314278752
4000109511935
1005001494488899
1005002421217771
32813727930
4000065754445
4001090389818
33027533068
4000202670031
1005001705675009
1005001479958682
1005002317781380
1005001556972935
4000100152497
33035928800
32969016949
1005001407619882
1005002220467082
1005001796836800
1005002264057263
1005001934057136
1005002281716823
4001150544697
32854380760
1005002359621754
4000762086427
32962469304
1005002229312930
4000684744506
32972553528
1005001948644917
32898174134
1005002314398330
1000008501738
32995782489
32791425347
1005002064526451
1005001538731864
32699111054
1005001458184075
1005001731471233
1005002363302156
4001233437713
4001334282965
1005001507862807
4000981952299
1005002344131198
1005001698039047
32900140438
32987469834
32982698305
4001127450434
4001271031096
4001084780551
4000985704983
4001174181854
4001014959378
4000512459767
1005002281958391
4001199366029
1005001710230745
32905587815
1005002340614379
1005001686235172
1005002245494487
1005002233733578
1005001744574793
1005001765019239
4000556271130
1005001736794421
1005001579992161
33010293027
4001271335681
1005002287906583
32805389626
1005002496999270
33027967884
32968274202
1005002073990070
1005001728722512
32977338545
1005002307436232
1005002282383285
32857636475
1005002255589459
32850954338
4001299424770
4001049010220
32919631209
1005002431128407
32893737556
32956007843
1005002356101981
32813155780
1005002211977296
4000714956791
4000784637685
1005002333573910
1005002032573615
4000682807306
4000166884965
1005002179366837
33000403485
1005002315419290
1005001813445149
32566845086
1005002453868999
1005002322710304
1005002465282351
4001130722837
4000868495069
1005001465297907
1005001456348500
1005002259875368
1005002471074183
1005002399386122
1005002326510714
4001275019773
32817496623
4001294357827
1005002358541167
1005002324126060
33036727688
4000924900237
4001261283218
1005002259531838
4000777908079
1005002418566153
32482507295
33045264288
4000035891820
32564872153
1005002273110476
4000840052576
1005002397678611
1005001909510963
1005002347274995
1005001421078484
1005001489292255
33041796859
1005002480160069
32640342356
33050810251
1005002212363458
32838921659
4000811638399
4000233867829
1005001818059070
32272657670
4000272732338
1005001883555309
1005001464544146
1005001819055039
1005002436883529
1005002348550979
32807604711
1005001962662331
1005002116558591
32812706355
1005002322941863
1005001682210768
1005002390176999
4000041160741
4001027390174
32955206902
1005002489269471
1005002048801905
32900307154
32990138497
1657932456
1005002420040602
1005001884741940
1005001942520950
1005001840018299
4001045670881
32841103572
32911846636
1005002259234718
1005001559770198
1005001446448415
1005002466050019
1005002293843149
1005002054926146
1005002447182402
1005002034967630
1005002352713582
4001174592419
4000873269400
32709936897
32801674859
1005002090991045
32775407611
1005001954902301
32488590834
1005002278679972
32772958148
1005002344280944
1005001309167430
1005002307353070
1005001541628510
32546334626
32935709572
32848697285
4001127960799
1005002241581833
1005002352953755
1005001349072030
1005001329606904
1005001668056231
1005002266699944
1005002012885079
32260171913
32914024546
1005002370186928
1005002466005812
33022117670
32870878844
4000868164788
32859666525
4001038580094
1005002453332615
1005002432268851
1005002489823205
1005002488324696
4000186044238
32959654675
32387021489
33057505696
32788307296
4001292040052
4000305614547
1005002453299217
33029774092
1005001473744092
1005002274829343
4001190642165
1005002238756821
1005002089731970
32857275188
1005002395087911
32948015192
32971282862
1005002365616800
4000917353605
1005002322088721
32822280157
1005001789850531
32865497803
1005002332850628
1005001957124970
4001112081990
1005002444286896
4000309869498
1005002500580073
4000307918436
1005001763587156
1005002435888769
1005001333652575
4000106291714
32788307423
32959711668
4000696277882
32749790856
4001163316587
4001217509132
4000101120901
4000770368416
33029420783
1005001626917635
1005002207634782
4001324502855
1005002463256585
32806349494
32855164501
1005001393101723
1005002401066987
32984474301
4000073207575
4000971184012
1005002279475038
1005002264099821
1005001558234214
1005002378731938
1005002264116970
2004741351
1005002265173846
33020029103
4001350188978
1005001962509828
1005002206261706
1005002260091695
1005002398742101
1005002401947839
1005001572775793
1005002413456139
1005002263506724
1005002329618206
4000955004491
4001230278032
32793768607
1005001889338100
1005002470208142
1005002351225159
4000139564943
1005001907150115
1005002268701184
32899779953
32658269182
1005002428783145
32721135468
32377769118
1005001762554556
33005131816
32909772845
1005001775502739
1005001333212759
4000695682873
1005002482950971
4001265953079
4001285178534
1005002320257697
1005001678994219
32840755032
1653825210
1005001869613407
32856667431
1005001407244492
1005001958667728
4000260613399
1005001458565568
4001104673208
1005002358296130
32966316057
10000404561740
1005002238742905
4000057775239
32992726128
1005001686745987
1005001310100288
32984919093
1005002368700225
33004075688
1005001612988471
32644110265
32853302674
1005002318326079
1005002467604040
1005002424097865
4001157632148
1005002310627662
32968896766
4000243222791
4000915403972
1005001579312097
1005001441262872
32805178783
4000457117200
4001061869350
1005002245501663
1005002443123244
32417479550
1005001640128096
1005002185621875
1005002335470510
32894784588
1005002428393585
32785755504
1005001792146742
32974404909
32631637279
1005002368712887
1005001946159621
32914108478
1005002264603814
4000990715888
1005001839503365
4000214826977
33046260791
1005002293479226
4001066073621
1005002327692100
1005001515961180
4000314093019
10000089306810
4000198936881
33025703441
1005002322684537
1005001686224081
32843334858
1005001917530987
1005002086656454
4000761043536
32962404007
1005002070204219
32976758779
4001269397377
4000393677364
4000943249267
4001084924092
1005001657804058
1005002205299361
32818728493
4001352441211
4000221561360
32862969926
4001225065498
1005001288022058
1005002277691595
32851856064
4000641440066
32883104995
32889064951
1005001705586584
1005002408469124
32926470374
1005002326989910
32623227151
33043570680
1005002011275528
32827273797
32949350456
1005002254316285
4000258648991
4001220777165
32952719469
32849029762
4001296037513
1005001847115046
4000627143408
1005002363212947
32887314604
1005001782146557
32971895318
1005002362530252
1005002228289413
10000400069471
4000393844937
32343122825
32296786315
1005002313788929
32955943683
1005001688094853
1005001724335490
4000907213419
4000452981290
1005001605859697
1005001968926156
4001230295000
1005001731124798
1005001465400453
4000251045487
4000134192921
1005002358321681
4001254532599
1005001582768180
32990437622
1005002351485362
4000935519278
4000905933692
1005002476112762
32879369048
4000090115562
32954140131
32682876908
1005001355005321
32328983828
33048056603
1005001280265025
1005001594666391
33050306650
1005002364545235
1005002337392073
32790915798
1005002358941049
32861053767
4000637756154
33007060502
32956946128
1005001540380745
4000946390197
33053092321
1005001720554528
4001287990196
1005001439476504
1005002259876183
1005001644128789
32814622065
1005001403261751
32888286768
32580614226
32809330741
1005001796848702
4000466138708
4000971338701
33051858765
4000428634384
32817515807
32920563522
32882435985
32298009733
1005002198902178
1005001384183658
1005001383949356
32861670302
32519770135
1005001938371511
4000955505748
4000126711945
33053992889
1005001484226594
1005001671066496
1005002283195379
32851417165
32915138922
1005001714166909
4001224983619
4001041082578
33003810127
1005002339019717
33045756476
33037545660
4001136560979
4001320427656
4000316788741
1005001339452398
1005001996630173
1005001838364574
32954288229
4000020711570
1005001921743476
32829380042
1005001626387390
10000186518754
1005002314036936
1005001758122894
4001160278182
1005002256233994
32784659271
4000731125761
1005001793249689
32963335959
1005001304464059
1005002346737772
32857822837
1005002300983851
1005002005227065
1005001645485777
1005001424183465
1000006265858
1005002398910818
1005002490205557
1005002475717636
4000808984053
1005002375001477
4000781078497
1329336874
32867630456
1005002396753471
4000699403539
32999363054
4001058489519
1224683277
4000599716661
32951576748
1005002085633509
4001148831453
1005002375623803
4001127776977
1005002405535552
1005002431476686
32993032698
1005002342930200
32819253589
1005001650847624
32531739552
4000003520847
1005001834784279
1005002190608893
32973605444
1005002494421893
32893077442
4000649274382
32895902754
1005002453572259
1005002371893375
1005002303950927
32717325271
32846660978
4000053802242
1005001848976564
32921573200
4001264440124
4000817831675
1005002487947027
32971786590
1005001377207259
32964692181
1005001830132477
33015071940
4000685792232
1005002477413683
1005001325433380
1005002365032943
32824727928
32822632108
33057512666
1005001726348868
33058486693
1005002394676809
4000277238135
32958591737
4000310604195
1005002436041012
1005002443096527
1005002321894480
10000048418151
32923306741
1005002348585454
1005002339596466
1005001905673450
10000395940233
32852873450
1005001782135322
1005001608725306
32664107012
1005001997394488
1005001982717405
1005002186964157
4000992994260
32993379929
4001041761177
32855970788
4000038831553
1005002313150846
1005001992901015
4001268294778
32978178511
1005002495520571
1005001914979078
32991579933
1005001792798189
32857112528
4001298792459
1005001424413300
4001314669363
4000424157630
1005002286713445
1005001722254559
1005001976259152
4001010713658
1005001571498879
32921392567
1005002191941909
32956024729
1005002364332493
1005001648661246
1005002295304880
1005001915961199
4000929818788
4000808941885
1005002340759405
4000905705315
4000191970700
4000917786063
1005001705319208
32801356407
32952531553
32831179161
32848892197
4001231908554
33058563319
32803440207
1005002313466199
1005002124381369
10050022424627631005001451439961
1005002170895060
1005002468610645
10000356023743
33002069363
4001326532181
4000817843928
4001129311060
1005002304284245
32796043914
1005002199331715
1005001622418544
1005002367829179
4000152488443
4000552024367
32997319691
4000292386948
1005002245091127
4000511600990
1005001780770229
33027721943
32811192769
1005001816509546
4001267883808
1005001397352715
33047384808
4000464505018
4000271023582
1005001843562453
4000992975418
32949992394
32949088041
33041816731
4000906469274
4000595286308
32879201397
1005001446693901
4001156969430
1005002232554590
1005002350966859
32784964881
1005001610009547
1005002062794764
32995794178
4000302843881
32374789046
1005001953410157
4000045588351
1005002385152358
1005002323662342
4001074966385
4000955825724
32936005636
1005002412270810
32867829014
1005002034389321
1005002312332425
4000437369730
4000423980191
4000329666663
1005002280919363
1005001966426735
4001013005680
1005002492399075
32790088211
2053449085
4000481359177
32958643331
1005001773444443
1005002239238432
4000126921866
32844620171
1005001630695394
4000153575975
1005001681748556
33024790279
1005002398519042
1005002317283129
4000721388059
4000997208588
4000701649801
1005001720282966
1000007712556
4001341429304
33042753791
32923872040
1005001860258196
4000480252432
32876416568
1005002011451374
1005002483486030
4000126231908
32949198387
4000367052036
32960952761
4001366060522
4001233339723
1005001793068460
1005002395542268
32958177313
32800213909
4000084625597
1005002497261996
32788490458
4001153436550
32971473098
1005001563085333
1005001506568566
1005001672293754
4000215421261
1005001371574729
4001314464639
32863254781
1005002264199356
1005002150864183
1005002260706283
32870874809
1005001627397510
32802261988
1005002002549842
4000735278161
32886128269
4001032116454
1005001723079461
1005001714085064
1005002300851697
1005001654185443
32842411277
4001018901892
4000609157023
4000461433529
4000219029202
4001270258686
32864997413
1005002316873813
1005001976778726
32919688870
4000325161739
1005002047199607
1005002376854813
1005002224221635
32957710480
1005002359658216
1005001347112077
1005001566499751
1005002270469256
4000554809370
1005002132451875
32785775784
4000310722331
1005002443109491
4001061314224
1005001620966813
1005002398194081
1005002271803800
1005002340634628
4000580732039
1005002251961982
32308726540
4000282563347
32970547898
1005002140220252
32884995311
32825880757
32800630710
1005001831122339
4000691171556
1005002092280810
1005001835940267
4001023170518
1005002276304608
4000718517609
32853572377
33002028356
1005002375096646
1005001313178750
1005002290968517
1005001508399874
4001159668532
32906149344
1005002326880043
4000323613866
1005002413286431
32904924616
1005002365813136
1005002198325875
1005002224717497
33027800786
1005002375469513
32889073369
4000359738702
1005002357015254
1005001621870706
1005002294027024
32822397787
1005002312136820
4000985379722
1005002335018488
1005002086659468
1005001547256051
1005001941282581
4001221078659
1005001807882416
32904925275
1005001883407337
1005002243501526
32865676386
1005001887994897
4001233133832
1005002042900486
32960163849
1005002471311273
4000595843068
1005001551598050
1005002333561149
1005002260140751
1005002003335064
4000472247483
1005002308687805
1005001994927408
1005002454370061
1005002388625292
1005002408225611
1000008181719
1005002366225070
4001332954642
1005001584692291
32934647510
1005001412733414
1005002284188612
1005002412151446
1005002293231837
32904584918
32971699373
1005002466057521
1005002275662073
4000008160981
32852016126
32861688644
1005001810742959
1005002132805017
1005002314562116
4001066654971
1005002301349455
1005002287810326
4000304136249
1005002263541362
4001280636009
1005002233334413
4001014720066
1005002224332156
4000933778220
4000990613027
32930540347
32856996124
33003082319
32973167444
1005002381369930
1005001936091635
4001111881283
1005002264306018
1005002357522436
4001361096805
1005001587696773
4000206067239
33033562218
1005002354545865
4001232022979
1005001725627937
32888707724
1005001567960680
32862670532
32681900354
4000833286722
1005002336585036
1005002396651976
32870125548
32856618087
32980912467
4000779014482
1005001309793753
1005002317183553
1005002443819397
32820827022
1005002449683042
1005002418965189
1005002235987341
1005001988354332
1005001767724751
4000899456039
1005002198972188
1005001843686322
1005001488558931
32857985676
4001039365931
33057136097
4001249039727
1005002375682940
1005002356385661
32835755907
33010050431
1005002328390031
4001217122074
1005002238234572
1005002368770145
1005002405358333
1005001950001846
10000033520264
4001251118503
1005002362734584
32595793771
32788879572
4000344532148
1005001812735248
1005002377637224
4000382280144
32892485660
4001034428223
1005002364606110
4001261596016
32923791952
1005002348564936
1005002321354264
1005002224627420
32839502266
4001138993979
32887435661
1455076566
1005001304275175
1005002088865141
1005001500542185
32793304918
1005002278641800
32961358255
4000939261734
1497580099
1005001957319110
10000400019570
1005002311099655
4000830882159
4000957534944
32914779294
4001016553863
1005001319436557
1005001703076797
2024359874
32816877065
1005001733227437
1005002322158388
4000186136100
4001084640649
1005002239746600
1005001723514077
1005002263997015
4000801393298
32990842590
1005001586777905
1005002235751412
1005001693375901
1005002290510278
32821048463
4000222585731
32814327650
32967607749
32844512070
1005001334917415
1005001387048849
1005002320293543
1005001880360300
32765366911
1005002109959266
32852259578
4000034966939
1005001441416703
1005002418546486
4000661155466
1005002277392081
32921157358
32699269834
1005002369559080
32891264292
714368268
1005002383487889
32881328570
4000904578232
1005001525358725
1005002304072131
32993984683
1005001383107003
1005002038944304
1005002207520602
32959614731
1005002435352018
4000769377070
1005002314086472
4001161200784
33001348274
32744015412
1005001952690355
32691857997
1005001730996937
32917377229
10000288117466
1005001870469846
4000180809071
1005002353987437
1005001954955205
1005002400428058
1005001728705595
1000005620289
4001189799458
1005002474362089
1005002276938343
1005001860872378
32932704857
1005002309753933
32870609733
1005002361914635
4001289012180
33039204943
1005001585937413
1005002440000789
4000307606413
4000310348957
32902640960
1005001802761481
32968705399
4000834150803
1005002050456846
4001159798432
4000761169592
1005002324462039
32943221831
1005002366515612
1005001742625807
4001085610192
1005002314492343
1005002219502168
1005002382569128
1005002313568834
32954248677
1005002268826873
4000806303126
1005002268512760
4000962374048
1005001452916127
4000463138314
1005001487629155
33052207725
1005002182252118
1005002052553435
1005001602445909
1005002238374050
4000610821454
4001238031213
1005002332383128
1005001659272430
1005001356552294
1005002443160108
1005002207401450
4001321341987
1005001894153444
1005002351588283
1005002301238566
1005002288274314
1005001632246209
1005002175960454
4000317855333
1005002289646541
32961533829
1005002044354067
4000884889669
1005001627854919
4000327145057
1005002122159020
4001121665873
4000152010658
32808981544
4001110549220
1005001645535808
4001171706568
33034305637
1005002396795663
4000793471876
4000278566827
32890923533
4001278521405
4001127934063
32895510018
1005001793172846
32870180468
1005002305158598
32996875997
1005002311470248
1005001990228235
1005001930732719
4000945173666
1005002115252139
4000780677773
1005002262559986
1005002309554212
4000252838620
32793102644
1005001617714458
1005001967231222
4000850721067
1005002315960583
1005002401584142
1005002315223825
32608026383
1005001867242842
32984454589
32948522866
4001115318270
1005001989174954
1005001421446646
1005001835468651
32960352645
1005002475275399
1005002247591470
4000816266635
32917261847
4000516337206
1005001895825511
1005002280635673
4001220436301
10000028416244
1005002454388545
4001133149749
4000059667148
1005002333866008
1005002080815689
33029756020
1005002129647529
4000068041869
1005002254348591
1005002058306025
32919131862
4001211486274
32974295487
1005001418696953
33046302262
33050059153
1005002388687099
1005002435782863
33037963149
4001021510340
32248057404
32959397595
1005001887777883
4000067744919
32926522913
10000402419166
1005002432731708
4000324044864
1005002239905728
32295217952
32321945535
4001240802502
32985620513
1005002339977081
1005001749123195
1005001429212089
4000466093416
1005001940942437
32887026131
4001039816346
1005001960205546
32960918493
1005001798591068
1005001768628673
1005001321533087
1005002225377760
4000974893273
4001214555503
4000545982309
32965278434
1005001792379046
1005002324273106
32950464313
1005002355954720
1005002199384507
32845564440
4000233559990
1005001988671887
1005001889284916
4000453824078
32830716533
4001278607715
4001230350608
1005002494384431
1005002089278420
1005002385950999
1005002390184372
1005002048771182
4000460534731
32961201324
4001350274862
1005002335205858
32951913715
32826721427
1005002289001105
32995961042
1005002411426778
32966045250
4000186125337
32750452233
1005002372906472
32798856584
1005002337274037
32969074863
32957572293
32761222330
1005001773474927
32855444314
1005001769714513
4000268952991
1005001576361629
1005002396555263
4000750626619
4000964156479
32903863523
33055859852
33039453082
1005001715060320
1005002408439379
32970312688
1005002468123819
1005001353453705
4001143581045
1005002053356247
1005001506977119
1005002277584575
4000888663446
32985679873
4000940735856
4001139348226
32879480583
1005002191695191
4001104731039
4000603009525
1005002266810492
1005002314282717
1005002272288810
32840076527
32851519027
1005002240551919
1005001469528131
4000749459182
1005002448043160
4000393675958
4000107478696
4000247769117
1005002085564068
32791284586
32680314744
1005001612539930
1005001997461290
4000340662018
4000314879268
4001120147089
1005002125050014
1005002480852694
33051492285
1005002003944638
1005002050275802
4001153807983
1005002247128769
4000443737293
1005002125123987
32961051915
1005002400473706
32904550731
1005002087265740
1005002402848232
1005002222782414
4001068146670
32851697940
32830712691
33057226218
1005002221769538
1005002460543357
4000498889483
33005802954
1005002186218714
1005001936059425
1005001450929101
1005001630799982
4001150704409
33035719931
4000095466984
32884486712
1005002421324406
4000588721956
1005001580546660
32953314590
4001148095729
1005001500886178
1005002238863219
1005002337257575
1005002322686386
1005002051731301
1005002288799375
4001053067209
32998317877
1005002431235310
1005002340529341
4000715917626
1005002092366865
1005001617492716
1005002454392684
4001238145470
1005002260515010
1005002350643798
1005002270695540
1005002205564530
4001008325683
4001329161577
4000660838810
1005002347614143
1005001397063274
32886279199
32783336321
1005002490444748
32855639040
1005002160135598
1005001802423692
32244448958
33042054509
1005002426486314
1005001851169600
1005002000138861
1005002334159777
4001022670275
4000463133986
4000148674127
32849377814
1005001770992468
1005001840209037
1005001552946705
1005002313442878
4000086625890
4001160474564
4000365207901
1005002281845712
1005002377284009
1005002454311679
32627867190
4000496693661
1005002242582134
1005002399931905
32784171635
1005002461146558
4001142981306
32671985909
1005002205227000
4000167686869
1005002389473320
32998843602
1005002342851378
32906108223
616338380
4001285147538
1005002382294448
32828435462
1005001496126710
4001285988623
4001023777151
1005002341469112
1005002353594598
10000047351221
1005002375476645
32991387935
1005002395007107
4000207115561
1005001349669421
1005001590749775
4000636610273
32726862832
4000335539801
1005002335874349
1005001361978743
1005002266043523
32831758339
4000071148861
1005001838368552
1005001307679538
32971803726
1005002259165353
32252647807
1005002345526956
1005001451340513
1005001453237232
4000581379363
1005002278502292
1005002432363275
33003391734
32982114228
4001011009335
1005001265585488
32922355843
32922652862
32641384002
1005002421778253
4000415313316
1005001598575613
1005002124155629
4000990750596
1005001698746812
1005002003315425
32792794488
1005002252268651
1005001704497039
1005002313776982
1005002252329301
1005002481739741
32908908292
1005002389484449
1005001398681450
4000429600664
1005002292001705
1005002391333228
1005002253923104
32919024458
4000289754612
1005002404931092
4000907276795
4000995249469
1005001950228657
33013186067
32815701711
4001209651852
4001003322181
1005002376866398
1005002348679250
4001215110645
33010293065
32905196351
1005001666127615
4000889225784
33051522830
1005002346993731
1005002241975571
32862409252
33060682051
32793739231
32861348414
32847620840
4001038789456
4000526327411
32795297555
4000705969134
4000592839418
1005002416535132
4001221486506
4001321731046
1005002254099329
1005001446316893
1005001597633459
1005002347031276
32911668109
4000299341544
1005002328835909
32830594729
4000982906851
4001042082272
32838736234
1005002314417701
1005001620986610
1005002394799293
4001038583279
4000114408002
4000244982450
1005001355123589
4000849870965
4000280670491
1005001922824885
1005001628244740
1005001500795079
1005001828594877
32781307572
1005002269479443
32997910933
4000093546274
1005002148911310
1005001643673287
1005001681751160
33054702613
1005002496607831
32890688062
1005001769002228
1005001397141826
32368314774
4000341280742
32861309386
4000290498420
753380813
1005001561957847
1405620028
1005001821772319
1005001565050770
4000270471470
1005002257369739
4000568127464
1005002395604827
32437618103
33000212220
1005002314419001
32798699249
1005001361145792
10000395828364
33039950885
1005002490423843
4001178789970
1005002160190382
1005001878991235
4001132674515
32963613345
32972329645
1005001297066208
33038868224
4000316892597
32933646605
4000966068534
2013323847
32692769775
32893743390
1005002364636452
32233134684
2043445401
1005001637767509
10000397744836
1005002283016256
4000182189685
1005002367461937
32840151629
32797175418
32590991922
1005002297828978
4001163932195
4000117631337
1005001623177124
1005002260753831
1005001413191479
1005002014385141
1005002425116860
1005001464480764
1005001451377336
1005002409203798
1005001387100195
4001274819868
32896597325
32883938982
32973004063
1005002091871659
1005002419007537
33008545510
1005002267488570
1005002240451521
1005002439811226
1005002332874725
33013273906
1005002477651501
32848754186
1005002095210041
1005002396659280
4000980140332
1005002386764648
1005002369902243
1005002039720537
1005002394705667
1005002305323498
1753922042
32677160929
32748236190
32838729426
4000960017289
1005002401116029
1005001334183557
1005001430782578
1005001729007961
4000492936418
33059789145
1005002352553279
1005001356359979
32962384210
32833524677
32838745103
1005002229877527
1005002499049228
1005001781065217
1005002394912141
1005002412537971
32399347757
32957085353
1005002319020406
4001227039087
1005002477751928
32802681169
10050018968466621005002471424215
32755438877
32891358904
1005002427878255
1005001581501132
32679744758
1005001581246539
1005002301546040
1005002459619311
1005001556540431
1005001615320341
1005001630532685
1005001984829697
4001064361433
1005002305333394
1005001765219751
4000145680887
4000183962912
1005002205448399
1005001737569419
1005001677291957
4001225191011
4000943066374
1005001527712105
32812466961
4000666116378
1005002245922415
33058014288
1005001517850381
1005002400091412
4001092284987
4001304861954
32665697234
4000130003427
33039546315
1005002280465778
1005002377484078
1005002377346659
32853331093
32845680050
1005002440651574
1005001962138036
1005002419662466
1005001309650547
1005002189917418
1005001714683664
4000090512193
1005002026894480
32792968647
1005001324576951
4001000943001
32650033169
1005002249945226
4001015214156
1005002193622224
1005002454322056
1005002136740518
4000867534905
1005001967064218
1005002330757759
1005002388841220
32965665996
1005002389086935
32831587900
1005002228082309
1005002143136527
1005002454293371
32801808283
1005002359623845
1005002353725295
32785580682
1005002334538081
4001265211670
32869712066
32845076527
4001271428388
1005002243032904
1005001586039245
4000894895247
4001252448480
1005001353573792
4000757826634
1005002391913636
1005002341047256
4001175041725
4000857148618
4001251513137
1005001334794331
1005001371383581
4000483751365
32332667387
32523906257
32807379263
4000179056507
32851941459
1005001298046343
1005001814314289
33011228384
32920062321
1005001570177434
32847425758
4000386129745
4000737314474
32835438530
1005001630560948
1005001595963442
32970063412
1005002465680496
1005001753607262
1005001441251918
4000504893731
1005001628254559
4000910004880
32967786198
4001283167390
1005002304427044
1005002324116051
1005002405096920
1005002081357375
33008361948
32792170376
4001304759777
1005001952728812
1005002246852188
1005002028018956
1005002484877934
1005002492227007
4001119577896
1005002276812258
1005001645084207
1005001769488752
4000896435680
1005002168001395
4000291457358
766180789
4001327431785
4001203923708
4000928625947
1005002395408791
1005001800962595
1005001880991410
1615978697
1005002035671775
4000309943598
4000708889098
4001200215335
33051719681
1005001874347795
4001002862327
4000434533728
1005001856413439
1005002492694140
32824491957
1479933987
1005002364182921
32953626941
1005002328268018
1005002459386974
4000990386646
1000007366537
32846659910
1005001905098117
4001235473779
1005001687635579
1005002122368655
4001226884281
1005001868422946
4000272855413
32969440607
1005002208458117
4000262725667
32934283855
1005002293915089
4001044249302
4000990969686
1005001997628648
4000721095535
4000261571270
32810312431
1005001319570291
1005001496425695
32953679717
4000019157268
1005002378071932
32963099718
32807740617
33055286958
1005001731788175
1005001678203825
32893314525
1005002413647615
1005002293679058
4001156469191
1005002218809145
1005002365621663
1005002198320616
32912643089
32830612559
32815670575
1005002259079362
1005002393266924
33017624943
1005002412755430
4001109185905
1005001720791531
1005002396415833
1005001658341129
32952087173
4001111229947
1005001599089145
1005002298235758
32405313718
1005001571806156
4000954955566
32822678237
1005002094779304
33000027914
1005002387263569
32964024223
4001285414574
1005001506794549
1005002369894525
1005002451835519
32796085077
1005002473055550
4000900307528
4001093769194
32827765075
4001152116022
32843576546
4000094052282
1005002441706445
32831796701
1005001764079350
1005001305348097
32659640804
32463750415
1005002237282164
1005002386848281
4000016224453
1005002394192015
1005001688601539
32813756160
1005002337564265
32888467662
1005001704987698
1005002272182362
4001214312840
1005001868694645
1005002016894934
32805254030
32849805283
1005001900566882
1005002281294860
4000464359930
1005001503122869
32905454368
1005002256117337
4000204143206
32908601756
