1005001835229896
4000805104606
1005002324644415
1005002226395237
1005002016751696
32833777257
1005001603849820
1005002277884106
4000194452936
1005001685735700
1005002270479601
1005002224368021
4000853873827
4000771300817
32873308921
32954304227
32837386183
32947160393
1005001701263452
32879593692
1005002408740089
1005002293558838
32997181436
4001139132787
1005002377485806
4001273056928
1005001600191663
4000562854963
32807906688
4000817367478
32861939752
1005001566569033
4000808049583
1005001888390434
1005002247915066
1005002233380995
1005002322415468
4001034078778
1005002301639399
32970133909
32900612738
4000899489500
1005002313382792
1005002166099398
1005002346706312
32963363734
1005001356051149
4000701871147
1005002223670730
1005002341997214
32708981537
4001151834724
4001238588487
1005002075698151
1005002388461347
4000510823682
1005001926577186
4000276100670
33042964799
32603888789
4001038409951
1005002472704258
32880672398
32921531399
32802762387
32914915093
4000051651441
1005001854781833
1792644309
32963345016
1005002359826644
4000405630588
33062247384
4000504961417
32935672285
1005001803290910
4001270581489
32333230821
4000335583273
10000395902395
1005002398716525
4000259411618
4000950267031
4001147333446
1005002314934664
4000850513976
1005002438377777
32885775282
32900953372
1005001723595452
4001270855867
1005001867558917
32966394076
32810660911
1005002363064482
32971581153
32982992993
1005002316299541
32934583885
1005002021629416
1005001273517970
10000397741843
32376892908
33015143451
1005001573813426
1005002284257295
1005002232658868
4000543544968
1005002322828312
32888353712
1005002373117580
1005001571244439
1005002330987124
1005001702841575
1005002317476232
1005002288147975
33039274950
1005002064459002
32674047029
1005002491580483
1005001345595755
1005002365497964
32856777521
1005001627450916
1005001572576651
32843812060
1005002335024744
1005002334857724
33011546122
4000776966000
1005002392609623
1005001842864724
1005001463630363
32892663723
32877852985
1005002286742716
32970072266
1005001469119437
32997660712
1005001756675461
1005001927051167
1005001966499681
4000781662472
10000022117444
1005002058112053
4000268454755
32974187869
1005001563812624
32677462646
4001136743891
32855620277
4001286733768
4000002650179
4001122643005
1005002317103172
1005001620517619
1005002466238105
32958609237
32922327844
32321923626
32893225776
1005002058028517
1005001304638796
1005002395044318
1005002499234922
32381079350
1005001349550908
4000675220692
32980247009
32886362780
1005002386090010
4001235220614
1005002364250970
4001315192392
1005001670767720
1005002448917890
32955562132
33057213761
1005002316445967
1005001385124354
1005002270557551
1005002250106541
32961437084
1005002278667845
32846581769
1005002318007656
4001275183297
33028853955
32976587320
4000589363528
1005001812668129
1683674773
4001273627819
1005001873263847
32912115795
4000857116904
32828385715
1005002259274072
4001104480787
32821034365
4000080671953
4000850505734
4001320468982
4000804418193
1005002351247229
1005002337835412
4000790105571
1005002314001961
32853316740
1005002375239433
1005001792329817
1005001768572135
1005001714734802
1005002352333852
32954683693
32655675767
32902267738
4000849963301
4001349683561
33008307993
1005001281735000
1005002386973137
1005002371123569
32886156150
32629912280
33021983113
1005002186254647
1005002020252473
4001257113636
1005002357374828
1005001876634675
1005002011338946
4000860331977
1005002022393685
32949919161
33054797006
1005001935137707
1005002035362302
1005002449171772
32976875267
4000833829719
1005001999200327
1005002248266543
1005001732959953
4000567036250
1005002393869515
4000849241149
4000665055816
4000489000879
33006664059
32948292640
4001220832651
1005001867620626
32850994321
1005001847294337
1005001602373401
1005002484028822
1005001418516627
4000730648475
1005002282864368
32725775499
4001237386172
1005002160425409
4000666264366
1005002482459282
1005002387995312
1005002252426775
4001082889661
1005002122439319
1005002008358930
1005002264305839
33046292244
4000771338853
4001147981358
32602560893
1005002423981698
4001281278958
1005002316268035
1005002444066299
1005002313084617
1005001525159288
4000570894746
4000074347126
4001034356059
32944272102
1005002401587788
1005002106091142
4001239214296
33028970715
32975939221
32797594916
1005001676525826
1005001808428928
1005002394260409
4000627618535
1005001653492945
1005002400291488
32996602451
32949059185
1005001682971337
32980720433
4001245098743
10000415478328
1005002039041667
32916405912
32887790191
32919880556
1005002281060664
4000569475859
32999388163
32999708279
1005001757845939
1005001884609878
32876419571
1005001829431178
1005002432850074
1005001953740098
1005002419417262
1005001907959259
4000115931164
1005002243013106
32854508989
1005001284790655
10000215157294
1005002283429935
32805695258
4000773215074
4001021773188
32865582021
1005002340305128
2005646521
1005001858557092
1005002350703504
32832126815
4001042591084
4001131031044
32972592720
1005002345153049
1005001867867247
1005001520072405
1005002418940758
1005001960251887
1005001731257236
4001246307089
1005002241352188
32868376233
1005002284527705
1005002254111866
1005001959763456
4000748509523
1005002457560463
32839998130
32922941875
1005001658513238
4001281891355
1005001943803152
4000780020576
32849801243
1005002222600969
32666490436
33061254841
32811574315
4001129530372
32896083642
1005002377917554
32927176696
1005002409376129
1005002311382577
1005002011943574
1005002325441039
32800950462
1005002044419933
1005002352950927
33045505511
4000570308019
4000655845814
1005002394815242
33009256841
1005001631097759
1005001499711078
32849925206
1005002477193545
1005002326520246
32989863381
1005002391016652
1005001607392430
32522572004
1005002315985826
1005001940765540
1005002103593622
1005001786080385
4000429594198
1005001833805037
1005002201777079
32705862679
4000080395083
32915018413
4001189511546
32888999403
32887750931
4000734321037
1005002306550429
4001230353705
4000692035855
1005002488669193
1005001830086379
1005001334817976
1005002253046893
1005002347091420
32855613554
32961449236
1005001729279602
4000553862363
4000730696366
4000122865578
1005002267018818
1005002381863852
32889650747
4000626449283
1005001438819688
1005002344729086
32700990686
1005001894893411
1005002328270458
4001221763827
32887405066
32947660440
4000849826868
1005001561521688
4000348764790
1005002240258510
1005001426369146
4001220779259
1005001706094098
1005002181178398
32851137222
1005001742537359
1005002253315038
1005001551639540
1005001610239285
1005001846596642
1005002303659790
32613564747
1005001715896064
1005001802753102
4000960593256
33058028654
1005002492850522
4000108341468
4000156101457
4000070830383
32863169905
32861517868
32778062829
1005001571342879
32808670977
1005002314117073
4000929354071
4000385269814
1005001795031165
4000570976307
1005002382253861
32524033311
32601896625
1005002053317973
4001277574380
1005001530784147
4000397074216
32852202784
1005001631860143
1005002364026609
1005001482521389
1005002292050654
32521072254
4000165354553
1005002395886108
4001072099085
1005002309833242
32997514168
32959589901
32957817604
4000956195616
1005002314692640
1005002059004212
1005002095314805
1005001687713268
33041673294
4000695673516
1005002362380650
32971855103
4000248552027
4000899252067
32835417111
4000601510962
4000019178601
33003519036
32949644289
32843302128
1005001295192275
32993909666
32741150637
32602894167
1005002418762684
4000902596416
32888301475
1005001367841893
1005001615975009
4000666245843
32869606389
4000727176652
1005002314871920
1005001297664272
32984238511
1005001947821405
1005002345008152
32978419982
4001068765357
32377287531
1005002335834911
33026029438
1005002314592895
1005001935538231
32918720653
1005001566873294
1005002407602960
32965033506
1005002305182362
1005002367841484
1005001860774788
1005002453736675
4000464996009
10000033472829
4001221040946
32378442138
1005002240895683
4001201534154
4001248583074
1005002364781187
32966283430
32589974473
1005002233129564
1005001588834933
32851072147
1005002292726962
4000898759158
1005002367790523
1005001967325163
1005002263951812
1005002388296787
4001313152573
1005002339819535
1005001465521156
1005002312631223
32859523117
4001099319819
1005002315863421
32990070547
1005001460714799
1005001316850152
4000971916428
4000405863946
32970232544
4000223994162
1005001838428420
1005001921740881
1005001529723569
1005001775221514
32816712952
1005002225131008
1005002465107039
1005001355714298
1005002012516855
1005001530316123
32853707076
1005002306822974
1005002295430144
4000078850186
32988513642
32947333325
1005002302572362
1005001489222830
33056572271
33052123259
32869263048
1005002302686756
32837085440
1005002242031136
4000423843377
32846644989
1005002033538826
1005002264704979
32544962285
1005002434241087
32610389989
4001139774206
32831013736
4001123154018
4000585387687
1005001518477321
1005001762114907
4001178288241
1005001453221235
4001037323117
1005002067792942
32715394768
4000003948050
1005002262740098
1005001565323375
32783899728
32987929657
1005001597863378
1005001781283889
4001347294038
32564729194
1005002238236030
1005002301463319
33020531672
1005002487256680
33036440421
4000734829567
1005002450428724
1005002238838422
4000570102202
32983851744
33017385092
1005001985493221
32844146187
1005001994256563
4001228612980
33060931590
4000818081068
4000719406589
1005001382338378
32572109488
32951710529
1005002102961891
32671630812
10000048709737
1005002321667784
1005002312935559
32970358482
1005001789389398
32965269356
4000517770447
4000574939571
32888645270
4000239601056
1005002332455423
32996228250
1005002226039485
1005001905627022
1005002389103031
1005002281959141
32890798530
1005002265491992
1005002460511750
4001359203039
1005002275349010
1005002028977360
4000546693063
1005002170744414
1005002353323522
1005001566720727
4001224677704
32762238856
1005002224321237
1005002074269154
1005002316063971
4000032568737
1005002334135043
32934951991
1005002359219611
1005002291232236
1005002162191512
4001230275935
1005002290667015
33036064543
33033838583
1005001834903902
32887226438
32741581474
1005002289956511
32464749484
1005002349847339
1005002365595251
10000157544762
32968172163
1005002387273297
1005002333214708
32875030913
4001248324006
1005002364249835
1005002382608209
1005002383880089
1005002095626044
32850488607
1005002359978977
1005002221831285
1005002396700426
1005002358709144
4000433773722
32888333547
4001221458621
1005002390935024
32746693925
1005001334605880
1005001933755343
1005002023720874
1005002313980599
4000320778436
1005002468183013
32885766178
1005002053691347
1005001488125478
33000849696
1005002398930056
32865903944
32966617544
4001327288344
1005002409648314
1005001631300993
4000844913011
4000182970059
1005002265032489
10050016225252791005001285418241
32821279437
1005002288419831
1005001922226023
1005002314210890
1005002405572095
1005002244841467
1005001625157624
1005001287768549
1005002150574099
1694540380
1005002066366218
1005002317939868
33000685346
1005001847405409
32913942000
4001035353947
1005002331226412
4001013847063
1005001759752226
1005002409451234
32662467748
32876119794
1005002331805864
4000907776097
1005002350783169
1005001626023765
32656555683
1005002333509013
32961069106
1005001968252075
4001123146536
32300646581
33058807624
1005001837852173
4001349574739
33000335355
32860207379
1005001415366742
4001233757001
1005002319343188
4000515196012
4000368450557
4000378182567
1005001425214550
4000850656783
4000761542632
1005001454560262
1005002208087162
32838184808
1005002237341642
1005002468331210
4001037375659
4000917055129
1005001376304746
4001278822635
32987413994
4000665845293
10000402423279
32807168460
4000462885592
1005002308475896
1005001780401148
1005001403002030
1005001503983647
1005002443998496
32973456609
1005001636822159
1005001560697460
32791073038
1005002059790084
1005001494703174
4001279404100
1005002320087767
4000722047065
4000398708811
1005002443108460
1005001487138337
32354076397
4000590753645
4000943315641
1005001906130642
1005001384048627
1005002490515264
1005002363346566
1005001423147378
1005001515886653
32788886508
1005002287743076
4001320818063
1005001565217379
1683540965
33035762832
1005002485235525
33058502274
33000306750
33011911059
32966114989
1005002146207517
1005002393310643
1005001859359644
4001175667967
4000003563187
4000954859428
4001320552365
1005001835263217
32817140098
4000737995110
1005002114486455
1645546654
32795413682
1005001391748434
32865993735
1005001506408940
1005002107852645
1005002080863728
1005002434059321
1005002125118820
1005001758039712
32799641062
1005002002611830
1005002304390539
1005002485077306
4000714748982
4001163858553
1005002267973337
1005001869335541
1005002283187266
4001227448314
32972539859
1005001793161407
1005002416421905
1005002417958601
1005001826886441
4001041271859
1005002255988770
32954021156
1005002457879404
1005002096937184
4001171139896
1005002426684084
32541285223
4001116971893
1005002372318602
1005002143260361
4000681106157
1005002467989731
32976227263
1005002415701809
1005002168199317
4001193500578
1005002249696080
1005001524133037
1005001825287100
4000478961412
699871593
4000129768720
1005001737702539
32533759328
1005001953922004
32790089658
32984869766
1005001596938046
1921149010
1005001350333526
4000117639516
4000578890669
4001360029238
4000121017356
1005002288385148
1005001731801280
1005002283217730
4000960645639
1005002072934581
4000106413047
32909802013
1005002402247908
1005002293530777
1005002227889828
32882157960
32984786067
4000715295584
1005001665391823
32991742261
4000708435380
1005001656996454
4001041717916
32711756052
4000945200019
1005002286339292
1005002446799806
32826611520
1005002351436129
4001065306407
1005002317189648
1005001843098785
1005001450998320
32907225838
1005002440210876
1005002488333763
4001312807539
1005001556318915
1005001954969227
1005001638094642
10000314624724
4001278965470
1005002416077331
4001248768612
1005002389099349
32801200256
32995512639
1005002467372452
4000200430070
32733666782
4000687033459
1005002393436304
1005002261457684
1005002487134864
1005002283134608
1005001901824506
1005002230055824
1005001305354395
1005002283519654
4000177210474
4000065809114
1005002234636193
1005002395068735
4001278872893
32816957005
4001345737253
32622337673
4001283503928
32904207847
1005002383375214
1005002319143579
1005001525416512
1005002279042510
4001040033104
1005002341251992
4001354420943
1005001965850878
32961776118
4001264720590
32827716524
1005002480062476
1005001900487874
1005001586751309
4000238083977
1005001425453240
1005002393867526
32567845024
4000714772767
1005002296015318
1005002413314153
32835656565
1005001757466977
1005001958743593
4000495517736
4001280702920
1005001953689665
32664785321
1005002458544466
4001148134258
4000903766010
1005001707863633
1005001638513754
4000390818422
4001291618946
1005001511435739
1005002454790957
1005001517010166
4000706063654
1005002487361295
1005001439103610
1005001704641277
33036914199
32922191295
1005001632415649
1005002342701386
32855785980
32983630070
33046560191
988643765
4000684840338
1005001868499294
1005002315242765
1005002354388747
4001145199171
1005002305779087
1005002312130239
4000465846831
4000221734507
1005002042378572
1687938640
4001224665940
32989011334
1005001734582000
33019157745
1005001804154830
4000959506640
1005002263090253
1005001349104127
32891147784
1005001355668258
1005002489136900
4001211210240
33021550648
32668316412
32977790927
1005002335438926
1005001623029026
1005001821295857
4000890918332
4001142498574
1005002108590510
1005002247067359
33000425329
33010043751
4001003030359
1005002336378921
1005002240950754
4000066323533
4001228637635
1005002220695320
1005001669996377
1005001576568357
4000053971480
32958183974
32823525119
1005002330677823
1005001941540291
32912990266
32938893872
4000089733299
4001270502759
32921346714
1005001592376730
32829764444
4000729591172
32262105830
4000535306322
1005001852006638
32958190379
4000055278539
1005002040430405
32807523861
1005002441341233
20000004765086
32916244807
32890604791
4001293152608
4000720796364
1005002431344611
1005002388815483
32838870997
1005002376451461
4000549358894
33043575053
33042874048
4001119757951
1005001350310702
32858997063
4000717739107
32864423339
4000921070434
1005001731113903
4000010596204
32992426176
4000023251568
1005002267623325
32339452065
1005002347381084
1005002043556540
1005002363866289
1005002395166855
1005002323135991
32963625444
1005002418679267
1005002357021306
4001226004191
1005002142906009
33030002583
1005002259706800
1005001479151858
33004255598
32376016379
4000074619563
1005001788916470
32999916509
32842181629
10000110281565
4001333844220
33012785377
1005002491907584
1005002336835106
1005001329116225
1005002442714949
1005002378151614
4000180762829
32956454978
33007291642
1005002291389651
1005002368865990
1005002438049472
4000081468516
1005001360060698
1005002490938305
10000326183327
33021233683
4000987351555
32590049489
4001205111316
4000507281356
1005001293683505
1005002310193615
32825668924
33011143820
4000538111345
32967476426
33025394771
4001296070514
32962257300
1005001468155438
1005001423262615
4001297441268
32704180739
4001314572906
1005002105805714
1005001609970793
1005002367446155
1005001271008127
33023734987
1005002228688669
1005002427370181
1005002260019050
1005002340579538
1005002408388243
1005001473952827
32935003261
32727187458
1005001876715970
1005002389064309
1005002454407436
1005002263644046
4001296381340
1005001348098022
1005001726890558
32951383948
4001235419717
1005002220479470
4000246842413
1005002002700392
1005001757977546
1005002322837297
1005002278713556
4000882747423
1005002284595914
32794396385
1005002236347472
4000765276847
32952105343
4000783042063
4000036284419
1005002423562929
32905109989
1005002356280401
4001216725661
4001054627100
1005002350239227
1005002454455117
32688837524
32692772787
32920887735
1005002466681358
4000823544132
1005001633246606
1005002318455070
1005002026791594
1005001436187600
1005002089517115
4001329572630
33056333100
4001038330301
1005002260964163
1005002262502127
33034914737
1005002425874447
1005002317599511
4001184002670
32960454474
4000672799372
32567879198
1005001620152298
1005002482319918
1005002001735133
1005001670520896
1005002198696870
32905029087
1005002307116838
32836333263
1005002119691358
1005002205510976
32858362967
32840859889
4000334245523
4001134738251
1005001875276852
32839231174
1005002473704937
4000857234368
1005002310938332
1005002362775519
1005001524252854
32917133263
32854299629
32871951794
32797646749
1005002337527124
1005001431721144
32775437787
4000992815017
1005002050125155
4000289272826
1005001594742122
1005002317113990
32921077613
33033210709
4001213921738
32882235320
4001061673946
4001200923307
4001037885993
32983826476
32999063665
32982353425
4000327227152
1005001525373685
1005002200164946
32726890479
1005002298683978
4000926628129
1000007184143
4001287952302
4001063179070
1005002415227830
33002875736
1005002394411975
4000717846261
4000415757565
1005001948019731
32955380317
1005001731304010
1005002477804985
1005001402784334
1005001901128511
33001317745
32842633540
32964045810
4001185188985
10000107991047
1005002244655079
1005001407837896
32975386350
4001166189510
32875024714
4000320226908
1005001576443627
1005001574317350
1005002417984006
4000859051022
1005002122110846
4000873678634
32996308338
4000093310731
32906453460
1005001580613813
32909863030
1005002428357538
33019165359
32846421636
1741774514
1005001382518845
4000867873950
1005002170906178
1005002473913617
1005001387919266
4000111881117
32981222759
32983458858
32649485957
1005002121056968
4001228670146
4000900480881
1005002281600240
33020574540
1005002378813645
4000331034590
1005002315250569
4001349894589
1005001986014727
1005002381897278
4001099294709
33003840476
1005002466043289
4000808146162
4000849781826
32950415465
1005001899684075
10000068872381
1005001511403244
1005001722936752
4001174728633
1005002333266340
4000567685290
1005001818384205
1005001845133020
32836443884
1005002357548020
32966728359
32834603287
32967357405
1005002405616454
32406622400
1005002175208975
4000318360664
4000385762499
33053912030
1005002416921632
33034150442
32563873275
4000248830187
4000369715150
32996388039
32951205202
4000069829824
4001275198485
1005001579287341
1005002211519768
32820057186
1005002245159845
1005001612314029
32721112283
1005002292329668
1005001343873133
1005002271514088
32894814996
1005002400539757
1005001779944226
1005002368955317
1005001798609587
4000843268223
4001138568020
1005002277598546
32491242681
1005002438092950
1005001515883488
1005002281179031
1005002318897335
4000443409726
4000390396416
1005001530069392
4001344931043
1005001865299753
1005002443496395
32416349464
1005002123285735
1005002294342384
4000187464213
1005002264839564
1005002325265269
4000378029719
4000762108754
1005002313798890
1005002204069860
1005001344805797
1005002319640032
32814560859
33004635257
33030045237
4000041099024
1005001581202258
32807292696
4001338978709
1005002380867390
1005002256195289
1005001835100218
1005001915026500
32749294311
32851349132
1005002365163800
1005002069863199
32949010805
1005002264740335
1005001849580917
32962809552
1005001922661153
4000294764148
1005002288899473
1005001498367132
1005002170837179
1005002328079380
32823035410
4000844024873
1005001860223944
1005002184945860
1005002275481894
32702593971
1005002421289408
1005002320270917
33012231000
4000005534271
1922617790
33000556972
1005002317698347
4000498633453
32853358657
1005001501004322
1005002072348264
1005002421988650
4000378002923
32945173917
1005002491207583
32911751281
4001174985935
4001203663778
33027193524
32979787799
1005002353239357
32958667785
32869332153
32908529499
4000048677726
1005001686083432
1005002339672122
1005001451855121
32830143610
4000351966233
4000810971123
1005002286090986
1005001520146639
32782939125
1005001803579154
1005002318417873
32915925947
4001192337410
1005001814017864
32944517465
33008900466
32863673607
4000227937717
4000159691025
33024666966
32992060146
4000265480878
33025747345
1005001543898440
32790914757
4001104056915
1000008421932
32825863035
33000019180
32994937077
32907271351
32805553476
4001169017865
1005001305262585
4001058228960
4000372673646
32950148823
4001037198641
1005002381544651
1005001633422354
1005001441108480
4000419601383
1005001526365579
1005002476584279
32760369559
1005002454844155
1005002122314993
32807282354
4000148905796
32891167213
1005002440991499
1005002318298274
32997405905
1005001429278471
33048531627
1005001349198746
4001346388866
1005001830933939
1005002259287587
1005001958827247
4000730630787
32972154104
4000497031660
1005001393004790
32965852574
1005002348557007
1005001994240324
33009152855
1005001514436808
1005002312079629
32969751456
1005002134083634
1005002342850236
32900751992
32955703361
4000175555779
33011133048
32692384081
4000551909323
1005001898768179
10000245449520
1005001444861629
4000263682348
1005002033462017
4000960291422
1005002461294608
1005001988643754
1005002443726165
4000389851104
1005002229033876
1005001715280382
32855210989
1005001376585019
1005001770355744
32903069615
32994945631
1005001464920329
32986916972
32898602358
1005001673160195
1005002227840300
1005002291339176
1005002377039833
1005001877007246
1005001430846643
4000597721848
1005002122348575
1005002233892418
4001064764025
4000371055907
32344577536
4001239174877
1005001439121719
4000055644618
1005002280580492
1005002263782477
1005001824039297
1005002074875396
1005002329246511
32966403472
32986684851
32920672586
4001009543646
1005001381313621
32838870842
1005002320724747
4001252510197
1005001992463853
4000943248160
1005002381052662
1005002401628379
32964883576
1005001683113299
32895034137
32870073925
33059002259
4000277665835
4001020520973
1005001761856835
1005002184391093
32854462449
32973069722
32848232006
2012509523
2011872028
32999062313
4000945946780
4000991618490
4000817390932
32753311514
32305850356
32698163678
1005002293819254
1005001670732737
1005002395639818
4001278952070
1005002065362299
4001286388971
1005002223168545
4001197566826
1005002003506853
1005002063926794
1005001954982235
32898128293
1005002270637162
32904835676
1005002280795601
1005002282818813
1005002364585284
1005002085370582
32884919577
10000405324151
4001105252422
1005002199385677
32815321512
1005002400733489
4000161732144
4001241271849
32245981667
1005002160129099
4000257639125
4001294306160
1824862506
1005002069704879
32808704827
4000725922494
32989541570
10000000901219
32947701713
4000843273986
4000925729293
4000416008884
4000890380153
1005001424062013
1005001759901234
1005002188018239
4000224442510
32850313162
1005002457151770
1005001509803213
32827485836
1005002235565904
1005002254719018
32806410939
32764345343
1005001525483147
1005002321828896
1005002417076217
4001131766335
4001253377818
1005002276736221
1005001489172551
1005002260144838
1005002238987011
1005002363787422
1005002320065118
1005001695356603
2031373192
1005001321438261
32912471949
4001275611960
1501604111
4000345553800
33012207729
32914177508
4000993583005
33048477182
33025507860
1005001694770677
32991826863
32610099495
1005002362320551
32808374199
1005001781214298
1005001439969564
1005001760449150
4001272250702
1005002446571323
33045118063
1005001432141160
4000811955914
33034704480
32993608219
1005001935138631
32792817299
1005002311963067
32996470008
1005002303650866
32818906158
33009259189
4001111212553
32908612947
1005002172904146
4001160283418
1005002270227113
4001244239708
1005002219226731
1005002462414917
1005002254970001
1005002443362000
4001228445914
1005002357566689
33057542189
1005001334927380
4001317661872
1005001670820527
33030693779
327042905694001241323193
1005002227724145
1005002357656309
1005001606007865
4000934505394
1005002433438268
1005002310983142
10000194607249
32769276469
32965435450
33008535397
1005002219196033
1005002399917597
1005001600312929
4000216961344
1005002034745016
10000415461484
4000302303521
32559290089
4000405993955
32774410224
1005002320927327
32834584553
4000492916928
1005002375589282
32951219351
33029223080
1005002017507333
4001186436785
1005001915240271
1005002404175060
32806608224
1005001396929658
32835227977
1005002314543236
1005001446969025
1005002291572947
1005001809597534
1005001971180906
1005002346109670
32857285736
4001175638789
1005001824840456
4000313552464
1005001789905650
4001229594387
32855424765
32881452719
1005002346194889
32948449580
1005002469487570
4000879672879
10000420512334
33027165346
1005001633340938
1005002048816698
1005002340624745
4000158955982
1005002443388776
1005002289312992
1005002281859663
1005002223294855
32926056590
1005002384863215
1005001777792144
32854610262
32860711298
32856350249
1005002351376252
1005002191478479
1005001670882543
32974037369
1005001842692626
4000663737524
1005001538327967
1005002061310173
4001346143823
1005002063189955
1005001517028810
32439841308
1005002306023455
4000671199387
1005001556680345
4000589132626
32285983497
4000547965534
1005002305879195
1005002111177680
1421840100
4000070995717
4000305351521
32548063324
1005002099483257
1005001850147993
1005002372288687
32830086881
4001139741119
32885400819
1005001326150289
4000186984459
4000330231451
33031908685
1005001470309815
4000947589725
1005002239493457
1005001660603332
4000709732651
1005002421390804
4001248710042
1005002302006825
4000894612189
1005001520549586
32978364228
1005002264074438
32484266813
1005001602595296
1005002328685272
32583752728
1005001780581677
1005002388995037
32965673440
32642944864
1005001863518771
1005001316948339
4000311401555
1005002414634144
1005002426295731
1005002342764941
1005002466912585
32909286191
4000306724473
32848866020
1005001267101463
1005002367592041
1005001859179547
4000904816556
4000133333083
4001314392131
32855268402
32998607295
4000193747518
1005002348774150
1005001792344525
32895958012
1005002328597653
4000183873498
1005002323947913
1005001491244093
1005002072272556
32869125514
32918363715
1005002279094429
33014501081
1005001682195686
1005001708253264
1005002017666297
32855366655
1005001908879023
4000370961299
4001186005621
33039949815
32979330390
4000342653752
32409374178
4000142054118
32809516935
1005002381009198
1005002314430511
1005001681688750
32839346358
4000410071957
1005002267624657
4000248736011
1005001804033433
1005001481972584
4001069242223
4000843724674
4000704465838
33049567985
32850830145
32812812484
1005002161959386
32328881481
4000068461184
1005001895392933
4000223692839
1005001891844245
4000103982548
1005001397318778
32880040112
1005002469029812
1005002368493728
32294786709
32305115411
1005002358568465
32823178005
1005002316014890
4000471118645
1005002467005822
33021949520
1005001949241650
32812082973
1005001772380789
4000278995291
1005001359736873
1005002341363206
1005002312194006
1005002376515537
1005001567967060
33018604269
1005002262434448
1005002315069670
1005001840713123
4001241802234
1005002126789218
1005001920665664
1005002448665298
4001176898995
33040408182
1005001743617862
32975749232
32854070267
1005001400455696
1005002260896729
4000125389430
32911365208
10000388783669
4000266735780
32855946058
1005001360926399
1005001844520237
1005001680607126
1005002204698027
1005001921705637
1005002322182317
1005002321039754
32957175292
32971495353
32996583598
1005002361989363
1005001971091979
32865690229
4001119208620
32867469773
32913031563
1005002075408959
1005002225013060
1005001645822984
4000690533458
32850053254
32706426442
4000844887946
1005001581017936
4000050680531
1005001785574616
1005002286619049
1005002270236399
1005001720913570
1005001407465211
1005001287682406
1005001682114822
1005001494579661
32860027952
32857814340
32998842755
4001340215958
1005002454219901
32792556747
4001263531360
1005001373598172
1005002408852496
32964181988
32813449167
32833014890
32618872418
32970674271
1005002452997940
1005002310586502
4001085050540
1005002475519847
1005002344961552
32782488733
32822103154
1005001993292430
32617764518
1005001721695952
1005002390317048
32961738825
1005002332978733
4001165320572
1005001452598644
4000829056835
4001167688872
32993313380
4001173643328
4000034819450
1005002103176015
4000335556610
32991930755
1005001865524508
1005001764786891
4000784493014
32948979341
1005002498563606
33036030126
32912030451
1005001825195673
1005001392312866
1005001287461074
4000497932849
1005002488176493
1005002345119673
32711853428
1005001626974847
4000041700769
1005002314318812
1005002003269636
1005001609249685
32910315204
1005002309209659
1005001695326684
1000001184933
10000396721366
2030578400
1005002168088105
1005001802879418
4001056124074
32617582461
1005002401632051
1005001949933178
32971985255
1005001769389524
32819256823
32873959449
32977498600
4000215093630
1005002317927643
1005002043069732
1005002388975118
32845670478
4000160852929
33056105538
4000833503445
33032908695
32970471710
32994788198
33004370245
1005002260022178
1005002068511598
4001131920597
4000703916343
32870226046
1005002393064410
1005001546749584
4001048243145
4001163421311
4001042798169
1005001668264801
32810554219
32804706461
1005001891912300
32849881050
33008174326
1005002049290644
32473410973
4000965400318
4000544753329
4001038328231
32732167254
1005001550516333
1005002277225095
4000504420515
4000959749701
1005001947884669
1005002439570611
1005001690826985
1005002287265830
1005002027085716
33061238860
32927031405
1005002271744282
1005002235580009
32897658674
1005002307573749
33017207748
33002828713
1005001368044079
4001013431022
1005002244298875
1005001406468517
4001025812914
1005002242232135
32999847717
4000891790011
32646097326
1005001633593654
1005001367642706
32906479337
1005002115000048
4001320875188
1005002363663887
1005002376318266
32895572480
1005001609319020
1005001847461664
33026049382
1881641954
32987000884
32973792414
4000321546957
32808616243
1005002318944908
4001315300365
4000715090000
1005001754612312
1005002315597499
32966224104
32419635783
1005001899650784
1005002448925639
1005002471076484
1005002247281202
33023094884
32955337146
1005002309591334
1005001484020905
32406873953
1005001329738485
1005002289308195
1005002490698700
1005002363039784
4000627311214
32862935561
1005001270029404
1005002008102889
32883297738
4000641020104
32852554370
1005002409161863
1005001299058580
1005002337758885
32739319593
1005002228477088
1005001731168597
1005001867885870
1005002334066410
32920344224
1005002324729025
1005002253716937
4000120825474
33023687272
1005001316323198
1005002049722320
4000879308081
4000834645422
33021039819
1005002316206104
4000499601827
4000932577640
32773301177
4000764301723
4000305718891
32856480842
1005002130323482
1005002337065263
4000228873278
4000269022229
4001138885343
32499954041
1005002356100509
1005002379833589
1005001623866042
1005001671618955
1005002288487417
33050823236
1005002448735645
1005002310947589
1005002120720561
4001360925528
32919671773
1005002428268534
1005002347619468
4000273035597
32760809271
4000378303637
4000176292746
1005002292585694
1005002453425017
4001153562162
4000901922642
1005002257632427
1005001590596667
32981110645
4000094277395
4001081261149
1005002102205024
1005001756546062
33012101926
4000318234944
10000397711000
4000296224741
32966583489
1005002256693732
1005002440123359
33003322302
4000971164883
1005001780011538
32820604818
32664680336
4000205102577
4000068587581
33022789789
33030956740
1005002171157101
1005002222384329
32826261399
1005002043194234
4000895899457
1005002297203723
1005001430362817
1005001518391534
1005001405331813
1005002364296714
1005002288345960
1005001726738503
1005001834563586
1005002038221571
32777334384
1005002474923569
4001282136588
32919121524
32853886026
1005001848375984
1005002449270466
1005001851285249
1005001426344114
1005001848996828
1005002238310810
1005001430665744
1005002192608234
4000695827523
1005001864301776
32945297551
32926181244
32967773364
1005001955286139
33011318926
4000460343743
33045191573
32855983039
4001035335836
1005001321354285
1005001656788677
32910162386
1005002315976983
32959246715
1005001489373932
1005002037854179
32921105752
1005001599485556
1005002404847234
1005002292281722
4000272486234
1005001688234136
4000618342251
1005002326640501
32854976266
32956542375
1005002494572376
1005002322991589
1005002328087496
4001174867231
1005002244135630
1005002357027510
4001334167504
1005001313783509
1005001903001034
1005002440329648
1005002480391775
1005001678797145
32974669133
4001234901237
4001127442490
32877439921
1005002292840802
1005002421096902
32992213373
4001062438842
32949970627
1005002314031671
32952781888
32850855659
1005002276763298
32898496022
1005002322142515
1703253063
32971768738
32967909289
33046495050
32436245989
32768855562
32828306852
1005002322385085
4000007004849
1005001416831314
4000981560310
1005002390653439
4000210769218
1005002476601453
32892366819
32806512752
1005002421281109
1005002392731436
33023909836
32947655256
1005002404051958
32477418017
1005002348488396
1005002234835803
1005002239503998
4000959294023
1005002488028771
1005002332619997
1005002292954770
32959943099
4000469872112
32786281243
4000417523849
4001242077447
1005001632834473
1005001868395978
1005001810067230
32952652214
32979428509
1005001927169157
1005001511473247
1005002206420560
1005002292772160
1005001873509583
1005001851291384
32837961029
1005002303546134
32832290630
32798133968
1005001809233918
1005002288900875
32956690477
1005001638014837
32934943629
4001220014578
32896357377
32834964805
1005001779561122
1005001475010385
1005001557361161
32386354419
1005002206876034
32981094618
4001223892840
1005001472856885
4001111556269
1005002309429658
4000192956666
1005001808861315
32839252550
33029799538
32907817372
1005002440001683
4000568071156
4000635017578
1005001608855203
33014665025
1005001921847656
1005002447395415
4001053572585
1005001957385976
1005002454324643
1005002313754298
1005002326605025
4001059576023
4000315227797
1005002104780219
32824517785
32962622980
4001288781461
32967179285
4000348914103
1005001566455211
1005001682624759
1005001536907617
1005001515796851
32889622272
4000891095782
4000570657090
1005002287344828
1005001993734504
1005001360071706
32917907066
33014881233
1005001470125150
32849847378
1005002423238004
4000960618493
32944232360
1005001369375149
32610815106
4000562045633
4001257292967
32913544081
1005001265566598
32974472985
4001179838449
4000769707795
1005001589059214
1005002260211939
32828848240
1005002396533193
1005002495276440
1005002453204397
1005001640345128
4001076338506
1005001642830542
33002892572
32720227669
33008922537
32976851056
1005001731181691
32368322716
1005002432503447
1005001869204684
1005001524385602
32980342324
32844946899
1005001333667301
1005002439106702
4000777498718
4001219838841
4000505977642
1005002489052345
1005002474810297
1005002393016858
4001167029834
1005002314327611
32827295062
1005001967230518
1005002283625660
4000054418607
4001125496750
32916850703
32898542977
1005002147084662
1005002313979655
1005001631227194
1005001479202843
1005001608364322
4001067948645
1005002319210087
1005002113180888
4001223751528
4001219985402
1005001617241835
32381188767
4000018963013
1005002081068831
4000155336146
1005002317461759
1005001889661651
32352521314
1005002132911502
4000228454591
32852034841
1005002413205997
1005001453095798
4000844887357
1005001507487548
4000199746854
1005001525463373
1005001957215684
1005002312060730
1005002265932287
1005002147465030
4001308301322
1005002281316051
10000185041973
32843234668
1005002279217021
1005001564919819
32961744022
1005001616122793
32866563515
32769466586
1005002313824755
1005001359283230
4000759700335
1005002289891943
33061499879
32790661242
32848142477
32824883678
1005001585219171
4001058194923
1005002272452620
4000211586123
32964160840
1005002410794980
1005002191463091
4000296444114
32891147254
1005002243697058
32829812643
4000693187158
32838740211
4000044160706
1005001460378895
33061555445
1005002270982147
33034062611
4000074283397
4000748604721
1005002243993349
4001088927363
1005002211698177
32834712679
4001162086375
1005002445251501
4001309864827
1005001511653223
1005002382918075
1005001607788538
1005002319350237
1005002263738966
1005002334036099
4000139854542
32857436295
33048182411
1005001818814884
1005002305843494
1005002279189209
1005002009083570
4000866208872
1005002246531553
4000868366636
1005002358194821
33035535107
32881715698
1005002359586690
4000801289923
1005001416807265
32819143384
1005002274198034
32522361240
32853033460
4001021206479
33006382841
4001050737912
32922953527
1005002181072192
32915425540
1005002309618651
4000904549356
4001254568307
33014899716
4001234151116
4001228216298
1005002466803194
32848472567
4001082614217
1005001398421987
1005001601924640
1005001621082179
1005002389151999
1005002450968946
4000429894064
1005002321883628
4000063003586
1005002467705852
4000811802496
32851867083
32952551821
1005002376943382
4000298659199
1005001505577113
1005002052679357
10000401903627
4000955104731
1005001865978597
1005001382601816
1005002221478763
1005001373182136
1005002199161349
4000335600097
1005002074488743
32899273956
1005001444507296
4001066543303
1005002432363944
1005002378786597
1005002324141231
1005002347422162
4000038456313
4000842624811
1005001621579055
4001264542962
1005002412514609
1005001695424431
1005001872485797
4001062309253
4000287673696
1005001694637495
1005002115605425
1005001481565808
32955352869
1005001537403267
32957636309
32963020602
32800292920
4000405770635
32790605887
32953336878
32884881923
4001154369030
1005001360964522
4001158784845
1005001653337317
32934814005
32955551553
1005002316725189
1005001588867087
1005002084728592
1005001888607930
1005001803057167
32914679693
32818869211
1005001265513831
1005001429877703
1005001685579152
1005002054946751
1005002340563150
1005002365199741
1005001297741404
4000347238445
1005001960982351
32825619146
4001298645897
32868042614
1005001611938659
32934815282
1005002034219158
1005002421752509
4000197143748
1005002279034801
32680961694
32855668541
1005002483903872
1005002289142081
1005002493781422
32594823322
4001025386583
4001364140061
1005001280515027
1005001849741039
32795673526
1005002344510675
32855735035
4000706578768
1497168635
4001241655056
32643715589
1005002350806649
32794794991
1005001379453352
32793730241
1005002424145742
32851956006
1005002381047260
1005001278186629
33041412546
32890529831
4001222552046
32968741288
4000466037384
1005002465586311
1005001309522743
1005002400378394
1005001924242940
1005001562666395
4000955853658
4001289373086
4000473146716
4001135783388
1005001441416622
32842678346
1005002372227411
1005001376749820
1005001581777307
32352879361
32389764427
1005001999180216
4000085587351
40010071710804001143513212
1005002355569449
1005002382606629
1005002335089065
4000149464586
1005002371678448
1005002176469873
32846873386
32827183414
4001153610086
33032362056
32679916606
4000917270327
4000845192293
32810062719
1005001599289755
1005002246598131
1005001885905237
1005002351613878
32846081017
1005001839306814
32699639133
32979181520
1005002294319610
1005002460478775
1005002270812155
1005001354240677
32857384228
1005002021609759
4000988320247
1005001695548425
1005001407116676
1005001439220076
1005002248753227
32918880377
1005001389120424
1005002307888497
4001030637236
1005001803429861
4000039477733
1005001564806689
1005001408241359
1005002046255312
32987046378
4001161849050
1005001640625523
1005002411391961
4000529261104
1005001454235038
1005001465778626
4001115641401
33041960583
4000955829498
1005002298391546
32910545805
1005002321215898
1005002315870227
32963276648
4000731050965
32821346416
32964892156
4001222832482
32588424183
1005001284988978
1005001620854458
1005002312085526
4000216908890
1005001556006331
4000159701558
1005002357880180
32721420782
1005002291293623
1005002026871244
4000329833365
1005002344547941
1005002292614186
32880641503
32913703918
33056650585
32862410205
33004634183
1005002300285830
32719311607
32969095469
1005002332031413
4001306547963
4000878112980
33000086878
4000464297994
4000725599309
1005001461081159
1005001318696708
1005002371855792
1005001450298424
2037311754
32859834625
33041969908
1005002487935777
33008570446
1005001790128166
1005002391991397
4000463542609
1005002361228871
1005002306248385
32390957056
1005002319447825
1005001287802941
1005002344501768
1005001748701952
32948618380
1005002443948638
32863010729
1005002441672978
1005002027673888
32913035551
1005001976104704
1005002468092131
4001317176373
32793739775
1005002438936459
32981818277
33022015335
1005001769127763
1857064157
32980050942
4000836432846
1005001961767243
1005002344324800
4001155469722
32785938937
4001212099090
4000927939578
4001139347596
32972390096
32970443071
4000627296228
4000996570073
32950919587
4001041173368
4001131163414
1005002205171677
1005001657244052
32990283236
32639579881
32794338556
1005002392615657
1005002500524250
1005001495361551
1005001556972243
4001017567498
1005001547524329
1005002321599306
1005001458005924
4001132085527
32852322444
4000960059066
2033473042
1005002373016951
32505074867
1005002333444339
4001230610462
32820625427
1005002467798499
4001149529549
4000348096841
1005002316854245
1005001591701676
4000337670376
1005002495214922
32862619164
1005002085227963
4001281598050
4001233762391
4000721329342
1005002018731351
32821542227
1005002321530183
1005001835004522
32309542072
1005001332508450
4001068434061
33042623778
1005001423157075
4000593588460
32949466378
4001018316065
32975388688
1005001549002234
1005001581262269
32869232580
4001103786084
4000027009989
32903087302
1005002378826286
1005002375187937
1005001525302785
32882397174
32839556729
1005002395536013
1005001842087847
4001268023318
32969399461
1005002315561249
32832312298
1005001714530107
4001145376253
33017055723
1005001695164930
33048298256
32959380322
1005002013548078
1005001731375784
32829653221
1005001425816085
32819634461
32701056275
1005002315557982
4000152659332
4000173472706
1005002079298186
32959077931
1005002362489764
4000124539563
32984031009
4000534184146
32701439844
32921171155
32553126700
33054671792
32908822867
4001273247391
32579285667
1005002048500806
32861488448
405194550
1005001399176015
1005002240287220
4001205549839
4001105181263
4000011080993
1005001915734491
4001195666230
1005002274076777
1005002312016653
1005001875257090
1005002363476972
32966950299
32801137785
1005002323284241
1005001859907832
1005002496044120
32882689285
4001056722662
1005002394038441
32906405662
1005002466059964
32744074821
1005001458498919
32215254210
1005002324275777
1005002324057796
1005002358187109
10000146165516
1005002301907362
1005002250256883
1005002395781831
1005002219854864
33013158418
1005001678569763
32878157082
4000489255264
32926168535
32897152583
4000729879191
1005002000266686
4001119898802
4001172915528
32818702240
1005001426162133
32819420729
1005002122370661
4001228205152
1005002283517616
1005002387522378
4001270360990
33007613697
1005001413297666
32838511483
32939450957
1005002352404180
1005002432039130
1005001340034687
1005002324139132
32862010510
4001308367627
32721551935
4000026745248
1005002259245582
4000682932781
32850359674
1005002224207041
32909352267
4001022782330
1005001599054191
1005002115650279
1005002394755602
4001333012392
4000092164225
1005002292411115
32930448754
4000470979215
32952919852
1005001652911331
4001161641805
4000220441934
1005002172333994
1005002347019683
1005001935149869
32828941429
32700646969
1005002396887152
1005001914364487
32974181880
4001274927498
4000708793750
33006307667
32978100903
1005002295358780
1005002496946899
1005002362599627
1005001438778893
32931288606
32630779113
4001266969448
1005001652100046
1005001483295313
1005002322402125
1005002400477530
1005001764303810
1005001829753249
32970099425
1005001864962922
4001155308857
4001259515563
4000255579252
1005001632171844
1005002375215564
1005001623256127
4000337941279
1005002046595956
32799527896
32886180081
1005001285035826
32637331513
1005001291364189
1005001324806246
1005002341555873
4000317102084
32896880438
4000453336519
4001275316843
1005002299419089
1005002389488588
4001097183703
32391070195
1005001351961343
32863983547
1005002425209996
4000249991028
1005002129445552
32743208551
4000384847226
1005002244718336
4000293798650
1005002227082245
4000270415784
32960647154
32392589321
4001234702328
32866794527
33033012845
1005001520356683
4001179795562
1005001310085875
1005002368854972
4001054692496
1005001894511780
4000846895219
1005001633250340
1005002272723371
32806270530
4001273476362
1005002484579248
10000004155826
4000955038175
1005001340433872
1005001594607085
4000005654524
1005002388958350
32987028860
4001226781090
1005002467670898
1005002288827646
1005001946584536
33027804735
32821517122
1005001355315803
33027053130
4000805141775
1005001698781387
1005001438897072
4000978716842
32998894303
32978526880
32906479599
1005001366199704
32997966903
32689214088
32913772599
32830590392
32945857479
32898861390
32892178434
1005002341502055
1005002114950945
1346151190
1005002288037480
4000604211982
1005001703386288
1005002406028454
1005001408391167
4000829605436
4001207352866
4000323938223
4000917251172
1005002060126106
1005001962177688
1005002416986626
32787273474
32988208640
1005002427429469
1005002421477690
1005001436071107
1005002386516621
1005001888842872
1005001704503264
4000199027985
4000124408120
32390255000
32910562726
33023712521
4001167480908
32667336259
32970620650
1005001884346384
4000828567625
32978160799
32845105770
1005002351754041
32847854239
33047049231
1005002305282337
1005002315457187
1005001922843748
1005001761667573
4000704928609
4000048784060
1005002252009698
1005002461790468
1005001843923248
1005001381692117
1005002394250618
32793991237
1005001867227778
1005001733477111
1005001327884143
1005002341316256
1005001319055705
1005002357246308
4000959704138
4001280648194
33000039541
32899576725
4001220714197
32347606414
1005001813508448
1005001465912293
1005002333866492
1005001774717154
1005002313513515
4000859365092
1005002312336063
1005002378660512
33047026361
4000896252475
1005001580635037
1005002208039187
1005002283453612
32973140320
1005002007781158
32959096974
4000434168281
4000732756093
32457577954
33045823378
33012346339
1005001868279834
1005002454782974
1005002319897140
32954304198
32856049002
1005002363774488
1005002312125357
32825673296
4001358796783
1005002072259953
1005001314366481
1005002069019987
4000874196640
32570113527
32906391973
4001062687122
32970866910
4000793621884
32624720830
1005001525006444
32905779245
4001171614896
33005500365
32968274978
1005002367941833
1005002254343253
4000849993079
4001143415248
32893235654
32858155191
4001177910336
1005002353297654
1526507833
1005002475356691
1005001988245286
1005001873812921
32959539288
4001191750670
1005002224713006
1005001952263758
32950174349
1005002387670587
33018268555
4000090341359
4001350462746
32783102668
32835990812
1005002372216498
4001171669065
1005002340826929
1005002276639489
4001235362723
10000381125045
1005001436699603
33049469903
4001170190647
32392850475
1005002291214574
4001105563321
33006418131
4000842646617
1005002371999910
32972240635
32866900646
10000217547416
33014434061
4000550242568
1005002018777857
32317395271
32914593011
1005002322281363
1005002386802781
33028255645
32821390661
4000299100794
1005002334133471
1005001676552245
1005002039124764
1005002495167475
1005001291737686
33010749557
1005001321993154
1005002303992582
33024244279
1005002373456121
4001015979390
1005002261057768
32982338530
1005002315504294
32875460732
32850419332
4000245577988
32850855909
4000709385070
1005002443161099
4001332181057
32841758960
4000017983530
1005001403845032
4000991619964
4000378286461
1005001305395001
32838585470
1005002290201151
4001218801672
1000007890338
4000382462999
1005002440404951
32898178363
1005002192203906
1005002297606457
33053463062
32910707243
1005002466546684
1005001296887816
1005001798057865
4001134854513
1005002330248841
1005002462839555
1005002258529702
32706955698
1005001900375804
32962102091
1005002228920297
1005002362556293
32955639339
4001138398827
1005002176396909
1005002402512153
32960974813
1005001732302190
32857557500
1005001299360668
32974582065
32836710586
4001186702940
1005001621166125
1005001381874264
4001292809669
1005001431608878
1005001848456005
32807311039
1005001494772409
1005002133609120
4001134870996
4000161972036
4001129260750
4001283381659
1000007772676
1005002037941828
4000528392632
1005001317367467
1005002335249903
1005002483968471
1005002307146325
1005001393627036
1005001633389413
4000138167881
1005001694803508
32604767683
1005001821182446
32654274102
32856794705
32884751020
4000781711753
1005002349708703
1005002462792266
4000544613200
1005001824537379
1005002067927866
32975364922
1005002367407002
32971779884
1005002278902991
1005001868389735
32934535153
4001164354015
1005002065568110
1005002296691805
1005001771013176
4001138386039
1005002480704331
10000395882730
1005002142279988
1005002107781502
4001060982965
1005002347674499
1005001591015492
32954987346
4000118384329
1005002263814876
1005002095694688
1005002434375289
1005001829953680
1005001316163112
32986249071
32855939348
32855303354
1005002233877391
32976611867
32779049314
1005001429924062
1005001494081760
1005001850059255
4001103787031
32846318498
32988248519
1005001693736864
4000103008082
1005002292322943
32744732995
4000735754453
33007267492
32812989967
1005001601906330
1005002069870147
32794744998
1005002346424044
1005002425691777
1005001830886494
33048966756
1005001628502141
4001085162037
4000188228687
1005001844867438
4001260247483
4000992935570
1005002108749157
4000439768522
32792886222
1005002260551955
1005002418488563
1005002276729461
1005002475022352
1005002341653788
1005001590567279
1005002125196595
4000898648224
1005001637854736
1005001553287330
1005001923695287
1005002374523696
1005002344926886
1005002463233309
1005002389377581
4000342074793
1005002238581047
1005001798167748
1005001484039155
32757037031
1005002259677157
1005001669579257
32793341726
32917261476
1005001654095799
32855414732
4000332834457
1005002454498538
1005002273172210
4000529565339
1005001854605600
32920567551
32835761554
1005002114671841
33000600171
4000767959851
32908357365
1005002320326081
4000216340895
32788733350
32853771034
4001280736506
1005002343433550
32894658685
1005002401420765
1005001780160118
32864159012
1005002452832364
4001143071039
4001027558206
33040167043
1005002453314298
1005002239740314
1005002483841378
32869929324
33062474859
33022261538
1005002363830825
32997904011
32656137370
4001227153290
1005002367511760
1005001758803733
4001170055630
4001351443792
1005002478584160
4001136461754
1005002434726748
32849115465
4001326254390
32865006837
1005002350967322
1005002399325007
4000763639426
32837128550
1005001614197895
1005002481192473
32912346826
1005002345044091
4000033352480
1005002301288633
32982101382
4000613787878
4001264206952
32789036762
4000109334732
1005002477683502
1005002398756318
32983443863
1005002092731470
1005001656518972
32819628019
32887541017
33011869700
32791255330
4000420552583
1005001413890679
32790692619
1005001457157191
1005002282564989
1005001599652960
1005002428606306
1005001908314408
33027800896
1005001448090152
4001136732293
1005002377870405
32981712135
4001343517224
4000917969667
4000720455414
1005001897612521
1005002086785175
1005002355860491
1005001905618349
1005002292115999
4001055906290
32965597239
1005002003504982
32829067145
32969214870
4000616292567
32814416315
1005001572625893
32923955588
1005002280657314
32668128039
4001201407639
4000253166775
33003922607
4001287936753
1005002482118918
1005002329805914
1005002376975402
32985683897
32818461199
32812157779
4001062299063
32901998103
1005001337808384
1005002006297675
1005001592553850
1005002453721073
1005002372373173
32654888593
1005001914572127
1005002383227803
1005001467732664
1005002347119342
33035647355
4000684526728
4000265907674
1005001579955878
1005001715520755
32968839039
4001219306496
4000983478887
4000443390149
1005002298979184
32829813239
1005002264333502
4000170646798
1005002090979180
1005002393935151
32924232098
32960277925
1005002246460347
32950844695
1005002174729448
4001292868177
4000148342026
1005001453242107
4000628132493
33044723840
1005002396319090
1005002363666167
1005002476168572
1005001921688518
1005001390316622
1005002300966612
1005002288512242
32899104300
4001146177690
4000532790960
1977416601
32955703186
1005002388758867
32918477714
1005002239344061
4000803389646
1005001870131195
1005002311984576
10000138058349
4000162678336
4001218104215
32866999535
1005002239906657
1005002237913213
1005001438996667
1005001655275594
32863241224
4000659932303
32920849121
1005001367240312
1005001313601077
1005002253167318
4000830194314
32812124159
4001202792474
4000549333984
4000762454698
1005002414691591
4000942175321
1005002130478320
1005001381995731
32891038395
32794802248
4001164163331
33057047444
4000709756478
4000863730674
1005002333740177
1005002165925474
4000238293820
4001153602514
1005002115907814
1005002337853099
4000989056328
4001148027565
1005001855548472
1005001567224385
4000955870495
32919538089
1005002473936524
1005001650332000
1005002270607801
1005001612718300
33052069306
1005002060985241
1005002350860167
1005002129828698
4001187751913
10000391238024
1005002114933684
1005002396607956
1005001927736920
32788268474
1005002316332242
4000807566187
1005002488992124
32959544869
4001253154193
1005001374829841
33004368724
1005002433548717
1005002347764051
1005002262080651
1005002290044814
1005002386703094
30000002538889
1005001940235270
1005001356047959
1005001939826709
10050015797315884000228891266
4000058361026
1005001800897347
1005001704236927
32860947009
4000601161750
32817699669
1005001966555579
32972486554
4000403158301
1005001485930547
1005002166772590
1005001692630788
32593616856
4000493195222
1005002380919015
4000890141976
33025315073
1005001666202736
1005002311677018
1005001441250631
1005002345669012
32988372351
1005002278695914
1005002156902249
32792677232
1005002322472568
4000543790799
1005002362218133
1005002473694554
32845905432
1005002381965887
4001235857870
4000687052164
1005002412322195
32597184533
1005001422769749
4000814231189
32847912764
1005002288587393
10000395861291
1005002384850792
4000296513331
1005002254248990
32348142437
1005001905495030
1005002230054111
10000028466407
32880280674
1005002179555569
1005001588380111
1005001825487645
1005002028474620
1005001993962743
4000815019377
4000239541775
32265475340
1005001883568339
32853376166
1005001430599276
1005002301088486
4001054460282
32969253733
32862937593
1005002467480461
32469379966
1005002181769534
1005002359226740
1005002298567284
32835131631
1005001905119762
4000400616535
1005002327389419
32229707686
1005002235623858
4001354419652
1005001397328966
4001167976346
4000755556344
1005002026916822
32883132664
1005001694759961
1005001803212023
1005002311755805
1005001583199145
33053313419
1005001839151305
4001045416168
4000781743927
4000015525556
4001193808662
33000366725
4000385872720
1005002377757615
32900025864
32959147137
32771110615
1005002039218253
32899745273
1005001872876996
32945641209
32888957746
4000771330753
1005001452478352
4001267525464
1005001590363746
4000459646761
1005001966505672
4000233605880
1000001454424
32855894330
32996325837
32551516248
1005001999339967
1005002288909364
1005001488202002
1005001922835216
1005001670765983
1005002133429511
1005002290976912
32740190729
4001237013909
1005002282174409
1005002314671498
1005002323635773
1005002318016677
4000248594592
1005002014694281
32904159318
4001223177181
4000118669686
4000289174059
1005002317283041
32757325282
1005001868678719
32880180738
4000776548928
32972540624
1005001495566426
4001294168349
32970353085
1005001978698729
1005001703716927
1005001515783116
1005002265361210
1005002373781003
1005002345911980
4001289688120
4000693587288
1005001287031962
1005001626597524
32846422997
1005002358608063
4001175813647
32997265310
1005002274222248
32884791702
1005001687716393
4000945018096
32960616895
4001160902851
2054859597
1005002120421427
1005001375553167
4001079150961
4000782279120
4000967560255
4001138295530
1005002363590065
4000929536198
1005001966493587
1005002271697653
1005001965249876
1005002273128382
33020932518
32865123812
32948087404
32844400780
1005002288623901
32563224729
4000935242773
1005002059840226
1005001287494142
1005001595889860
1005002447551503
1005002378090818
32968806481
4000167680735
4000905539931
4000321697713
4000489580045
32865311544
4001197569669
1005002144149275
1005001587157175
4000345437402
32626872860
4001258001248
32832842860
567909046
4001264360531
1005002404761460
1005001973967066
4001069491138
32935946667
32890404927
4000478549254
32859515654
4000100516467
1005002334212022
4000043704966
1005002320699386
1005001971056501
1005002081656495
1005002400613975
1005002403670694
1005002443433853
1005001670940510
4000424324559
1005001881122396
1005001453474309
32858073665
1005001929698971
1005002050774171
1005002309670775
4000780385917
32960985704
1005001671561151
33002776872
1005001444537503
1005002318797896
1005001564753861
1005001682532934
1005001821270550
1005002063872505
4001366646224
1005001431875192
1005002271050995
1005002250101662
1005001931027492
4001041125343
1005002454357813
4000741254502
32870078724
32894339008
32620135897
32967581884
4001227727833
32657364671
4000212513550
1005002364006520
32946882910
4000817210139
4001221224869
32703159556
32804101618
1005001438868382
32959041965
4000752204982
1005001388867527
1005002317199895
1005002072534472
32621526915
32711931893
32379421819
32907493867
1005001483857970
32315923945
1005001304629413
32831253043
1005002323542523
33058573953
1005002308778572
1005002397696975
4000405049313
1005002419631428
1005002450611245
1005002316671156
1005001611591927
4000179625668
1005002211103070
32920175217
33013160516
32891182185
1005002372983326
33023270114
1005001859371792
1005001466646403
1005002330792859
1005001481536838
1005002395678804
1005002167493746
1005002401160325
4000493290357
1005001834534293
4000118812011
32776887578
32997689874
1005001915234556
1005001439138123
1005001543423825
1005002495701511
1005001414300579
4000689044047
1005002247438106
32994508713
1005001731112338
4000074321768
33002192038
1005001325139174
32951043363
33007234332
1005002345231778
4000743855437
4001304444142
1005002264898837
1005001559820720
1005002351601206
4001106203390
32957020652
32992158600
32994186703
1005002375230666
32897216130
1005001867864182
1005002358275248
864961343
4000920298343
1005001593536637
1005001590891610
1005002140461485
1005001505027528
32964960094
4001150505781
1005002227764513
4000876172188
1005001821423126
1005001319570347
1005001845074646
1005002360291702
32944992548
33001669773
1005001679076745
1005001923653962
1005001949595170
4000852927406
1005001824468045
33014352404
1005001576117611
33035584156
1005002314384183
1005001704856645
4001337075284
33025480496
32225161579
4000419054420
32887559615
1005001952517086
32910593221
4000033686370
1005002314322357
1005002486033434
4000637635463
1005002252308644
33005409696
1005002378729959
32982838614
1005001692678504
4000089577251
32843820725
4000342159696
32843911225
1005002454241802
4001227858228
1005001933520371
32923472742
32884769229
32667595142
4001251375866
1005002059755048
1005001632903792
1005001599512282
1005001985296591
1005002348179746
4000011396328
32850237082
1005002342166689
1005002414822062
32970253480
4001000616139
32570703239
33036202661
1005002443733101
4000453116465
4001364458936
32896589241
1005002399496148
1005002173368648
1005002002431345
1005002400742450
4001316007049
1005001361272828
1005001527577292
32951813213
32527648016
1005001653004647
1005002272085055
1005002247000885
1005001469606434
32847119945
1005001640283698
4000247334917
32859504346
10000420556690
1005001364196361
1005001635172150
32809584670
10000004058575
1005002357132211
1005001386280406
1005002377973080
1005001286898437
1005002351297994
33021911725
1005001403079908
32958538070
32695518249
4000862888077
32949793325
1005002421343393
4000087517583
32997629808
32958494650
32903448907
1005001899368061
32786830244
4000429684765
4001201848932
1005001562912696
1005002476975695
1005001800241772
4000340732848
32385438439
33023035922
32956770748
33045592442
1005002167293444
1005002314763201
4000703546975
4001001780825
1005002278752545
33039093920
4000893453988
32697048139
32530351051
4001090688271
4000585126571
1005002307700654
1005002252466959
32917313912
1005002297733370
32964512373
33004426685
4001335666003
4000015867339
33027808778
4001097152098
33006985094
4000829470891
4000493748746
1005001639413103
1005001632261762
1005001695111157
32660968418
1005002289371056
1005001361316955
1005002223459565
1005001796865338
4001224689364
33050483054
1712287976
1005001652847775
1005002287636662
1005001305318450
4001278886712
1005002480407709
33027549129
1005001977450883
1005002285909081
1005002465063866
1005002318244551
1005002288347053
32811928221
32838494561
1005002442694956
1005001706483309
4000015687924
4000497643914
1005002117684142
32901460323
1005002419488637
4000310785446
4000165594734
32989381596
4001200242248
4000941644178
1005002286400225
1005002358409444
1005002345064327
1005001597606581
4000300142359
1005002313468054
4001031034826
33009869522
1005002448040043
1005002443548385
1005001640076297
32723089127
4001237851938
1005002179203349
1005001504752783
32541006861
32866824724
4000548357724
4000351578226
1005001722012842
32892922600
33023900875
1005001555964089
1005002396231673
1005002265701049
1005002337317532
32800545456
4000907254175
1005001807574978
32826418743
1005002409285375
1005002279259600
32842468247
1005002257700988
1005001505888207
4001237712163
4000879800707
1005001693783908
4001244040458
33040456560
1005002263779127
4000441426524
1005002281839588
1005002239306329
1005002393540278
4000703874363
32802890200
32970743832
1005001578117746
1005001592383225
32908111984
32971370997
4000039932240
4001130917423
1005001731775572
1005002277660280
4001215149477
32851721825
32918038765
1005002354320047
32774405305
1005002286833327
33015546164
4001283924077
1005002310736378
1005002457828651
1005001382852695
1005002007366020
4000902333768
1005001393737509
1005002179876707
1005001979302606
32915452028
4001115499761
1005001355994884
4001228541331
32841519367
1005002430943681
1005002265385188
1005001551863543
4001305694848
4000843014253
32788198213
1005001367234218
1005001918206263
1005002272282466
33017287029
32800418839
842270058
32854761249
1005002320742865
1005002333562756
1005002288932040
32948838683
32476025742
1005002465239839
4001086189632
1005001918902834
1005001829648891
32667682545
4000352632444
1005001541180531
1005001944106465
4001249259556
1005002448040686
33055356576
1005001632341731
4000901884633
32760479145
32920170229
1005001332453999
1005002122391963
1005002314476156
32996877641
1005002294784534
32916343107
1005001335077551
32878549055
4000698463116
1005001698252392
4001157009058
32938209082
4000589506129
1005001899192184
1005001865432598
1005001290054000
4000602194372
32881286824
4000601479858
32994922455
1005002023500730
32968333282
1005001560716972
1005002439358220
4001275167243
32916331900
1005002289758883
4000348064521
1005002362948832
4001334871318
1005001936096694
1005002212439490
4000258518751
33031894420
33003974053
32603233166
33007779671
32974695903
1005001441825532
1005001528805296
1005002342402363
1005001389515319
1005001994935273
4000983152353
4000740427553
32665019161
1005002260546788
1005001493276259
1005002314267106
1005001888827176
1005002477085860
1005001639984932
1005002323548906
1005002382858795
1005002322345575
4000748966968
4001331206815
1005002332856550
33059243278
1005001419113908
32978609484
1005001265875003
4000539220397
1005002350613752
1005001305341521
32969666687
1005002207613835
4000382516675
4001118623395
1005002391224362
33000540295
32904284732
1005001986181720
32305886438
4000479363998
1005002187621642
1005001989794308
32950708056
1005002311104382
4000200093507
1005002356776000
33015255592
1005002321109340
4001214249500
1005002206206659
32773960686
1005001802646661
1005002225057216
4000858791315
1005002330954246
4000110391679
32871958214
20000004414376
1005001403661315
1005002426876925
1005001835958161
32843270066
4001130749894
4001171642869
32863483502
32971907208
32946706059
1005002378868629
10000159892100
32811698592
4001224957127
1005001641277570
4000696247060
1005002498669457
4000384291551
32991808664
4001167562823
1005002499119564
32916641469
4001216226186
4001066785541
1005001609814747
4001135161129
1005001297780836
4000262252155
4000397577055
1005001279171911
32964486509
1005002412304234
10000395921527
1005001453003490
32831840632
32394739785
33055001802
1005001918531484
1005002171987569
1005002205796585
1005002491685242
1005002312215038
4000909751703
1005001315027003
33047217540
4001313245768
1005001519892251
4001068924681
1005001987576861
10000355221076
1005002462762061
32890107081
33046083232
10000395830661
32594055632
32974948787
1005002017762097
32916440386
4001116656101
1005002332989690
32832943807
32823162151
1005002419948608
1005002365911519
1005002324244287
1005002318474365
1005001774531815
32969514355
1005001835357770
4000529249854
4000679777889
1005002314669756
4000251980130
1005002318675488
10000395944638
1005001973815238
4000470894139
1005001633299651
1005001436251863
1005001593757541
1005001625576393
1005002300840965
1005001726604363
1005002484735418
1005001609059087
1005002329409937
32511919868
4001049692939
32918562167
4000449709018
10000034231001
1005002288355997
4000510478962
4000203292726
4000458257528
32951098078
32844419557
1005002341384636
1005001806120910
1005001727928826
32588878081
33012187624
1005001798792297
33010277402
33055809023
4000978915431
1005001859622396
1005001901344339
4001227524102
4001224687027
32973300348
4001144830473
1005002282105256
4001332631285
1005001835819957
1005002007407607
4000768718372
1005002234527173
4000641043295
1005002367686668
32579086096
1005001453044182
4000118449688
32799038770
32809550281
1005002440129251
33008122032
32839388506
4000625225106
1005002346151478
4000986220555
4001009469288
1005002248619113
10000012913039
1005002219643912
1005002305203815
1005002253740567
32966032682
1005002454333168
32928954933
1005002289987020
1005002457109995
32964993125
32963945078
1005002371442919
10000395812568
1005001612744066
1005002332657735
1005001936211520
4001356711749
1005001735078387
4000961891485
10000048691315
1005001881040272
4000023531522
32999762389
4000209908441
4001267469292
1005002494046986
32953494491
1005002336000222
1005002389932916
32642975356
4000902433493
32963104395
1005002204614298
33041999028
4000348647278
33047764316
1005001423702503
1005002091075161
1005002449953011
4001214745226
1005002436892762
32996111633
32837829473
4001229914017
1005002394234396
4000441147690
4000889918218
1005001868934673
32978080778
1005002060544961
33002356962
32904393924
1005001304328751
1005001971931103
4001000529404
32970231874
4000206821049
4000545776889
1005001754541543
1005002288411154
4001326058433
1005002050379626
32948445433
32923824340
1005002314229853
32447431506
1005001436149689
1005001624745035
1005001768177092
1005001860506462
1005002447350211
32970723452
32998844190
4001343806622
4000794411264
1005002185938169
1005002259402820
1005002264795239
32916563618
4000314411541
1005002060933067
1005001984797640
4001185824952
1005002329531251
1005001893190460
32500004054
1005002271654207
32611781789
1005002359903068
4001221135589
1005002282636211
32827789418
32979863365
1005002047675158
4000268640441
1005002342829155
32894363278
32875483900
1005002038335581
4001233146920
1005001355021359
1005001325531829
1005002250329494
32859427472
1005002348438636
1005002232334357
1005001567743573
32903282780
2038355598
1005001927556485
1005002448868411
1005001610964199
1005002428216823
32692975746
4001155648232
33008846936
1005002156115601
1005002262635524
1005001644034735
1005002400115603
1005001500847764
1005001968553002
32788155961
33026567917
4000961224555
1005002128990547
1005001695027605
1005001515924338
1005001937814975
33026482396
1005001835269475
4001182352346
32511928570
1005001971647162
1005002460265999
1005001428868515
10000395831941
1005002180423880
1005001874201580
1005001909838526
32849323686
1005002089547631
1005002363204853
1005002356210403
1005001934691885
1005001580306828
1005001670795870
1005002428581463
32616578370
4000750530142
4000848131612
1005002306006715
1005002384903064
32965849781
32973279610
4000497671300
4001272099553
4000272228078
328595064224001100068312
32854680212
1005001769468672
32680730072
1005001882544380
1005002406807227
33031851755
4000801304918
32917493121
4000818209215
32997085559
1005001514473994
4000627251979
4000293195592
4001207636149
33055097261
32983778566
1005001626598778
4001254531790
32879600161
1005001965494937
1005001882631339
32991548188
1005002413215803
4001132431739
32828127144
32950689275
32962458116
1005001869597593
1005001737749673
1005001822322356
1005002317980025
1005001768872950
4001277504052
1005001737236047
32889362691
32970510132
4001179553767
1005002329919387
1005002252670685
32357833124
1005002291619607
1005002435063852
32885817203
4000276697886
4000781773095
32764826976
32851125381
1005001608710607
1005002227964060
32905409545
1005001368974974
32903489003
10000381517328
1005002315269448
32949376050
32600456627
1005001715653360
1005001992471244
4001044630285
1530427630
1005002146852399
4000707365113
32979674565
1005002334206275
1005002240183611
32867133287
1005001792730622
32969456254
1005001651527559
33032086383
1005002299051531
1005001732737794
4001264169759
33023681841
1005002325112213
32946548614
1005001704251159
4000955707657
1005002328652351
33016385285
4001100401470
32912379697
1005002358008184
32905846759
4000127490880
32892479989
1005002313840447
32921635031
1005002076216641
32970458552
1005002257704905
1005001453299407
4000341242348
1005002021481453
1005002388101398
4000817595971
32996388831
4000112108556
32591530165
1005002489496679
32583979025
32958564737
4000894123830
32847018285
33031867138
1005001731186873
1005001981003260
4001061783796
32647656655
32797273452
4001111054481
32827586713
32698191098
33016270680
32975962599
4000429571171
1005001799549390
4000545950517
4001006722073
4001277314501
1005002316939658
4001255754218
1005002027430259
1005001695586809
1005001795311447
1005002368886717
1005002299497236
1005001792990440
4000811966571
32982519961
1005002358704544
1005002122429345
1005001413664947
33011801039
1005001380799727
1005001484327450
33002398188
32517107841
1005002434177772
1005002292414558
33001167240
32977555833
32789635738
1005001881998912
4000026812215
4000155344506
1005002287615670
1005002314543918
4000555826539
1005002019088351
1005002359348457
4001220815489
1005002474000583
33032115586
1005002088961750
1005002320542622
32857584300
1005002441816458
4001113058968
1005001286905841
1005002314470616
1005002329922743
1005002468476184
1005002107703367
32972031242
32862709567
33053171224
32803263368
1005001899707974
4001228543931
4000600156142
32961901844
1005002236457156
1005002001918303
1005002401407794
32920788561
33010159144
1233360910
1005002311852290
1005001645279201
1005001810588711
32988694340
1005001499798560
4001225055800
1005001620685689
32905221113
1005002318742333
32906747808
1005001682862483
1005002486389118
1005002495610772
33000684858
1005002378176138
10000404282197
1005001572317864
1005002109751970
1005001984760967
1005002417761681
1005002033902037
32753159469
1005002121514016
1005002271749201
4000849695868
32771818294
4000502686293
1005002256178409
1005001482782859
1005002246367920
1005001459647928
4001128448201
1005001365556729
1005002080574871
32969510938
32873640532
4000527963531
1005002498464918
1005002420703540
32922227348
4001269414687
32892327395
1005002471461568
4000600376612
32980273999
4000550296619
4001282511452
1005002238562622
1005002432476040
4001013530831
1005001441300793
4000261241951
4000708937593
1005001928016706
1005002329568538
4000807536584
4001131698127
4000843336962
32923479327
1005002180373456
4000718315365
33000395862
4000341298424
1005002221819055
32881843285
33013038874
1005002308586923
1005002440465043
1005002388321662
32821134722
1005001692785056
4001165930380
1005001522202938
4000010884854
1005001840381637
1005001465362452
32888064129
32702164620
32982792371
1005002229552716
1005002498989449
32961573800
32821822215
4000710362474
1005001672389292
1005001717943009
1005001333661352
1005001559232757
32790086000
1005002286268729
1005001731831181
1005001808710276
1005002278854669
1005002356318950
1005002084139403
4000108497047
1005002279641496
32542448024
1005001627724132
1005002211732585
1005002459849966
