1005002337563968
1005002380563965
4000199645525
1005001877295280
4000991001151
33001616806
1005001515397184
1005001693963169
1005001736691698
4000983175165
32729338860
32979664487
1005001954210745
33002101695
32969349460
32870791315
1005002462316434
1005002004968200
1005002352539890
33048978495
32970055398
1005002481841446
4001174497532
4000805971916
4000903748882
1005002393073054
33048003086
4000804569786
1005001744802019
1005002406828318
1005001419031555
1701474455
1005002384000661
4001013584023
4000226422641
1005001629185115
4001332315275
4001270696464
4001281428347
4000755927853
4001156915649
32867116752
32813803278
32999344841
1005001298620396
1005001849748980
32899231015
1005001472023089
32316194235
4001107253950
4001055762155
4000620290694
1005001592418770
10000231245653
4001204093131
1005002443039945
1005002277081304
1005001321912327
4000883135229
33026555881
1005002278654031
1005001999556902
32935091347
1005002412907317
4000966460481
1005002125661654
32832934598
33020993069
32854018961
4000109397120
1005002101183281
1005001315782933
1005001499274079
1005001958113941
1005002421608490
1005002338813329
33001558229
4001259179984
32641742659
32897865003
32854653466
33008026812
1005002246645480
32859316660
1005001556554301
1005002383161474
1005001870413277
1005001864553289
1005002314208436
1005002265063952
32856909975
32962026159
4001153473081
1005001880665608
32671381253
4000666531672
1005001671472721
32850859563
1005002500365090
1005001961761492
1005002107371200
4000305049255
1005001329779109
1005002063487351
4000310806650
1005002307644263
1005002329679028
1005002359731611
1005002313900871
1005001939610346
1005002454291373
1005001695318503
1005002311984809
4000914548302
1005001387870499
1005001948101913
1005001678635605
1005002500207935
32854408594
1005002341345442
33026615035
10000312995926
4000110433754
1005001531047719
32958333999
1005002322534459
32861564405
4000406898731
33017926789
4001277856781
32918940118
33013967923
32951287495
1005002374787551
1005001994026358
32842536574
1005002359108552
4001260228113
1005002271998040
1005002394788276
33028038438
1005001832228305
32861023982
1005002015527748
1005002418427593
32918750058
4000427121169
32828486953
1005001296200283
32968827277
33046234635
4000735046153
1005002003804043
1005002026946574
32700609914
1005001579520914
1005001730821729
1005001966460099
1005002203472132
1005002052228700
1005002259665213
1005002213625519
4001119760148
32944556133
4001278974157
1005001685556553
4000088875504
32653995220
1005001651519050
33048926330
32844796070
32375302172
1005002014272121
4001338693392
4000548937498
1005002059753914
32922971918
1005001941506908
1005002428025813
1005002365009855
4001179677217
32904218090
32965292669
1005002219426154
32993289479
1005002305881478
32504591944
4001107692021
1005001840251217
32887259936
1005001313747572
32694890639
1005001584559341
32905840157
32994812734
1005001626864939
32790464890
4001066000373
1005002332515801
1005002329800462
1005001900023911
1005001411181311
4000597444911
4001030999758
32909934439
4000076710888
1005001606117555
32905826085
1005002420137232
1005002318332344
32892893893
1005002300804735
1005002357677978
32893757831
1005001937555539
1005001949849766
32900202181
1005002414680354
32914932085
32266916920
1005002252489799
1005002329056891
32881270257
1005002122376339
1005002475182573
32856688017
1005001359574703
1005002101612812
1005002246894401
1005002327309572
1005002105149095
32732290805
1005001546570476
4000236271954
1005002292765801
1005002166291465
32851274357
1005002312506762
32831913550
1005002332102294
32885128650
1005001561059880
1005001680294637
1005002245002196
4000228380999
4001114117767
4000709743709
4000027131528
1005002325369230
1005001680530336
32845698543
1005001379546122
4001120906761
32900048376
32978315105
4001275693618
32885736962
32918350539
4000466265705
32921219918
1005002280978650
4001275658132
32251798154
4000592843540
1005001452250683
4000725278098
4000787204402
32870241595
1005001425523912
4000504400173
1005002258699299
4000718439463
1005002346240849
1005002028779814
1005001451908021
32532210739
4001158539521
32844786546
4001280438137
4001230650415
1005002427797818
1005001952167327
4001098582849
32842592223
4001009862525
1005001962585811
4000971402930
1005002305946327
1005002299424465
33061635458
32621763151
4000198828943
1005001524024142
32994195651
1005002478249956
1005002381681506
1005002276636063
1005002407996004
1005001628327189
1005002167282070
1005001897105726
32801407637
1005002284476528
32358936428
4000024107991
4000246940681
1005002089658824
32924062239
1005002400873681
1005002130143466
4000268898986
32960632915
32819082891
1005001905196306
1005001851436043
32832988260
33040332921
32988978232
32825965570
4000255166038
1005001515723741
1005002400493253
1005001558325148
32827113540
4000299031764
1005002473992635
1005002401266074
4001255314857
1005002490269564
4000035791865
1005002342629808
32628557401
33018426996
1005001990839849
1005001489313203
4001158876658
32982478385
4000983495201
4001174949044
32809303326
1005002328057822
33031999210
4001278966557
1005001552585238
33018195515
1005002112041576
1005002357641667
1005001928121658
1005001986276436
1005001487258071
4001316809156
32679464713
32782077317
4000408132700
4000530183597
4001070623111
32978279565
1005001762365850
1005002320678700
1005001914312466
1005002383339347
4000153036325
32986045845
1005002388706109
1005002162606609
1005002244427437
1005002233626005
4000218946019
32949699263
32944578034
32309310687
32989373510
4000545099093
33043780869
1005002084053407
1005001916414212
1005002376440209
1005002270740360
1005002259582788
1005002105547812
32984222146
4000214672815
1005002490444310
1005002359273151
4000689155483
1005002418931435
32258663237
32864895673
1005002467745308
4000821829579
32887479778
32999681529
32813999013
1005001610237503
4001173690956
32816378797
1005002380620313
1005001381153117
4000430457660
32648950996
1005002321826674
32655248147
1005001586228234
4001328533492
4000713198209
1005002028831800
1005002075053044
1005001368043302
1005002264150866
32824972489
1005001525329881
32961159164
32833562655
1005002440359865
1005001525494681
1005002324863173
32906486015
32944593765
1005002413315210
1005002297310967
4001115696120
1005002336090960
4000923439797
1005001265639011
33014405597
4000424478162
4000249938633
4001217528495
1005002327165791
4001051895585
1005002394346549
32914614316
1005002349659462
4000826829917
1005002431561095
4001155872370
1005002298299096
1977509508
32952715841
32878380453
32696169937
1005001514267798
4001344542307
1005002314158822
32662072704
1005002318264223
32818301281
1005001993105814
32697589636
4000863646712
1005002489689740
32835228798
1005001698469094
1005002449432448
1005002433554090
1005002137389663
32922251534
4001291867037
1005001495044718
1005001839324040
4000149233489
4001274690784
32997031912
1005002365261315
1005002358874648
1005002265212797
1005002406020665
32865600701
1005002373562012
1005002286677063
32869438793
1005002341351518
4000221829707
1005001398086599
4000504449553
32963378318
1005001337800002
4001200981610
1005002398015423
33040109696
4000378320659
32722488357
1005001797868693
32951338637
1005001935564578
32819289919
32326755717
32854568382
1005002342314800
32820010429
4000673568588
4000850166757
33055359380
1005001863145664
1005002241074631
4000896352657
4000237077656
1005001971588685
1005002271268085
32870751239
2033010192
4001197447427
1005002239913500
32905848192
1005002034169391
1005001412244000
1005001685454107
1005001448092040
1005002320315600
4000966396414
1005002245977568
4000339488036
4000955095804
4001136157978
1000008376298
32766741021
4001104147478
4000799264848
1005002443519145
1005001443395360
1005002027620005
1005001879958260
1005001748073549
4000783083242
1005001642836655
1005002466999826
33003959516
4000990793931
1005002186886895
1005001617826163
33001562936
1005001459067420
32887622434
1005002328621361
1005002297137986
33016892324
1005002331688395
1005002397983289
32982455247
4000997067315
4001366613457
1005002423695177
1005001585976208
1005002023550617
4000769797401
32856703599
4000992629971
4000237835081
33009424206
1005002167959483
1005002495334930
1005001895774927
4000020040962
4000034140678
4000772683697
32968483437
1005001515601457
4000321484580
32978703360
1005001524882598
32941054676
1005002235275460
1005001849088624
1005002204137520
1005001271760005
1005002114744166
4000391069523
1005002324403512
1005001421198843
4001061767966
1005002356277834
1005001726925664
1005002169520028
1005002272004390
1005001623666604
1005001383587907
1005001426579933
4000311844922
1005001822810092
4001191877842
1005001392530793
1005002167717771
1005002357794526
32950035186
1005002258286198
1005002376272320
1005001488179191
33030002845
32956236463
1005002248910405
1005002288078214
1005002258576651
1005002258539774
4001141696842
1005001994387229
1005002282001321
1005002212742948
4001254460797
1005001972981160
10000031936841
4001126589890
1005001325067847
1005001652418857
1005001473980927
4000588111447
4000688532897
1005002087447100
32940247818
4001211800117
32857157150
32794112543
1005001840367890
1005002328154928
1005002382338208
1005002167994016
33056419784
32812179169
32825873526
4001308296336
10000397746764
1005002035994289
4000192287340
1005002232523159
1005002400302623
4001140369618
4000833708514
4000697126882
1005002412512996
32856419549
1005001381431691
1005001727203225
1005001368954192
1005002315055034
4000993760350
33016466854
32838681291
1005001873983465
32969400443
1005002033988321
4000125478996
1005002329125698
1005002069209490
1005001321705365
1005002341115731
4000923323883
1005002328664444
32921019858
1005001993892710
33027800809
4000616306023
1005002311104300
4001294646218
4000357152513
1005001518416672
1005001463691381
1005002252401030
1005002372157209
1005002306099253
1005002314323691
4001119770029
1005002252293945
1005001367672856
4000170480489
1005002346081818
32775311098
32975828040
4000045612969
4000883928060
32911718974
32809466478
32994236686
32921614640
33060411266
32888479445
32792129203
33045700447
4001127824685
1005002442464730
4001159336921
1005001707988146
32359467482
1005001590590915
1005001903280998
1005001631286439
1005001819255494
4000132540160
1005001910831070
1005001961664517
1005001612956511
1005002490190732
32639387800
32861521109
1005002259457051
1005001965110628
1005001871263190
4000292305072
4000429531697
1005002277823631
1005002341460311
4001083886709
1005001946402389
1005001877083123
1000007078268
1005001604784904
32997707319
32701991559
10000149500737
1005002314357415
1005001872013396
32960458141
4001005352574
1005001843868652
1005002014267822
1005002310051009
32970269715
4000931134425
1005001354301228
1005001872645025
1005001926604905
1005001997809194
32831797628
32981896016
32709456573
4001107425788
4000970981147
1005002074666967
32833988786
4000908645041
1005002435922695
33029916530
1005001264710593
1005002437604649
4000688874337
1005002332933915
1005001802795162
1421970018
1005001564896996
1005002478242448
1005001590775876
33046722008
4000994113130
4001278849045
1005001993009313
1005001280442432
1005002399618877
1005001609089745
32838567300
4000987412358
4000140620102
488775905
32809508960
1005002199559036
4000297428397
33060247078
32980472523
32887410927
1005002422175391
10000411976995
1005001869253889
4000764783517
1005002225056423
4000965665985
4001120602438
1005001546264114
4000371851685
1005001914463826
32909664933
4000065128277
4000822906881
32602909803
1005001688628884
1005002473922029
1005001830249515
4000717168438
33027800826
1005002452968009
1005001679965353
32878998508
1005001285800658
4000925575162
32700033379
1005002368886811
1005001566987885
1005001895827044
32938798169
4001272129096
1005002460078512
32719216869
1005002007089416
32887102481
32966557708
1005001566971232
1005002261334702
4000508549865
1005001812223695
1005002321218464
4000988214355
32886611877
1005002440220905
1005002444137298
4001089612283
1005001712987552
33057432761
32862680508
1005001381880612
4000781135066
32489331967
4001046106018
32992378339
4001236073616
32889472641
1005001718153025
32930448410
4000805203645
4000431034967
1005001494478607
1005002166952574
4001034445520
4000479927956
1005002484039790
1005001848951269
1005002035162312
1005002393659455
1005001884782282
1005002309747870
32961121585
4000032693411
4001106436123
32972732533
1005001524134732
32950002365
1005002321029014
4001344108333
4000739106292
1005002247102530
32968764029
1681236973
1005001500608601
4001282901867
1005001510134036
4000954948698
4000833047130
1005002413224101
1005001397976795
32980002324
4000744426752
32924724615
4000371128778
1005001580102896
1005002236472197
32868831490
4001362659063
32679455450
32964052251
1005002416622034
1005002012299757
1005002336688742
1005002380412271
32777423309
1005002179833952
4001327512486
32896559938
1005002401129582
1005002489469479
1005002304078303
1005002336775970
1005001776237465
1005002354424867
1005002368835982
1005001678134668
1005001865525566
1005001270284055
4001223005697
4000224540130
1005002046618650
32991863034
1005002313412706
1005001751924951
32975114891
1005001457302292
32819969273
1005002426390809
1005001270511385
1005002109866050
32772789431
1821609192
10000089297077
4001128594507
4000472680965
1005002342307673
1005002090985009
1000001957825
1005002299375328
1005002282027289
1005002324865376
1005002369380895
1005001625062682
32969107939
4000661162023
32914233329
32824537286
1005002483838254
1005002100233193
1005002435894979
4000914235978
1005001695484467
32820850395
1005001907838833
1005001454367496
4000960858677
1005001764780190
1005002287998332
1005002193038878
1005002326575498
1005002170985501
1005001860214954
1005002070353255
4000693411216
1005002372524989
32663351967
4000709094217
1005001483353252
1005001732380809
33057102658
1005001834974811
32859844526
33055144950
4001062212872
4001087230988
1005001721921399
4000217960291
4000507026295
32963968904
32405365452
4001220923065
1005002323372669
33033660615
32943249828
1005002500440248
1005001315280802
1005001445020918
1005001566498959
32969185833
1005002304715447
1005001831459425
32862499532
1005002235697812
1005001620441188
4000080061512
1005001988389598
32998272964
1005001685076980
1005001521768045
1005001812943651
4000830768409
4001237492816
4000438258127
4000111989559
4001332573484
4000850866013
1005002264501791
32945592025
32946525342
1005002205714933
32859493205
1005001519855902
4000339690729
4000549158134
4000316953329
1005001913260003
1005002276683981
32899299967
1005002293827222
1005002311119070
330572764951005002315261172
32820605835
32817291911
32962841437
10000400072157
1005001626117665
32860383948
4000756163668
4001018990269
33016748467
4001038715793
4000648698434
32910330673
1005002310933845
33043367997
1005002192942779
32862880622
33036904806
4001297898523
1005001742305734
1005002315003660
32856759721
32950070386
1005001699262741
4000937943270
1005002253509486
33010015775
32832178395
1005002301266463
1005001793810269
32801056705
1005001860008139
4001069067380
1005002340476911
1005002435558817
1005001450847919
1005001774851410
4001308939653
32759703732
1005002334622711
32698509836
4000744364940
4000050353693
32858688859
1005001999308068
1005002356832711
32922267730
1005002345810370
4000034519571
1005001501182596
1005002482445566
32844190235
1005002339416839
1005001705501254
1005001913298313
4000595493606
1005001619521358
1005001454031935
1005002318846236
33027324494
1005002337800261
1005002206333521
1005001645801596
1005002283738263
4000926218465
1005001915719768
4000711317745
1005002035695643
1005002345774904
1246749452
1005002387751637
4001205959492
33034472785
1005002363332491
4000717718086
32985771343
32896376553
4001158387597
1005002262353183
1005001874866248
4000437591008
1005001860733721
32803916660
1005001511620547
33018681302
1005001952523619
32607062091
1005001973595048
1005002324069237
32860149302
32958394262
4000753495214
32246849847
1005001678205794
1005002305269722
1005002288838396
32945600532
4000923434463
1005001989518057
1005001499639720
4000791484979
32721171608
32424672068
32809088002
4001175267268
1005001608512490
1005002485529972
1005002240899607
32858529025
1005002388076547
4001297589496
4001315849240
1005002241664164
4000830247287
4000111767641
4000928247947
1005002055458701
1005001884864223
1005001562358027
1005002038102511
32976414326
1005002248874108
32847406023
4000470082100
33041908407
1005002387550567
1005002271425855
4000200500682
32535339773
33058200873
1005001838492208
4001224955102
1005001721888114
33019319288
1005001966366368
1005002363560134
1005001566973633
1005001698555623
32845504329
1005001873285240
4001077374069
1005001378132335
4000443043061
32955989703
32914392279
32858965453
32942900024
4000642847406
1005001671292608
4001116039913
32869443768
32824620822
1005002320797973
1005002293536659
1005001443247365
1005002419598114
1005002176580565
1005002398696553
1005002061818819
4000672862471
1005001966437883
1005001362601994
1005002298867280
4001301671360
1005001933733686
1005002402629834
32606546381
4001361123665
1495009196
4001062662552
32990613334
4000694066159
1005001439090453
1005002414422928
32976990111
1005002110185432
4001100098220
1005002435927705
1005001695531329
32911911989
1005002312550607
32841794776
4000760666766
1005002429752683
4001359575556
1005002347746389
1005002324967741
1005001695432536
1005001423994004
1005002400590050
1005001896996087
1005002116070056
4000514777299
4000873235936
33022105034
4000388083448
4000878929648
4000764167524
33010460114
1005001725409287
4001118284335
4000589665059
32467778882
32967990369
1005002454918016
32717073680
32731053240
4000187677723
32848951238
4000289162903
4001160697143
4001230952147
1005002322623978
33032469561
1005002119442970
1005002351176636
4000113725092
1005002167748483
32794413895
4001062725028
1005002246602307
1005002137845264
32820495308
4000223738589
4001276093449
1005002159819829
33058463823
1005002038428120
4001202773012
32890277512
32794624121
1005001694506956
4000192719448
1005002357259344
1005002344594297
1005002358701211
4000444251302
1005001518360677
1005001596911759
1005002285849570
1005001914079291
1005002117321188
4000348097622
1005001640472018
32978262834
32854528786
4000850926601
32589014040
4000430654043
4000967236074
1005002089930237
4001028273643
32792827439
32782920536
1005002213519177
1005002306546922
32896837894
1005002328705886
1005001531430743
33007685191
1005001779663974
32832340833
1005002483728825
4000168647873
32828656323
1005002490232261
1005001976051765
1005002325356938
32854217955
1005002245467237
1005002149263272
1005002404240161
4000292035343
4000864650032
1005002193536926
32627636538
32833006249
1005002413446011
1005002276653295
1005001808585823
1005002314480159
33024356887
1005002348037128
4001257169569
1005002439876004
1005001780130077
1005002271494792
1005002277410713
32982809725
1005002111301958
32883300136
4000227667948
1005002320877997
1005002272212513
1005002196571126
33011421036
1005001854794151
4001152918441
1005001651915692
33037021633
1005002244830235
33037779488
1005001429255619
1005002268156050
33006641028
32568674851
1005002229663854
1005002475624046
1005001900082121
4001270200943
1005002293821756
4000344838516
32661782587
4000027105975
10000397740568
32512521686
4001248288083
1005002418728122
1005001396919851
4000707267346
4001127301432
1005002332507983
1005001656943810
4001133671445
1005002383069635
32879197849
1005002122492583
4001284054060
1005002459067013
1005002441634457
32749564652
32820807616
1005002307861362
1005002396005309
1005001444336165
1005002433789591
4001138998411
1005002453377687
1005002058313254
4001306403810
4000820321201
32834987913
4001278452992
1005002459732018
32847206667
1005002315642616
1005002323255559
1005002282058363
32854614143
1005002333377823
1005001984613457
32414925466
1005001317727160
1005002302188840
4001164118001
4001286047624
1005002236376708
1005002388748529
32865918351
1005001718328197
33014834670
4000888096704
4000548453965
1005002276574542
1005002281928801
4000099095067
4000174304508
1005001768442702
1005002181168478
33013282820
4000684785666
4000989850036
1005001712877800
1005001596271906
1005002120015791
1005002046500039
1005001348818397
4001032132258
1005001332856817
1005001727995221
32806891665
1005002129281207
32579929960
32817562086
1005002139783310
1005002240692394
1936086797
1005002312344172
4000977249121
32902618220
32242652094
4001338182460
1005002190977391
1005001999112348
32763903575
1005002062926768
1005001972198653
32976770882
1005002269074032
1005001314286498
4000034970961
1005002313775744
4000898393131
32840097932
4000458474813
1005001718070187
1005002188087576
1005002169629937
1005001431286471
4000927052348
33011580314
4000300067248
4000901225443
32840312679
32902369911
1005002280796061
10000031953183
4001166106543
1005001880375271
1005002185890199
32719978832
4000036092992
1005001649552223
32920152769
1005001552413165
32650752238
1005002219824994
32949986932
1005002272802342
4001232241048
1005001443454889
1005001474114712
1005001654793873
1005002388495226
32903229693
32475855671
4000761250889
4000741212875
1005002286685220
4000083179752
1005002321508795
1005002393562217
535812913
2026079495
1005001365745937
1005001992453456
4000244492270
1005002004729642
4001028674820
33032650717
4000633989366
1005001355101048
1005002432585988
1005002475880220
4000096689423
33033010513
1005002322775861
1005002291592387
4001131093777
32874990544
1005002024743722
1005001699138541
1005002350855218
1005002277740539
1005001792881994
33013881371
1005002228990444
1005001380071487
1005001883449255
1005002467135151
4001302277488
4000369280486
1005001989331525
4000943149248
4000850645590
4001200465366
1005001864912527
33006418754
1005002269011356
1005001433117417
1005001609654968
1005002488654227
1005002362785345
32842046537
4001139191623
1005001814307704
32849487460
1005001980270166
1005001846374680
1005001315037645
1005002064950316
33056049265
1005002399774641
32701939729
32747545670
10000400070280
1005002362265945
4000573360728
1005001966246429
32550432267
32805526065
32533199984
1005002341154874
32917580464
32819461110
1005001874077661
1005002277309386
32706132494
4000296541274
32905145435
1005002319194631
1005002046250334
1005002277151903
1005002404709133
1005002029004179
1005002394884496
1005002362927538
1005001804677551
1005002431991164
32852353862
1005002294572087
32834206170
32963799480
4000052459591
32882302484
4001019320105
1005002315942164
1005002381588470
32793615137
1005001447318215
1005002266132001
32299620098
1005001804262934
1005002334530325
1005001525358721
32942010646
1005002328135842
32857078491
32834275309
32926217763
1005001439138581
1005001838239483
32915421837
1707705773
32822483654
32919359807
1005002480843950
1005002459874604
1005002279039567
32617645004
32958047696
1005002003584934
4000131625568
1005001830750737
1005002314238905
1005001845877059
32879152806
33062998856
1005002304124340
1005001885952472
1005002411930426
1005002326257232
4000064802867
1005002309944415
4000668531696
32368167370
32812952259
1005002337291775
1005002199240301
4000256372977
32885925152
1005002241084458
1005001459260554
32916338337
1005002304043519
1005001666300214
1005001680519708
4000160706827
1005002264475726
4000242200419
4001278920876
1005001867166977
32995249164
1005001515872638
1005002317690425
1005002340025225
4001350897708
4001145847343
32888239958
1005001887493810
1005002240790576
32971931863
1005002406626205
4000302960013
1005002278083215
32860915754
1005001332423004
1005001516889861
32269189020
1005002371802175
4001323484189
33002442892
32975612580
4001178730050
632588487
4001122569635
1005002239967950
32823868518
1005002011144047
32799203556
32837852719
32631881317
1005002071128217
32931546002
1005002460608032
1005001442044205
1005002317486242
1005002354297997
1005001853408452
1005001736551651
4000938669684
1005001859542639
1005002488873187
1005001400834097
4001326009776
32964386382
1005002264900363
1005001860825450
32649862596
4001146056995
1005002357592069
1005002198730541
32951165166
1005001941373978
1005002023490206
4001171976449
1005002376143384
4000801431483
4000253228008
32902036372
1005002367667324
1005002307386341
1005002307546097
33005396691
32898576998
1005001287910017
1005002231618334
32864554208
1005002128441580
1005002336788631
1005001967237160
1005001522202114
1005002351402136
1005002325426144
1005002448633250
1005002388983879
32955958826
1005002088790809
4001294222823
1005002449810375
33053540346
32846836545
32918204492
33051237629
32893715104
4000570264504
1005002050289252
1005001856625006
1005001309086542
4001046179847
1005002023984069
4000525333702
4001102795366
1005001783039249
4000537073306
4000473273832
1005002004938396
4000995218112
32989754494
32828092305
1005002297741190
32813019207
32962453948
33027235116
32898857011
4000996508497
1005002351144401
32920164642
1005001612696484
1005001855855445
1005001304230306
1005001670288747
4001236643021
4000156532654
1005002424317263
1005001844868704
1005001480370101
32570785750
4001266924632
4001174940958
1005001905674753
32943435954
1005002331786757
1005002474848050
4000278723396
1005002243354121
1005001274163883
1005002382868516
32904958037
1005001473991867
4001316774129
1005001899784020
1005001894388865
1005001787392272
1005002124421741
33030150574
4001050979807
1005002314433219
1005002387093248
32992390103
1005001878337842
32953917044
32791355679
4000067697006
4000839946167
4001195639838
1005002080646817
1005002268776127
4000058033041
1005001939288633
1005001864702109
1005001836814354
1005002448645281
1005002328129390
1005002286608738
4000141212420
32708531837
32820972255
4000443172918
4000674440489
1005001321309884
4000086806538
1005001805120974
1005001392870987
32888329744
32912438224
32810124579
33018951702
1005002400851836
1005001591316778
32959476257
32786710528
1005001695436207
1005002287844933
4000057001184
1005001710910803
1005001567461110
1005001686248070
4001265849620
4000204676432
32841305632
4000381516720
1005002433835937
4000627933867
32842003320
4001228599610
1005001332693516
1005002289168865
33010150172
4001139181627
4000959254837
1005002467376451
32375473127
1005001881126757
1005002353930569
4001255180088
1005002291772486
1005001525153148
4000278647196
2044364872
32811344493
4001249969068
4000094355897
1005002289485686
1005002372113417
32866893354
4000449446974
32820728308
32896434994
32939956885
1005002409250656
1005001845690883
4001193718988
1005002410879687
4001201199618
1005002278974634
4000554821089
1005002477028024
32834978385
1005001423494690
1005002059963129
1005001514427017
1005002127155156
4000595015437
4000539828961
1000005913466
499862654
1005002318910277
1005001843032453
32579273492
1005002252865332
1005002359029245
33002550975
32950175282
1005002393623373
1005001670882502
1005002329816560
1005002287575879
4001285525442
1005001424863767
32888273817
32790221354
1005002205021203
1005002346195259
1005002168025232
1005002275414947
33048754858
4000938894954
1005001298959883
1005001779814783
1005001918212145
1005002157375274
4001294096892
1005002352191324
1005002340010478
4001235819339
4001100830460
32856298821
4001095589414
1005002258360137
1005001980009779
33005433007
4000785138936
1005001465033941
4000506230679
1005002340539315
1005002382666954
1005002062992085
4000300561504
1005002048896745
1005001405604546
1005001977950242
1005001886235643
1005001605370192
1005001364882471
4000930921971
10000157052185
4001064852855
1005001611394135
1005002308514743
1005002322893467
4000112182869
4001120802418
32855213569
4000028082643
32948081271
1005002058070143
1005001738544858
1005002229007207
1005002293043658
1005001511370090
33063426407
33027089671
1005001402655682
1005002026953055
32886208807
1005002270890209
32848130107
1005002496184674
1005002021503733
1005002268906533
1005002004596153
1005001617066988
32769449633
4001011058067
4001145103124
4001264569424
4001125677770
1005001441383111
1005002490414345
32862083662
1005002388419123
1005001557017121
4001289612460
4001233809167
33009607689
32906956452
1005001709086324
1005002416984785
1005001464722886
32863072461
32982340358
1005001661245724
1005001860802724
32605191178
4001245095363
1005001686081638
4000780051868
1005002231243371
1005001364173175
1005001869649528
4001332238996
4000500007025
32740370978
4001301778101
32871851496
32897107079
1005001464914226
1005002305665676
4001103466473
33046427811
4001207564055
32999471323
1005001710025391
1005001616521145
1005002418984988
10000032365927
32879490158
33024694380
1005002285578766
33008920823
1005002220053836
1005001906243892
1484579580
4001339493186
1005002421579415
32770499441
32952632261
32577391912
1005001338895557
4000771411739
4001029779612
1005002389448231
33046128257
1005002376087838
1005002337182544
1005002284614638
32931677442
1005002377149564
32868871503
1005002086991428
1005002224576087
1005002359893093
4001090212356
1005002245582052
1005001826370067
4000960583689
32906902465
4000202005518
32992363479
32837595927
4000817969413
1000006983291
1005002235506789
32710563006
4000919402176
1005002414060452
1005002352286895
1005001598505805
1005001678314508
4000736768307
1005002140375514
1005002293104473
1005001939523374
1005002147794550
1005002324887033
1005002397782785
32966668567
1005002280979909
10000033595622
1005002495633673
4000264451285
1005002363256527
1005001334326744
1005002323247313
1005001332552177
32962606291
1005002228324516
1005001301517941
1005001453450270
1005002311493098
1005001543521659
4001274940202
33049738987
1005002297021476
1005002220973914
1005002484144070
4000046183706
1005002258535742
3287707212332828414193
1005002305959703
32804015360
1005002480672222
1005001965291625
32898389211
1005002340695029
1005002186981906
1005001526162623
1005002322491968
1005002051576025
1005001831053108
1005001495420581
4000868275244
1005002091674555
1005001694299229
1005001697805931
4000035773454
1005002334346474
1643788181
32880402902
4001230322843
1005002166123503
1005002288647280
32972262147
1005002259771773
32957378923
32819899007
1005001770060921
4000703410025
4000693259976
4000850499011
33022018844
1005002284215247
1005002032527109
1005002025031837
32859892112
4001094163393
1005001955201076
1005002442310729
4000665993198
32739099808
32958519577
4001010835350
1005001348995398
1005001302008396
1005002443054730
4000067383129
1005002245109833
1894424458
1005002487695051
4001130765170
4000763539396
1005001779409734
1005002345260420
1005001877400955
1005001766863820
1005002338253215
2044010803
1005001525296741
32917789583
4000641093173
1005001405411182
1005002263482718
1005002122321674
32861919574
1005001500633188
4001245505409
4001218064981
32848555339
1005002282370038
1005001586726473
4000269799912
4000929815787
1005001798429150
1005001959020037
32973102603
1005002311448284
4001254319607
4000782827316
1005001881905632
32848850684
32957097512
1005002096645050
32857733172
32985801108
32424285069
1005002001739547
1005002433556355
32882251568
1005002489845964
4000009185731
1005002133953274
32999383959
32883220032
1005002261470164
1005001738127180
1005002288057379
1005002439237454
1005001773801866
4001275729021
32839223197
1005002312038644
32946897617
32949312008
1005002265391456
32674096939
33058009010
1005002328645360
1005002040494961
1005002267629697
4000402049155
1005002100763223
1005001858303746
32631792914
32376934233
32892775964
4001018680762
32260442299
4001064209552
1005001943105034
32846732184
4000019128872
1005002092388984
1005002458921875
1005001986086908
1005001874445176
1005002248606665
4001112151611
1005001689067062
1005001541330288
32797614838
1005001915171742
32965658892
1005002198451183
32889750260
4000538826320
4001028659232
1005002474148414
1005002316721739
4001065673793
1005001880430553
1005001872537526
1005001722640800
32960931631
32968584930
1005002309836679
32909633023
1005002263992973
1005002299462996
4000837599569
1005002285566962
32845227790
1005002213202483
1005001615855157
4001228714395
1005002239820724
32909570683
1005001758376346
1005002313799143
1005002430252097
32754008070
32947762228
4000017071736
4001153344899
1005001568825559
1005001470375011
32317168213
1005002329445536
1005002285979737
1005002292800845
4001062122838
33058486472
4001294149924
33003773109
1005002454252301
32866462949
32983590160
1005002254894697
4001273320033
4000334361395
1005002316625225
32545970354
1005001863091356
1005001998776128
1005002370038962
1005002395846398
32726637017
32653603230
33036648909
1005002190330658
1005002322591377
1005002290838952
1005002143376017
4000630801561
1005001627556372
1005002415452057
1005001976983106
32922692589
33003363712
4000864486109
4001162072091
1005001588195366
32946824511
1005002500521266
4000041448006
1005001393088329
32960132833
32654703083
4000784729212
1005001969734540
1005002327863447
33006549659
1005002281571903
1005001981829264
1005001339194056
1005002369055732
4000781118402
4000265713772
32955143169
1005002324073382
4001041766381
1005001433370301
1005002375275898
4000294271965
1005002011961466
1005002277004754
1005001388663240
1005002191249069
1005001521564619
1005002470867156
1005001697638968
1005001900159907
1005001639294767
10000062069188
1005002019480949
1005001319961591
1005002082195776
1005002427903347
1005002182583116
4000672184520
1005001607582401
1005001581553826
1005002460820129
32797336040
4000548615714
33019141514
1005002306149126
32998157309
1005001937641420
1005001829610553
1005002459549209
1005002361588578
1005001698950208
1005002122416554
1005002393730654
1005002267478254
1005002329930614
4000189370966
1005001972010780
33057718471
1005001614909951
1005002288242922
1005002255748555
1005002388779501
33012974889
32986908995
4001296159512
1005002418465816
1005002351240349
32745411388
1005002334391816
1005002447818278
1737812554
4000142121774
32983592017
4000693776471
1005001572095601
1005002050565003
4001315889775
32989550726
1005002271870242
1005001392003758
32858155152
4000156497445
1005001902733032
4001250731011
1005002348381585
1005002104868655
1005002245824942
1005002117371545
1005002264503879
1005001465105116
1005001536730389
1005001933359604
1005002376591878
1005002006633213
1005001971769358
1005001807625062
1005001559674035
1005001995556786
1005002372118694
1005001709974801
33008531304
4000978964795
32869899850
1005002392820767
4000456047251
1005002310048833
1005001396937746
1005002233926340
33000541559
1005002260106834
33005141936
1005002329473747
4000153011241
32857295890
4000112325770
4000197848146
33004356334
1005001594665445
1005002397882841
1005001721380551
1005002291449462
32975580344
1005001343381510
1005002453039872
4000062558950
1005001758554653
1005001825243322
4001253753546
32965710897
1005002268819099
1984338216
1005001456018522
1005002359849041
32863859434
1005002264543493
1005002417495901
32821659778
1005002474334851
4000202406207
1005001934612792
1005002458257985
1005001869439985
1005002315375585
1005002078904386
1005002369999479
32980360606
1005002246302081
1005001393822071
1005002003871585
1005002341941975
1005002263474315
4001140120053
4001289154230
1005002298632483
4001144997272
33012462486
4001152264282
1005002373136264
10000031981441
1005002220933528
4000267868748
1005002473274498
32787043584
1005001597562766
32673562900
4000928599248
32953582899
1005002166140292
1005001930755394
1005001872940806
32724905415
32804346345
1005001326594583
33053931020
1005001593486436
4000383554603
1005001960720360
32385940195
4000780826124
1005002286403280
1005002442436414
1005002036117270
1005002334728997
32822151275
32810926372
32981134136
1005002110956273
1005002466951612
1005002375184691
1005001696135182
32891061904
4000868919759
32983185894
1005002049543395
32827672316
32911315678
1005001478734256
32988877894
32999965531
4000620361618
1005002223357525
4000458913667
32913108901
1005001637819594
1005002235333560
1005002239482465
4001240284629
1005002394111946
4001263538620
4001266563611
4000740784452
32980674844
4001053614636
4001313590929
32648866223
1005002392927850
1005001582614346
4000863879309
32961154728
1005001679147663
32565640545
32934575676
4001248139705
32984210728
1005001332575231
1005002066284170
4001238192273
4000232864696
32948728421
32912511618
4001183804013
4001258982837
1005002467048450
1005002297289290
32808197725
4000425021237
1005002298471840
32770697470
4000870412049
1005002498168919
1005002184609516
32309449549
32904070815
4000253166794
1005001344842532
1005001882647863
4000117296665
1005002182324417
1005002411827805
1005001836701838
4001130996430
1005002313750174
1005002215509498
1005002357790302
4000098232967
32906605389
1005002436090044
1005001689628432
32817775549
1005001425363322
4000430405088
32881019517
1005002401566609
1005001329984865
2021600721
32997211209
1005002341880762
1730592129
1005001779942046
4000252731932
1005002130147370
32832177331
33006572208
1005002367688287
32964965616
1005001561512378
4001076282863
33039063895
4000788289304
1005001486691202
1005002380585626
1005001726502565
4000282322118
1005001973258016
4001000536427
1005002052489814
1005002011564605
4001349876616
4000344683701
1005001423813808
4000120525791
32841405174
1005002395091983
1005002324104432
1005002165122961
1005001807918101
1005001745366328
32847366789
1005001688693377
1005001845624495
4001364074424
4001089639987
1005002224402135
1005002239230335
1005002453872257
4000574429756
1005002316521947
32867832982
4001162938772
1005001983612642
4001162073866
4001223057484
1005002314327022
1005002276956560
4001227635387
1005002044171210
1005002281353503
1005002126343281
1005002460373707
1005002495289271
1005002210481373
1005001518193201
1005002406022756
1005001993077207
1005001551125350
33046769786
1005002405644349
4001111881825
1005001848807410
1005002254698250
10000025710529
32862379761
1005002090947884
1005001396990934
1005002276043906
1005002292359673
1005002205029985
32814471525
1005001808381040
1005001963702355
1005001313567006
32978904650
32918752993
33013710535
1005002339605405
1005002352215423
1005002144009912
1005002363253330
1005002397704917
1005001644664549
1005001743129771
1005002229537671
1005002258674625
1005001525439511
1005002392716945
10000281296660
1005002459117020
1005002450577395
4001019476104
4000113147789
1005001385847680
33024353557
4001093521870
1005001955174062
1005001626999661
32813901937
1005001997327223
4001232158895
1005002308657748
32352577885
1005002406728144
4000668145770
1005002342985533
4000445428594
32921705948
1005002229566363
1005002274823419
4000981480670
32909843307
32841190183
1005002299486769
32570316957
1005002481273142
1005002277657359
4000166287406
32855083540
1005002253255737
4001158208040
32835017698
4000037849292
1005002354403762
1005002134070078
1005002042068836
1005002226444433
10000205193244
1005002468447197
4001059302900
4000132673716
4000763841506
1005001913635177
33009136327
4000549366325
32894873204
1005001408112678
1005002359700985
1005001893948779
1005002351655706
4001340136208
1005002413686611
32975984019
1005002282444293
1005002387524146
4000505351219
1005002197896113
32642569103
1005001639009008
4000748200366
1005002167178464
4000639840997
32986425933
1005001631238302
1005001335774053
1005001993813491
4000777530628
4000203442501
4001272189068
32863835624
1005002000250527
1005001918790751
1005002049246902
4001213860313
32764342696
10000154237198
1005002322245361
32987342619
1005001856642359
4001248162889
4001334652841
1005002310109225
32976319050
32856236742
1005001930865619
4001241092511
1005001696021672
33004026450
33020151092
1005002485126711
1005002258663690
1005002319276160
1005001665913053
32577139564
32727528566
4001225255452
4000849480299
32873844672
1005002278752820
1233597740
4000693024070
1005002357095890
1005002271268694
4000776459153
32614742263
1005001847390771
4000118739640
4000478459990
32504199795
1005001933467010
4000318218675
4001022464456
4000777487284
1005001615421005
1005002038407644
33009943032
4000177676025
32826910494
1005001727721084
4000054130509
4000434028234
4001327433254
4001067952588
1005001636163734
32540990226
1005001268796071
4000386883194
33015151926
1005002305876053
1005001970136803
32864874097
4000529143950
32964273450
1005002373526457
1005002051831201
1005001976995381
4000960782510
1005002324729957
4001013983990
1005002262995761
1005002243817066
4000180373620
33016606802
4000594481557
1005002323610393
1005002388163339
4000773111908
1005002304951776
4001231755780
32960662283
1005001429220861
4000026263272
1005001305342437
1005001843412484
1005001380574724
33040981887
1005001618165702
1005001688562793
32901238007
4001206018161
32948230691
1005001360033538
4000967975362
4001128347898
1005002348263363
32679471369
1005001867248650
32280724477
1005002440205525
1005002453658267
1005001594629516
1005002272047064
1005001369175238
32880100511
1005002290532787
32852048082
1005002303914906
1005002281129739
1005002351711297
4001082468247
4001267395084
32645657501
4000307560669
1005002418313268
1005002357068574
1005001656580619
4000206732994
4000168853529
1005001930964057
1005001816620560
32925719347
1005001977085594
33010480752
1005001813644722
32888545931
1005002033651969
1005001458569413
1005002251986538
1005002351452224
1005001552351649
1005001609592835
32238676275
1005001504801406
33036906942
32815308758
4000805693682
33000512506
1005002276649050
4001085909017
4000991339695
4001233615191
1005001855882999
1005002332156396
33024580813
1005002314374876
32651135707
32926490559
4000088085502
1005002314178075
1005001425413536
1005002280679170
32860075222
1005001299967778
1005002110656289
4000442605764
1005002319701385
1005002254441209
1005001830363278
32951789614
4001207403014
32862712515
1005002400392267
33007368972
4001213737177
32330161335
10000326983380
10000186964090
4000242508480
32296534583
1005001604624881
1005002290168050
4000038966227
4000095611676
4000838170698
1005002024224445
4000913712925
32727871924
1005001988541706
33006899219
32607001084
1005001770237262
1005002362161256
32998184353
32983034166
32917360955
32570316551
1005002366188875
32660513734
32969250368
1005001681844128
1005002247792243
32589239748
1005002407789441
4000096937450
4001238592849
1005002354876510
4000015363480
1005001922081279
1005001560270485
33002556454
4001319896427
1005001798709303
4000849853348
1005001896132359
1005002243880818
1005001750024085
1005001456173105
1005002001363890
4000225210932
1005002400547516
1005002305804726
1005002229410021
4000111144591
1005002019080208
10000330686972
32993357974
32465407348
1005002490612629
4001003285959
1005002091573988
1005001817443312
4000940914324
1005001441357147
4000465979457
1005001603781237
1005002315970065
1005002321002610
1005002079761871
1005001844589619
1005002392996332
1005001678384242
1005002322474262
4001039361979
32988830690
1005001942884947
1005002089868385
1005002340209854
1005002414378172
1005002387346595
1005002238026522
4000800738302
4001257558233
1005002122389204
32986276591
1005002312519348
4000309329613
4001268048154
4000189806764
32831036128
4000915594567
1005002001953982
32914124563
4000661110550
1005001653045989
4000704727380
33000675077
4000725751556
1005002431454636
33010136796
1005002345746270
1005002223205165
32703167837
4001230426781
1005002074659147
32832048431
32849203238
4000806418222
32752969759
1005002284171522
32836756542
1005001763030145
4000338256070
4001002029171
1005001630761447
32569975654
32946543779
1005002316993492
1005002459337614
1005002275411854
1005001606796680
4001292515077
1005002452777666
1005002375110147
1005001934452921
1005001457723253
1005001464930634
4000350009103
1005001290244449
1005002125503439
4001030803653
33031982619
4001159850691
4000898675805
4000601826699
10000031099527
4000352882504
32793896240
32920883352
1005002240428545
1005001338596829
1005002427174492
4000168750061
32860475044
4000460376776
1005001640187911
1005001797311355
1005001489886447
1005002231725612
4001157071623
1005001588144959
4001192311816
1005002381795203
4001294530005
4000709475648
1005001326666681
4001161445873
1005001956742272
1005001779903382
4001057337800
1005002114654449
4001290337033
1005002397731090
1005002421557722
4001190143191
32878045535
1005002239765970
33002050227
4001186063984
1005002162462963
1005002337350543
1005001789983148
32910003287
4000910477006
1005001741865717
4000966164886
1005002376562720
1005002363230001
4000359746887
4000985339306
1005001780721288
1005001976675279
1005001908653561
1005001786011755
1005001652247903
1005001394135648
1005002384761281
1005002328747596
1005002334134490
4000515110026
1005002317709975
1005001864043491
32922450638
32901872651
33020818234
33011324508
1005002311570214
10000131132145
4001209923539
32507865174
10000310543138
1005001710586340
1005002234804494
4000118086111
1005002453473599
4000730402458
4001217596434
1005001349632845
1005002054436379
1005002286024305
100500246530685433036595869
1005002333571164
1005001285120119
32909177506
1005002247003160
32916889186
32976065562
1005002287655246
4001205285202
1005002246277324
1005002295117460
1005002368543890
33054824338
4000444540384
4001359903576
1005001671660959
32820118249
1005001729315882
1005002351354438
1005002167885543
33053560675
1005002284590229
4000963730406
4001138992797
1005001875227085
1005002414213068
4001048758436
1005002129605529
4000991966459
1005002211990075
32880356546
1005002464886810
1005002313961779
4001257470672
4000561740940
1005002412963512
32824014816
32789994070
1005001870446024
32980764801
4000972229910
4000938079362
1005002485758387
1005001374444346
1005002168089090
1000007457265
32900044321
4001009749201
33058561534
4001093203776
1005002434064557
4000086924646
1005002296414331
1005002406066882
33010469791
4001116238046
1005001696008243
1005002364068487
32800919455
1419248981
1005001780906446
4001136199397
1005001604596144
1005001894799228
4000274617392
1005002438463362
32841691532
1005001351130850
1005002307120540
32976302292
1005002220075994
1005001626740710
1005002205677827
4000558182514
4000368972405
32978829848
32992712665
32996354111
1005001309161380
1005002307118490
1005002283292063
1005001863343886
32779772348
1005001972800930
1005002254372502
1005002488051779
1005001921012794
1005002316016835
1005001650595468
32978695630
1005001439104678
1005001859118256
32911208574
1005002120230872
4000607101168
32867427388
1005002464761604
4001131750506
1005001452770541
1005002026767651
1005001966642039
1005001287186237
4001347305810
1005002110108582
4000706470897
32979517068
1005002258507832
4001160460370
4001208783650
32902329198
33014996624
4000935538353
1005002362223436
1005002491878583
1005002011068237
1005001295575752
1005002240341900
1005001531502978
4001256819884
32837383994
1005002289444805
4000101737959
32538032064
33051351177
1005002245831982
1005002176302396
1005001565443692
1005001393208059
1005002168196281
1005002500286437
32850984246
32917230599
1005001862855443
1005001693286228
1005001602126637
4000671114798
32984478312
4000316017267
32816503857
32389907834
1005001406688367
4001322261423
32792649155
1005001977502719
4000058648768
1005001441371305
4000078629883
4000210244965
1005001883431003
1005002293924905
1005001681757304
1005002262293782
1005002044379983
4001064471519
1005001877309915
4001250880765
32990505885
1005001380126462
1000007381255
1005001739822072
1005001891356365
4001235732377
4000907532969
4000032456547
10000058523400
1005002393550041
32977774021
1005001984317923
1005002468081899
32966157709
1005002234521197
4000166201381
4001279593463
33042581950
1005001631024922
32721289608
32841634899
1005001396990214
1005002192602636
1005002360304284
1005001334807527
32861490301
1005002233298229
1005002244775484
32973992353
4000321664251
4000663967304
1005002219384679
1005001475523262
32918455305
4001235776381
4000208220456
1005002284730330
1005002301277714
1005002133515142
1005001907340946
1005002386007665
4001125428425
4000904782807
32326401419
32972580830
4001217457889
32958079293
1005002305207067
4000532079778
1005002454073510
1005001942137051
32926217161
1005001824731246
1005001868570063
4000293924211
1005002006468341
32818361138
1005001569134764
32967365922
1005001949418513
1005001699236581
1005002356943215
1005002425935192
4000005604055
4001264023061
1005002348063120
1005002500526005
1005001498836047
1005002148201188
4001125875706
1005001537573716
1005002420958408
32790184896
4001218856676
4001360631419
1005001669720656
1005002281821669
4000282381672
1005001644709387
1005001536822183
1005001438842883
33048042595
1005002246004818
1005002435368583
32938832364
1005002424734228
32843439171
4000411309386
32963719461
1005002408885416
32987364526
33020859984
1005002466100629
32978713996
4000734520250
1005001608219304
32995140954
4000585781991
33046897807
32791470141
1005001908039679
1005001397386179
1005001333788900
32715845174
1005001799366631
1005001500224487
4000538373911
4000666857462
32908600277
1005002350799645
4001264067428
1005002233327645
4000933159029
1005002272899495
1005002395011466
10000300445989
1005001769999947
1005002192087862
1005002167671979
33029516940
1005002489805030
1005002392658060
1005002314871969
1005002312672642
1005002129933074
1005002314035205
1005001510987210
1005002393066087
32859767855
1005001774335576
4000067305911
32885853353
1005001882382322
1005002309462643
4001014441384
4000902703464
32855474717
1005002008165959
32973774857
1005001760382445
32815449982
1005001501132455
1005001594586708
1005001671196821
4000335585233
32818963207
1005002109628681
1005002381414904
1005002389524979
33032506086
32973517125
1005002427083416
4000990562292
4000864933574
1005001530047768
1005001817842360
10000415963376
1005001469409898
1005001590710754
4000545333406
1005002247661197
4000069365284
32948663861
1005001604170877
1005001970706080
1005001844677788
1005002314308942
793038612
1005001598767663
1005002122521098
1005002341382173
32905244069
1005002273654751
4000386639307
1005001882896889
4000742050317
4000395344300
1005002414099584
4000155079415
32837710955
4001346407907
1005002091836494
4000828954039
1005002313837564
32598321054
1829928599
1005001586264897
1005002371697313
1005002130025166
32932771830
1005002288762454
1005002463783548
4000883556632
32902685831
32831049307
1005002252531956
1005001319556063
1005002001543827
32880655608
32996446960
32574111165
1005001987568858
1005001696032122
1005001986695719
32717318549
4001366116035
1222804337
4000934793980
33059811765
1005002087973586
32961842135
1005002060984516
32910545494
1005002482121472
1005001350207450
33028493685
4001042020588
1005002269659567
1005002304850876
1005001417168069
32340755337
32962366183
32807105891
32845942086
1005001433502415
1005001847301503
32239129058
1005002297326156
32711288131
33042585810
1005002427874284
1459668645
20000004505370
1005001989826370
32965825797
32985660870
1005001908837211
32978820888
4001252552439
1005002061377043
4001275610372
1005001491413745
1005002320890992
32953837182
32952336120
4000959676806
1005002477491438
1005002350528628
1005001906711646
32653527983
1005002126741335
32915953066
10000330882277
1005002244765773
1005002316573813
32786911147
1005002295588140
1005001965620506
4000355241874
1005001858331778
1005002278036105
32879369278
32857493716
32461705807
1005002419258418
33030763226
1005002322444701
32428250835
4000188672438
32838340842
4000773068640
4000173926270
1005001559323628
4001038840213
4000685191660
33047964467
1005001481852030
4000448868829
4000988286678
32950601503
1005001389764020
32974155249
32956988078
4000833420792
1005002319303581
32843829469
1005002460470169
1005002071853440
1005002339471376
1005002423745205
4000415366381
1005001694689434
1005002289033432
1005002132297789
1005002298898866
1005001430732975
4001270994578
4000630260356
33021902052
1005002085505357
1005002318917667
1005002316211535
1005001796617978
1005002046994645
1005002291633057
1000004745118
32638758224
1005001861472468
32828541200
1005002313713789
1005002345065061
4001143503465
1005002490394907
1005002418970660
1005002430808416
1005002244002221
1005002319268353
4000484213283
1005002439041483
1005002219379116
32577943823
32821735002
4001193338055
1005001279584362
1005001913549048
32797106105
1005001873652975
1005002014329770
1005001671367578
1005001528937538
32950760250
1005002400022676
4001075185948
4001021242005
32954854349
1005002029156339
1005002306675296
32847038375
1005001610091479
32888389902
1005002347108258
1005002457344121
1005001640528058
1005002425328524
10000205558069
4000987384737
1005001434306180
1005001863329853
32998843676
1005002428983211
1005002352212923
33041478874
1005001933812733
4000042306357
1005002107122707
1005002467444510
1005002078840723
1005001828888829
4000314077429
33010673258
1005002289473706
1005002260430135
1005002426407533
4001334396181
1005002210497429
4001286287404
1005001901872481
33008859450
32979597835
1005001365200961
1005001640661300
4000844544593
1005002401313110
1005001991870652
1752797170
32750702005
4000003620959
1005002233467562
1005002277877258
4000062165851
1005002245230381
1005001350105280
4001345992675
1005001992238658
1005002266472861
4000458601017
32954154659
1005001659100095
1005002457846374
4001055357113
1005002338114508
1005001371432038
4000185368060
32855653559
1005002049830189
32393387256
4001262158188
4000917488268
33035831560
1005002304227231
1005002344724014
32926056062
4000095868531
1000001546843
32964278921
4000894775509
1005002245395257
1005002448897548
1005002132469075
4000349944885
1005002405250982
32962043034
32980473931
32916010510
1005001606410419
1659019167
4001153843594
1005002037280162
1005002301719334
4000138484343
4000810470591
4001347167741
1005002112061963
4001160683782
32965128597
4001230409231
32995586090
32978761951
1005001527437312
32829730277
1005001625198475
4000205356581
4000717205924
1005001338002085
4000654416613
1005001621978643
33001262921
1005001604255772
1005002398788347
4001114434611
1005002443064928
33034773272
33016940035
33010335199
4001314396820
4000693563830
1005002119340554
4000049257728
1005001847990231
1005002388451027
1005002177717060
1005001855091487
32856710371
1005002101343130
4000927486720
1005001391684764
4001054542313
32903881641
1005001722596760
32459371278
33009515754
4001359882149
4000433312145
1005002490716872
1005002229245128
1005001798885701
32957216183
32680606751
4001167348491
1005002311391575
1005002288821496
1005001355556828
4001201388586
32973993337
4001244325100
10000293143199
32960560673
32998682382
1005002457027276
33024268182
4001223566873
1005002354445804
32829567174
32850430815
1005001935937209
1005002352167082
1005001298828914
1005002376243458
4000808259498
4000862739824
1005002287315561
32904143432
32983335253
1005002339505247
10000395856066
32617643629
32846959130
32866034127
1005002381017902
32872485908
1005002383963261
1005002284070509
32962961021
32976067784
4000207143795
1005001705216041
32944522414
1005001836363275
1005001694320252
4001230356924
1005002242487471
32948908544
33044972817
33029551124
1005001286692074
32948652958
1005002311741937
33008244865
32699721801
4001134635578
4000038838394
1005002484908571
1005002148019882
1005001704405053
1005002051171715
1005002412191618
4000337985020
33010281166
32904429679
1005002315373250
32870418014
32850733360
1005002398265854
32982293934
4000392095231
4001117560750
33026400338
1005001267120134
1005002337396150
1005002307071533
1005001965059876
1005002443831163
4001272019022
4001233949680
1005002263899942
1005002422134489
33041636691
1005002329862660
32978314404
4000118371287
1005002387470509
4000365570187
32883929983
1005002344998289
4000359797162
1005001861711366
32766426674
4001195521122
1005002404459870
1005001972727514
4001143080526
1005002267922450
32998088082
33005739955
32957501261
32353625402
32908284380
1005002205058392
32951228677
32618663033
4000784882282
32844438443
32926177159
4000662700096
1005001785558069
4001198398051
32957092444
1005002109950578
32869256659
1005001565246749
4001156746535
32962704525
1005002315431090
1005002246621191
1005001731212371
1005001685537345
33028892255
4000850634734
4000940764305
1005002286654619
32906550016
1005001893168818
1005002115157921
1005002247410971
4000635757334
33052419040
4001105085839
1005001475751981
33008973080
1005002301066288
4000704140403
4000805188014
4000517489971
1005001798821174
4000941294420
1005002314308464
32959539586
1005002412853263
4000516295776
32972429576
32995836932
32834117834
1005002368933661
32778003321
32995162662
1005002207166673
4000018105743
32827440303
4000493397013
1005002350201574
32967033372
1005001581683370
1005002310372475
1005002407732324
32913054298
1005002328005847
1005002332118462
32820889127
1005002293944488
4001127196505
4000009090828
1005001608073212
33004709981
1005002353753657
1005001953545331
1005001648732304
1005001430056401
1005002488163339
1005002115128199
1005002333879846
1005002467529309
1005001799468263
4000777627134
32878156447
1005002373789938
1005001867797080
1005002303985971
4000029002348
4000690924800
32789673814
1005002477808210
1005001678687125
4000597311562
1005002094398777
4000186066270
4000959236523
1005002321852798
10000055679690
1005002490417625
1005001943540215
32968366249
1005001930772732
32961462637
1005001453736649
1005002477643149
32561573426
32852918760
1005002239413543
1005002341735020
32968345553
1005001984430931
32797825897
32842220761
32864583924
4001264267941
1005001645637051
1005001991984052
4000953663153
32880704641
4001188554793
33019763697
1005002231254711
1005001980163499
4000833547863
32951922353
1005002431999959
4000236163191
1005002487762632
1005002207911934
1005001285860465
1005002359785415
32993492610
4000986186232
1005002466961601
32789506641
4001223867992
1005001803609637
10000161538692
1005002401689374
1005001500637639
32953795750
33010136222
4000013102979
4000696187709
1005002391122025
1005001952991893
1005001534017229
1005002482349420
4000966072192
4000008138980
10000351707988
1005002489106253
1005001639236677
32954767447
4000310940211
1005002342429273
1005001461959223
32813424891
1005002351334635
4001322112573
33010720708
32819629164
1005002360205683
4000035749098
1005002064124496
1005001580301534
32889322148
32914056685
32855721825
32980387050
1005002366347265
32918317924
33056477165
1005002219993222
1005002128234507
32814513359
32751195732
32883911444
1005001556345669
32353842416
1005002314395012
1005002443467670
32842931580
1005002269050587
32638944578
32890356443
32899898807
1005002312595069
1005001602783027
4000933624421
1005002357557631
1005001894594147
1005002286229432
1005002314450885
33007656446
1005002382523629
1005002334082690
4001281785031
1005002494445139
4000969399355
1005002157537824
1005001351069974
1455107429
1005002281898466
4000991521185
33055496567
1005002398982255
33035337036
4000694640243
4000265045041
32950058801
1005001680684148
4001171009688
32781223742
1005002270946555
32789389562
1005002358701242
1005001270123045
32970235712
1005002247461452
1005002206089511
33049204803
4000837998202
32857480353
1005002311700534
4000853879912
33003543475
1005002019126072
1005002356541306
4000371188766
1005001426188731
1005002084890719
1005002426624847
1005001525669487
1005001682354335
1005002467978993
1005002393788110
1005002049772219
1005002350421422
1005001474155892
4000199811447
4001162152138
32983177709
32787115854
4000751040459
1005001464373944
32836836459
1005002003900298
4000509899852
32873008839
1005001506066213
32965776088
1005002446310341
32906539729
4000088949317
33012329499
1005001641263729
4000473748909
32759118396
32831293767
4001146062234
32869737515
33005451338
4000219520066
1005001841740322
1005002313754377
1005001694280535
1005002035856019
1005002341756530
1005002259520366
1005002394008294
1005001457666485
1005001700772928
4001270397337
4001155488724
32966959829
1005002253735845
4000584354434
1005002307663032
1000006957733
1005002490072579
32828301985
32830350274
10050024258451584000583764091
1005002436704379
4000174126150
1005001868621093
33051831014
1005002482081895
1005001297485988
4000956281073
1005001278398259
4000599177699
1005001493212819
32755034096
4001268022691
1005001454045710
32738181812
1005001346950813
33030022042
1005001560786370
4001110320953
1005002070362418
32862758313
1005002166049790
1005001850771594
1005002246596096
4001269648357
1005002248678986
4001230773664
1005001495575867
32954984182
32961580144
32993749928
32959797121
33007383675
1005002273690765
32848667503
1005002219400074
4000897859445
1005002484040954
1005002068242336
32955284941
1005002383904825
1005001399777537
4001217729223
1005002113394222
1005001685872290
1005001270183575
32668568313
1005001442928013
4000849496399
1000008613225
1005001985862426
4000866708197
1005002283161972
32982789190
32945630105
1005002353008289
4000857291688
1005002328816999
1005002436107996
4000593873450
1005002108369593
1005001644165172
1005001922066777
4001222034445
32804591080
4000931421783
1005002400631752
32851006515
1005001475253106
32912531397
32613460775
1005002315544863
32980189767
1005002043090880
32578217089
4000183278442
1005002375487532
1005001928049027
4000868741710
1005002300836181
1005001803157434
1005002111610735
32977238057
1005002477317580
1005002441722474
32808159254
1005001304977023
1005002246078365
32845618093
1005001516918922
1005002260819845
1005001704291813
32869935415
1005001845492743
1005002239122694
32671857646
4000979825173
1005002266631229
4001043386329
4001349135861
1005002262637039
1005002004754732
32999539334
1005002222227391
32868477714
1005001495819166
1005001877296636
32933338960
1005001982112316
33001573406
32965961456
1005002491637477
1005002480861599
4000987250802
32949968962
32788419878
4000489435619
32997508221
32921586121
32956351151
32874645751
1005002495622740
1005001591987872
32837417961
32647067479
1005002454051614
32839601323
4001227864330
1005002245244447
1005002281954155
1005001503256533
1005002382752141
33002703647
32837078887
1005002076225610
1005001963027817
1005002095646246
1005002346078990
4000190547758
1005002358425619
1005001670966404
32689283211
32541848830
1005002192262724
1000006068581
4001241627051
4001115938096
32657945980
32870357437
32847404730
4000072335068
1005002113280453
4001245383251
32522579062
32720980721
32826613939
4000251907727
4001134745631
1005002015204377
32974239112
4001305439193
1005001622098719
1005002460908599
33038062565
1005002371483689
32979703718
1005002460459500
32888666317
10000142986662
1005002487084100
1005002210461879
32949447426
1005002090702944
1005001918324183
1005001553247138
32810113430
1005001444658705
32954530636
1005001529017333
1005002371548035
1005002327353731
32245127489
4000979788431
32975410628
4000269862105
32811086925
1005002492383312
4000212793783
1005002294105312
1005002163028410
4000677408141
1005002354193571
32657952042
4000563091145
1005002367645773
1005002305602374
4000576687200
1005002323357386
4001215108751
1005001888966493
32616925422
32797996090
32822261132
4000614520404
1005002272246661
1005002323278788
1005002055796362
1005002382874033
1005002448789901
32746404534
1005002482350837
1005001895486922
32857430102
4001037732858
1005001287857790
1005001564769837
1005002443193024
33061418713
1005002313965706
1005002385101674
1005002125024809
1005001879906299
32855118006
1005001839487712
1005002129416604
32979047285
33020493926
32959831817
1005001645183023
32855970028
32876209732
1005002052301024
1005002245382313
4000784843985
1005001769424684
4001224612995
1005002430322356
1005002254973158
1005002390864602
32952673807
1005001666604915
32820639070
4000773684855
1005002337160024
1005001700987606
1005002351760742
33063615168
1005002110452278
4000104471761
4000666589025
32913287661
1005002433794256
4001286574547
1005001949917439
1005002417053742
4001230324771
2030617911
677506307
1005002286486255
1005002433725822
1005001314490396
1005001441473396
1005001926711984
4001280931822
4000784082838
1005001469438902
1005002256222722
32996635048
1005001868591305
1005002310428416
32810096286
32862639133
33022652327
1005002175815401
4001127940322
1005001572332229
4000744380165
32917980978
1005001688714263
1005002108655329
32885135735
4001193688226
4000857599835
1005002389246625
32948205869
1005001885687402
1005001567344359
4000751197682
4001092408026
33013339261
1005001349579974
1005002207719171
4000083585066
1005002346829213
1005001562703503
1005001780393642
1005002406782514
32973519316
1005001856826493
1005002094146051
1005001898918835
4000061060043
4001227752766
1005002389370973
1005002314370828
1005002346010119
1005002231792538
1005002485357792
1005001430641719
1005002361346620
1005001555309035
32795003588
32991265333
1005001525767512
1005001996673920
1005001731459237
32923603403
4001302439747
1005002337666676
32981479195
32444443523
1005002350130519
4001277766598
4001270837917
32856937583
33037492928
1005001670777721
4000031997866
4001265056356
4001249445084
1005001881240277
33008328487
4000526001506
1005002039246192
1005002008515332
33003769226
763708662
32598898165
32770969127
1005002359313632
1005002247766104
32734434847
4000816376184
1005002408371878
1005002246125161
1005002167940620
32885027443
1005002330382964
1005002301427354
1005001966431444
1005002245684593
4001070616429
4000320702309
1005001452982996
1005002337326158
33037785374
4001223506280
4000967916363
1005001664505026
32840044614
32976538644
32838944623
1005001743060745
4000327125517
32950006448
32957844337
1005001388311533
1005001889178042
33039213780
1005002316497859
33062771599
4000707284970
1005001483603194
1005001965492101
1560378486
1005002113160560
1005002344907872
1005001731578043
1005002300997335
32969612458
1005001567746457
4001214505413
32977338498
32862779674
4001202078165
32975569015
4000588384153
4000580297813
4001009024985
1005001741628747
1005002454357712
1005002260810434
1005001615964865
32959280642
1005002483575169
1005001648045908
1005001286799445
32857843604
4001187147457
32967913958
32786157846
4000193973716
10000039218956
1005002467563888
32885476908
1005002337204496
4000463849066
1005002369751118
1005001736086713
4000842672529
32922338897
4001334454008
1005001530483550
32959863796
32353550693
32437602137
32975595477
1005001775365753
1005001504785982
1005002304631002
32605560608
32951665238
32606296155
32954765547
1005002289601763
1005002218145589
2037923185
1005002328247134
33006998406
32846662256
4000912538220
1005001474149078
32666465996
32760339459
1005002277221025
4001080132470
1005002333713941
1005001918185398
1979774352
4000785447355
4001042292033
4000294892407
1005002352619280
1005002338558362
4001218044418
1005002275684241
1005002313900169
1005002014616018
1005002340035397
4001225052914
32825159303
1005002011674119
4000112372954
32615809056
4000761488503
32989847207
32949390568
4000332963895
1005002332643263
1005002316705046
1005002080930686
4001276895604
4001278538894
4000595573895
1005001783270801
1005001707530971
4001170596909
1005002137525058
1005002315363214
1005001833515763
32574479695
1005002399531795
4001016106823
1005002278742573
1005001730550868
32852501529
32922286539
1005002238205358
32270640462
1005001738835023
1005002425390807
4000751457152
1005002317936913
1005002418236952
32950432342
1005002407989643
4001012022453
32847258565
1005002323862214
1005002433428676
1005002072356262
32857287184
33001210189
4000466439848
1005001729340394
1005002364900408
32872647929
4001197168650
32896733771
1005001705511652
32834248619
1005002390639818
4001307203803
32623737175
1766322633
32635326462
4000278641227
1005002437157760
32976346322
1005002259872367
1005002414006208
32720670792
32963627433
1005002105771378
1005001266486524
1005001854248719
4000842241462
1005002412931386
1005001335256154
4000511757740
1005001977501265
1005002383685841
1322946530
32287250948
1005001423059106
4000102206076
1005001840175646
1005002458208318
1005002389612493
1005002368287945
4000607045850
32961816055
4001318118210
1005002254062611
1005002443706195
32918896097
32823025994
1005002378895451
4000848833745
4001265205606
4000919283752
1005002317918493
32897129651
4000021744447
4000927089150
32861633162
32858460585
1005001950231476
32913826426
32840084018
1005002205145647
1005002357387271
32851733996
32818630628
1005002121379606
1005001980121685
1005002387670401
33009043204
1005002321830292
1005002314259890
32309916994
1005001591481048
1005002011386337
1005001567298701
33016743543
32534260334
4000537709076
1005001671781669
1005002255466960
32915074465
1005001697556892
1005001809528098
1005002439875792
32916804309
1005001304947387
1005001632374973
1005001561459337
4000931919713
1005001701673167
4001241597099
1005002081667154
1005002477498542
1005002342954255
4000469701563
1005002314117002
4000498071555
32889658622
32827568015
4000777517822
1005002447166459
33005739084
1005002471136378
1005001518313485
32916376363
1005001473997685
4000324483660
1005002398451288
4000706137391
4000943091131
1005001447203563
1005002336953810
4001103305173
1005002454338578
1005002453119755
1005002492858666
1005001657195138
32842785494
4000472231911
1000005533130
1005002116735342
1005002458453749
32956662270
4001162001118
1005002469596489
4000539836095
4000628911752
32980208299
4000675174688
32964461039
1005001744844410
1005001675405129
32868662905
4000025368566
32412640395
4000973267487
32990375557
1005002315596505
32869221792
4001230704442
1005002237915689
1005001633323676
1005002466996586
1005001479153323
32526672049
1005002454751653
1005002311448343
1005001705247250
32812415232
32681689559
1005001930709727
1005002134894484
1005002400312544
32653527499
32809027145
4000666157184
1005002149310355
32626811795
1005002397781708
1005002489663571
32749442889
4000023660621
32729483108
1005002435115418
1005001812769025
4000960241856
1005002334067609
4000621139172
4000349159033
1005002419048282
4000700009546
1005001686139346
4000583201029
4000819318318
4000754354349
2047057494
33015757334
4001312832414
32974708890
32931061233
4001203941269
32476421264
4000344474816
1005001798252511
1005001405515411
1005001483377769
4000341258367
1005001545144721
1005002126406099
32947140481
4001128221333
1005002037671103
32820728241
32805039746
32882564535
4001009218811
1000005072702
1005001342800804
1005002384016549
906771022
1005002076580489
4000979495777
4000441532094
1005002304205779
32973255166
1005002447938107
1005002484074893
33030216902
1005002290362945
32874412393
4001150640420
4000996916813
4000251792824
4001146645714
1005002167866624
4001078798628
1005002287859608
1005001672486052
1005001579787860
4000661158078
4001363806592
1005001604667079
4001127531296
1005001894524962
1005001571364996
4001046481554
32741215578
1005001658448240
1005002319661145
1005002341588167
4000903004124
1005002259954020
4000272191412
4000334873812
1005001847580479
1005001780580626
32918392901
1005002317592657
32911012830
1005001646924541
4001073195245
1005002092047195
4001281526996
4000375066756
4001053294077
32851632341
1005002438796161
1005002388043592
32951989836
1005001885415015
4001275534338
4000171204583
1005002468791939
32557524984
32820217792
1005001365524942
1005002276631679
4000200923476
1005002382523216
32863552633
1005001987548853
32965226395
656293421
1005001339646761
1005002254051128
1005002289105166
32775799514
4001097887389
1005001817031689
1005002494476583
32819257790
1005002333469243
33031847956
4000807737705
32993898942
1005001385803460
1005002427295091
4000507389250
32908158927
32900346061
1005002241282089
1005001828846326
1005002404221932
4001233069050
4000399032618
1005002224881474
1005002443536381
4001105411880
1005002359015741
4000154705561
4000406011882
1005002245001048
1005002475760214
1005002291589452
1005002395076727
1005002073762938
1005002270876767
4000559016099
10000395851409
32807578298
4000247112913
32840491662
4000453059102
32904350887
1005001786355281
32892235018
1005002328463174
1005002480760694
4000037951682
1005001907693211
1005002241024797
1005002258762154
1005002109794720
4000280769864
1005001935936477
32395950128
4001322807910
1005001645322928
1005002329152141
1005001863442794
4001341226154
1005002313906905
1005002384933252
4001149317591
1005001362194160
33000089832
1005002067787957
4000200075208
1005002316829514
1005002244234782
4001294366006
4000836434806
4000955877561
1005001798602966
528704408
4000953882532
1005002450518901
1005001516482270
4001038843193
1005001334241287
32652326187
33009212950
1005002047039790
1005002226101689
1005001823671288
1005001780002111
1005001863934724
1005001829963770
1005001907064874
4000887588736
32838695904
1005002291019821
1005002313909170
33009832217
32986031482
32967528840
1005001494732983
1005002454390861
4000680160101
32789243483
1005002409694118
1005002484016005
32920680112
4000698150908
1005002109951461
32682391648
1588428965
4001175427312
4000299461996
32628829209
32971771560
4000013189481
1005001552928912
32842735636
1005001473917731
1005002388691564
1005002319421929
4001013373877
32981990325
1005001303589517
1005002265230844
1005002439144372
4001194921595
33031792677
4000626124387
1005002347258967
1005002359323470
1005002365124420
1005002233331861
1005002350415992
1005001377837238
4001242758674
32964737697
4001243786640
1005002413421391
1005002028571054
1005001419824288
4000818263566
1005002283007692
32926446600
1005002268621212
1005002378898912
1005001329754996
1005002345139280
1005002499159900
1005002471825598
1005001620629874
1005001339787067
1005002314407209
33029597200
32854165436
32906603650
4000955573075
32985103967
1005002314385903
1005002416720907
1005001966751912
32848815527
4001279041442
33007359681
4001192903034
4000957442456
32553609577
4000640917734
32857980834
4000200099826
1005002428447970
32971292259
1005002394318591
4001268077405
1005001895624936
1005002314366505
1005002377229999
32991498469
4000982473623
1005001990258216
1005002347800672
4000183651332
1005002212029254
4000287258196
4000708622958
4001197074418
1005001639378268
33014461405
1005002260686482
1005002419728704
1005002210507443
33046165149
4000335546715
4000401453340
33055149345
33052632114
4000934303573
1005001584090028
33006390199
1005002292783514
1005002394489191
1005002488878902
1005002319168308
1005001949397361
32831190708
1005002298497144
33024412830
4001092942400
32747298022
32974641584
4000931131528
4001346325985
1005002037820965
4001132092033
1005001941396739
1005002322478000
4001338178046
1005002014590997
1005002264842126
1005002404135636
4000479751379
1005001515125499
32810609332
1005002353632689
1005002113238328
4001270337262
4000907789448
1005002027874002
32826559822
1005001715702188
1005002347011702
4000772793107
4000054338610
32858868344
32920226086
33000050030
32907066807
32956307684
32884350947
4000777652572
1005001408616431
4000177386017
1005002277203410
32882637684
1005001584815679
1005002430867877
1005002389102040
4000960622646
1005001971076578
32995370122
4000538334526
32973716393
4000479092178
1005001542980740
10050018618162201005002490506231
1005001965123161
1005001953829081
1005002435616968
32960665964
4000270743406
1005002263970780
1005002109099443
1789131538
4000031705897
32944076812
1005002282030562
33033961363
32899237788
4000969304383
1005002369610747
4001230339688
1923173766
1005002111691290
4000921453944
4000449829033
1005002245820929
1005002309674655
4001081250160
4000404558188
1005002399506463
4001339563849
32960666801
1005002318539494
1005002347264916
