32841266993
1005002227706738
1005001732209936
1005002459871920
32976418574
32836344895
32795853518
4001006344476
32968650980
1005001848919064
4000714756422
1005001860795658
1005001462061470
1005002390178860
1005002347292889
33016127122
1005002029620675
4000751044693
1005002441516272
1005001895557098
4000055691163
4000083588232
1005001767758075
1005002224809603
32659337566
1005002454696294
1005001386790130
1005001733904451
4000816670680
1005002390472988
4000396753717
1005002193143401
1005001590858239
4000800217405
32883319352
32947224373
1005001483687812
32952303629
32775581572
1005002310537136
10000380068132
1005002484859588
1005001447918600
1005001466643374
33029797507
1005002320054119
32961254699
32839664581
32906304677
1005002199051178
32677315249
32885348926
4000777588891
1005001861373845
1005001739293360
1005001922454463
4000033317677
1005001735011962
4000979229154
1005002328841260
1005001314626492
1005002378532098
1005002478489664
4001228728294
32474060384
32948488669
32812833222
32821647183
4001265233883
1005001555254797
1005002357334402
33053644485
1005002388816576
32706914069
1005001953648280
1005001562570471
1005002381092858
33001485866
1005002469922428
1005002428330953
32959351984
32888600760
1005002387639988
4000148955614
1005002483110542
32820418432
1005002381337599
33045275446
1005002318527380
4000990669919
1005002147837354
1005001942949299
33043155525
1005002224994404
4000453597522
4001307924436
1000007362527
1005002270030583
4000570387587
1005001946271533
1005001810961668
1005001899852760
32781265841
1005002412961346
32955811837
33007059730
32943625493
1005002489775688
4001149734677
1005002314692517
1005001954937268
4000517421809
33038957225
1005002331897709
1005001670931457
1005002241181385
1005001896652118
32856064019
1005002318814455
4001300310613
32903138958
4001156536756
1005002211420292
32823062375
1005002094241636
33056433519
32845269733
4001142933246
33063090368
1005002201066610
1005001488760545
1005002314049634
32960415757
4001019055959
1005001727123703
1005001914965333
32967792228
4000024375105
1965643022
1005002382590678
1005001885295097
1005002239958654
32787494193
1005002340916774
4000253019653
1005001588341014
1679373369
32865167839
32766523005
1005002402143216
1005001580216910
4000505965586
1005002399063029
1005002451037889
4000270549950
4000395639379
32850796992
1005002248512555
1005001389074754
4000957359744
4000039510569
1005002260974387
32850227066
4000330235708
4001006809310
32944477375
33034767604
1005002157558608
1005002423363101
33010958721
4000463616194
4000151748061
1005002308254244
1005002351176850
4000874782803
32991809192
32651639736
1005002398806976
33040310357
1005001873212670
32972576994
1005001343002409
4000926623604
1005001380451641
33010146509
32800745119
1005002333881625
32752762187
4000247954475
1005002055016946
1005002046713455
1005002322673803
1005001450200955
4000521302333
32790953172
1005002359159817
4000420843818
1005001804473766
4001360981728
32936128223
1005002293529942
1005002466240187
4000166189238
10000211928285
1005001860608735
32819849853
1005002416133962
4001271424112
1005002319508114
32829806970
4001287251607
32896989574
33060627342
32899171725
33025906075
1005002483781306
32908078364
32835994637
1005001906901890
33053660849
4000178198848
1005002196763413
1005002065541166
4001155888741
1005001982136767
4000736229056
1005002073604179
4001033996383
32884293312
1005002484509463
32806746001
32856772341
1005001718187008
1005002329004061
32978098803
4000691035596
1005002268010232
1005002179654932
33019312204
1005001943049365
1005002432587311
33007577775
1005002357517718
32807941772
1005001613897949
4000555617393
32816820555
1005002288926525
1005002383114529
4001332791953
1005001743998886
1005002469604234
32978083767
4000410694792
1005001351526721
4000856754218
1005001551140897
1005002448295973
33022571847
33013920419
1005001334190233
4000833193322
1005002114678594
4001135373598
32971367232
33039290401
1005001677496448
1005001769407545
4000849714831
1005001709844930
4001083185763
32712710437
1005002290832981
1005001913049384
32704067341
1005002413337085
10000059416407
1005002388285591
32993060142
4000221226164
4000290585365
1005001398511591
4000674511015
33033538393
1005002305211303
1005001888744412
1005002150772159
4001360189557
1005002190358711
4000265443777
32982163518
1005002473861984
4000113222904
1005002354850092
32988485770
32693870298
32811831138
1005002179198393
32828298926
1005001876710613
1005002467073231
1005001877159883
32955203985
32932966244
1005001936732982
32901436933
1005001598836558
1005001998387347
1005002284631776
1005002245310131
32841435115
1005002035997751
4000543376815
4001175403201
1005002101971832
4000219965334
1005002440014812
10000395913845
1005001638108656
1005001602545889
4000492771290
4000016159576
1005002499343238
1005002074290786
1005001801758481
4000698426543
1005001808756027
4000743693501
1005001985233386
1005001994038868
4000032276031
1005001521958861
4000891682077
1005001482612816
1005001886830394
4000038090731
1005001270030709
32982248813
1005001442462455
32378442125
1005002283673123
1005002301786869
33027505829
32377754746
1005002266569301
10000395884590
32847060033
4001292689395
32228405182
4000997014086
1005002361141443
4001004630868
1005002314242918
1005002218334567
1005001369829158
1005001869516291
1005002408510068
32863389144
1005002072620885
1005002291128006
32825376452
33030077528
32883296314
1005002204834407
1005001567173781
32901331496
1005001598068934
32893867552
32980854323
1005002313805945
1005002259827502
4000255859532
1005002170475025
4000896024293
32837899258
1005002394783319
4001244685431
1005002264742793
1005002382077051
4001322059048
1005002197938102
32614799116
32988274556
32968377722
4000675777229
1005001644937860
1005002308617878
1005002234961302
4001216489736
4000729634495
4000993444059
1005002035012170
1005002253946075
1005002473660366
2012247839
4000546853250
1005002360138054
1005002125267593
1005001900757969
32917777263
1005002368578306
4000592229285
1005002332392218
4000402877295
1005002410930364
33003715235
1005002226141937
32973924308
1005002304524125
1005001780621377
1005002283090631
32852887355
4001229942869
1005001526040168
1005001899254649
4000256691384
33014547993
32329124875
1005002477511807
33023644922
4001050421646
1005001686352917
33007136613
1005002433237435
33004814850
32993200885
1005001954727049
33003166455
1005001398511223
32861040877
1005001841938284
1005002350648218
32723636905
1005002405148796
1005002311110326
1005001981353164
1005001475803088
1005002222058949
1005002348546917
32886258030
1005002378663521
4001123080396
1005002377420034
1005001742827175
1005002221179588
1005002387766430
4000834252287
1005001504625218
1005001818901810
1005001822213367
10000211861764
32862663025
32975059308
32991857838
33010338128
1005001491942320
1005001737984569
4001039336562
1005002224998538
1005001813117232
32724998564
32619825686
1005002314238413
4000386117270
1005002430706171
1005002383520672
32821179412
32853725733
1005002079086160
4000703460291
1005002352404044
4000604260277
4000484569824
32858728902
32650168533
1005002265082591
4001238223444
1005001874019767
1005001762983190
4000287197085
1005002416620989
4000051576538
33036387554
32849114016
33054333113
33051047836
1005002027525940
1005001976063786
1005002432960567
32976751072
1005001792107574
32969648751
32833812515
32627491991
1005001606780882
1005001606554395
4000344878029
32958418301
1005002397684608
1005002233266019
4001045974097
4000578997250
32988030485
4001235828964
1005002299679195
1005001666534675
32841287223
4000821797684
4000585819587
1005001895252674
33053332913
32972121103
1005002401009779
32656506654
33059495968
4000960595491
33027497972
4001163082818
1000007970073
32985655365
1005002292414291
4001214909326
1005002392872971
1005002286501247
1005001865881218
1005001518176245
32890128915
1005002324683969
32849458369
10000352636009
32627559168
1005002326774533
32993344272
32812917132
4000248609960
33027050290
32846031867
1005001459352675
32777308485
32704890339
1005002314818315
1005001742358932
1005002467299537
1005002305099068
32819979815
1005002048843170
32564463967
32663977830
4000254096520
33031693852
4001194102470
32982102357
32808354599
1005002398530484
1005002314288933
32994767018
4001126454553
4001148102055
1005001391561856
1005002357485537
4000598500642
1758345850
4000990596231
1005002452635094
1005002292013519
4000789956700
33006961911
32895910153
1005001398853263
33031847884
1005002203655480
32812994264
1005002012004441
1005002118698456
32979859975
1005001596362398
32852906611
1005002039081369
4001360162058
32681008148
4001171706109
4001282131975
32367314476
32916550294
1005001815700481
1005001857258210
1005002416938075
1005001444666060
4000756486037
4000986764978
1005002320071049
1005002399817513
1005002390256817
1005001376048776
4001166478601
4000631127852
1005002306768280
4001278289310
32980905872
1005002404648326
4001264693025
32864206968
33015307220
1005002448301488
1005001593156082
1005002416286943
1005002376476178
4000017287504
4001279995505
1005002376578166
4001293644425
1005002041800129
1005002456826215
4001089106737
4000880076495
32889585502
1005002316122057
32969696681
32908023485
1005001453310198
1005001792345660
32856129030
1005002269148612
4000335547708
4001101576597
4000396448668
1005001858685786
1005001304109442
1005001834485653
33009204416
1005001928770579
1005002334570040
4000835294057
32831336545
1005001619971567
4000607990757
32920744204
1005002309883168
1005001862984763
4000571319194
1005002130190859
4001219045797
32813206240
1005001408724904
1005002314264267
32951368785
1005002367631226
4000663869207
32856331133
32815789152
1005001698789489
1005001814396196
1005001841384740
32904221060
1005001469912433
32837280343
1005001561787818
1005002168884285
4001235961230
4000118852492
1005002375405192
32632411642
1005002423538049
1005001344071992
1005001387578453
32802967799
33010532503
1005002476859855
32845104657
4000804319690
4001199597408
1005001664711421
32790232824
4001117897194
4000982541929
32666268607
1005002497397877
1005001826101575
32864871683
1005001830320546
10000146297204
4000038221590
1005001897947249
32813112156
329606346094000238102806
4000261508434
32865466249
32968851772
1005001588207164
1005002361552885
32794411684
32841101035
32857023026
1005002408285042
1005002340353866
4000586966403
1005001504294215
4000627297347
1005002340522390
1005002103977401
1005001510985946
1005002185143643
1005002399789947
1005002364549702
1005002460011530
32911083129
1005001841745845
1005002315279125
33043009206
1005001270625089
4001335260594
10000147983279
33001849763
33047764873
4001147249816
1005002218163237
4000466165862
33010272014
33010996449
1005002293050336
1005002353665194
1005002081891180
1005001815778168
1005001722021696
32964640379
33057321412
1005001561712152
1005002207339452
33029067682
1005002263855561
33012756122
4001173358110
4001178803971
32860416295
1005001293058881
32981572369
32823738694
32846054646
32713408628
1005001953517879
1005002308801328
10000357019739
4001101455158
1005002346910726
1005002006159117
32958874720
4000807311231
2035485964
1005002478631034
1005002339829136
1005001501666826
32953425697
4000786864271
4000463536394
4001270789495
1005002336801934
4001031469073
32773159148
33062903134
1005002211883933
4000875912815
1005002487257551
1005002273591065
1005002333365561
1005001701131237
33054570173
1005002283719423
32845398571
1005001818072484
32811028251
1005001574186397
1005001859211155
32932880253
32294826174
4000134619281
4000042294189
1005001935673473
1005002443373990
1005002433856717
1005002285752582
32869044041
4001080537152
1005002335061478
1005001417842612
4000863870350
4001070439919
1005001567099999
1005002279437980
4000112050940
4001281603539
1005002094328671
1005002357653410
4000981883557
33055851480
32982497222
33039287756
1005002107226655
4000588457185
1005001620965359
1005002074831686
4000781949993
1005002492306499
1005001848761056
32889983527
1005002072297344
32974252478
32966436443
4000766160064
32816277751
33006793681
32964185543
32610338777
1005001500837459
1005001477867948
1005001703732789
32859587388
10000146349555
1005002473129467
1005002252433768
1005001826653696
4001058311785
1005001997838640
4000979421210
1005001864486288
1005002475899685
33021501130
1005002337248261
32852331780
1005002143993415
4001205020076
1005002390035942
1005001303802743
1000007960316
4001250843561
4001166535442
1005001357141606
32573355063
1005002055491368
33013511967
32963787273
32953901985
4000537727904
4001204215153
4001075074510
4000288022015
4001202693728
2035937094
1005002324836536
1005001304065309
1005002424982720
32969176060
1005002233877488
4001359535724
32957309598
1005001356651364
1005002363440149
4000032257346
32790261543
32712637361
1005002312526605
1005001425775881
1005002462500732
32815741177
1005002089780858
33049183351
1005002442748939
1005001540686556
1005002014354013
1005002181315762
1005001541738081
32655713898
4000277145563
4000150613196
1005001983242317
1005001683091093
32829560795
1005002447177619
1005001415094231
1005001924618907
4001324637036
4000146009868
1005002319958876
4000112287429
1005002382631287
32839619306
32824249726
4000267130758
32834884828
1005001576783563
4001219336167
1005002489668350
1005002316843969
4000430237738
1005002389658578
1005002386044140
1005002345110608
33000009336
4000764753636
1005001499205691
1005002318924633
1005001824091998
1005001345395879
1005002424223026
1005002455268784
1005002293835937
1806755260
32860183976
1005002272012675
4000516686916
1005002252266338
4001293666110
1005001848272981
32829428970
32987797466
4001061486206
4001296015620
1005002345215900
1005001882426619
4001105049835
32894276900
1005001834949227
1005002259503546
1005001888498827
32983740811
4000464775373
10000423765619
1005002454445006
32953245549
4001244499369
1005001992193177
1005002227915756
1005002390226760
1005002431368806
1005002299333562
4000959744009
4001278833741
1005001995234342
4000141289346
4000308738340
1005002060165957
1005001540254085
1005002281801902
1005001975822740
1005001451122703
1005001695575228
4001216774079
1005002483858274
32986457856
32835876859
4000205284394
1005001950155577
32985385020
32766740721
10000352494350
32965813484
2046268780
1005001939537171
1005002254401743
1005001686271134
4001244307818
32622815460
1005001447903011
4000381984132
4001245800663
1005001436106800
32812179618
32964689920
33002043684
33057791458
1005002220101951
1005002122596064
1005002422803044
1005002120445865
32996787780
32318417413
1005001860646368
4001292753165
1005002427573559
1005002426978300
1005001326294801
1005002340536768
441876538
33036185175
1005001337807337
32918719741
4000729885701
32896179809
4001313020882
32856474219
1005002291257845
4001299751406
1005002319012053
1005001567555294
4001327695519
1005002334898604
32406211748
4000218865362
1005001973959493
33003285670
1005001812383509
1005002145074802
1005002357507584
32645302963
32880769946
1005001313596293
1005002314487189
4000419368820
1005002378752899
32761608589
1005001568732853
1005002001558679
4001296539861
1005002069636968
1005002245576317
4001119739403
32292890473
1005002385192415
4001200593015
1005002115059452
32886461831
4000785349742
4001140496910
32973384610
32905288767
1005001393029546
1005001609427076
32325292356
1005002467017244
1005001305473401
1005001439098568
1005001413494125
32860175803
33038423364
32852949706
4000114305888
32901051562
32866093904
32803148194
4000545763893
4001027413215
1005002319050522
1005002198798308
4000864347796
4001358941482
32946928101
1005002144381683
4001361304136
32854167579
32811567636
32954713577
4000576447100
1005002316684322
1005002192046588
4000313818903
1005002419912806
4001289981512
33041089337
4001142935999
1005002423858391
4000351168086
1005002271785104
4000977387177
4000545807167
1005002167839821
1005002392148493
1005002269002129
1005002413446412
32996226589
4001198048712
1005002347234786
4001218733905
4000907552238
4000825958853
1005002286671950
4000267723540
32997571959
32903261080
32327554584
1005002370155390
1005001305313756
1005002263729881
1005002431577153
1005002411608088
4000246853554
4000641333855
1005002256596173
4000406214594
32802819903
4001365095456
1005002214807541
4000414269952
32855259524
4000183137968
4001139124402
32871031674
4000740061349
33042781052
4000283081657
33032379785
32909447626
32944825216
1005002273990127
1005002291694632
2046606114
4000335530976
1005002233394317
32870642912
1005002246212607
33000948850
1005002289517564
4001228600756
1005002054472571
1005002011785837
4000170637729
1005002147473525
1005002438848223
4000980439492
4000369562034
1005001304272791
1005002316034585
32893447221
1005002352353573
1005001520021409
1005002388370279
4000265883974
32423151677
32898190459
1005002390662786
1005001639659599
1005002314047287
1005001638413188
4001317652887
1005002101607631
1005002478939979
33058470996
4000846477154
1005002320811538
4001156884955
1005001415740262
1005002313222378
4001294258496
1005002454341912
4001057921455
1005002022978408
33038994312
4000746210668
32439339267
1005001888100223
32919754222
32905316576
4000627158584
32870687614
4001078508813
1005001270833804
1005001505010342
4001350369468
1005002239146676
1005001327197327
4001260015830
4000805913277
1005002413277494
4000728138165
1005001525392735
4000948522589
1005002346252457
1005002213072849
32829914989
1005001930836957
1005001478065696
4001080184565
1005001639076300
1005002318638580
32849264402
32589397579
1005001403161415
1005002372349949
1005002229198359
32971800526
32978993892
4001111013635
1005001570800480
1005002281813735
33045214149
1005002004834156
1005002268789852
1005002467374218
32912631876
1005001780726098
1005001997186344
1005001317482977
32904944557
1005001296255508
1005001860837530
33007122088
4000332552618
32811515849
32811672330
1005001834732401
1005002282808247
1005001392891952
1005002321816503
4001259337138
4000420678199
32791651431
1005002248964841
1005002340133416
1005001309759944
1005001731171262
32630771501
1005002100777528
1005001864177637
32809516297
4000781158867
1005001509931547
1005002298332971
4000955272215
1005002286729958
33010431881
1005001393881070
1005002301899533
32990303683
32777927227
32919104787
4001257331198
32885476088
1005001320818539
1005001525462263
1005002314369359
1005002292397002
1005001425272633
1005001998696561
4000846797762
1005002314312428
1005001638834346
1005002377079398
32875743301
1005001308257106
1005002314358612
1005002384116258
4001285516301
4000052159277
32908601291
1005002068968103
4000387004376
32387933985
4000985304234
33018990459
32968154423
1005002342890093
32967130501
1005001692979055
4000464726859
33046645128
32844110754
4000204770488
1005002001749154
1005002328847845
1005002350590120
1005002377295585
32983140040
1005002321242505
1005002311265489
1005002389642245
33048758878
4000744791470
1005002436472622
4000429552574
4000597885732
1005002353127850
32859138342
1005001742567845
32955412148
1005001658007148
1005002210119040
4000421412930
32913592766
1005002387631531
1005001867254665
32822690071
4000132607524
1005002161711346
1005002032405530
1005001332925221
1005001906318780
32977466695
1005001551334589
32755006269
1005002312117637
4001225061813
32817997303
1005001980949719
4000998129603
1005002395110265
1005001929791235
4001094718393
1005001978002760
32930472389
4001362071695
1005001542714177
4001152694216
4000011352321
32583064349
33007124241
4000696983765
4000915527844
1005001689914012
1005002377494373
1005002032307913
33026245976
1005001341494175
4001220109936
1005001777340623
1005002087802129
1005002280322907
32917016782
1005002028732349
32854764106
1005002102983867
4001241455549
32973745903
1005001454611987
32843757129
1005001868517429
1005001846174846
32932720412
1005002297550585
1005002156834157
4000492880878
1005001611873853
33036440370
1005002323307091
32991249773
33040935873
32885849614
1005002234138139
1005002313578316
4000932427585
32835041846
1005002384590471
4001296125963
4001055816049
1005001689712824
1005002466989925
1005001449066535
1005002293365066
1005001413209264
1005001297229756
1005001671553604
1005002282801036
33038676397
1005001927852300
4000626696266
1005001839913465
4001258379817
32952879071
1005002238105058
32916130746
32847549147
1005001948660007
4001360188910
32967459092
4000739332377
32967581538
1005002027861026
32965655010
1005001709162597
1005002387845168
1005002495182347
32971439255
1005001677632236
4000547788440
4000545894951
32337629705
1005002061827850
1005001764052854
1005001873609843
32954287963
4000441960913
1005002058833327
1005002382604261
33036643628
4000415960682
1005002422038221
1005001408374469
32870274641
1804114876
32811064761
756405622
4000230191603
1005001281911369
1005002071308696
1005001640456517
1005002491370463
33001063536
32907814497
32979982310
1005002238645978
1005001568909690
4001225208024
1005002262983740
4001231958016
32993396238
32968684897
32855127375
4000945195252
32769796514
4000561285466
32963132354
1005002414463089
4000080076125
32802460822
4000926977260
1005002498663766
4000808917121
1005002149241550
32761738952
1005001620049133
4000280714866
1005002427052568
1005001525903526
1005002412877317
32819065328
1005002312451786
1005001764469638
4000051253196
4000469132157
1005001496698799
1005001779636301
4000246296910
4000937147157
1005002351971390
32825545934
1005002210389639
4000726149331
4000241993223
4000187015294
1000001887137
1005002405448482
4001098581537
1005002321104085
1005002317874175
1005002199341228
1005001397553983
32867016727
1005001763910725
4000340150605
4000161971826
32841588735
4001270297602
1005001963445471
1005001412972082
32912583249
4000842381277
1005001305830794
1005002040215326
1005002355967361
1005001707665789
1005002323858645
32996677997
32972338116
33055526648
1005002468614946
4000275325808
32898769123
4000382010265
1005001947933481
1005001333441234
1005002275604550
1005002122403394
1005002394930179
1005002304646459
32906681525
1005002123742542
4000622732952
4000670666298
4000863107680
4001189175179
4000067863186
4000939313769
1005001343282598
4000340871992
4000762757394
1005001962631446
32735476552
32922897132
32977058817
1005002474154167
32735364843
32862839561
4000662605451
32992592128
32793205647
32953999675
1005002271229974
4001293863329
4001089958297
4000885139368
32793256324
1005001565329540
4000087686610
1005002400862004
1005002428447177
1005001506088546
1005002168058124
4001307494886
1005001978839198
1005001854783793
32864204309
1000004328346
4000546549387
32975786792
1005002306749978
33053970639
1005002176014555
32770912426
1005001714587456
1005002330707822
1005001861408164
1005002377033326
32608707658
4000630354949
1005001665512582
4001157405413
4000850713045
1005002219414675
4000850065109
1005002383463122
4000546647710
1005002372560098
1005002223920663
4000311808042
4000472814800
4000641214918
4001216667334
1005002285045803
32945596250
1005001658064250
1005002329955684
4001110875216
32923735881
4000886140822
1005001774962107
1005002466007003
32923751685
1005001893390291
1005001356241048
32970294701
33005908328
1005001518573237
4001273003454
32987076214
4000856276592
1005002330187343
1005001526132268
32811556667
1005001407587404
1005002382722861
1005002414796451
33029802646
4000072062616
1005002375948328
1005002037791915
33005371005
1005001764661028
32970418301
32950093382
1005002064979306
4000805400650
1005002290039605
1005001575554392
1005002499502392
32604843070
32823675048
4000842618297
1005001851977653
1005002290837539
33051598812
4001145874824
1005001588144701
32790831260
32860221112
4000622969273
4000929389280
1005002059990083
32807750907
1005001626324332
32869249536
1005001431241391
4000657105978
1005002362991544
33049719692
1005002287638312
1005002361869236
1005002050953526
32367050810
4000804074581
32838623961
32975658731
1005002440375282
1005002500550259
4000585893759
1005002122495224
4000735958267
1005001931150851
32882365164
1005002361099426
4001053616381
1005002315253923
33038046827
1005001604001943
4001213099188
1005002304373291
1005001970238541
33060727711
1005002335248191
4000709591353
32927152225
1005001591045352
32871179559
1005002090856121
32949150448
1005002042132873
32983017471
1005001833331881
1005001973666719
4000796176991
1005002428133656
32969589959
1005002362425644
1005001549199148
1005002233464117
32823486051
33030223689
1005002440114992
1005001489637048
1005001824537594
4001158629290
1005002454670949
4000641445204
32993720614
1005002097050536
4000811772187
1005002392870629
4000929573413
4000994181581
1005001803898952
1005001350742076
1005002357700842
32916571805
33027255971
32857966652
33035773071
1005002245992458
32984795069
32830054442
1005001393004968
4001105299155
32977979825
4000157973038
32865435974
4001233774886
32810062955
32829191023
1005002271951253
32266450183
4001123737526
1005001343607759
4001053883494
1005002317706556
1005002182402113
1005002333019031
4000905480544
32997279083
1005002040960154
1005002291625196
1005001872187115
4000469156182
32803616212
33009844695
1748836895
33020343052
1005001695429371
32735082595
10050015724405941005002180129195
4000689847242
1005002324050413
1005001510495982
32380536276
4001055034182
33053417775
1005001371220356
1005002354029797
33045076784
1005001707550853
32901928112
4000179793658
10000059886076
4001057499718
1005001516048076
4000751025538
4001026941940
1005001718769562
1005002168004118
33021949897
33010744097
1005002092420835
1005002328410459
4000600309585
1005001932766961
1005001286854876
1005002511251801
4000707779911
32993265008
32978096925
1005002348565335
32924046889
1005002364591481
4001294559052
1005001430651926
1005002293047774
1005002168201466
1005001860710730
1005002497094125
32898210094
4001255779546
4001214167893
1005002373421391
1005001419994948
1005002170784074
1005001495020926
1005002302258090
32837264842
1005002345022300
33029492429
1005001376246546
1005002352011780
1005001835601209
4000836616494
4000976038837
1005002185330323
1005001515768335
4000626578174
4001266809974
32808812690
1005002110201231
32762757116
1005002383808092
1005002254682645
1005001977069909
1005001855745820
1005001271143544
1005002229221511
4001278897350
32344898896
1005001821761078
4000192378056
1005002424794313
1005002310208796
1005002307246590
33013363432
33001360031
4001316264662
1005002357193455
32839846040
1005001948430755
1005002494513270
4001205037640
33001335693
4000311952309
1005001869679100
1005001284968870
1005001515874636
1005002309635639
1005001536391836
32791976586
1005002492645456
1005001843696080
32987860558
33000099188
33008666325
4001015725037
4000786124747
32952874677
32957506612
1005001288007268
1005001425317450
1005002287741657
4000849722697
4000029751532
32826889050
4000745189373
4000616879527
1005002280490178
4000997017892
4000402076499
4001359860550
1005001565259437
32905475063
1005001463148719
1005002170654917
1005001706814180
1005001309602857
4001345262324
1005002298123732
1005002322708304
1005002454405333
32915399937
32965458385
4001062979023
32890765629
1005002373447918
33024636033
32959878482
4000203054469
1005002351705127
4000975935349
1005002307791773
4000160961448
1005001769662562
1005002094584567
4001361586598
32906068170
1000007748621
32841285266
1005002370617060
1005002473485570
1005001630914984
1005001976759967
4001225332052
1005002438924899
33028319862
1005001493000461
1005002411032480
1005002446432955
1005001626958977
4000052377224
1005001720555941
1005002484846276
32893928285
4000020670217
1005002319158478
32870072162
10000139655814
32700658661
32762977890
1005002234982808
1005002315305407
1005001583079438
32725384616
1005001820219785
32964819200
1005001620449659
1005002001719500
1005001303768687
1005001645923242
32388668374
4001103472532
4000310359422
1005001894377682
32961241444
1317909262
32799525169
32496860799
32714032235
1005002283327631
1005002339261803
4001139028610
1005002293088275
32887431513
1005001350348402
1005001850017334
1005002388480790
4001333702513
1005002435745746
1005001339857075
1005001298689287
4000087237316
1005001288135749
1005002304378297
32888280116
32734664172
32912187534
1005002182229687
1005001884928766
4000907392515
1005001642979746
1005001425158612
32965611592
1005002012756890
1005002181043574
4000853276082
1005002470727182
1005001346971935
1005001411279861
4001264900790
33039022444
32995198425
32822170558
1005001834655236
32785716022
1005002314273696
1005002124584842
1005002326953086
1005002474699984
4000999027727
4000424476974
33045491399
1005002224926143
1005001900902929
32313421785
32991267001
1005002390933817
1005002367767796
4000364906008
1005001582166193
1005001813263772
1005002312257757
1005002486248633
4000821983761
32991554080
1005001488441081
1005001957383506
1005002328345065
4000131663378
4000857151941
1005002207956482
4000662558225
4000070424337
1005002239665298
1005001593602310
4000121736205
1005001718471625
32831952420
1005002401280514
32797748701
1005002251756530
1005001602710221
1005002313026078
4000498288852
1005001376870959
33030991846
1005002373067212
1005002265632098
4000015641373
4000893230351
1005002410220611
1005001351552768
1005002317744870
4000864162857
32837835128
33008857523
32946946242
32565187947
1005001997355018
33013950152
4000836909777
1005002336375393
4001175680352
4000010626971
1005002021419972
1005001491271400
32246520048
1005002285851140
1005002314386156
4000197563552
1005001356266243
1005001335405696
1005001957392384
1005002373040285
32731577932
1005002360912664
32956009751
32842393652
4001153713636
32800289647
4000694080954
1005002316847936
1005002443679176
4000703337546
4001167981375
1005001905677234
1005002421551203
1005002337084165
1005001565515381
1005002482833872
32885275014
1005001768103900
32804254010
32826516773
1005002400765119
1005002441026084
32849441509
32956439522
32974489263
1005001930237743
4001137480579
1005001986059838
1005002299643710
4000804307585
4000385441137
1005002494612592
1005002056473033
32812190355
1005002053914064
32975762360
32703996896
32986853885
4000579910142
1005002252161578
4001259755296
32976714522
32218782528
4000144877353
33033281783
1005002393996128
32912697723
4000386736653
33001101052
1005002277173243
1005002401660083
4000183094429
1005001504503841
32833929023
1005002268179285
4000166731618
4000864502561
4000981127461
1005001897336087
32855338480
32813934650
1005001849176174
1005001830345317
33016689687
32614731506
4001230272567
4001031788146
1005002326661375
32908287879
1005002376869102
32569986289
1005002004284002
4000755429695
4000627084755
1005002144316373
32873023767
33053888267
1005002333554305
1005002219709357
32703160568
1446072675
1005001516069140
1005002388863761
1005001465743464
1005001967043506
4001081277073
1000004864522
4000218827256
1146563077
1005002324844579
1005001975598069
32858428702
33057795199
1005001387331189
1005001445481871
1005001469841114
32616676020
1005001936135232
32940129615
1005002345279552
1005002190179364
1005002453311696
1005002154689351
32995081562
33024336239
32330304416
1005002462582012
1005002304291044
1005002256809210
1005002318280823
32886649754
4000053837906
1005001307547621
4001200352310
4000078518519
32843292326
1005002239626173
33039092872
1005001471906705
33033201044
32974560786
1005001908077767
4000011580377
4000704457947
1005001603787444
1005001984660873
32808869473
1005001373755859
1005001337561737
33027458089
1005002258799721
1005002122553259
1005001359060991
4000038930543
1005002252947893
32848090678
1005002110262943
1005002160761736
32853266307
1005001625787318
1005002176217113
4000747966455
4000552544173
1005002181233998
32961762209
1005002262585617
1005002433154116
1005002385824255
1005001482829123
1005001493470741
32945793873
1005001339652710
32666577238
1005001671512587
4001082753655
32885496699
1005001782288786
1005001611331982
4000187477771
1005002318780481
4000163193478
33021447025
1005001411753986
4001025011499
1005002090369776
32831128661
32855048792
4000026260766
1005002489457039
1005001889276032
1005002355617902
32790931833
33017414470
4000525721524
4001327709384
1005002358940154
4000421927147
1005002324043351
1005002208384466
1005002168333054
1005001393862944
32565569500
1005002225045320
1005002115199769
32994392197
4000120686776
32857869019
1005002281569056
32809332061
32839050216
32657548573
1005002459290363
1005002398332552
4000830168604
1005002409794708
1005001511905052
4001345161764
4001049740416
32872787278
1005002350319055
32916903466
1005001813533203
1005002245652806
4000932292170
32886479249
4000186371539
4000410151443
1005002129587106
32807263202
1005001800447407
1005002419933443
4001305216406
32811132891
4000054563333
1005001835910628
4000780163312
4001217973645
1005001891561807
1005002329377751
1005002469104885
1005001627813149
4001252318118
1005002002796460
1005002433938141
1005001653921352
33010020672
1005001727619071
32950248643
1005001958745571
1005002292626004
4001054773244
1005001985469098
4000801124424
1005002466123589
1005002059045421
4000086428404
1005002180701391
1005002444121363
32572463672
1005002301300674
1005001713531812
1005001477905617
1005002279242003
1005002297789564
1005002322255185
4000024719466
1005001813214854
1005002441083658
1005001879735769
4000090735466
1005001360090879
32884787628
4000720396606
1005002342837337
4000699726035
1005002215006433
32890621507
1005001794561069
4001298702470
1005002372173845
32921992226
1005002372242324
1005002074080754
32909965240
1005002400699651
32962549788
1005001998774651
1005002420999818
1005001463161846
10000127412631
4000344324759
1005002332571690
1005002388331648
1005002194566984
4001074738916
1005002204033094
4000314439875
1005002303715754
1005001821391900
1005002217218711
1005001439029913
4000106698655
32601482365
1005001888816528
4000712725483
1005002255998954
33007327626
32858554287
4000137503719
1005002384780990
32964725919
4000041986299
4000245480278
32590283721
4001241747013
1005002304347475
1005002373590682
1005001332473849
1005002319050024
4000842995894
4000318317180
32462233383
1005002222093263
1005001872086982
32827436888
1005002500569060
32892835312
1005002375185896
32745074859
1005001839430319
1005001579479134
1005002314824360
4000695748391
32776017184
4000811859043
1005002286851650
10000004920767
32992824369
1005001556633659
1005002332110707
32795468379
1005002482482081
1005001593623951
33049117287
1005001689898787
1005001549181779
32784231720
1005002263922589
1005002262094071
1005002339360367
1005001770619602
1005002059869404
32885548779
1005002049146239
1005001721062071
4001038454450
1005002355648078
33026538892
1005002467051684
32923904644
1005002118696730
4001275021511
33046143270
32869492419
1005002372846604
4001360519254
855487029
1005002347518089
1005002050120273
1005002447081849
1005002257731690
4001153783290
1005002335680301
1005002293437122
32964892478
32981036092
1005002240083877
4001195307691
4001252434621
1000008473286
1005002218567313
4000974524326
1005002225043198
1005002265101768
32522219339
1005002490145347
1005001494859983
1005002311154500
33032455315
4000970739894
32985253559
1005001500551568
32757037124
1005001296323309
1005002235738987
1005001851959869
4001000308846
32688909735
1005002443513348
1005002284634580
1005002048834234
33045552763
1005001431340342
32986347219
4001145897552
33047731733
33000806490
32631411520
32675502652
1005001680452693
4000222984983
1005001631612915
1005002387109841
1005001834749044
1005002314437349
32710761170
1005001997098062
32884454844
32961759630
1005001525281891
32870708466
33055654931
1005001661262671
1005002179367012
32859158122
33009716646
32921879358
1005001793149489
1005001570491127
1005001737486971
4000042182956
1005002313260928
1005001841764703
1005002276072507
32952177356
1005002122497056
32905181739
32692277950
4000848109105
4000302216887
1005002341315704
1005001285862897
1005002309397450
1005002277084965
1005002395145772
1005002494610500
4000209968586
4000070167085
32858173274
1005002434711356
1005002070046295
4000930032296
1005001657016056
1005002276735597
4001062606740
1005001367416201
1005002333648536
1005001625767895
32854549700
4001115318542
1005002278502071
1005001875910990
4001056805490
4001052157283
4000603249528
4001345930171
1005001444160396
1005002328701913
32978518232
1005001961020487
4000776768626
1005002344657778
4000471336123
1005002280508340
1005002389836630
4000713925420
4000114929616
1005002286349815
4000437807313
1005002008704493
1005001899917831
4001337891749
1005001279931967
4000779079503
4000903296201
32852157164
1005002288593670
1005002285892956
4000094086760
33000593860
32912333847
1005002326406145
1005001603945534
32890770042
4001153346482
4001186506617
32968232903
1005002454338159
1005002318583224
1005002467866697
4001350766975
1005001413363343
32961815328
1005002430276488
1005002400213258
32815619164
33040981093
1005001479650233
1005002005971184
1005001406521304
4001282780097
32820857418
4001282429710
1005002206372034
4000592287257
33004927439
32655591352
4001344958296
1005001555503019
1005001381201442
4000084891705
4001156914415
1005001627843500
4001192390688
1005002239962807
1005001998219961
4000133718074
33003534721
33005066633
32889047219
1005001670930150
1005002420308595
4000939929158
4000465901966
32982508314
1005002440302586
4000594073094
1005002291950813
1005002118847719
1005002311960528
1005002283234406
4000521807999
1005002322155231
1005002167994149
1005002315282709
1005001986924839
33010593905
1005001493045111
4000434912856
1005002388937775
4000916907532
1005001852994675
32882343738
1005002014997125
1005001715001490
1005002219962762
1005001924152492
1005002377185424
1005001849423472
1005002305768719
4001239258606
1005002305709403
4000411108374
1005001285013366
4000808494435
1005002287885708
1005001975720847
1005001664191911
1005002361500666
4000670999906
1005002237733161
32867274795
33042816139
1005001948046372
4001216604907
1005001658954784
1005002287268271
1005001356233949
1005002405632283
33028721036
32604349757
10000314740801
32920818533
33050186904
1005001393065760
4000512651601
1005002467044383
33026602728
1005002015514606
4000062652746
1005002345466245
4000259811830
32846516630
1005002317743136
32950615224
4000966455196
4001037485741
1005002363104683
32974014504
4000748895400
1005002312788091
1005001820548031
1005002355801394
1005001351847650
1005002328244114
1005001890620592
4001313833477
32883092043
4000182144749
1005001493147003
1005002198626490
4000369297639
33052913212
4000280147921
1005002372107805
1005002384812645
1005001515718034
1005001464112324
32804619961
1005002492809968
33033426712
32909511900
10000002375830
1005002475864952
4000922886758
32958190373
32742642200
4001349972785
4000130926923
1005002287755023
1005001547152744
32820336864
1005002254671328
1005002499081299
32947492841
32972579432
1005001352245362
4000960628372
1005002185541355
1005002420450696
33041972244
32905358228
1005001397226582
1005001829623376
1005002382830016
32857944847
32952300259
33049875183
1005002372119180
1005001987560839
1005001541185175
1005002301281039
1005002433875591
1005002357700863
32731776440
1005002210463826
33026881391
1005002238559873
1005002394230601
4000099786852
1005002220152408
1005002330668927
1005002460110908
1005001900123989
32860369313
4000552717114
1005002448451757
1005002304168148
1005001806029431
32498086284
4000849868113
32915649951
1005002471876048
1005002302577097
32902927474
1005002368589322
32653402678
1005002288777399
1005001670000305
1005001365263267
4001228630616
1005002211883083
1005002233401375
33009581391
33001765898
1005002339857947
1005001270100684
4001276400895
4000336448137
32954764240
1005001340588094
32760865007
1005002077429303
1005002042961921
1005001525043904
1005002217626767
1005001552077793
32871303024
32851704746
4000196656829
1005002099147839
1005002425750603
1005002286233596
1005002394545769
1005002456946312
4000189335953
1005001966450535
4000933239691
1005002319164825
32879120235
1005002346826383
33016497048
1005002285944622
4000544875129
4000028440443
1580866735
32968591188
1005001500413498
33041742095
32957587974
4001205032506
1005002485598411
1005001624066050
1005002454413949
1005001780439356
1005001793733541
4001279930817
1005002006115196
4001272214397
32317380903
1005002346574072
1005002317305446
4000024173981
330033669061005001667983142
32957465326
1005002480489342
1005001438661632
1005001648882953
4000777589294
32769557223
4001199297919
32952481481
1005002412861966
1005002265740883
33010795412
32999212267
1005002181418549
4000959631945
32954065832
1005002251598472
32877403657
1005002286889133
4000842363106
4000407338654
32841931502
4000172326894
4000986860097
1005002289635611
33045206761
1005002264478366
32974043836
1005002044503925
4000144633397
1005002292449360
4000127565250
4000867907077
32735986538
1005001943038204
1005002275664473
4000217829048
1005002185870685
32655979134
4001255085761
33004382859
1005002273531911
1005001985714132
32804019254
4001230590779
32764112989
1005002415722537
1005001317130080
4000784793896
1005002314723829
1005001750764161
1005001883493654
32860621756
1005002393133629
1005002490854658
1005002281561709
4000955863403
1005002340697443
32810413990
1005001855488151
32951385776
1005002206238800
32976230595
1005002260440864
32806294606
32994280533
33052109930
1005001935695181
1005002354530379
1005001960491706
1005002487354285
1005001337578258
1005002022846561
1005002312059593
1843626347
4000585460554
1005002468883253
1005001352083483
1005002181562486
1005001863439181
32710868148
32832859848
32966199195
1005002258940314
1005001494239658
32979368466
1005002259478322
32895446311
10000315036641
4000668658962
32792773585
33032702274
32961721383
1005002340481625
4001188843239
4000040358696
33043170970
1005001343022599
1005002459132843
4001018604806
32744795761
1005002330645202
1005001507548485
4000975545921
1005002120721634
1005002001492175
4000474085845
1005001860022025
4001255459800
4001221760548
4001173222739
1005001379850318
32995241000
4000173605361
1005002325849291
1005002396712366
1005002292438191
1005002388358027
1005001602282664
32844332126
4001211230905
4000805245990
1005002395755898
32994261377
1005002003184309
1005002239904747
1612925992
1005002076955146
32983302851
32994865898
1005001515768866
1005001697947598
32905878732
4000217156629
32752217925
1005002010714839
1005001935351803
1005002233414556
4000726396000
30000001503401
4000911019944
1005001627101919
4001278488494
1005001572312980
4001093188663
1005001708759976
32531276935
32814909868
1005001789383393
4000529368541
1005001672016915
4001115673542
1005002251006625
1005001648638014
1005001986411178
4000079285549
32926969471
4000874854585
32819198190
1005002370027836
32949257188
32898709587
1005002357743471
1005001928807290
4001086649007
4001175319416
1005002122589138
4000074490081
4001273232434
1005002389037671
1005002042173531
1005002316065339
1005001534295746
1005002289629558
1005001893881383
1005002239017764
1005002283366178
32928311801
1005002090614801
1005002040792785
32955631983
33005635568
1005002317541744
1005002241153443
1005002475469991
1005002039483499
1005002489845866
1005001463593332
1005001758591265
1005002076744331
32974598118
4000829720016
4001364235817
1005002467014006
1005001908600301
1005002350759705
1005001426857605
32948006253
1005001346084710
4000035094208
1005001479584079
32857844641
1005001966415286
1005002442717849
718359722
1005001697573564
1005002306312749
1005001314064983
1005002425080444
10000352458849
1005001952609610
32885556038
4000207628851
1005001884065812
1005002449540714
32807827544
32895386937
1005002288622495
1005002314195337
1005002284630718
4000152033816
1005001506076053
1005001817910617
1005001868642154
10000360194558
1005002348930292
32922917416
4000030692942
32979101676
4000088526332
1005002280861179
1005002414680280
1005001971580904
4000042146120
32878225506
1005002311982174
1005002266079936
4001228638128
4000479794581
1005001943967317
1005002279798572
1005001996774882
1005002316933341
4000268191842
1005002357164076
1005002474897987
1005002484952663
32844359324
1005002491994028
4001273281186
4001317302857
32976026128
4000793522245
1005002330508067
4000941254993
1005002227732853
4000927954946
1005002276288289
32884193274
32851225347
32985643790
32989392318
4001276044353
33018789149
1005001929250036
1005001652554362
1005002383705439
32956933670
32947564249
1005002243479076
4001327830395
1005002351593744
32887674425
4001187306722
32970229318
1005002316699668
32743308166
1005001867355568
4000922946761
32890647502
1005002499589867
1005002323788062
32890256089
1005001918484016
4000071123996
4001299245767
1005002479673178
1005001579154043
4000661055123
1005001391284825
1005001793192036
32972297689
10000329023321
1005001999423701
32973485329
1005001405189862
1005002304336631
4001094771554
1005002203688485
4000348113585
1005001525657123
32985609893
32520010249
1005002295182227
32825086215
1005002413288388
1005002242689850
4000967363972
1005002381145231
1005002346237533
1005002305100531
32915598391
1005001889322306
32932504243
1005001516840143
1005001928228201
1005001975859556
1005002325118731
33014176685
32919217183
1005001560856542
4001060042468
1005002353156023
32853960768
1005002253834761
475946379
1005002364605425
1005001838593304
1005002317291809
4000460335933
32792409517
1005001966247704
4001364371405
1005002335923224
32640831185
1005002219411350
4000192958087
4001235272983
1005002219247900
4000246969019
1005001328923463
32819556396
1005001606926538
1005001606711488
32938575838
1005001780202002
1005002304758555
32974621440
1005002365160423
32840865847
4001142987518
32822315551
1005002417243636
1005002404643272
1005002034861290
1005001929080218
32852024178
1005002389644154
1005001834961236
1005002279313262
1005002291095082
1005002095826472
1005002389566693
33000106220
1005002420441499
1005001520599418
1005002348462003
32253906109
1005002035836068
4001230865214
32515197188
32978386268
1005001603179559
1005002311861534
32697885264
1005001286479548
4001356711263
1005001950507933
33000005547
4000777941271
4000922567846
32860145462
1005001977267756
4001133811359
1005002344226284
32861636348
1005002400112089
4000317206169
1005001412914045
1005002477772999
1005002489640286
1005002457895100
1005001741414722
1005002359199946
33022468065
32860367491
1005002359991887
4001202927166
32953546712
1005002420209910
4001349164724
32858656640
1005001581195852
1005002218869841
1005002273631761
1005002453376055
1005002016778448
4000817035577
4000114086434
4001151042769
32961866508
1005001927824273
1005001475011575
1005002282098049
33007242325
4000275398853
1005002317500507
1005002473811306
1005002355983196
4001365176779
1005002233681774
32805302624
32911986079
1005002447506221
1005002492422157
32817914722
1005002311226207
33013338463
4000511813497
1005002346106919
4001148727344
4000009868628
32991426551
1005002233260143
1005002246412802
1005002316849303
1005002261469304
1005002338101685
1005002147335026
1005002386296136
33056426683
32961103025
1005002400242074
1005001834474937
1005002038362893
4000786731562
1005002329017653
4001270669441
1005002287593235
33025411308
4000830464867
1005001551882345
1005001553314358
4001111991994
1005002471333044
1005002324091520
32907403977
32981727470
1005002400523312
1005001425623391
32908777228
1005002181388488
4000414221740
1005002459692629
1005001736858015
1005001626783655
1005001731536203
32963221276
32869446486
32852008673
1005001357070277
1005001690012665
1005001302838278
1005001375719287
33041159362
1005002484684779
32678527927
32860263026
32858774887
4001006019905
1005001442977760
32536706531
1005001402521610
1005001581522452
1005001841403549
4000852803350
4001283815970
4000106243362
1005001401702662
1005002495375692
4001256124258
32368700664
32798292789
1005002315860708
32956769855
32844082808
1005002061559260
1005002409769266
1005001347206108
1005001585144033
33045007940
1005001995731238
4001079144444
4000546078120
1005001689724868
1005002224055222
1005001997659923
1005002395371814
1005002247675986
1005002383243047
32965251672
32887163161
1005002310888431
4001315394403
1005002387737253
32625030832
1005001339048009
1005001441321516
32996364473
1005002474155518
1005002314258105
32971987013
1005002434343510
1005002318659307
1005002460537016
1005002310355758
1005001611539111
1005002447041881
4001119988937
32945197048
1005002337124997
1712308389
1005001930460270
1005002341555253
1005002462879474
1005001715814338
1005002294377627
1005002052704049
1005001781274068
4000970630030
1005001484183092
1005002401890533
1005002103238042
1005001726090339
10000158172058
1005001840670760
1005002361224371
1005001445153123
1005001646025971
1005001893635003
33007559111
1005002494671137
1005002355720995
1005001436943991
1005001988169549
4001208500331
1005002237902431
32258570562
4001223145560
4001062659520
32978400048
1005002297154737
32892601965
1005002129930694
1005001796666546
1005002310646234
33013471814
4000333106409
4000153335124
1005001335481542
1005001659256207
4000381747014
1005002056514160
1005001720174174
4001316384391
4000291710574
32407344326
1005002433485499
10000134913523
32992935492
4000892967978
32634823380
1005001976121418
1005001401799501
1005001708963778
4000386849834
1005002468224931
4001254314219
4001111403183
4000826612235
1005002278657327
1005001857121659
32917194179
32298454888
4000503640478
4001224582910
1913472523
4000971438244
1005002340870678
1005001406142677
32985984862
32946694184
1005001274279534
1005002049805496
32834023791
1005001683772032
4000035224453
32854325269
1005002245197291
33036767928
32996320202
1005002290834808
1005001594239160
4000397557118
32836317569
1005002481357479
1005001670902486
1005002438849332
1005001576273546
4000068237045
1005001968668131
32969022357
33012833166
1005002192778392
4001278512689
32791040036
32971636752
33040481994
1005001813688463
32951745959
32889005382
33011821133
1005001519181102
1005002054625924
33033599882
4000834087039
1005001489966085
1005002284328330
1005002254459053
1005002327396881
32897183624
4000737901837
1005002224428685
1005002329796674
4000891736620
33000765204
4000715530698
4000158257440
33030848978
32819450173
1005002382293462
32779232558
4000130130592
4001273243494
1005002357509186
1005002474929858
1005001401817295
4000240473197
32988110120
1005002353081873
32532844058
4001316680020
1005002331202487
1005002341843454
32972600356
4000932284267
1005001625948735
1005001636594873
1005002328516778
32604807334
4000171437784
4001165294859
32863774711
32819251904
1005002303977076
4000960944405
1005002038122165
1005002341162393
4001275748429
33049458059
1833992834
32889345465
1005002289494449
1005002351724667
4001327086987
4000095670361
4000167035200
4001290598430
4001264714383
1005001998037609
1005001500013299
32877053275
4000039343761
4000311805798
1005002398894362
1005002485207284
4000203062427
4000317895990
4000717848505
32791163135
4001244710950
4001242704616
1005002287238141
4001130689875
4000866615638
4000087336052
32899772491
1005001784698844
10000334396611
4000083519828
4001218817954
32806265724
1005001979993838
32855065830
1005001428945332
32865909350
1005002181207151
4000445184524
1005002059248035
1005001526151674
32883855622
1005002341671240
4000109677072
32818808216
32957542265
1005001797700080
4001045328612
32411204328
33058928919
4001052768567
32830751208
4001287921914
1005002345293574
32992115720
4000642236928
33048763065
1005001709545431
4001257926651
1005002265381827
1005002397930051
1005002386701362
32911176377
1005002271605106
4001207095527
1005001783436129
1005001423398203
1005001670533836
1005001721716378
1005002440251595
1005002467305381
4000044820488
1005002255152713
1005002313381020
1005002314297386
32756512033
1005002297148978
33010851798
4000341536196
32532442774
1005002237825032
4000730164294
4001282432969
1005001332090182
32919526488
32802106880
1005002073569028
4000032191212
32830755651
1005002382601177
4000442079476
32836613715
1005002334669151
32956175219
1005002377753047
1005002305436448
32971662124
1005002337834787
32618663517
1005002386615889
1005001265165447
1005002399747139
4000160282868
4000459253482
1005002040393242
1005002418439764
1005001901179611
4001242738062
1005002420657676
1005001344953053
32983072489
1005001530440798
4000245945847
32825156685
1005002281097547
32945681035
1005001937312190
1005002329320211
1005001611196079
1005002252170645
32480560976
4000748325124
4000726563005
4000466007869
32901921855
1005002212940102
32916177179
1005002092088117
1005002440344751
1005002050195821
4001160214567
33025028517
1005001286581231
1005002284242257
1005002101252234
1005002213697208
1005001705623481
1005002382333628
1005001593107482
32964200743
4000036262049
1005002199807995
1005002273449503
1005002364117006
4001179779424
1005002095578397
4001054926869
1005001603234027
4001014552213
1005001884474987
1005002268455944
4001043235752
1005002283811508
32782756027
1005002430821334
33034910396
33032564963
33025027415
1005001823698844
4000854026008
32831680051
4001199715192
32919596823
1005001701335645
32948691860
1005002474030166
1005002309040789
32891866362
32700098516
4000601811169
32990657235
1005001406084282
32873637907
32995855246
4001084507359
32439967553
1000007442010
4001269611314
33000228101
1005001727093393
4000627580272
32857409478
32970859103
1005002474926869
32802293450
1005002362519864
4001005174444
32836698670
1005001775133280
1005002060689524
1005002427891382
1005002309669709
4000245196179
1005002052054961
32823548434
1005001918573722
1005002085613509
4000729452044
4000741811153
4000903971928
1005002330396971
1005002448140798
32981165828
33058534554
1005002130736097
1005001307676315
4000463530893
33040492693
1005002375029297
32976635194
1005001469307681
1005002220991426
1005001834379513
1005001998031875
32915599521
4000062766393
4001234398343
4001361074494
1005001459398810
32971375270
1005002293419015
1005002263942525
1005001816735699
32758567903
4000834777171
1005002221558449
32730403860
1005001656725896
32873443889
1005001463655829
1005001649209605
4000377945752
4001273170937
4000189857163
33000394466
1005002333343021
1005001992096433
32985066453
1005002316595624
1005002259258144
4000868320787
4001249448184
1005002484070485
32873744903
32596009004
1005002306415611
4000776317968
4001280380450
4000850515456
1005002472747717
4000922380425
33043872804
32976696848
32907088995
4000173424529
33058880286
1005002397926991
1005002474255352
1005002468728915
1005002388971568
1005002249283308
1005002334261380
33001709097
1005001876713443
4001056957885
1005002454281673
1005002337295688
4001219307582
1005002312692475
4000349252920
32865244986
4001321110891
4000253043483
1005002297287352
4000842965956
1005001840093179
32961391323
4001298746539
1005002466852832
1005001962227635
1005001478009823
32680795297
32387574062
32978133816
32859246713
4001216540113
1005002062411616
4000673561269
1005001286641048
32863922356
1005001698460064
1005001597730430
1005002053783507
32704052005
4001118806577
1005002465897029
4000127514357
10000397759021
32936422647
1005002394856445
4001355606992
1005001841812894
4000449901679
1005002434554516
1005002291369655
32811365977
1005002254251256
1005001758480583
32909501214
1005001987392192
1005002393930134
1005002467034544
4001182452387
32696040690
32951582391
1005002310049825
1005002410144370
4000741718521
32824593838
1005001926588723
10050020854061334000440735706
1005001838122244
4000782041778
4001277440492
32957576635
4001018681961
1005001288851011
1005002314652370
1005002495738962
1005001329813663
32973325925
1005001700531629
1005002286669925
32849890785
33007669520
32720932009
32778142741
1005002111495520
4001009594294
4000229137069
4001075707943
1005001594571042
32974963497
1005002350618450
1005002444509184
4000552348326
1005001614015744
1005002360031991
32982569400
32976236957
1005001656907246
4000023322218
4000780235574
1005001733386762
32908753368
32969282566
4001364077506
33011040543
4000505938388
1005002252534856
32828642450
1005001594199853
4000789344023
4000092432655
32865121125
4000115362130
4000842612722
4000750952264
32675173576
1005001996805703
4001328555444
1005002198219376
1005001531108425
10000418123959
4000443460439
32998805020
1005001762256090
1005001809058038
33035464030
4000280260626
1005001465134044
32830227509
33039284180
1005001996757897
1005002434447276
4001230875609
1005002357188985
1005002337314440
1005002312481660
1005001431196757
1005001506969144
4001299244858
32819827004
32962684126
32882737125
32912714248
4001318086219
1005002328938458
32970292000
4001315585412
1005002286106312
1005002398392522
1005001648979365
1005001607696439
1005002344337476
1005002427624312
1005002297909176
1005002499784501
33057402947
33038544631
1005001752821135
4000052354764
32867710341
1005002186130731
1005002304305382
1005002413329141
1005002241122032
1005002321383195
1005002442587899
33000735957
33058611518
4001279469074
1005002382078312
4000909528836
4000838215416
1005002072363144
1005002205732052
1005002092049674
32898750868
1005001971953429
1005001451999634
1005001381133656
1005001457084205
1005002427870395
32870214421
4001146873065
1005002070461114
1005001586341093
32847315985
10000012741525
32840694903
4000034358295
33006786549
1005002259622960
32915561294
32419405914
1005002334276553
33034447189
4001264284802
4000050752793
32832578032
1005002358550722
32843142218
4000812499414
1005001805133469
4001076352083
4000965313136
32964057616
1005001768959432
4000064586486
32894487308
4000034878891
4001197598603
33056280841
32786693443
4001205289350
1005002399184316
1005001544339694
32971475936
1005001859540447
4000068212932
1005002406271711
1005002454289454
1005002311125130
1005002047241049
1685842794
4000982908291
4000044373365
1949520729
1005002039342358
4001226469825
1005002219508073
33044327509
4001112178212
4000112366950
4000176894389
1005001441365266
1005002460675679
1005002053629812
1005002284382350
1005001722696954
32949820486
1005001705653560
32622630146
1005002386640962
32951321491
4001103831824
32903928041
33044294869
1005002425921222
1005002351627894
1005002109766648
32964410636
33048233507
4000423568830
32501559653
32382599540
1005002329439289
32836276744
1005002460242086
1005002328213150
1005002399390038
1005002345184294
10000008302519
1005001304693211
1005001524974061
32962478894
1005001958957508
1005001835509223
32843988400
32349226094
1005002310898484
4001006090032
1005002342592108
1005002291714129
1005002432143833
1005002417661980
4000254395102
32215924908
1005002344836489
1005002055411605
32247202823
4000585954274
1005001976502910
1005001456604404
1005001519607203
32781896462
1005002029716746
1005002270718012
1005002131325149
1005002260472893
1005002214354069
4000692893204
1005002400774398
1005001685055857
1005002231862786
1005001980090444
1005001890601022
32975089021
1005002317542660
1005001835351183
1005002288061264
1005001380722523
1005001373561953
32308907106
4000680976998
32969924654
32967173151
4000197483114
33059077265
1005002395394338
4000971960686
1005001628352490
1005002194223066
1005002350741525
1005002052134227
1005001603615843
32898718755
4000682417702
32811121170
32970041062
1005002443481282
32366251505
1005001825932180
1005002387186462
4000641403570
1005002137823366
4001294319511
1005001626823833
1005002350259739
1005001603264860
4001322301267
1005002021917904
4000137376954
4000227220081
1005002364374128
1005002402467855
1005002449876653
1005002428603960
1005002455031048
1005001446825588
32812135645
32998426633
1005001487829949
4000708740270
1005001625733556
1005002070096282
32897742048
1005002497062771
32736018334
1005002040149725
32914922794
32896599780
32969998872
4000532419376
1005002032834089
4001139657802
32849099885
4000145207804
4001287764198
1005002500531953
4000594775390
33001257736
1005001966401835
32961129434
32986421779
1005002406095979
4000833378529
4000725254479
1005001824856331
32835118337
4000717246076
1005002357532219
32978687988
33023695348
4000089569611
1005002412363703
1005002477967177
1005002388226478
32952747145
33015517044
32989041663
32897881043
4000239583986
4001270439514
1005001565489392
33035628119
1005002476371634
32859994979
1005002210363416
1005001325766667
4000833227387
32892194030
1005002044101968
4000640986558
1005002064051993
1005002028283608
1005002306939255
4001134698230
1005002191334915
4000216410440
1005001446798702
33059325637
1005002206231102
1005001705621363
1005002375171777
4000943189198
1005002224620857
32878001145
1005002263523674
1005001813817473
4001186984695
1005002069665728
4000240782552
4000938652806
1005002432501841
1005002313247083
1005002005028121
1005001483998036
1005002126201406
752969910
1005002475300353
1005001998815322
1005002170954823
1005001699018607
1005002075346458
32962412477
1005002096657935
32985973305
1005002413548560
32854177619
32972903082
32993990339
32960651471
1005002164306449
4000556643539
32956887955
4000745048581
4000053236529
32863728026
1005001723351098
1005001906788251
32959321595
1005001641967886
32841802580
32822954157
4000641334453
4001232366063
32894838390
1005001487414582
1005002298072698
1005002229377542
4000602602418
1005001698355253
32793743107
1005002364004628
1005002332022547
1005002026848685
1005002263228729
32960892333
1005002258285912
1005001586412802
1005001439078596
4000609248793
1005002213751615
1005001813019629
4001333587230
32975623987
1005002243972964
4000779631799
1005002337244876
32959599368
1005002160425706
32881242815
4000631940380
32985695287
1005002238136038
1005002461689336
1005001362317782
1005001485640446
1005002318255164
4000401753790
1005001875072584
32763228928
32855097738
1005002315479378
4001027635302
1005001439167255
4000223762866
1005002371430554
32818551930
32993177820
4001135442613
1005001809752053
32857894367
1005002430279457
32817747275
1005002365454459
32973445017
32975025873
32664753015
4000266031410
4001314670437
1005002333700427
1005002406554561
1005002436060341
32561173667
1005002319628283
1005001884881791
4001109588537
4001280542677
1005002471506101
4000972984786
4001131763481
1005001686190397
4001015579651
1005002474192301
4001270781883
1005001935791333
1005002052549872
1005002398806222
4000636275399
32924965030
1005002284708341
32857099992
1005002395010995
1005002219967768
4000797398910
32922230284
1005002208671351
1005002283466332
1005002489988861
4000170292426
4000734357994
32848074738
1005002163069254
1005002316137246
1005001902074636
2008136356
4001034280716
1005002419462858
32367970793
1005002270709489
1005001305203950
1005002289151928
32993552287
1005002346543252
1005001495750593
32918412635
4001294544421
1005002240649123
4000773082181
1005002327451884
4000199513133
1746027749
1005002328063340
4001047981199
1005001625351275
1005001966805529
1005001608440702
4000580122208
32953366724
4000685966393
4001008944049
1005001487094225
1005002365095691
4000609547981
32670027583
32859554273
33028648682
1005001612284241
32651607012
32602434983
1005002386828808
4001033950408
32887619664
32850361248
1005002290387963
32861731562
1005002205126813
32859348019
4000203470598
32989241976
32620014075
1005002201873539
4000430130104
4001179947549
1005001694099125
1005001404878452
33045631270
4001124617658
1005002435147165
1005002319545934
1005002007168641
1005002064066883
1005001779496483
32995934179
1005001780744236
4001318297515
1005002438054585
1005001409533515
1005001954433226
4000068344183
4001051126147
32847659181
4001238017350
1005001525311810
1005002298138594
32948480622
4001350033477
32652309905
4000156482740
1005001511269924
4000144981439
1005001794324011
4001308305655
10000000236182
4000058949048
4000025069106
1005002206562711
1005002342913812
4000755166985
32834624367
1005002376609605
32865735229
1005002368024943
4001111616319
1005002384526556
33027812817
484326313
32854665757
32872299730
1005002244188913
32970148232
1005001874122817
1005001726780690
1005001905662938
32970362003
4000831359175
33058577923
1005002204471041
33031485176
1005002378581426
1005001525465436
1005001935255025
4001256285557
1005001952416498
32868828994
4000588111287
1005002431622222
4001211823504
4000889681225
32970106381
1005001656713108
4001195347230
32905946062
1005002341003835
32691774193
1005002383328444
1005002471221690
32997993851
1005002360256913
32895919902
4001307161891
4001242686558
32913842525
4000793476358
4001170931344
4001200963312
1005002395423052
33043067587
1005002228940274
32833036491
1005002234973296
1005001526589281
32704518807
1005001487022684
4001365611538
1005002180592879
4000554441565
1005002473851369
1005002490831251
4000867252832
1005001817865801
4001199245996
4000401310163
4000761856912
32857851366
33005475079
1005002466072835
4000744419143
1005001573063432
4001166075971
4000257321543
1005002311754706
10000408293276
1005002377516165
4000350155551
1005002227877422
33017138024
1005002328712296
4000400616708
1005001741189776
33045802824
1005002075153020
1005001316120733
4000180792769
33022599842
4000177281419
1005001785210377
32972688198
32951995746
32775978800
4001351012595
1005001438882173
10000405288331
4000523646158
4000631775786
1005002119137519
1005001303805797
1005002225550342
32824218115
1005001344157831
1005001888402473
4001294273793
1005001807001807
4001237487535
32630771910
1005002450463001
4000288621019
4001184365593
32969716607
1005001619990908
1005002313865739
1005001370367056
32975237734
1005002310527678
32994657500
1005001637975716
4000037504623
1005002238137536
1564216124
4000465384730
1005001510350903
32267637583
1005001492940819
1005002297688423
1005001464048770
1005002352115626
1005002010896678
32567274950
32772172411
1005002143516384
33000561835
1005001985265974
32993511497
1005002337139867
32832197359
1005002206400981
4001138768553
33029577412
4001175818636
32748196282
1005002317572142
1005002423514382
1005001994094023
1005001823063827
33028735482
32885827347
1005001672087336
4000057737989
1005001884136561
4000666095588
32882374995
33025588216
1005002495965396
1005001438757795
1005002491530758
32816510759
32916808059
4001269634441
1005002315038818
1005002386296852
4000642261466
1005002365763432
1005002310037890
32814062153
1005002279255045
32885891528
32868385923
32586595198
4000118822902
32907327357
32782928305
33014696439
4001218355804
1005002287307765
32722156759
4000128183349
4001071507016
33057484839
32861655393
33010189327
1005002359909137
1005002243355973
4001251323136
1005002018999107
32866038766
33027193906
4000041943667
4001053684948
4001135626128
1005002092334523
1005002460441566
1005001762098290
1005002278608367
4000094413818
1005002310379009
1005001694511000
1005002293622520
1005001965663307
1005001809046723
1005001576757819
1005002316523324
1005002321380578
2032131980
1005001669977341
4000785949816
1005001995190109
1005002271285178
1005001511382375
32977967870
1005002091333044
1005002297594172
1005002132998340
32919961604
1005002282818129
1162454095
1005001992462773
1005001493296880
32797805851
33001807480
1005002334368001
32571606112
1005001770960723
1005001912539311
4001331928920
32751234461
1005001810860631
1005002064492716
1005001424051499
32922182324
1005002333510151
1005001451991272
1005001375305209
32955137444
32883148542
1005001890386755
4001264387571
1005001333457235
32837582922
4000119082104
1005002277800155
1005001740119647
1005001678141058
1005001678380688
33053635684
4000668670401
32919402371
1005002333845644
1005001896755447
1005002000109074
1005002477492099
1005002305990004
4000966592061
32831531939
1005002444413050
4000343690095
1005002394032475
1005002424315248
32871298079
1005002362365042
33001037098
32866082437
1005002284332714
33002424339
1005002237630652
32881454760
33023910643
1005001676731472
32950520868
32834290998
1005002405161657
33025349426
4001156219924
4000792889434
1005001502955988
4000114133586
1005001658864238
32848424152
4001166675197
1005001324918556
1005002310516420
1005002089540441
4000608319366
4000274703921
1005002061541955
4000012386180
1005001298896340
1005001885935257
32967720381
1005002296913987
1005002378118113
32607619031
1005002081567566
4001283608226
32872567236
32659106904
1005002245269848
32795997756
1005002400835029
1005001853371821
32881290293
33001158085
33007389406
32869384108
1000003143066
1005002324079941
32926311704
4000670972889
1005002166181661
4000252357853
1005002026634891
4001097516914
1005002239858059
1005002071499429
32923919476
33006603129
10000149905828
1005002344768225
32880130637
4000857984927
1005002454414326
1005002455041675
32840497873
32844228601
32980874419
1005002378013080
1005001852312274
32954569560
1005002485768423
4000381677639
1005002186117693
1005001531452356
32956149467
32901040878
1005002293504965
1005001695576917
1005001556567825
1005001579186415
1005001485477881
1005002282630236
1005002070414663
33001225006
1005002289856699
32867678083
1005002321700702
1005002058503295
4001345931526
4000955378035
1005001763084075
1005002452955095
1005002346688553
1005001776788270
32992241346
1005002253846571
33027303273
1005001877340479
32801239529
4001203689413
1005002334783646
4001018344971
33017995172
1005002297959601
4001181329296
1005002335589082
32892200215
32617612822
1005001971979470
32726219303
1005001631796864
4001255302662
1005001913851308
1005002438356041
1005002266523185
1005002176964407
1005001570827427
1005001679546721
1005002396182261
1934931926
4001180494508
1005002485262850
1005001511061851
1005001900876933
32988021626
1005002342048624
1005002115792127
1005001419084179
1005002317848076
1005002194168573
32967650839
1005001666217233
1005001996612967
4001148235890
32872999286
1005002298169775
1005002423806072
1005002454363720
1005001424871141
32799702593
1005002239536389
1005001953763383
1005001860587340
32934914887
1005002255055478
1005002214258948
1005001383755360
4001047753442
1005002282273523
33051419222
32980966494
4000134059849
1005001593271213
1005001561634689
1005001974891475
1005001458299008
4001059350636
32901616444
32970779922
32777954050
1005001636549869
32908683969
1005001382761469
32980128215
1005002284305214
4001294240956
1005001284779143
1005001326205809
1005001579942775
1005002179699612
32363177080
1005001882299764
1005001817528742
4000777583010
1005002362653498
32962715903
1005001669368634
1005001683041106
4000684578513
1005001498661017
1005001339525102
1005002412253821
1005002357840800
1005002311990393
32822321649
1005002125068820
1005001472348397
33006573278
1005001831249519
10050016645557441005001380863811
1005002330006630
1005002470391778
1005001701344061
4000830240441
4000630019502
32890815851
1005002382273723
1005002143014767
10000348782335
1005002382915999
32987043724
32910464712
1005002329195008
4000291769665
32880884078
4001242663119
4000573960176
32909647075
4000335552559
1005002235532971
32974421536
1005002458935364
1005001632842535
4000897617051
1005001723990141
1005002181374359
32885307741
32662774388
1005002453297968
32983403712
4001059025835
33051937252
32826978763
1005001509970734
1005001350991251
4000747107526
1005002355586077
1000007394605
4000048571892
32904287034
33023897191
4000510405601
4001343985897
1005001734975051
4001222450895
1005001616396124
32961179136
1005002475604199
1005001459208144
33002693458
4000850483086
4000875615542
1005001425526291
32960310828
1005002471259943
32778315855
1005001441396102
1005001874063229
4000630422674
4000663839397
1005002230472890
1005002011818004
4000233167965
32971062586
4001155894770
4000570180975
32854806397
1924454353
1005002260085878
1005002322340337
4001242185935
1005001408613088
32806366006
1005001650423524
1005002283625727
4000450106407
32849147614
1005002317350196
1005001414071195
1005001303788111
4000098190108
32440588924
32839602510
1005002072406722
1005002389002957
1005001562272205
33058125312
1005002256746779
1005002024485715
1005002094219470
33001700119
32814706457
1005002499516484
4001071590716
33016587775
1005002317718110
32848409722
4001260301054
1005002430748457
1005002244863522
1005002283452359
4000215027700
1005002073778328
32815355021
1005002242040932
4000706448400
1005002433376214
1005002254397472
1005002271962092
1005001776348803
1005002339088059
1005001836501571
32729454459
1005001405057629
4000127349041
1005002002874956
4001229966465
1005001705032235
1005001998006232
1005002420177634
33009292998
1005002325008929
32814728179
4001346894132
32954854820
32974408481
1005002482879339
32981770274
1005001451285786
1005001989285733
4000305228660
1005001297281138
1005002351932996
1005001481639529
4000257248074
1005001521435786
32987386172
1005002386887460
1005002446887961
32884971477
1005002080851050
4000035983133
1005002432561585
1005001532254663
1005002330273111
1005001677348818
33035523368
1005002243953358
4000311903098
4000915621082
1005001603188464
1005001585813611
4000120053376
1005002324784373
32835168661
32688356195
1005002350912340
4000843015352
32830319201
10000366881895
1005002175170268
1005002414097950
32636781137
32858622999
1005001530936990
1005001626520436
1005002084701445
32855625291
1005001741555591
4001302143395
32919308183
4000035531008
33010516982
32921339273
4000841796674
1005002254292470
32843222109
1005001514715966
1005001846049255
1005001665244632
32830605602
1005002231353977
32934651287
1005002294049895
1005001694271101
4000429777641
1005002238885058
1005002239376389
1005001792365124
4000734979623
1005001499868549
32975690645
1005002290040435
32861155273
1005002258693629
1005002278691949
4001250902671
4000504778573
4001272939030
32611938923
1005002283325463
1005002324175243
1005001749208858
1005002257820532
1005002326069734
1005001343522445
4000382491371
32908321730
32676799924
32975272663
32580035858
1005001695310668
1005001958806342
1005001764980215
1005001369213804
4000666143055
1005001411701145
1005002400170316
1005002373255192
32918058596
1005002454231821
32805747893
1005001689051110
32970455140
1005002282601447
1005002416478055
4000765901385
32995061780
1005001901759467
32954129958
1005001600510034
4000250754297
1005002302330182
1005001930887506
32846777881
1005002291579326
33043946046
1005002116481275
4001327230468
1005002316163082
4000698628438
32983250986
32860451238
32288011787
32824657187
4001218418833
1005002453477634
1005001941915661
32691414646
32879561943
1005001326373065
1005002321919451
32745129668
33037667606
32862425132
4000345819932
4000247817502
1005001699846374
4001273269180
1005002286373208
32846537414
1005002254118549
1005001462691834
1005001902843487
1005001849699542
32740684659
33032272008
1005002471409682
33020060344
32914405506
32920666418
32574618664
4000516566113
4001201279178
1005002203582498
1005002363176288
32851582711
32530391126
1005002176711274
1005002372974595
1005002264703053
1005002313951854
1005002465119925
32885310581
1005002123474382
1005002010811391
1005002496978210
1005001265629932
33040021240
1005001988507665
4000894253141
33023589831
1000005760011
1005001849335586
1005001726153916
4000918366752
1005001627585850
1005002094225475
1005002175102364
1005002437708345
761772180
1005002342632046
1005002067957758
1005001683199378
1005002336234796
4000579186141
1005001506669315
4000855342158
33037442606
4001017699702
10000000287523
32900263729
1005001844959750
1524628172
4001139685925
4000042871531
4000642018718
4001291127989
32836038836
