32949453378
32669048082
4000877900569
1005001551109563
1005001742780278
1005002313156910
4000210787041
1005002346404412
1005002130856645
32948659722
1005001270133194
1005002312054236
1005001361331783
32862361887
4001193704259
1005002390372356
4000199294648
1005002246348019
4000808234867
1005001688801535
4000261787814
4000560742570
1005002087784648
1005001671017013
4000220693368
1005001909786135
1005001812250665
1005001905297098
4000156023507
1005002324143482
1005002275346987
4000120117360
1005001481750890
4001262800022
1005001707659198
32972948623
33024227785
32963309416
1005002071930161
32333067050
1005001488412291
4001295317817
1005002241550316
32951767568
32571229500
4000528278713
1005001590902671
4000865055024
1005002460676747
1005002323346074
4001040838984
4000332322268
32255390475
1005002246835052
4000614680299
4001258980492
4001294421748
33004134621
32999774710
4001130655484
1005001425789183
4001214186799
1005001834775510
4001313610501
32959976613
1005002350816337
10000059401460
1005002330378731
4000307096728
32859640720
4000243429248
1005001834712658
1005002381196155
32985099883
1005002350952216
1005002070214567
1005002327850151
32885977166
1005001685777103
32958602383
1005002323753278
1005002287550573
1005002009221426
4000437488584
32984248904
1005001803717415
4001251841427
4001028238849
4001273306420
32887474708
1005002286003850
4000794503909
1005001622881275
4001022486803
1005002287074939
1005001504269820
1005002317911969
33043357354
32982656886
4001019712459
32987637395
32590387812
4000742478185
10000052739274
32920378792
4000157710367
1005001563116539
1005002340720387
1005002395053230
32921751996
1005002294653370
4000105113091
1005001588516807
4000710031127
1005001599728432
4000095022559
1005001676363826
33042500885
1005002408357542
1005001839791189
1005002462521650
32862652757
1005002345285684
1005001417274615
4000106241637
1005001837136106
32743360895
32839097483
1005002293489363
4000017352801
32972747087
1005001561762046
33016470096
32728909520
32943618433
1005001980574400
4000345064975
32970218887
1005002193828859
33031847916
1005001604180301
32349706478
33019730700
1005002281359277
1005002383292154
1005002309218906
1005002258507544
4000965115789
1005002281196571
4001105018828
1005002398487411
4001273268787
1005002294367252
1005001844963668
1005002457805877
32968685729
4000696624980
10000348424720
4001208553949
32946452337
1005002224957174
4001262851563
1005001639470008
1005002086713393
32910070627
32902031680
4000314489068
32834262003
1005002467632055
33014029434
4001053701052
1005001610880516
33013006559
33035857234
1005001670081024
32967597710
32896857777
32962991169
1005001617529329
1005002413354585
4000742223095
4000868547281
4000315990704
1005001808793821
1005001737309921
32990052094
1005002271643737
1005002367821854
1005001816936552
4001212419056
4000005057366
4001283132778
32846848408
1005001713987368
4000613104663
4000479894133
1005002372168943
4001264686468
1005001873156678
4001195483554
4000018128260
1005002292308552
4000133109822
1005002425805496
32964396933
1005002424431467
1005002313470422
1005001846375475
1005001977415040
1005002176364849
33038804109
1005001315339451
4000842995626
1005002459756552
32948629323
32869214027
32966865751
1005002327310222
32892552078
32975536245
1005002097213738
32859109084
32904577079
1005001860793531
4000168171276
32861287344
4001231876296
32653342115
4001360251050
1005001430741647
1005002302749274
4000896138917
1005001456690943
1005002245937899
4000170109740
4001114559251
1005002276552728
1005002284811063
1005001522054584
1005002358015458
1005002453357133
1005001686212302
32767742691
32983862030
1005001868878600
1005001552172776
1005002118385603
1005001962151835
1005001557518902
32647815852
1005001803987679
1005001694764988
32841600025
33006468182
1005001898883162
32826926913
4001227636579
1005002052595392
1005001451609153
4000940950617
4000956161780
4000401845742
1005002318017589
33019496021
4000246572243
1005001857731983
1000007822541
32960760632
4001308487618
1005002233306577
1005001290026572
1005001351643394
1005002314235809
1005002243163645
1005002409416320
1005002372624813
32853828887
4001293646558
4000751714171
4000216678926
1005002453508916
1005001669930735
1005001398474533
33047535678
4001115101144
33005857754
1005002312583252
1005001557802709
4001063500736
32888846431
1005002359085893
1005002383243190
1005001616787783
32843985122
1005002360213946
4000749127359
1005002376297578
1005001860717790
33020793089
32862418204
1005002279034664
1005002313170705
1005001620396354
4000812467461
4000048328509
1005002399095400
1005001320629147
32991471720
1005001880356698
4001085791770
1005001500973444
33036775953
32805403703
32986676862
1005002263920868
4000172378670
33056229560
4001154482621
1005001475977967
1005002281593015
1005002252150976
1005002115471168
32850843435
32788098699
1005001695371704
32972345841
1005002362726219
4000850977442
1005002316912950
32879272179
33029622944
1005001798004105
1005001639866419
1005002311005464
4001215564526
32820825070
1005002319127258
32959884495
32956405742
1755974986
1005002276846801
33061067796
4000912810700
33056770981
1005002357140169
4001100994724
1005002339414833
1005002362817171
4001238794883
1005001599200628
4000987108788
1005002024754771
1005002264159534
4000889364647
1005002347417038
4000808352796
32916044877
32971730244
1005001386097259
32917291594
1005002389562746
4000941741102
1005001830610064
4000456186604
1005002390882624
1005002314411288
33030395865
1005001794071701
4000017870118
1005002303537697
32496237492
4000075177144
1005002487490172
1005002238901465
1005002354440466
4001089719851
1005002384147545
33025337410
1005002318989064
1005001501278998
4000776708179
32966970393
1005002235125196
1005002322237367
4000790378599
1005001627350927
32932529596
32887282416
1005001570457021
1005002313058044
32781447284
1005002323033538
1005002341051074
1005002059602391
32976386775
4001256847629
4000820196822
1005001607498794
32880385148
1005001645680000
1005002256733403
4001134665385
1005002388807981
1005001928154417
33034256019
1005002310904885
1005002360107420
33048490959
4001224858492
1005002333004989
32843259806
1005002278523673
1005001389181136
33005818668
1005002181898101
4001165960726
32348681135
33037612499
1005002289624775
1005002345878297
1005002305297377
4001068370727
1005002157303312
1005001607840990
579919029
32907031139
1005002278875577
1005002287316429
32811400847
1005002123578822
4000738808802
1005002298439955
33058069098
1005002426243004
1005002272236850
1005001870377301
32791784062
4001206980270
4000528846177
1005001998755865
1005002322278378
1005002282378791
1005002026413869
1005002279859596
32988745801
1005002323683315
1005001664588115
4000723815819
4000236556368
1005002288677128
1005002318990683
1005001268872331
1005002296807180
32909620276
1005002428021892
1005001741925647
1005001787844109
4001130086850
32944573694
1005002394919225
4000464309302
32795081040
33002740408
1005001614280142
1005002357695276
1005002298465528
1005001447024643
1005002288850345
1005002340758660
4000001711101
1005002409609146
4000263465680
1005002261164151
1005001792115746
1005001887915619
32845336381
1005002208314032
32981776417
1005002445940542
1005002410915149
1005002316913435
1005002198497330
4000483918790
4001076876415
32962299148
32718355956
4000447585899
1005002469439079
1005002387210088
32809219434
32855650468
4000068837757
1005002289966446
4000833521529
32964902070
1005001644156260
1005001686109616
1005002356214317
32923455103
1005002027299965
1005001317458988
1005002314374332
1005001419022769
1005002315925824
1005001961886990
1090657645
1005001855511198
10000400042964
1005002367481502
1005002211776643
4000189998717
10000395850821
1005002285773357
1005001845210259
1005002219072873
1005002408560391
1005002182376118
1005002090637483
4000680112067
32888686235
1005002237494577
1005001588243397
33044423334
1005001275177504
4001238019087
1005002402377472
1005002392601452
4000036271736
1005001977207503
1005002060561265
1005002213464151
1005001537784005
1005001831736587
1005002314239762
1005001941124342
33059019116
32993494077
32951924626
1005002480794200
1005001770245931
32976322992
32922486523
1005002055306298
1005001493911331
1005002497268423
1005001393149681
1005002354480518
32857234255
1005002301246048
1005002472772961
4000898870408
33057009921
1005001691429582
1005001833763353
32902519645
1005002306633192
1005001407877514
1005001354980090
32952903219
32983979174
1005002431405180
1005001398875817
4000941346447
4000173574376
32862956303
1005001451718302
1005002304310217
4001277176222
32968952258
32957733179
32663894272
10000089278471
4000467523731
1005002224791574
1005002448977674
33056566575
4000127541874
4000057050434
1005002377869649
32899330375
4001230912574
32963810430
1005002357130134
4000829492294
1005002305647224
4000201011067
1005001604262916
1005001799988433
33016221981
32906158644
1005002345180311
1005002065273029
1005002408949478
1005002224457069
33021043200
1005001670890181
4001189787578
1005002246859535
1005002129144815
32831901619
1005001593945025
1005001438884637
32984714365
1005002305306632
1005001872536675
1005002350496401
1005002348424673
32881947022
4000397486883
4000948873396
1005001961937285
1005001986990531
1005002179745565
1005001409378744
32349829014
4000220465041
4001122751198
33049752440
4001124706732
32900324350
1005001816963779
4001268380043
1005002211265862
4000595763965
4000081292755
1005002420850165
4001330766424
1005002260064616
1005002233298123
33013878577
32859795922
4000850690152
32214624577
4000248654052
4001135973534
4000111780961
1005002367779346
1005001393051932
1005002312533433
1005001284927846
4001358663628
1005001387435220
32609922630
4001093180834
1005002000160821
32844537430
32858146792
1005002281259349
1005001317715757
32852384063
32850584198
4000941591276
33000774386
32992517728
32900593258
33016372292
32666496231
32811755341
1005001691054043
1005001766121543
4000082078125
1005002315028837
32996040997
4001060527617
32991370015
32804908074
1005002244688729
33008547340
4001057812166
1005001595762182
1005002328367861
32702061952
1005001762002709
1005002483087223
3300513785133035076566
1005002281472841
32772127615
33053171589
1005002485193783
4001294500298
10000399725348
1005001488868022
33014762947
1005001834011855
1005001321492178
1005002187662995
32916314578
1005002232172265
1005002219827879
1005001830457489
4000467804615
32975496101
1005002276931987
1005001489180897
1005002322592177
4001151991075
1005001594432194
1005002467371833
4000801600080
1005002443700423
32842171841
32795778551
4001270896304
1005002378853790
32950637620
33050540906
4000692790796
33034095584
32803233547
32329179189
32431882665
32968483211
1005002254436916
1005002273817281
4001271906353
1005001498172539
1005001714491794
32630319757
1005001868569253
1005001938021210
32799010069
1005001612048291
1005002303879887
1005001996675658
1005002480748339
1005002332187310
4001294947439
1005002386518407
32588869739
32897671323
1005002301053370
32955982399
4001273231708
32833454877
1005001686054573
4001063530952
1005002246486792
1005001872507154
4000817476504
4000387073960
1005002233776803
33011899703
4000984065157
1005001334795073
32983382448
1005001969845310
32829875198
1005002408004407
32911372339
1005001756868897
4001083266149
32893042372
1005002380369814
1005002204267347
1005001824152749
1005002461673839
1005002110499968
32988694253
1005002454787652
1005002034380430
4000208353453
1005002147019639
4000032929518
1005001553062018
1005002330767482
32365280717
33039838231
1005002353203929
1005002071629365
32795747256
4001362921214
32711216181
1005001849877491
32795169997
1005002362775994
1005002407970941
1005002213375750
32998944351
1005002377434729
1005002295058745
33029201514
4000176674031
33002889713
4000203375382
4001034850302
4001072865572
1005001443149242
33000586323
1005002039461595
4000785406269
1005002240334685
1005002409326542
4000290243133
32332320269
32972322954
4000717128511
1005001514811450
1005002296982021
33007379659
1005002334771221
4001310405682
1005002248131521
1005002244511072
4001252210692
1005002439318714
1005002364705332
1005002047519517
1005001835628302
1005002062420689
4001351757694
32958713955
1005002431464699
4000768822183
1005002256752689
4000772191272
1353626660
1005001656829811
1005002481163870
1005002310492795
32959993248
33006788174
1005001878928529
1005001269977336
1005001585615555
1005002079928653
4000234233356
4000307263216
4000874622998
1005002441849530
33012225757
33002493298
1005001453970866
4000014702934
1005002289832824
32984091557
33060053338
1005001646218162
4000519695701
1005002294006551
1005001280352771
4001241270933
1005001809308247
32820702091
32649879052
1005001835837280
1005002336982547
1005002197429737
1005002319465393
32832087058
4001164130056
1005001519641600
32992102221
4000497815527
10000395951273
4000203663865
32895900682
1005002368285177
32996602225
1005002321860849
32494024531
1005001989831768
1005001874553058
4000550448260
1005001955005655
32614729232
32899265648
4001332962495
32478849826
1005001703670630
4001249037433
1005002286367252
4000682692213
32792876262
10000383955026
1005001804327536
32996072750
1005002440468866
1005001835524329
1005002376355336
1005002271144637
1005001624947603
32957450003
4000051079988
1005002079336198
1005002365838271
1005001511520783
32969561702
4001066845691
1005002453288630
1005002206794076
1005002443526136
32856874420
1005002358978941
4000617691137
1005002237933572
1005002294129273
32794379767
32961181237
1005001859167408
33009737345
32913628183
1005002372394646
33050971964
32898100664
1005002168833897
1005002029259711
1005002351778607
1005002457095772
4001244762903
32994428060
1000004903612
1005002297444787
4001115775490
1005002244503537
1005001774605276
1005002218273681
1005002190246223
4000766095467
32961614988
32958710658
4000747586477
32840845808
1005002472336906
1005001930613956
32878233931
4000561151844
1005001596802878
1005002314509567
33004303385
4001243529833
32848779013
1005001935656369
32878987795
4001275701611
1005002239710764
1005001914494825
4000407245610
1005001817060413
33059255471
4000069721967
1005001729334988
32975716139
4000631053896
32868416328
1005001972118038
1005001767810169
1005002329679225
1005001371005234
4000813951500
1005002310485983
33001465611
4000270026351
1005002389847483
32916092252
1005001367936390
1005002278748847
32297340384
1005001498585623
1005001867345350
1005002329098814
4001130042801
1005002441082629
32969696622
1005001270506660
1005002472878254
1005002408771778
1005002114230411
1005001423568960
1005001548452095
1000007954619
32609556855
4001284830857
32829242509
1005001580544939
32962373729
32863519012
1005001621685168
32628805887
4001240522718
1005002397727733
32838721080
1005002360477483
32535289628
33013206464
4001208809676
1005002118821000
1005002225225854
1005001475117398
1476435590
1005001736644755
32858031459
32976919347
1005001930542684
4000057887079
1005002259469763
1005001448595598
1005001950170755
10000337916418
1005002311840090
4000385025088
32974920249
1005002282234409
4001228637803
1005001689602892
1005002298285626
32922495990
1005002317923706
32919121948
1005001867975742
4001339772001
1005002360319338
1005002368988933
1005002035723339
1005002045736771
1005002316370804
4000858975268
33009293975
1005001398279768
1005001313915479
1005002396837104
4000641289984
33025837569
33026094272
1005001469669512
32979832113
4000171759631
1005001736735470
32975444394
33012200448
33041349857
32847197919
1005001500649075
4000436602743
1005002283204527
1005001821243730
1005002492305461
4000626031096
1005001813259819
4000512687775
1989514984
4001120350682
32873359724
32977483926
1005002378519747
32918291424
1005002397922094
4001204894051
32920437445
1005001994532526
4001157323353
1005002358126606
32995469025
32347944303
1005002311677754
4000413813803
1931267081
4001223601468
1005002368685385
1005001593884004
1005001578580871
4000922911236
32949985922
32977753556
33046314396
1005002324103447
4000291059009
1005001941237114
1005002170804316
1005002058831396
32986012834
4000104196919
1005001578782710
1005001700154429
32917530741
1005002206275887
4000788731936
1005001830605932
1005002288072010
32958680808
1005002398888594
32995258395
32983801274
1005001369551668
4000808260728
32868344474
4001089506650
1005001855253716
4001221278608
32820761335
1005002095099493
4000673524775
32967633138
32998394183
1005002380944659
32807122408
1005002312145738
1005001999098111
1005002245292516
1005002490329868
4000336779287
33049162351
1005001648357271
1005002384986466
1005002341028138
32891292129
1005002259242971
32747405282
1005001907979640
4000274301363
1005002460686054
1005002489616690
32976647477
1005001765680983
33012613620
4000955768756
32961996923
32865385765
1005001785787562
32888995095
32948597867
32996532873
1005001575118059
4000570711896
4000170577406
1005002323525187
1005001462101115
32955307029
1005002317979391
33010583283
1005002278958405
1005002142820921
1005002266386123
32907066610
4000902229016
1005002276063254
4000145812363
1005002261237547
32711166403
1005002324910132
4001204760093
1005001839193361
4000791288110
4001128296042
4000190163942
1005002187041186
1005002423048224
1005001781587675
1005001300134100
32998175357
32886368017
1005002357484493
1005001387802228
1005001884358263
1005002321849626
4000946558980
1005001380136171
1005002396588901
1005002315171454
1005002317714381
32769707778
1005002044405091
1005002371987961
1005002313655906
4000039945188
4000997951562
33019261693
1005001687675659
32825123898
1005001657190544
32995524468
4001142859229
1005001888910081
1005001817572255
1005002449132506
1005002312819786
33008825772
1005001635118064
4000833739427
33021156498
32957505390
1005002205574924
1005001692757758
1005002263107876
32830926178
1005001687644686
32873479077
32969071829
1005001971235825
1005002341651378
1005001419128843
32848225557
1005001756799948
1005002182515168
1005001675542087
1005001814530373
1764575677
32814887033
32655064273
1005002448382503
4001205036448
32803916129
32997059012
4001086499938
32810128900
32886515154
32735960571
1005002363108422
32810454996
32969804240
1005001878127177
1005001286304734
4001276327857
32914831474
32963634097
1005002113665687
1005002473550936
1005002250595533
32706662410
1005002240082679
32871186564
1005001620468435
1005001313860155
4001280455882
4000192145044
1924384535
1005001566668847
32676004938
4001327550417
1005002422926946
4000196121812
1005002478085168
32850855164
32832619815
1005001706244029
1005002260604890
1005002243898077
1005002297579246
1005002443536439
1005002092416391
4001345183576
32755711282
1005002407972038
10000371492472
32303900723
33045195662
1005002219670704
4000525039620
1005001948761609
1005002369106957
32811431831
32811174992
1005002286284795
1005001713448563
33002934521
32923119184
1005002333021870
1005002221863726
4000156026591
32510694313
1005002403960104
32987343344
1005001264654028
1005001444370602
4001255732665
1005002292817765
32642376057
1005001895691333
33013257255
1005002278961149
1005002319195871
4001298692831
4001315705234
1005002243526319
32213653873
1005002381036050
1005002283699121
10000034338831
1005002215326676
1005002315875578
32719723042
1005002035933780
1005001441332385
1482729972
1005002258304441
1005002398785495
4000043237977
1005002417845379
1005002002743789
1005001297910729
1005002302164306
32840637167
1005001858677697
1005002376447014
32575690980
1005002276232994
33053739528
1005001926777767
4001318525523
1005001699223175
33014815272
32855849494
32897852205
4001273830213
1005002434776084
1005002260580642
32878504602
1005002372037270
1005002245208089
32968751764
33030022233
1005001767956744
32953873679
1005002411098516
33048723750
1005001858236955
1005002304090218
1005002249761536
1005001386397601
1005002172928177
1005002244787829
32959716777
1005002324797916
1005002305640509
32264502727
32866550679
4000026370898
32838958891
1005002064083731
32850084093
4000773675232
1005002388738045
1005002396823617
4000770740840
4001257093895
1005002486773784
32826507505
4001262561672
4001245580101
32856441785
1005001607613011
32610348908
1005001874115322
1005002419830648
4000845066557
1005002323220557
1005002125104215
32885279572
32390035967
33041433095
1768812154
32983427590
1005002311683693
1005001670776562
4000038202448
1005001766218381
32950120370
4000806113972
1005001687518760
32849055306
4001333967180
32342035083
32962405479
32369564108
32815690881
32848629153
4001321617082
32950425760
1005001493262861
33021951173
4000094435509
1005001483503851
1005001463388092
4000860318255
4001010991422
4001162358059
1005002219380098
1005001629433654
1005001591197651
1005001337690120
1005002335371069
32651837267
32957647466
1005002122341732
1005002390441764
1005001962009666
33005130076
1005002384480284
4001315993668
1005002122454210
1005002319664599
1005001782664252
4000355418866
32869013129
1005002113185914
1005002314246848
1005002402205558
1005001633287209
32846332264
1005002454482150
1005002016574804
4001220183956
1005001692553586
1005002283239278
1005001355299717
4000709115049
1005002187945918
1005001874387413
1005002292827148
4000756157924
1005002040325440
1005001769310639
4000199505733
32672483225
32974361213
1005001854792083
33026301946
32761728193
1005001953788495
1005002310065605
1005001398885985
33005243241
4000245413061
4000170512738
32957363979
1005001570202695
4000823262796
32597352044
4000959287174
1005002347048868
4000906316697
4000462723866
1005001704897357
1005002196095046
1005001476396597
1005001824411917
32977142860
33052490133
32982864603
33057243099
4001262527512
1005001487788679
32880322947
1005001783111758
1005001930237622
4000181709924
4000671080399
32953135340
1005002211765036
1005001906868213
33017943606
1005002224951939
32960267098
1005001476793383
32829930485
4000177088625
1005001329850306
1005002288881341
4000208143853
1005002429329933
1005002406065285
1005002287857157
1005001419214445
32828975548
32310783539
1005001890430212
1005001942506339
1005001859337873
32624785357
1005002330660726
32977647803
1005002278570722
1005002267947283
4001168274184
1005002258621561
32830585271
33035817168
32838798527
32982502002
4000197641415
4001037876267
1005002485196807
1005001284975447
1005002360348946
32900295506
32909086371
4000985437709
32921327038
1005001551520305
1005002336916881
33005984449
1005002427944696
1005002298481345
4000824627209
1005002255031483
32918472742
33051811393
32962512642
1005001344191621
1005002347146047
4000629003662
4000509199800
1005001417539165
1005001612795959
32601846836
1005002449877017
32799593546
1005001506818014
32735256422
4001020193651
1005002175132474
32818557993
1005002054947281
4001189720508
32853772290
4001179764023
32819275476
32651239276
1005002219963030
1005002321800060
33036425902
4001006963653
32885027063
1005002441001415
1005002417891306
32838857749
32725812605
33055461057
1005001582441157
1005002328950164
1005002295216752
1005001514434647
4001019012844
1005002277216466
1005002402074162
1005002484075997
1005002122423370
32961356671
1005002365064747
1005001978001354
1005001511688674
1005001590625614
1005002384573889
1005001625305568
1005002086551264
1005001567352671
10000397757433
1005001639764828
32879751769
32783559606
4001149663271
32893693902
1005001770892920
32797962995
1005002329117093
32830991501
4000033936520
32901962201
1005002095782074
33017029766
4000190857314
1005001883252745
1005002394940393
4000087834331
1005001781145181
32888876653
1005001953142970
32777586292
32703414083
32835226042
4001180641249
1005002317506950
1005002119940313
32869237413
1005002485228350
1005001954677761
1005002500370096
1005002284639617
4001295305722
1005002038283562
32907148979
32994561930
32971528844
32881330879
4000195516093
4000965370638
1005001340826493
4000074493007
1005002442611166
1005002079687490
1005002362049292
4001253410888
1005001531292042
1005002298100176
32357281001
1005002298599547
1005002416634149
1005002165920707
1005001458683467
1005002186471834
1005002350555579
1474463673
1005002341043604
4000977802828
1005001971204085
4001243903141
1005002408651702
1005002458768001
1005002351793778
32981565857
1419276276
1005002289969336
32848944523
1005001414103066
32828112844
4000245770750
1005002196987026
33058845092
1005002399692089
4001185133123
1005002497277162
4000064804867
4001228071815
32809154938
1005002238640043
1005002263517334
10000372785147
1005001488109404
4000544012548
1005002411555633
1005001793003755
4001238712186
1005001926625208
1005002320958425
1005002347995208
4001030844827
4000257590842
32865858842
32979849839
4000221068129
32851156664
4000025384062
32579946722
32778958199
32844751244
32955106732
1005002387698230
1005002247169914
32915456491
32882958423
32988906155
33001736103
1005002323001774
32973836081
4001013872712
32862988675
1005002007149523
32866948701
32778947013
1005002253876931
1005002323588263
4000003103975
32853214396
1005002449836883
33002808536
4000500092091
1005001604125058
1005001614926200
1005002428093890
1005001560794426
33023513395
1005001904172316
1005002258765330
1005002310358033
40012711222331005002281928866
32984511107
32858780350
1005001285890112
1005001998484031
1461467061
1005002419924813
1005001984899549
4001051154866
1459846603
32962436537
4001014915979
32966444047
32994978353
1005002482134975
1005002317406865
4001238978795
1005002115560963
1005002171619906
4001170754210
1005001868801930
4000996605283
1005002459415145
33007541361
1005001457481112
32971365119
1005001934538915
4000093479917
4001100900440
33009722492
10000167667775
4000176485698
1005002181760840
1005001446530010
1005001314486238
4000119937803
1005002192900347
33001560902
32813255707
1005001802788499
32888548223
4000918409107
4001217717981
1005002345893505
1005001993181238
4000110782359
4001355129000
32999125446
4001090857251
1005002378092504
32931281911
4000829282971
4001064714641
1005002337019705
1005001441431432
4001135790161
4000787979227
32830683652
1005002087669449
33057763571
1005002167377057
1005001961061623
4001127795348
4000222974442
1005002375529474
33039124891
1005002242932585
4000049503452
1005001752564530
1005001779557650
1005001265802609
4001039853218
1005002315645994
1005001841892283
1005002282841279
4000875310316
1005002314439719
32677802168
1005002108295240
1005001267509680
1005001325746029
32889764531
1005002420688934
10000152853164
33015733109
1005002327210515
1005002236485144
32995679880
33053334387
32987932347
4000776757076
32818966453
33048206345
1005002308657465
1005001973649110
1005002232834101
32329758742
1005001968314142
1005001976540618
1005001465499316
1005002213621326
1005002350018981
33004394111
32966035902
1005002144329314
1005001468177241
1005002228590543
1005001977276178
1005002272717939
1005002412792872
4000595777769
1005002384432210
1005002449287488
1005002192229207
1005001804710070
33034681627
4000329013188
33029697124
32904435518
32967742185
4000297588063
32958105526
1005002336926652
1005001325432685
1005002307571399
1005001646484662
4001275057588
4000286660135
32846577473
4000397976963
1005002353570773
32928335758
1005002310627240
4001202997991
1005002238190383
1005002191712655
1005001972674196
4001230337744
1005002239549530
1005001928516337
4000162822121
32417924623
32595997460
4000747472333
4000046373459
1005002084419079
4000580425544
32424918183
32630835657
1005001840746221
1005001286178970
4000489409631
4001237545512
4000789745729
1005002381399585
1005001711808203
4000224860961
4000665837668
33018749156
1005001426160007
1005002347439716
1005001917752731
32624468050
1005002381604478
4000058676568
1005001678756536
4000731049442
4001248529842
1005001380135748
1005002180430050
1005001567847248
4001137600835
4000399204543
32757698271
4000185150294
1005002321001204
10000327962205
1005002264874247
1005002492462866
32892154752
1005001686246562
1005001852016440
1005001733872070
4000960934460
32946856237
1005001865438143
1600239204
1005002345773849
1005002460122783
4000980206629
1005002254865559
32918348161
1005001742383801
1005002307679220
1005001596895738
1005001617004881
1005002310282940
1005002181483889
4001004741618
1005002468986370
4001270879991
1005002116064997
32806837663
4000854725866
1005002277922333
1005002350773801
1005002120104478
1005001393398144
4000507558560
4001062082387
1005002219485609
4001037286349
1005002061695807
1005001799464280
1005002290002519
4001286890608
1005001476204691
1005002122964279
32846584147
4001096514845
4000933510383
4001292767244
4000384261680
4000238374817
32967505115
32982001135
4000288046926
32971179233
4001270856586
4001081279429
1005002325748334
33044761618
32862726662
1005002110177403
1005002482279039
1005002129306704
1005002389580555
1005002126458708
4000194780931
4000976779327
1005002217871274
32970434651
1005002172106657
4001122449653
1005002302099938
1005001409077764
1005001466607498
32708533569
2040299562
1005001990253479
1005002388350808
32733207291
4000828695320
32966424274
1005001923775736
4000327491850
4000959359355
32768290786
4001310177044
4001115472307
4000389597964
32904914842
33052896224
1005002443659690
4001176099376
33005086077
1005001742280737
32960031916
4000823482890
1005001525395540
32852342620
1005002434644160
4001050956186
1005002219511072
4000792445724
1005002393892147
1005002327815571
1005002270665659
1005001578767883
32231555411
1005002304419642
32959977111
4001065964462
4000238399778
33015259001
1005001329512997
32961907084
1005001809888561
4001272124013
1005002423818338
32884293780
1005001552043887
1005002324123857
32793224094
32680953801
1005001297701341
1005002357697716
32515515861
4000609609024
32947856801
4001136465866
1005001444428772
33005807499
1005002475916385
32805967749
4001255525977
33008691883
32849062162
1005002224114533
4000099665206
1005002144060802
1005002318962781
4000337155414
1005002261871515
1005002136064826
4001068890559
1005001868814076
4000822702383
4000559389956
4000972566188
1005001507109567
32861031590
1005002056052326
32834149746
1005001515838874
32817544198
1005001762154558
1005002369155024
1005001325682212
1005002452585927
4001131962714
4000078958091
32917060150
1005001561506113
4000095528308
1005002191165167
1005002467296390
1005002291771209
4000849751089
32922757438
32983747931
1005002255559863
1005001770339412
1005001419923431
1005001484143400
33046707676
32988325377
4001043125657
1005002277813468
1005002234651558
32910507478
1005002312723616
1005002370012036
1005002208170696
1005002153008408
32879180794
1005001633563501
4000971517953
4001219386901
4000669315635
1005002425813028
1005002236584740
32901501168
1005002350436594
1005002319091398
1005001844113548
4000537125222
4001101628277
32969479343
4001350389990
32901704567
32948000302
4000657218505
4001224016815
4000897602846
1005002264892181
32956804387
4001356628303
1005002495117890
1005002115598212
1005002406473087
4000016502221
1005002418112562
1005001972616720
4001075413133
4000030577719
1005002376864203
32881850077
4000351917715
1005001914423460
1005002258576796
1005002317781770
1005002443230637
32855518188
1005002375988489
1005002359739043
32855315899
4000960899407
1005002495643735
4000773939357
1005002314234915
32909329567
4000291520728
1005001704396156
32503913893
1005001329643575
1005002350805405
1005002284325652
32955007038
33010269431
32883950878
1005002108084197
1005001877346772
1005002357651600
1005002488343337
1005002432335174
1005002292522264
32880098698
32379626325
1005002471553356
1005002428172249
1005001427378598
1005002099613886
1005001812405406
33030006420
32968413966
4001224017138
4001237635974
1005001369542026
4000974562929
4000402187398
33062582566
4001074887886
1005001942168796
1005001977445269
4000231310033
1005002339935772
32926859900
1005001779983256
1005002393012769
1005002337763061
32908471191
4000626791018
1005002283336330
1005002326624420
32974836522
32823993134
1005001350281609
1005002271443035
1005002476077783
1005001638447506
32867067858
32996071978
33009552802
1005001779844195
1005001743628413
1005001815266251
1005001880367667
4000793431404
4000638397711
32813323537
1005002043712574
32967768116
4001135518321
1005002147980445
32651240699
1005001371187161
1005001444511233
1005002482671784
32978047621
32824696873
1005002420879083
1005001888832100
4000842684104
4001303047894
1005002400148567
32890484303
32965788482
1005002326852505
1005001810892472
1005002496893565
4000907860816
4000784296613
4000259570734
4000297584262
10000011311997
1005001815986346
32926007832
1005002395669449
4000990255880
1005002240882214
1005001921465491
1005001865635755
33005830629
32251186808
1005002283348879
32996530358
4000108768825
1005001556694979
4000443538166
33029347371
1005002314221943
4001157651145
1005001458218564
1005002084613115
32838336807
1005001791762129
1005001439073633
33011140232
1005001638547266
1005001726930693
1005002363155873
4001025634363
4001290069715
32459558329
1005002432714954
1005002295199926
33004271227
1005001612860955
1005001850135906
1005002380564523
1005002305259037
4000016272776
1005002344965619
1005001776651138
4000773029407
1005002473589493
1005001780800967
4001112014775
1005002337236398
1005001559925657
10000032043039
4001275090329
33016258604
1005002081950327
1005002450987866
1005002388799215
32967934301
4000065570069
32688360292
1005001348892454
32881698088
4000801895618
4001017694537
4001064690982
1005001333153463
4000594284022
33052717958
4001142919241
1005002004448774
1005002099210208
4001365212970
32252494944
1005002448614232
1005002113046432
1005002297801146
32827049624
4000624411673
32966908166
33025656782
4000415106395
2043976440
33003537491
1005002256075088
1005002211546469
1005001961956365
32669439609
1005001394357907
4000661690296
1005002465510976
32919293852
32719670121
32859882499
32712134870
4000409440190
1005002318903456
1005001986350029
1005001627180800
32823726859
4001229331977
32923883641
1005001681551862
1005001779987139
32794539225
1005002464998615
32838329925
4001056961820
32852678685
33034927934
4000398010563
1005002433158161
1005001782211762
32955646704
1005001854802918
33001140145
1005001779459853
1005002266152774
1005001972819806
1005002466016008
1005002061567482
1005002134006368
33007810404
32952360207
4000220588556
1005002305313419
32995096310
4000905531378
1005002203821273
1005001862679762
1005002273949468
1005002317215705
32926029201
32869623473
32924040057
1005001844048618
4001288818900
365624302
1005002319155545
1005002281140737
1005001988088941
1005002247017696
1005002337777735
32617824274
32948888243
4001164087383
4001133128878
4001121702334
32892895682
1005002347316938
1005002348230972
1005002357220271
1005002381407712
33061415008
1005002332449241
1005002484418876
1005002462517824
4001058546253
4000734436876
4000534688355
4001058102232
4000821389476
32790982090
4000528812723
2006253030
4000139537192
1005002220260043
32953985772
1005001284915948
32604661755
32822111928
4000499161088
1005002205617808
32777905692
1005002317497148
1005002366966902
1005001383090480
1005001673320178
32887840424
1005002063938872
1005002301066758
4000714936179
1005002346217324
32837133787
4000960612999
32848963239
4001107936715
1005002108424747
1005001630275990
1005002312082892
4001314474452
1005001659192605
1005002122437341
32963783686
1005001406818034
1005002305456232
2010756386
1005002086312499
1005002397726347
4001160793192
1005001707947375
1005002398647394
32421623578
1005001696189024
32962733697
32417176209
1005002042696909
4000017836396
4001265732909
1005002393216073
4000642290747
4000392885616
1005001356634239
1005001497330498
1005002314327624
1005002314536508
1005001348563259
1005002052232281
1005001966213578
32975312353
4000309582881
1005002474622171
4000722279182
32645508601
1005001779996865
1005001950169911
1005002296863465
1005002346511786
32237074977
4000777850529
32889302520
1005001813412011
1005002122366722
1005002461471664
1476228989
1005002411416674
1005002350705523
10000395830893
32890649673
32903847838
1005002378910758
1005002322696289
1005002368229475
4000296268552
4001360250742
33006274120
32807547955
1005002119773167
32849279406
10000185350569
1005001680626055
1005002347667671
32883852482
33029118548
1005002413427927
1005002425711090
32974530165
1005001788502253
1005002399662479
1005002320435312
1005001559437887
1005001692374402
1005001882429998
1005001628392808
4000971692475
4001200890006
32813701722
1005002319321446
32825343792
1005001695440338
4000850687295
1005001726627539
1005001330737891
32867463409
32870036760
1005001832019264
4001241309091
4001249591158
1005002244084527
1005002333485800
1005002357799221
1005002082054399
1005001930783639
4000517294810
1005002395072098
4000925751678
1005002225428097
1005002238075395
4001293913382
1005001998614791
32820605913
1005002341730039
1005002247187187
1005001374685992
4000730631790
1005002321851394
1005002383571024
1000006055187
4001136006035
10000395944163
32541449451
4000640997322
1005001691000548
1005001748604726
1005001657917230
1005001862933619
32860279631
4000022306058
1005002305861006
1005001341315476
1005002002861063
32746345530
33002983149
1005002331340416
1005002357552076
33049185786
1005002250015974
32857346063
1000006140511
4000906322206
32855386218
1005002372263137
1005002477189636
1005002176952715
32795699804
1005001890303816
1005001538560149
1005002205673999
1005001798148168
1005002133051007
1005002273481197
4001274435395
4000245329102
4001278851394
1005002212888144
4000755227545
32842470536
1005002033230707
1005001616336924
1005001786588049
1005001578985985
4000200168718
1005002428084380
33035905455
1005002199325556
1005002368897767
1005001304612710
1005002225410639
1005001990732573
4001241312337
1005002245123677
1005001965052266
33015079025
4000783026689
4001233503680
4001165809017
4001346734159
1005002367684297
1005002328270312
4000234838051
1005001611874840
33013207164
1005001883778365
32901005705
1005002498833129
4001232231149
1005002483600215
4001174457105
33013549180
1005002317787013
1005002481254977
1005002034622148
32662866999
1501766776
1005002317994273
33052802631
1005001908490841
4000111391692
32923595640
1005002287327220
32452384466
32983655362
32957791930
1005002394983162
1005001582375906
4000114895237
32967213714
1005002288894236
4000506838248
32379510864
32466540241
1005001736680718
32823248274
1005002257932659
32977599734
4001042788244
4000118419067
1005002402512605
1005001365788202
1005002373810828
1005002482903990
1005002382130851
1005001570491110
1005001658860724
1005001664977154
4001188613197
32815571103
1005002305992725
1005001796938673
1005001525448470
32824190508
1005002323898093
4000381050455
1005001982415320
32896121710
32879934450
4000112345580
1005002444754029
4001214300082
1005001548444379
33010256749
32826108751
1005001556369750
1005002413532923
32677541942
1005001631850016
1005002281576651
1005001460672945
4001218329541
32874448479
4000351944701
1005002272277662
1005001368892960
10000044958938
4000300716001
33033527444
32973800570
4000094631750
1005001326160282
4001153347375
1005001679186582
32974485645
32847607254
4001201198963
4000938386687
4001241146702
33017480605
4001156766689
4001013061542
1005001941224059
4000163323303
1005002094806132
1005002484985048
1005002494976545
1005001705259187
1005001638846440
1005002281173600
1005001369166958
1005002066357442
32812643598
32918778152
1005002425102303
4000375904914
1005002354194771
32368857630
4001207233505
1005002074645882
4000812636619
1005001750266957
1005001689156605
1005002185407531
32951704668
32955958232
4000427111027
4000699661882
33003548400
4001255064056
1005002319103344
4000848361060
4000216949273
32972770890
1005002077440647
1005002393460409
4001031233820
1005001307822106
1005001807342288
32992913038
1005001371575069
1005002442497652
1005002086512148
1005001362269565
1005001998974389
4000348420582
1005001648358782
33003858386
33022033802
32813919801
1005002256555595
4000915058045
4000618716859
32885117457
4001054124986
1005002179971203
1005001703122776
1005002323138547
4000468774816
1000005567250
4001098503193
4001041922924
1005002288095652
1005001361155556
32978791692
4000401230363
32891178648
1005001754101303
1005002204987656
1005002304624190
4001283387210
1005001848625456
32999818359
10050024828390494000204697412
1005001489977922
1005001701447717
1005002290873616
4000570346573
1005002357413357
1005001993733818
1005002238132735
1005001520760045
1005002388364317
1005002467500753
32996331315
1005001387320639
32801630373
33014103393
32810425569
32947807716
33004698270
32694694008
1005002482399625
4000923264969
1005001666674035
33028768759
32912483081
1912417472
4001086231915
4001207450718
1005001451945383
4000695424925
1005002255602751
1005002470575251
33054415489
1005002328012161
1005002318831999
1005002335269314
32902074180
10000328903689
32960321913
1005001834025383
32831761184
32957626964
1005002317231094
1005001322574058
1005002236007773
1005002313487152
1005002490202102
32827371721
1005002164429352
4001022647140
1005002384837460
32702665992
1005002253873155
1005002080107130
1005002164710949
1005002412665959
32911648516
32961325184
4000394194817
4001055754454
33018335084
1005002324894246
1005001454682720
4000970673410
1005002452909476
32855188205
1005002439325292
1005002306274552
1005001992075527
32947019400
1005001496678601
1005002426039678
462995962
1005002021383607
32907564518
33014591105
1005002210038264
1005002325519122
1005002333510570
4000635706842
1005002339441895
4001220553897
1005002312001949
1005001909178797
4001089970715
1005001935411578
1005001284530791
1005002298820565
1005002256552898
32819864786
1005002284252891
1005002390328565
32919104073
4000777999770
4001316961916
1005002170638874
1005001966307340
1005002428498424
1005002315192502
1005001913904739
1005001458251223
4001073283093
1005002384794573
33003019628
4001098412436
1005002304364416
4001235830126
4000144768300
1005001588017808
1005002170735485
32796407873
4000198917099
1005001590554064
1005001407461264
1005001645821442
1005001718415730
1005002495560390
32958375468
4001032051299
32919995753
4001027567757
1005002394984547
32989883487
1005002338807048
4000799179911
1005001534465416
32961226467
1005001393169219
32932882663
1005002318346480
32831623187
4000435476942
32979554285
1005002357160401
1005002295135481
32844078757
1005002021634723
1005001470582547
4000234548014
1005002462746290
4000578601253
1005002308705237
4000955013397
32832715381
1005001571982837
32886682282
1005002446670398
4001267435542
1005001769013398
1005002458053963
2055027884
1005002347061446
32790758887
1005001954188169
1005002289382939
4000077452305
1005002324265541
32896670280
1005002314321106
32849631196
4000959713137
33014230776
1005002267864238
1005001491801400
4001205149616
4001057100987
4001176025931
32541819002
1005002115535209
10000158183644
1005001291227343
32693791559
1005002270167178
32818129124
1005001615153215
32879637558
4001228612237
4000060000013
1005001324858523
4001258390955
1005002481543099
1005002090767209
4000554768730
32925780302
4000903917360
1005002339267161
1005001731167458
4001313474253
32955722490
1005002275510409
1005001612312442
1005001820182611
1005002282918765
1005002475785799
32506644535
32820018721
4001230017576
1000005173058
1005002472377411
4001227660427
4000706631664
4000682486168
1005002500557159
32917184477
32882406080
1005002167957206
32594552090
1005002242891411
1005002204834139
1005002461806947
1005002402242199
1005002412125732
32433084537
1005001814967945
4000924809367
1005001773681435
33045141798
1005002323155262
32997076412
1005002446557025
33036093674
1005002282538950
4000522105623
32917676714
4000526126875
32984819006
1005002122448632
1005001801038700
1005001493879964
4001332995564
1005002420945919
1005002342432648
4001130090604
32961817825
32977147989
1789131922
1005001882510034
32899006210
1005002235189193
4000120844502
1005002375382976
1005002353102001
1005002134336553
32825494975
4000711817166
32919280104
1005002364019949
32657170755
33014512316
1005002258441479
1005002357990458
1005002318764907
1005001399557167
10000281219768
32932584958
1005002352123138
32958378959
1005001733067961
1005002304990193
1005002007428010
1005001622325346
32984583628
4001307334638
1005002420729291
1005001742582839
32793134615
4000544525945
32864520471
32759098331
1005001954459079
1005001488509894
32902244715
1005002481347859
4000778956207
4001278913358
32922509268
1005002310352342
1005002423957857
1005001469694127
1005001305865273
32974077005
1005002192723009
1005002347557746
4000684430121
1005001688042303
32565611897
1005002221589189
1005002143523377
33044784987
32384205797
32827538883
4000695865035
1005002382892063
1005002209940760
1005001414521405
1005002326725356
1005002316617120
1005002382133433
1005001450897323
1005002312112346
1005001971596850
1005002317537149
1005002375842402
1005001587683153
1005002409267097
4001203154679
1005001393084777
1005002137293973
1005002344941947
1005002314437050
1005002002869387
4000755454982
4001241603026
32876447791
1005002249645972
1005002464972314
1005002234546582
1005001943543703
4000433199204
1005002291827300
4001313814308
10000395917723
1005002220880446
1005002453984282
1005002040723409
1005001846066178
32601481618
4000814468618
1005002484620362
1005002377830068
1005001899985290
32785295949
4001028112620
1005002428446732
32859131074
32976086857
4000690698141
33055520126
32949857640
33034090253
4001306277648
1005002344680232
1005001720413992
1005002367761078
32650620447
1005001280190917
32991588041
33054392429
1005002322048844
4000908317541
1005002229139818
32654117994
1005002214023583
32976090735
1005002236493142
33049907755
32995094161
1005002308639547
1005002291480555
32968209091
1005002431371216
1005002426153700
32875187698
32347352278
1005002357072818
1005001871988767
1005002495063776
1005002301496629
32834986807
1005002375523680
32579002795
4001154702229
32422004290
32817353283
32791155152
4000381996379
1005001688480524
33028392220
33047844021
4000235712419
1005001671462080
1005002425354818
1005002291794910
32981334935
1005002400314311
4000385884231
1005002323989258
33002010341
32998248954
32920685673
33001068584
33023182658
1005001706778189
4000990808612
32828825451
10000404087789
4000570217651
32833351062
1005001287476187
32946177638
32997389667
32793872602
32970990996
1005002354344383
1005002401404518
32911472266
1005002467078480
33007420181
1005002337036467
32603473634
1005002381890290
1005002323654970
4000296937549
32811558325
32756961300
1005002301654631
32838468075
4001195610331
4000281365267
1005002315075128
32298590130
33001618688
32228039246
1005002395950690
1005002312642145
4000058652865
1005002389010663
1005002331852845
1005001898817863
517055533
33010006054
1005001839810696
1005002090482100
1005001893111932
32799288703
32917896979
33029162011
33054889673
1005001843951075
32804644655
4001120665378
1005001626628911
1005002237996505
4000256414168
1005001493432042
1005002233375738
32993980631
4000378449958
1005001940059415
32991308615
1005002137204038
32959727748
1005001499966639
1005001434165374
1005002163232043
32954705375
1005001861388007
1005002278877737
33031239645
1005002470391545
1005001941270685
1005002406040131
4000286432613
1005002080890459
4001312947590
33045251513
1005002439049142
32964183169
32813770327
33019677094
1005002393844125
1005002371928865
1005001994525041
32862482626
33060198742
1005002271397432
1005002364525217
1005002157181945
32826055172
4000128212329
33022444931
32827207519
4001261622049
1005001393052684
1005001901071439
32974476822
33010085829
1005002303206414
1005001780904118
1005002429177207
4000105127748
32902722079
32610087331
1005001425871747
1005001930242954
1005002315161485
1005002288600234
1005001359431812
4000038078948
1005002394760055
10000214782330
4001036550971
32949402728
1005001381015951
4001163388210
1005002450555598
4000857970772
1005002313095664
32863388800
1005001729568196
4000981338823
1005002396736446
32882551200
1005001848014235
1005002426303329
4001273171798
4000562132502
32961114529
4001118996760
4001065535145
1005002414329793
1005002260427034
1005002032689537
4000031059764
1005001873730135
1005001913129877
728982859
1005001571336890
4000231936424
1005002375799931
4000448530084
1005002210104894
1005001515922698
32985537443
4001228557466
1005002341283671
1005002454640587
4000059882147
1005001958791264
4000447082358
32719702104
1005002442009611
1005002272081871
32870578287
1005002378048067
1005002264003516
4000268953858
32920359807
4000427666181
1005001681810407
33012749471
32975735594
32991297140
1005001296300635
1005002441283364
1005002212744154
1005001861384251
1005002316722050
32946192917
1005002315873626
32896507011
1005001846505729
1005002355918781
1005002298740825
1421723553
4001221461538
32901544996
1005002348020811
4001179252312
32496966907
1005002281952097
1005001984386658
32984770736
32966540928
1005002388552690
1005001885410469
4001050543904
1005001812638526
1005001575443198
4000083657400
1005002073354514
32672247963
10000055574318
32995063041
1005002288925613
4001013472167
32348342126
1005002307412203
32824891655
1005002292240831
33060887447
1005002483131879
4000989328267
1005001840539559
1005001993250127
1005001275527967
32966833550
1005002453903869
1005002344975640
32993191024
32890687030
32981744476
1005002289914830
4000210169652
4000954431247
4000132664187
32819801315
1005002052040578
1005001895992094
1005001617146528
33008201270
4000887183486
1005002396025235
1005002434957661
1005002244650728
1005002467995916
1005001803717956
32656204793
32988434360
1005002259835591
1005002205753395
1005001876966292
1005002259644107
4000684551287
32839621545
32962640928
32850485983
1005002477773229
32573496426
32568061192
4000042919658
1005002460873680
1005001349088826
4001063259283
32989575577
4000274990024
1005002213704240
1005001861271094
1005002431226189
1005001721039649
4001275765364
10000328732178
4000752842663
4000926725435
4000626058233
1005002079674961
1005002480763589
4000898286712
4001201487850
33062315503
1005002042021946
1005002467033470
1005001585525493
32919228926
32729634685
1005001670779804
32457529286
1005002345025672
32666767320
4000735915168
1742824999
1005001631576645
1005002276530373
1005001820356695
1005001303720496
32790915433
1005001954969522
4001129587327
32999487201
1005002051102151
1005002443070663
4001248964374
1005001631033232
1005002363013879
1005002316501923
1005002061265299
1005002442614543
1005001369428074
1005002030932526
32979381600
1005001596013215
32908918104
32866015946
32949957939
4000175100393
1005002476564404
1005001963055677
33001526314
4000405009781
4001222596609
1005002279106669
1005001458175734
1005002292109212
4000529634220
4001196348246
1005002180857984
1005002161512493
1005002100271130
1005001392758847
4001225927221
1005002310825024
4000235556899
4000336888522
33029901227
1005002245899601
32855918976
32841793169
1005001359245893
4001252323909
32919822770
4001064859536
4000250201105
1005001993745549
1005002253054903
1005002146989687
1005002259057367
32859174808
1005002198601510
1005002238495305
1005002303638365
1005001692462458
1005001360450843
32918139851
4000628533072
1005001714464922
1005002297740631
1005002311011561
1005002473307693
33022186421
33042879153
4001038907607
4001298832443
1005002358791381
1005002357207144
32965572533
4001316197151
32887002269
1005001963143448
4001270982598
33013465347
1005002007277318
1005002313751528
1005001349945051
4000466027408
4000720197986
33014228385
1005002253121128
1005001488677996
4000693418665
4000270426842
1005002409908027
4000296164536
1005001280652298
32919825509
1005001525467275
32967807051
32981108172
32493126314
1005002324605382
1005001428790997
1005002301403586
4000375078545
33001838718
1005001891079082
1005002314502313
32826979948
4000765811625
1005002412243968
1005002485046728
1005001380172149
32922483518
1005001756408000
1005002303918237
1005002080410992
4000190581362
32809157698
1005001274726744
4001038613886
1005002460151654
32815275215
1005002265209940
32997498431
32958103204
4000297419275
1005001561740097
1005001970550503
32899807916
4000946763571
1005001824399363
1005002407981213
1005002004301061
4000894232525
1005002392998890
4000437867969
1005001731654889
1005001955024125
1005001953332725
1005002316692587
1005002334117709
1005001644270327
1005001411342002
32853215372
33007858114
1005001708423283
4000960978519
1000008549383
32855964040
1005002205732088
1005001308669935
32960145249
32862171281
1005002295002085
1005001440747560
1005001905239340
32959345649
32838534058
1005002372302312
4000378693101
4000026150099
4000728119920
4000602044133
1005001826864608
1005002341359350
1005002388053419
1005002040095889
1005002256405062
32880756002
4000047292181
32945093631
1005002387752989
1005002004788044
32920359753
4000819660841
32994400254
1005002279336956
4000405373479
4001250032249
32978099162
33023662913
1005002224940003
4000562291816
1005001984844159
4001038788084
4001124973591
32912889859
1005001297212558
32839084334
32673088759
1005001307819438
1005002392649051
4001212714459
32894990206
1005002438133836
4001249746921
1005002352098362
1005001848797291
1005002037717124
1005002111920400
1005001506317216
1931157275
1005001670884706
1005002196404046
32968608932
1005002428701835
1005001845321385
1005002469128484
1005002480882650
1005002496133276
1000005843420
1005002294410843
4000526146468
32809460715
32928291694
4000443672038
33041082384
1005001825569248
32985883292
32878525084
32946599432
1005001897275890
1564124819
32521426867
1005002120175750
32855869470
1005001305001266
1005002063990879
1005002400987471
1005001736721361
1005001849305060
32870200792
1005001907100221
32827535762
1005002381248617
1005002290559398
4001287813439
4000630602335
1005001795130078
1005002246627534
1005002233348135
4001284924141
1005002426142817
1005001393030577
4001083992987
4001219158699
1005002454216476
4001026737807
1005002482767686
1005001367579815
1005002281748999
32862648831
1005002443495752
32831439151
1005002264396985
1005002130412092
32915145296
32981850556
10000012916439
33022994492
32953260062
1005002279275746
1005001848979614
32888903193
4000659801763
1005001636657228
33034856084
4001148876695
1005002340264246
32976429337
4000034054593
1005001582808230
1005002021536408
4000335529961
1005001793608768
4000964396136
1000008179941
4000399041234
4000812828380
1005002467756443
4000944523719
1005001936276557
1005002292878803
1005001899131706
1005002287465107
4000730623792
1005001706496333
33025838333
33049666694
1005002453333895
4000262118535
1005001285279105
1005002333029095
32974274421
4000930632536
1005001836341680
32458565550
4000387723832
1005002291546771
1005002264226832
1005002424385868
4001250992647
1005001336403108
1005002318883274
4001227643428
4000379137228
4001090639557
1005002419350130
1005001454180760
1005001530393356
1005002264390306
1005002372298044
1005001324484074
4001272267491
1005002454321624
4000747320304
32962105986
1005002136865063
1005002038413846
1005002341155910
32910174758
1005002397791273
4000130694962
32898676371
1005002229229496
1005001567022111
32813838880
4000219388278
1005002292237937
33040885010
4001242203075
1005001607591540
4000960850890
1005002277710644
1005002282773360
1005001521818968
1005002488868272
1005001858119273
1005001703956648
4000086442768
32512273832
4000357241654
40012644052884000640936637
32917985640
4000340331319
1005001978786455
33034326005
32951483200
1005001911941125
4000613888715
4001054025692
4000773660272
4001230349710
32983519231
4001216615688
1005001458497161
1005002235203481
1005001291696754
1005002358017648
4001289203309
4000864563474
4001106455525
32696062204
32961055917
1005001500658773
1005002497825781
32910913496
32389829470
1005002383206224
1005001895364337
1005001298944370
1005002320704001
4000283980921
1005001914488146
1005002291389221
4000267399826
32356240656
4001166033446
1005002126306825
4001122562978
33009767455
32807687369
4000990326384
1005002254524085
1005001377915491
1005002312151125
4001297165178
4001303191762
32852769416
1005002171085199
1005002267652886
1005001586143681
4000891347755
4000544241624
1005001680532648
1005001382220396
1005001445108473
1005002324029360
1005002012638661
4001260161790
4000833272425
4001264758793
1005002439463140
4001214267026
1005002421404624
1005002282451648
10000381380739
1005001383748703
32824768349
1005001731210869
4001201427451
1005002261158472
1005002243172260
32870357097
1005002318590852
4001270220992
33020283554
32888776420
4000115652014
4000529251609
1005002280716006
1005002322417608
1005002454245548
1220851506
1005001851795921
32916844740
32887514734
32860818895
1005001677904429
1005002457901228
32877942376
32863286137
4000428607619
1005002383183395
1005002434520804
32968395763
4001220316154
1005001961463547
32650659456
4000849981047
32609175578
32504781348
32974353105
4001319567260
1005002286253040
32808197248
1005001397770690
1005002260975241
4001134627116
4001151274160
4001142498869
1005001431123326
1005001762281020
33055614176
4001041820107
1005002167980300
32900615553
32755443576
4000899641497
1005001867395289
1005001453546072
4001365829966
32908009584
4000788087421
1005001700661873
1005002383820583
4001121306504
1005002357325838
1005002353596540
4001104289849
1005002372174911
1005002224388192
4000771303978
1005002248559682
1005002291488565
1005002277676715
1005002337354254
1005001603952560
1005002215425652
4001296952575
1005002242073235
1005002316929768
32898466357
1005002229236690
1005002440427042
1005002486066798
33033302513
1005001912731671
1005002426639514
4000571195089
4001054060776
1005002253133361
1005001626426880
32858550381
4001259554694
1005001640218537
32698358596
32864652909
4000626123784
1005002313818442
1005002227686502
1005002319066165
1005002382978526
1005001561014521
32946956739
4000562198438
1005002467966907
1005002329631064
1005001699620493
32948238792
1005002417199544
1005001838476705
33038086255
1005001715608247
4001304674863
1005002345530947
1005002021474832
1005001482512896
1005001688967349
32839115311
2048722075
32972151932
1005002457480318
32984030690
1005002318003582
1005002365207492
1005001638737091
1005002305046734
1005001559877999
4001229973065
32723989525
1005002332300187
1005002307162943
32789056484
1005001616807529
1005001469560977
4001316175993
1005002266119714
1005002386034872
1005002344211976
32880585472
1005002351428892
4000240442734
33023561689
1005001494519383
33033243560
1005001589000636
1005001546858303
1005002272282757
4000785392345
1005002122366338
1005001597016548
32794871599
1005002027045339
4000904195407
4000599407321
4001097173966
32805873771
33023728317
1005001884015911
32871203808
4000852977186
4000855166967
1005002474937960
1005002254090294
1005001365419794
1005002481826756
1005001610483058
4001262035964
1005001425706558
1005001706461263
4000291364588
4000579168231
1005002320587214
1005002298531744
1005002277893167
32972309018
33057384338
32976050177
1005002172016622
32825724830
1005002355929014
1005001304162469
1005001525495135
1005001568622535
32948604451
10000013568593
1005002416388976
1005001906360098
32862151153
32811237176
4000553771305
1005002460055290
32860832326
32727440502
1005002352031194
1005002368083272
1005002314567109
1005002233406067
32380312517
32958805949
4000010250998
4000834445833
4000717743344
32948079455
10000232418403
1005002027963345
33027029491
4001161892380
1005002233345214
1005002304454324
33059030819
1005001868949225
32760538023
32696580698
4001344909866
4000813842621
1005002265268783
1005001997475079
1005001874526046
1005001507274690
1005002306295676
4001038746772
32883220957
1005002453928589
32977695965
4000053873634
32777411307
1005001462047000
1005002450485295
33025769863
33030753879
757340514
1005001361183661
4000628736480
4000301048751
4000839854262
4000887956538
32750148777
32965628364
1005001614590638
1005002250566566
1005002110726835
32991053966
32831929995
4001126325000
1005001768285918
4000990897011
1005002314324586
33000822926
33023173724
1005001607370913
4000974993187
10000072435788
1005002413642152
1005001608533725
4001239015609
1005002078677522
1005001685734652
32810073583
4001192980117
32955757388
4000070743150
4000966222028
1005002431228923
32853669191
1005002160089004
4000054795329
32994177265
1712386867
1005001409263992
1005002368075648
1005001401978424
1005002204948390
1005001848570401
1005002454036291
1005002293863969
1005002328408118
1005001685997879
1005002139477274
1005002238133760
32962923893
1005001550833979
1005002457430361
1005002412486432
32977561484
4000816044640
1005001362518238
1005002044669176
1005001632569956
33008800558
1005001967627544
32953876110
4000013518005
32659245887
4000999082063
1005002293405013
4000007710580
1005002238139649
4000258924809
1005002073508263
33048333275
4000253841917
1005002406172459
1005002363832575
4000764818522
32829135258
1005001289969197
1005001927719365
1005001952840628
33043095877
32823249809
32860185607
4000578895197
4000774411991
1005002335248460
4001347933202
1005001732899509
32376794730
1005002409767903
32886772166
32619363035
32974364228
32887338869
4001037091329
32908729608
1005002224947540
1005002288870907
32979084735
32931485297
32756896221
1005002461124119
4000233583863
4000740067666
32849938304
32884931690
1005002460711856
1005002396417286
4000274285476
32955832153
1005002058500839
32902874276
1005002054399965
32924803567
1005001354877522
4000538274697
1005002368686851
32356479207
1005002388976352
10000395865925
4000115255635
4001010879275
32953806283
1005001451309442
1005002439030084
1005001835388907
32857522318
32958584472
4000144556294
32883543386
32581040594
4001326564497
4000776761424
1005001315857273
32946136966
1005002387219760
1005001617869489
1005001561038233
4001018857466
1005002359663730
1005002135880985
1005002457059746
4001221822303
1005002450308266
4000199868496
1005002258672756
1005001623119991
32962715398
1005001906836442
1005002345833420
32849943426
32907859211
1005002216319564
4000088488359
4000906308253
1005002334125183
32961944692
4001230215906
33010416187
1005002277740476
4001115929203
1005001599416552
10000364787130
4000872797867
4001297219577
10000400035778
1005002417219261
1005001689544554
4000124994753
1005002291609022
1005002244788736
4000238420483
4000641970134
4000770094415
1005001893826479
1005002446897920
4000924642229
32781709001
1005002465672217
1005001789191029
1005002476843288
4001225180894
1005002454395341
4000012906122
4000204165187
1005001334881407
1005002394417915
1005002211202916
4000460754126
32633817650
1005001659295574
32303307822
33020045048
4000340185931
1005002167157358
1005002454619390
4000699531627
1005002353843880
1005002488071063
1005001700562935
1005002418465085
1005001846182453
1005001588186694
32858439705
4000038328772
32826479302
1005002290174444
32369006887
4000033054053
32843116313
4000029334436
1005001417052793
1005001576349720
1005002475508698
1005002405459276
32653032275
4001127502301
32757642889
4001263934222
32700962685
1005001793853292
1005001474028963
4000632014115
32895724732
4001360526671
1005002271317139
32992943169
32617582699
1005001976762627
32971088330
32904499412
1005001297311361
4001165812338
33046292666
1005002377483129
32786501174
4000934572083
4001062014443
1005002034183583
4000933709007
32844961057
1000006820064
4001179549734
32616360625
4000023151048
32989416067
1005002494973991
32973191059
1005002311116575
4000995981527
1005002462078923
32857065975
33010059904
32868927062
1005001615173386
32809073388
1005002351805770
1005002267325741
1005002298113917
32822587370
32961983960
1005002302721695
32474229106
1005002316103398
1005002404843289
32993232353
1005002421457330
1005002443522148
4000203700227
1005002240345587
1005002211760887
1005001847600845
1005002364231671
1005001349978379
1005001897496125
32962164195
1005002317210934
1005002147983585
1005001737282829
4000393078957
4000661584066
4000704522170
33049172593
33022174481
1005001405977818
32994912058
1005002246531234
1005001566037716
4001148752262
1005001896543751
1005001466051189
1005001617388469
4001153317105
1005002296912166
1005002289025996
1005002229843689
1005002404444570
32954863665
32880752629
32962169067
1005002339173909
32957130386
32730482949
4000752039307
32884448998
32964130546
32857331307
1005001374081124
32852466641
32812267796
1005002238255146
1005002051739237
1005002317344843
1005001780283300
1005002383026786
1005002284038114
4001190366081
32796893429
1005002470781684
33005556108
33005942477
1005002306363024
1005001977107945
4000983607376
4001309532078
33044433330
1005002387744029
32999969954
33009458976
1005002314337105
4000641033154
1005001789522813
1005002399480945
33016455829
4001271141780
32955973790
1005001510811793
1005001980557630
1005001872885492
1005002452872711
32914328736
1005001338486236
1005002100888318
1005002490494337
1005002447237550
4000189272796
1005002279786424
4000844409451
1005001412272608
1005002465304619
1005002278806007
32894853846
1005002025152210
4001114239721
1005002267740199
4000945212007
33030006755
32918654329
1005001670705253
1005002375961555
32961563926
1690209994
1005002262600335
1005002340267343
1005002153497886
33012809915
1005001992101062
1005002194051387
1005002167043844
1005001464771596
4001294294137
1005001321522674
4000080386860
1005002412256686
1005001292429902
1005002437963080
1005002473276902
1005002345276560
33050612540
1005002439591161
32858941880
1005002340852712
4000417055454
1005002094781592
32750682547
4000747544182
1005001752874944
33012301704
1005002416437582
1005002181724059
1005002394974885
4001187292448
32835295385
32848595557
32855758346
1005002423798782
32846310693
1005001622549002
1005002250659219
1005002467164736
33043426606
4000369760129
32979558184
1005001720552442
32894288967
1005002310895718
1005002457063882
32953123267
1005001293761552
32566360278
32959653637
32811117410
1005001579663421
1005001482295319
1005002337103098
32892621754
4000099089971
1005002346295599
32993433937
32975728996
1005002239316416
4001174190632
33029761779
1005001460615112
33027505977
4000974437155
32933186063
1005002190301879
4001350233563
1005002012220862
32764434360
1005002259446107
1005002333906283
1005002303559504
1005002238248432
1005001721678499
1005001659643966
32885827033
1005001583174658
4000115321684
1005002335190493
4000474701457
1005001694785474
1005001489480253
1005001308080528
1005002114155902
4000648734969
32705482690
1005001273492667
4001239939957
32920397384
1005002006065325
4000857299152
32941919827
1005002314073464
1005002235154839
33051849461
32960305514
1005002001052831
4001185741695
32931730094
1005002147225066
4000234098022
32615074100
4000058125173
1005002414083194
4000843030149
4001179885869
1005001721352978
32957265265
1005002309254799
1005002047202210
1005001576583069
4001289177372
32935099100
1005001640264465
1005002023424295
32749490548
32764987911
32874292453
1005002405170960
4001270978606
1738222189
1005002252045785
4000037642519
4000209133600
32985891786
32614617722
1005002381147220
1005001978262464
32846446925
1005002167601733
32974502803
1005002395200463
1005002317774050
32923463985
32316311262
1005002314852948
1005002342802686
33014147897
1005002271992201
32981617944
4001221581311
33055682630
32868652234
1005001817105521
1005001592371575
1005002442065330
1005002324032532
4001019516961
4000044832499
4000022645374
4001186180241
33034953918
1005001457511313
1005002336045501
32853542056
32998319330
1005002427809802
4001122186574
4001312721822
1005002281825784
4000798532833
32812241760
32974600027
1005002253028128
1005001413326988
33059190389
4001131468746
1005001808013029
1005001493264805
1005001692757499
1005002248570728
32993578945
32771704434
1005002394549110
1005001609929932
4001040878895
32978372777
32883985324
4001275394091
1005001670757904
1000008095924
4000746221920
32266964971
1005002311555631
1005002345524926
1005001290499786
32834064612
32842568271
32721213792
4000264845697
1005001671469571
4001031190186
32381459647
1005002312039300
1005002369959513
1005002381959697
4001364388669
4000114195138
1005002064098321
4000469353072
4000931130992
32956442220
4001286734125
32958513240
33030022166
1005001849577762
32947465376
1005001485460698
32678362076
1005002425298260
1005002126306112
1005001833723347
4000954749601
4001360817531
32855681875
4000043051017
4000562360587
1005002369774029
1005001598111337
1005002310087920
1005001912649877
1005002247677680
4001241334394
1005002290085159
33023000793
32998317196
4000080948245
4001021713883
1005001991721673
33001485500
1005001337532655
4001053640294
4001212081764
1005002483137038
1005001708498636
1005001611375943
1005002377683349
1005002094843722
32923563297
32862994340
32721583527
1005001901324332
1005002260006374
1005001273196368
4000679789721
4000109300867
32892376947
32998148294
1005002490059539
33021256275
4001278968917
1005001465189364
1005001949303145
32914550757
32996308705
32856553300
1005002258999653
1005001525447551
4000570123472
4000615512023
1005001802578782
4000068237108
1005002152909947
4000236239796
1291107881
1005002228750042
4000380696515
1005002245589352
1005002301143051
1005001290824757
32789562932
1005001971132402
4000738062463
32753986178
1005001650047399
32378628951
32834107968
1005002382543634
1005001942521544
1005001381336089
1005002296878974
1005002289031852
32990173877
4001148289883
4001172819811
1005002305724293
1005002022108068
32960916936
32963071985
1005002284075610
32975267753
32964082062
4001314858199
4000876544888
4000250842702
1005002371956617
1005001529981696
4000777479779
4000031919611
1005002492914349
1005001324689493
32864008444
1005001542721350
1005002350615361
1005001958784086
1005002347335447
33037744953
32955452364
1005002426788508
32924235740
1005002234838959
32970345977
32974120358
1005001695550545
4000131160218
1005002295399444
32991402667
32815333456
1005002428675504
1005002390773854
32869804938
1005002288645996
1005002034439190
1005001698786066
1005002050364435
1005002386976754
1005002302275217
1005001550019936
1005002198796338
4000924296846
4000693731652
10000040457814
33042061023
1005001984454123
4000849025688
1005002282703135
1005001937494669
1005002314610557
1005001840566978
1005002321197906
1005002413416103
1005002396348899
1005002281952210
4001297218654
4000782125667
1005001323062421
32394727338
32924002145
1005002281353093
3260664070832998266686
1005002314107101
1005002069288410
1005002363457299
32839304782
4001234568916
4001054740122
32903601821
1005001414116407
1005002357730613
1005002243247889
1005001709290206
1005002211019529
1005002454230910
1005002276583677
1005001537808212
32820004793
1005002128616962
32784029386
1005001519038765
1005001286574666
1005001665022594
4000090402268
1005002276596054
1005002361216558
1000008252108
1005002167028678
10000399944702
4000315168697
701850560
32802386137
32830230375
4000023723290
1005002234921981
1005001339864495
33007010028
4000708256342
4000627712552
1005001976945454
4001038791298
1005002265395774
4000926687178
1005002377044999
1005002423512650
4000856306322
4001118985979
4000594522182
32979089603
1005002060839954
1005002364444303
4000756891870
32457007534
1005002439525786
1005002374245974
1005002253015836
4001171646355
4001332416358
4001204706862
4000927752514
10000032102416
1005002473382131
4001247727865
1005001584548988
32709395318
32791535877
4000452347402
1005001652650987
32275063362
32962706451
33013556574
32842081318
32881434813
1005002340203087
4001145162032
1005002311638617
1005002426763528
10000411771509
4000543914085
4001171807765
4000097175260
1005002103650259
1005002387299611
4000580064663
4000009612853
1005002119745555
1005002093833990
1005001885940744
33007183598
1005001329105189
1005001506468903
32658479498
33047198378
4000824394834
1005002446402476
32828194640
1005001687643948
1005001455980316
4001189350156
1005001621666263
33003555344
1005001715513743
1005002258020488
1005002312566578
32492251077
1005002390235820
1005001407682485
1005002488305829
4000069818571
1005001665218633
1005002314002191
1005001361482020
1005002213699076
32920748893
32875414754
1005002313463010
32970709389
4000781127601
10000395911423
4001077281976
1005002128556893
1005001868952974
1005001942218083
32552649620
1005001652527344
4000439173688
1005001344568191
4001280196279
1005001345368089
4001063922665
1005002465774280
1005002292465445
32848264617
4001208774011
32882389417
1005001736789451
4000121083240
4000812560549
1005002058335888
32653374985
1005001619605004
4000683147354
33046316337
1005002253174057
1005002064941135
32882924767
1005001658418090
4000336267712
1005001656794914
4000704184323
1005002467007621
1005002002532654
33045524780
1005002351588108
4000323045099
1005001389141267
4000517367500
4000955390444
32856037404
1005001417026770
1005002207557222
32853091631
1005001348362962
1005001769584692
4000310722751
1005002247196538
1005002364944136
1005002015536699
4000695498292
1005001577109111
1005002153831560
4001138976723
1005001977255412
32839836437
4001027022978
1005002157769013
4001138708476
1005001779866772
1005002367672228
1005002314488938
4000465876798
1005002428965293
1005002239732285
4000001507823
32729919942
32909457928
1005002311622798
4001119719539
1005002377870308
1005002281135689
1005002086004454
1005001890805411
33018615438
1005002007167741
32841639500
32665861953
1005002333448135
32859832576
4001214244519
33032143030
4000305606635
1005001792928927
1005002279195998
32852171394
1005001927641852
1005001640634135
1005002311598772
4001217217318
1005002281658491
1005001441292685
1005002354739915
4000385385278
32816701205
1005002363115730
1005002372894353
4001175475285
4000026693699
1005002080352371
1005002334027474
1005001917869820
1005002233877448
4001037645464
1005001604581994
1005001500581535
1005002275682609
32312175395
1005001552468249
4001327465129
32629624879
1005001599217326
1005002370799033
4001159944704
1005002432265861
32844689157
1005001411788326
32903947502
1999660576
4001286022531
1005001584599559
4000173531924
32410314828
32958194056
1005001773993661
1005002304128627
4001102303267
1005001525424474
4000493142292
1005001862787982
4000443683629
32784433363
1005001648468823
32817898232
32933102751
1005002359820176
1005002334500557
32858574089
4000967542487
4000662556534
1005002460294427
1005002333528009
1005002410832708
1005002485474087
4000893341521
1005001620799636
1005002196782935
32701307329
1005001797105129
32990879837
32987369330
32955238725
1005002253674874
32847577939
4000158366609
4000057308158
1005002313476056
10000029491844
1005002196950899
32957873158
1005001592041121
1005001745124826
1005002490799086
32878813543
32980397246
1005001441219259
4000329487459
32898822145
32916912946
1005001859277894
32976281442
32902510549
4000926783124
1005001856888753
32825543423
1005001393320776
1005002321263920
1005001731193281
32890069339
32830517264
1005002446913904
32855335842
1005002372291013
4000959253390
1005001863677086
1005002330802218
1005001869424285
33025895458
1005002367499040
32928750962
1005002290020164
4000816789767
1005002315858847
1005001425504569
1005002314530483
32998388083
1005001970451235
1005001603619338
1005002113180424
1005002454357176
1005001906288380
4000083587236
32842161591
4000375302055
1005002323269425
1005001605552207
4001302432407
33016638772
1005001994809934
33034207450
32965650415
1005002350418821
33048280800
