1005001529486750
1005001305307495
1005002388751976
1005002328411600
32847099941
32962048174
4000492815923
32834639937
4000864569175
32944386381
1005002434873215
32704967643
32820807478
33037781737
32850550793
1005002337038637
1005002485095271
929679689
1005001935877023
4000032380918
32413110986
1005002444273272
33050841849
4001051404807
32445887388
1005002064840328
33026611096
1005002443139207
1005002100773841
33012751432
32788488522
4000803683696
32554259281
33009728737
1005002239679506
4000338685608
32849102980
1005002369061233
32909272015
32973145605
1005002365011882
4000322046143
1005002287454197
1005002167139727
1005001305913174
32836804722
1005002298721928
1005002018040046
1005002491265467
1005001771834619
1005002277499701
1005001474774964
4001081693310
1005001525428579
1005002296720916
4001262492160
32952657948
4000727055320
1005002065401225
4000627436819
1000001850374
4000509969832
32960163596
4000709202251
32954063520
1005002314270963
4001258539892
32344910658
1005002315240418
1005002416868018
1005002450381790
4000629993992
4001014735943
4001111798190
1005001935972066
32847228883
32999104237
1005002232875959
4000028606573
32919859153
1005002378024567
1005002413650456
1005002355865552
1005001361280354
32976279289
1005001816509910
1005002317681765
1005001765288990
32827823303
1005001840840042
32964063849
32427203204
1005002347734726
1005001475775037
1005001391937343
1005002357765553
1005002294481319
4001209147406
4000706676016
1005001683167708
1005002359830411
1005002136465675
32862774079
32901888270
33053427183
4000993473229
1005002481245250
1005001670748928
1005002156551822
1005001954029960
32912978749
1005002128487270
4000960161637
32230259918
4001082486052
1005002374390388
4001187046557
32838814038
4000070658622
1005002395204159
33010508375
1005001694150147
1005001678534588
33019519161
32920867192
32985251016
4001064974975
32886930895
32841348059
1005001810998118
4001296136851
1005002386158304
4001128616242
4001042487823
1005002382410620
1005002439037838
1005001699172028
1005002352071059
1005001871734993
32853847693
1005002421431158
1005001646789381
1005001968704196
1005001712862699
32270664919
1005001462336355
4001190781739
1005001419545870
1005002470190322
32529709993
32958114897
33034910643
4001155744383
1005001804046814
32592753519
4000173051575
32849104484
4000118537644
1005002311797752
32910568410
4001085624372
2046696388
4000458876727
1005001555693878
1005001500071452
32831632500
32909678574
32741581611
1005002350403001
1005001338327377
32866281962
1005001792111976
4000518845258
4000769770665
1005001679962106
4000076250642
1005002230357396
32946385766
1005002046175827
32801720345
32934738179
4000098517865
32804425062
1005002018370472
1005002476244575
1005002406431985
1005002443079746
1005001574523559
1005002099936227
4000089036993
1005002218169289
32820670680
4000755497788
1005001839581283
4000838044456
32915570528
33040827623
4000452677244
4001283976697
1005001632077331
1005001279151205
1005002264089229
4001157505328
1005001850966112
1005002244155891
4001188785438
1005002315854855
4000811100269
1005002339421130
4000564592094
4000514839272
4001263052203
1005002272743733
4000668765767
10000408294612
1005001808626433
4000224116093
32919793495
32908058254
1005001952813117
1005001764669376
32899685391
10000003732233
10000128073089
1752983110
1005002309837485
1005002068754975
1005002421233442
1005002374966497
1005001284988649
32539477959
4001229833019
1005001525537852
4000414266015
32947229719
1000003617206
32980043527
1005001988040789
1005001883383828
4001177927078
1005001863414683
1005001780631755
1005001713149213
4001235382907
1005001967196123
32835908846
1005002399823524
32888669454
4000234465837
32953085244
4000692972644
32468036013
1005001308783040
33052912335
4000583558504
1005001352377916
1005001488603593
1005002315874762
1005002333914503
32792723820
1005002171023455
4001199732970
32711470777
1005002462996057
1005001782245946
33001356783
1005001909848004
32912368639
1005002267912444
1005002431665387
32996656175
32996330159
1005002298341222
1005001510066315
1005002350799469
33009651982
1005001451842456
4000264704654
32998922958
1005002035828400
4000050242927
1005001858682595
4000543465092
33023222421
4000717303534
1005001480232438
1005002342553511
4000373675739
4000600742773
32978707719
1005002305538636
33048316622
4000123164684
4000029162072
1005002049221687
33027808542
32918824448
1005001407696155
1005002368198717
1005001522340268
1005002318821866
1005002314429664
1005002484020799
4000990967994
4001227770650
4000114985044
4000437434592
1005002081081164
32983656648
1005002122287969
33009721830
1005001359463158
1005002211382033
4000516380380
4000216837039
33009745906
32853862505
33039191313
1005002298506124
4000590458159
32789273381
1005001588093855
1005001376280551
32955754489
32979470870
1005002467124077
32406060569
32741751341
1005001488232317
1005001603963932
32883711561
32830379225
4000013606658
4001080705136
4001134631917
1005001291926806
32406534139
1005002358922223
1005002341276352
4001173696759
4000453589461
32823859550
4000192564896
1005001329368544
33057201868
1005001863643539
1005002259344928
32996104778
32817316067
32909007449
32800963044
4001309178640
1005001598452890
4001126443863
1005002252340536
1005002378361288
1005001344506215
33038078860
32999566119
4000627163162
1005001515914797
33044467818
1005001474382612
32789286483
4000299405081
1005001596736159
32864441807
1005002095474602
4001305760337
4001218684984
1005002443077737
1005002260460642
1005002276452130
1005002198808591
1005002229735254
33003744546
1005002314639459
1005001838295946
4000212885333
1005002000022261
32982357741
4001310848333
4001223215410
4001290363891
32790970151
1005002329642011
1005002335202322
1005001676885358
1005001644524927
33027074419
32611064790
1005001918141555
1005002368520033
4000627016008
32921618261
1005002490114198
1005002380860667
1005001504697515
1005002344346924
1005002460575980
1005002453163894
32891034698
33059951362
1005002292641030
1005002289528576
4000197514789
32955088202
1005001417732809
32912881660
1005002279176542
1005001557232825
4000498398973
32966687999
1697368845
4000202159685
32857928181
32789220602
1005002304048027
1005002386762066
1005001803326419
4001027556461
4001252510847
1005002156138405
1005001379483637
32298210509
32852239512
1005002367833794
1005002208449378
1005001295948857
1005002271295336
1005002261382844
718345642
1005002314340132
1005001947329474
1005002333281740
1005002357674950
4001013393497
32796669273
32916726776
4000691018391
32947077903
4001313297101
4001079668809
4000885398069
32799081742
1005001926502079
32868576066
4001235052477
32994018350
33001662550
1005002295433683
32990901360
1005002245134565
1005002325720614
32923571453
32656797424
1005001292007541
1005002336543319
1005002330777192
1005001818042348
1005002402550126
32930455925
1005002103619013
1005001861477739
4000051729032
10000400015528
1005002393130234
1005002035286891
4000743503986
33014765271
4001274989761
4000433716947
1005002161600100
1005002338920595
4001010655488
1005001375264229
32986737189
1005002311418028
1005002469942448
4000730785698
1005002443527003
32303469415
32899871587
1005002434815904
1005002037734109
1005001530285290
1005002357661908
1005001949928748
4000744745246
32383371220
1005001685496006
1005002314223962
1005002199152354
1005001581741134
1005002362433327
1005002497367789
4001062596947
1005001329750833
4001045644059
1748846156
1005002434491950
1005002424116373
1005002220667122
32874450482
32813058340
4000928164500
1005001896636080
4000990899809
1005001525305972
32767624562
32935103966
4000691938913
33027820124
1005002220076016
1005002262139640
1005002072555142
1005001950241397
4001082016041
4000816613764
1005002245671238
1005002236083214
4000508540528
32808113671
10000032357448
1005002295159426
1005002222562946
1005002282750817
33045254508
1005002362949383
1005001264815069
1005002314422592
1005001310855718
1005002354521194
4001274956424
1005002500527199
32772047972
33027030281
32989099223
1005002377634027
1005001403180590
1005001703680806
4001018209649
1005001834727535
4000164557523
1005002428346217
33002979756
32971359340
1005002388182558
4000993814748
1005001562720158
1005002208362449
4001348035359
1005002237750694
32858734659
4000642528767
4000420326056
33025049018
1005002438072164
1005001656809070
1005002314407021
1005002241995336
4000944634721
1005002074952604
1005002341319972
32819831624
1005002333891779
4000865451568
1005001901214651
4000920405470
1950537641
32858696443
32953887904
32971384075
4000384974818
32706482088
1005001666119119
32960993462
1005002418685382
4000682431408
4000988794425
1005001491540113
32995877840
4001320446125
32805883117
4000033054085
1005001860964042
4000850584235
33012355154
1005002350483441
32820479718
1005001838219376
4001240251655
4000862546360
4001265716206
1005002376782379
32877906209
4000318309683
32806188373
32965658705
33027470380
1005002478526015
1005001785255510
1005002137087759
1005002131359170
33054227245
1005001296110114
4000271473057
1000007916174
1005002346472820
4001341282218
1005002396651850
32988232059
4001225167375
1005002468169681
1005001761503712
1005001453042926
4001053871549
32849657093
1005001725545864
1005002405149028
32695088771
1005002324843307
32867954565
33001532288
32839476464
1005002261464178
1005001652951865
1005001567404827
33024249835
1005002175668254
10000286144976
1005001514274662
1005002402377211
1005002333185458
33063711397
1005002309558445
1005002297935850
4000385330189
33003500267
4000522168896
1005002079220209
32895398287
1005002244324688
33036154958
32974786408
32994715423
4000459691526
32905356195
1005002442547000
1005001677609573
4000127594213
1005002362658240
4000819989161
4001302343422
1005002324119295
32747268087
32850342698
4000047882565
4001153359513
32892871125
1005001525260904
1005002313403742
1005002426806575
1005002220866398
1005002334631416
4001061062492
1005002396933249
32831149264
32816952613
10050023792794701005002287604012
1005002210626089
1005001793445859
1005002214572989
1005002373152047
4001217207879
4000858995349
1005001596390939
32973820400
4000370993148
32424795119
32970341752
1005002375136636
1005001826512970
1005001607607356
33002033651
32792780297
1005002414334492
1005002345940568
1005001367674530
1005001941746769
33027525986
1005001658703110
1005002125685302
1005001870383497
1005002107676489
32783252380
1005002361454364
1005001736343405
4000844901046
1005002412912547
32997250634
32975012995
4001255108263
1005002313145395
1005002265314167
1005002386845944
1005001374937017
1005001775309820
1005002318382555
32921400421
32898208626
1005002298270177
1005002265295603
4000609258538
1005001897041611
1005002161783348
1005002310844368
32957625583
1005001341191757
1000007448537
32863682221
32811844359
32878545138
1005002075087427
1005002465046084
4000628868312
1005002433806026
1005001869463867
32712118784
1005002231650999
1005001611681459
32866101633
4000782097907
32899781542
32731513640
32891775072
1005002453990748
32953748669
1005001954884728
1005001320770578
32846827832
4001212951855
1005002404254193
4001084143446
4000778130907
4000493331031
4001160844417
1005001855210055
32789825840
1005001457809981
32956902079
1005002027668571
1005002264130254
32961251619
33048822227
1005001744165669
4000825744806
4001134948464
32904924708
4001195605443
1005001627535551
1005001737675810
1005002434074624
1005002422132279
4001267115304
1005002094919486
32699248400
1005002301594256
32979987090
1005002111729867
32944793319
10000400041625
1005002251844856
33046897959
1005001961706333
1005001610401767
4000092355225
1005002399442135
1005001526825953
4001127172137
1005002490416943
32973528567
1005002205545217
4000597748408
4000900488709
2033459147
1005002340828996
1005002382392769
1005002400201459
32826682820
32917829694
4000842976402
1005002211195011
1005001398881544
1005002425036556
4000319152947
1005002167934601
1005002278845333
32866417829
1005002387949161
1005002399575274
4000856876560
1005002253558133
1005002267913996
4000219392374
1005002288951878
33009536061
1005001443474984
32645484403
1005002411143229
1005001520297319
1005002029694618
1005002409279640
4001040930695
33004805693
4001225142638
1005002121118990
4000103798366
1005002382969120
1005002316491812
33057803421
32851841949
1005001700930048
33033852098
1005002428423905
1005002316419753
32798686131
32726466734
1005002350645230
1005002250369247
1005002348730954
1005001548187769
32968454016
4001072027889
33002864768
32962064195
32892673128
4000964343509
1005002397676655
32396001358
1005001825607287
33045717160
4001307385331
1005002313985767
32866668749
4000420313165
33024855918
1005002370345235
1005002252467396
1005001918981009
1005002336236199
1005002395751744
32999535295
1005002389082850
1005002355067842
4000240434926
1005001987542888
4000850100894
4000186068986
1005001652051823
33001885324
32860117750
1005002470036478
497035324
1005002282477948
1005001579903303
4000763643891
32971087660
32803018435
1005002371401834
1005002392185288
1005002220802912
4000875329921
32968950243
1005002457012225
4000914921478
1005002293927884
4001289028504
1005002310380356
1005002284306088
1005002448725620
4000204266996
1005001337747726
32868930793
1005001660105976
4000844242415
1005002364770013
1005002088687334
1005002004506521
32824436951
32950609924
4000961694404
32774481811
4001183800093
1005002260539493
4000973477637
4001105068396
1005001670318023
1005001685831085
1005001356492842
1005002378814372
1005001474868484
4000791124169
10000374391438
1005001632466883
4000131035089
4000435278872
32840676829
32998680683
1005001627105389
1005002394322941
1005002484096099
1005002500397918
32813541302
1005001921580432
1005001524248968
1005002347241178
1005002351116551
4000086412631
1005001731082854
32853570710
1005001616862465
1005001759279410
4001246542617
32661881905
32857291075
1005002256841406
32791333385
4001274659399
32822474276
4001215350723
32957130650
1005001948231277
1005001911877648
32793764654
1005002247994636
1005001757908548
1005002376847227
4000671068042
1005002020640632
32965091400
33021172144
32800478364
4001217385727
4001237344237
1005002418769226
1005002381432080
1005001997361013
4001233929998
32918304272
1005002217888883
4001285258264
4001238049374
4001358476596
32949964382
1005002073727568
32909919345
1005002467857858
4000096131900
4000288967820
4001163115351
1005001988958974
1005002335029729
33059396198
32860187227
1005001708908733
1005001917889550
4001282984541
32971159458
1005002449538134
4000785835710
1005002370687074
32889136035
32623288655
1005002262946285
32981003445
1005002273428468
1005001652095677
1005001804869201
32908613622
33059671936
1005001452512834
32832311949
32855564814
32993781884
1005002240181393
1005002271391986
1005002224528219
4000433393873
1005002343241281
4000053863498
1005002283432300
1005001604242069
4001284462055
4000357654449
32366990616
33004597937
32978411206
1005001877808070
4000292687346
1005002428524389
32998727629
1005002446349027
4000113347536
1005002324072146
32704673378
1005002023850652
1005001324700074
32974005843
1005001905600671
32995989366
1005001848425387
32557021060
1005001590962383
1005001556506145
1005002316496975
1005001525852800
4000835167558
4001355997630
32996757712
1005001656860760
32881636709
1005002090263400
4000225563102
1005002388232903
1005001848824061
33001985385
32821202486
32973955990
1005002363023474
1005001771855070
1005001756638476
1005002341400976
1005001688022502
32882002324
4000757091269
4000986332756
1005002344436379
33032407542
1005001281009252
4000096804593
1005001817967812
32353655624
1005002389756717
1005002321000386
1005002323690587
1005002326269696
1005001419288031
1005001713967992
1005002390304578
1005002367938126
1005001978706617
1005002482646338
1005001515894575
10000314774878
4001211653439
32386211100
4000459326373
1005002076804388
10000420111233
33013281618
1005001533358348
32791724943
1005001999444650
32516550459
1005001524321908
1005002319121766
1005002421577718
4001061691597
32829312009
4001028281963
1005002315949446
4000735057401
1005002081648541
1005002272446977
1005002467974933
1005002316472267
1005002321878050
1005001504701522
33027127678
4000688947209
1005002466276039
1005001399372435
1005002313599729
1005002256559515
1005002092572212
1005001859699794
4000449463995
33011018777
32899063763
1005001954776901
4000996246697
1005002197834462
32727568508
1005002230233066
1005001884798594
4000927505169
1005001666177194
32868586210
1005001867368186
1005002475237450
1005001392746985
32269414338
32861347504
1005002374576909
33000230446
32840273654
1005002258622423
4000902234332
1005002398695621
1005001928701583
1005001521860652
4000544059829
1005001695527016
32947960816
32919952777
4000182300796
32924440910
1005002175149358
4001235394721
4001023864953
1005002473631462
1005002219716269
1005002265575390
4001225227619
1005001625161675
32438608643
32954446840
1005001523450046
4000397527480
1005002258523707
32914134042
1005002120599329
4000099581446
1005001698653497
1005001670998040
4001082079595
4001231311358
32271771922
33041353335
1005001428820990
1005002358436287
4000159106954
4000773632161
10000406313265
1005001413475543
1005002294398320
1005002320934820
1005001781722746
4000849765466
4000398274591
4000767966548
32997312571
4000060077458
1005002314308818
1005001631474347
33020203700
1005002125597916
1005002288159930
1005002177856974
1005002413229818
1005002372554090
32286812386
1005001900936909
32890550030
1005002453846433
1005002457975211
1005002086304542
1005002395367006
1005002486033529
4001233850840
33032444119
1005001597532297
4001278769929
1005002263705316
1005002426184867
33059286933
32970904210
32951097509
1005002359554241
32835286371
32956028608
1005002231812219
1005001649042322
4000094389879
1005001311439516
32848491598
1005002278801147
1005002284106117
4001287947472
1005002339524192
32797187155
32859093889
1005001850859806
32908599513
1005001726563407
1898807633
32963628346
32795363061
4000972321633
1005002271238660
4000200023885
1005002279071347
32985299868
32909684803
1005002289798049
4000546617953
1005002344966691
4000850055467
1005002294163139
4000042530972
32841630257
4000569876415
1005001482569282
1005002313019385
1005002341155291
10000022840943
32717409939
1005001586806480
1005002128196665
1005002480534549
33044663736
1005001282454550
1005002354439578
1005001630760625
4000464343790
1005001928390455
32989606119
1005001694537906
1005002304078349
1005002393862783
33028700516
1005001809672864
4000918337233
1005001695580207
1005002233656584
33042545709
1005002490053331
1005002443546027
1005002294463343
1005002245167970
1005002475317284
32818834609
1005002468342530
1005001810097443
32975250566
1005002364414074
1005001809600396
1005002468408219
33008347840
1005002435805222
1005002318962424
4000857679156
4001155300125
1005001632188905
32829301517
4001039284072
4000433970232
1005002307221140
1005002316414047
4001064413306
4000740416674
4000624720720
32705518537
1005002329800396
4001138525889
1005002459240892
1005002262607947
33041361751
1005002124362565
32986115531
1005002461390397
32849392171
32967652234
4001212125540
1005002190646499
4001220982999
32913725418
1005001866827278
1005002398712955
1005001767995346
1005002314194745
4001095389395
4000849827735
4000962217419
1005001515923276
33033475858
32952346789
1005002206337114
32919644530
1005002476194677
1005001354546692
4001278734531
1005001717592578
1005002372074361
1005001693542941
32958935855
4000923942387
1005002431989066
1005002351617902
1005001312925784
1005001957154977
32888863720
1005002468840362
32855715585
4001193527884
1005001617687869
1005002475471182
4000145993970
4000239677359
1005002352173542
1005002434262480
4001153292936
1005001915306292
1005002340167682
32847020137
32858656163
33031940809
1005002450375141
4000807585500
4001134993359
4000547376545
32786966412
32858386278
32893684068
1005002387515904
1005002293429626
32916072751
4001252341738
1005002403839641
1005001792140078
1005001977623775
1005002248671249
1005002454948554
4001153582659
4000068616435
1005001960430161
1005002476019933
4000714162520
1005002344948447
4000222509946
33002276032
4001216780624
32877037110
1005002210462575
10000131394925
1005002286161610
4000266051027
4000817471574
1005002383901916
32882243382
32929856993
1005001864353103
4000761251013
32698903119
1005001851586558
1005002122346550
32951636968
1005001741310083
4000784493738
1005001438908232
4001307526315
4001150372665
32732857954
1005002115069871
1005002490383549
1005002314312798
1005001742437031
1005001406716368
1005001645294252
4001146800545
4000324710000
4000297096660
32898298318
32919645925
1005001834483684
1005001413770722
1005001924287032
1005001682932366
4000093092401
32854307449
1005002408146297
1005001398820700
32955706838
1005001405594850
32911737241
1005002278587130
1005002270603127
32947105388
1005001825845612
1005001504420467
32995659505
4000219762143
4001322959742
32989350288
1005002218519014
1005002314341008
4000800720183
1005001425449189
893052845
1005002069262797
32845814286
32857736755
32862373266
4001271920912
1005001381573468
1005002344136286
1005002482510519
32805239695
33029243358
32882167009
32987414991
33002183556
1005002372206149
1005002367371896
1005001571350979
1005002229790843
1005002395869039
4000098392406
4001014182670
4000945710822
4001152822712
4001107643719
1005001985537409
1005002284592275
4001267637453
1005001711341043
1005001271161729
32411326880
4000735524957
1005001703099426
1005002286924968
1005002241989671
32954184664
4001147458481
4000884991205
1005002279173059
4001054501484
4000833301647
4000498200830
1005001859738318
4000833750024
4000107358807
1005001530282356
1005001279574231
32943237346
32900131628
1005002316306181
1005001316297892
1005002116657349
1005001863994046
1005001860410194
1005002350785616
1005002310902315
4000325642371
32875984330
1005002428029632
1005002431227101
32848188398
1005001684913415
4001146923007
1005002190482622
1005001507684990
32990082300
1005001529982819
1005002287778484
4001035294323
1005001941238787
1005002161760260
32903019502
1005001849500797
1005002334944997
32976687698
4000935100587
1005002337598559
33038112348
32344216691
32924366147
32774920455
32818782403
1005002320351462
32860791427
1005002281664738
4001176695591
32815891366
1005002341759676
4001051321088
1005002262505217
1005002381374590
1005002146594867
1005001719081711
4000082681621
1005001479199006
1005001488379441
1005002198280758
33026379824
32991847188
4000253086957
32946040922
1005002309452175
1005002277718217
1005002094003544
32799218335
1005002298196566
1005002371591802
1005002417649882
32885496824
1005002345037097
1005001456804176
1005002377862591
1005002294925806
4001122343314
1005001441846844
1005001265963865
1005001736527905
1005002340599055
4000849244659
10000380112567
4000546605368
1005001898827659
32758303877
1005002057025123
1005002236304013
1005001865912796
1005001291087660
32791435257
32896923497
32812726545
1005002422734870
1005002094005455
32964045734
4000437031997
32860543252
4000548616392
1005002119605631
1005002064417070
1005002017248965
1005001567279456
4000934267025
1005002345847288
1005002065596467
1005002284262145
1005001457103272
32623648854
33005233815
33046260748
4000798028508
32824184346
4000086909407
1005001556920933
4001061836631
4000460539167
32920375390
1005001383567246
1005002318921609
1005002120730926
32578858481
1005002305706274
1005001604783658
4001207784066
1005002048820136
32881825547
32835757283
4000184318341
1005002231605151
4001018486842
4001313384177
32959347644
1005001943064294
4000014561570
4000921923483
1005002357034374
4000111743282
4000592810440
1005002292345414
32976483324
1005002245475113
32485104878
4001231515152
1005002288564594
1005002443852978
32838129815
33050696739
1005001738078146
1005002475627253
32734901494
1005002245386103
32976583983
1005002306559593
4000130079006
1005001354971473
1005002085998314
4000640987026
32818760572
1005002280675855
1005002316911914
4000387129124
32693534251
4000850477456
4001331113776
1005001726514669
1005002185203463
32981083187
1005002291469481
1000008079593
4000831200387
33010669879
32879756765
33012125242
1005001708699605
1005001656787869
32658252829
32995877652
1005002483234899
32704843970
32947654258
4000780146799
1005001339655953
32823410431
4001272565333
32973305598
1005001577319155
4000878073504
1005001629504655
32968182833
1005002458130149
4000204311699
1005002419142029
1005002278972937
4001041384215
1005001683907497
4000781799930
1005002489307866
1005002390940011
1005002443339169
4001272462880
32981742566
1005002314793691
1005002317470004
1005001271522904
4000062662806
1005002289197091
33017928435
1005002263750291
32917297824
4001233878801
1005002114436316
1005001419815409
4000178111065
32843288024
32832035282
4001212255708
1005002295748788
33020819754
1005001466558813
4001298533692
1005002226304329
4000419187694
4001014443354
32950243452
1005002136791522
1005002364802713
32473536154
33047985753
1005001355631984
32993070746
4001250022615
4000371419013
10050020285823271005001355421684
1005002059178949
32909251527
1005002244778587
32915949303
1005001823917940
1005002280874206
1005002115159866
10000381118032
1005002430869448
1005002103143356
32888094396
4000248665421
4001119645633
1005002299407460
4000138490001
1005002407607428
33005556082
1005002459081068
32271224591
1005001431190636
1005001343778374
1005002235683608
32791547425
32956438074
4000907081148
32784033721
32757610954
1005002429404577
1005001495243306
1005001382245103
32855154222
32725203428
1005002228684412
1005002322557198
1005001933364092
1005002081106438
4001216238436
1005001953636493
4001360150032
1005001783494022
1005002293978457
32854594353
4000244332281
1005002318081683
1005001316037766
4000836448599
1005002338566763
32844734777
1005001815199537
1005002157445795
1005001906916484
4001192290675
32833681082
1005001878618003
1005001902358385
32368758583
4000087277365
32921523695
4000055676949
32951564975
32530206076
32880461815
1005002271579291
1005002414089788
32404763311
4000627433585
1005001680477879
1005002117740545
4001150651345
32857197217
32951172881
1005001329916012
4000379040501
4000969401153
1005001669321997
1005002412444390
1005002241491592
1005001441195943
33058287624
1005002310877645
1005002033408915
4000510594958
4001269393898
1005002452096114
32699122253
1005002038411487
4000044701494
1005002289540651
1814019735
4000986338032
32837857295
4001276022069
4000992818103
32821741112
1005001779661415
4001290445537
1005002277857859
1005002254979085
33020173096
1005001456688334
32917728981
4000414234787
1005002315251137
1005002419083516
1005002342563701
4000064665623
4000546569710
1005001900401937
1005002339531106
1005002388782046
4000857351062
1005002315209646
4000305194817
32876907245
1005002105179401
1005002328913403
4000099964907
4001305994179
1005001487449766
1005001657330269
4000349107563
32986380141
1005001890130113
4000151447332
4001307711688
1005002344507149
4000264095758
1005001511864319
1005001582111471
4000695690106
32860211399
1005001763858439
447511162
32992664828
33003857408
1005001646430368
33014323555
32952697515
1005001598009587
32967065497
1005002435452147
1005002425514074
1005002382840811
32228862808
4000884232417
1005001394024070
4001230129487
32882644050
4000944646138
4001205299669
1005002252345654
1005002494931359
32998220805
1005002414754015
4000397456908
1005001666663800
1005001824740283
1005001599913318
4001054634961
1005001917772791
4001232049089
1005001971645414
10000105443990
1005002466975952
1005002253483860
1005002210220104
1005001812499912
4000905891429
1005002452917310
32842217371
32958738042
1005002412105523
4001167610425
33000839266
4000706651168
1005002474658486
1005002353129652
32382032708
1005001731222508
32926551969
1005002198933715
4001288687151
32973973075
32881183141
1005002357581993
1005001334331202
32733608656
1005002475487846
1005002318998889
1005001367898907
10000000483597
1005001855119918
1005002400528700
1005002232700643
4000382826609
32793105288
4000712717223
1005002302266248
4000174513637
32949045648
1005002204812306
1005001273558423
4001168109240
4001061659499
1005002306395506
4000538981854
1005001393113122
1005002362478903
4001053935908
1005002462843292
1005001360455511
1005001691058497
1005002233261524
4001351894701
32958458483
32834366328
4000512620774
33020980379
1005002443104461
1005002240580247
1005001412839685
1005001581137139
32891723916
1005001835690281
4000102007128
32956320232
1005002430563595
32830861080
1000003562593
1005001865226057
32834950009
1005002338957884
32826523994
1005001839025114
32859699725
4001232727526
4001233936075
4000257860475
1005001495298084
32926343069
1005002243986375
4001293796666
32913878979
4000336123564
32957159746
32780696717
1005002267498300
1005002408980438
32942497840
32844199551
4000750820073
1005001540578862
4001225220609
1005001279190425
1005001570989111
4000090868910
1000008585927
1005001617112527
4001279260262
4000767016355
1005002408819969
4000836922525
4000314696258
1005002102554745
32864792354
1005002323503444
4001278692810
32981956652
4000065028682
1005001670844502
32996433286
1005001889745099
1005002250579327
1869930135
1005002219320762
4000959976741
1005002289755785
1005002254185056
4000150186271
1005001794773773
1005002408603098
4000405056864
32293810910
1005001960454507
1005001977611257
32988817673
1005001386543753
4001170805211
1005001468621402
1005001431875330
1005002283497664
1000008673144
32826317717
1000006202786
4000417345291
1005001831815486
1005001608169322
1005001854946638
1005002454236590
1005001835583073
4000266221161
1005002186019292
4000648111892
4000310943736
1005001299081247
4000528824435
1005001621523904
33014672278
4000169613573
32845330977
32948336351
4001076783950
32903711779
1005002388611394
1005002333980667
1005002468857594
1005001753583859
4001116099525
1000008332875
32486168848
32912375398
4000836151443
1005001687938019
4001055835344
1005001979302837
1005002397664913
32871889696
1005002424981815
1005002107766309
4000959996121
1005002317657728
33017434674
1005002454453099
4000761751619
1005001329697833
4001213691847
4000966667107
4001158837690
4000434869200
1005001348643385
4001062845705
1005001854132887
1005001314465969
4000037513989
1005001790078185
10000395920719
1005001882679464
4000850200821
1005002264336818
1005002395794381
1005001953624227
32947173617
1005002396581689
4001105764574
1005001784332840
4000314277038
33046171686
32810870525
32863265934
4001228572579
1005001506762125
1005002289013157
32972007593
32928734981
1005002328535358
32863103962
4001220625484
4001132929894
4000732545861
33036116400
1005001646074543
1005001722108117
1005002444292468
1005002399399634
1005002374827088
32573393681
1005002401269981
1005001431274960
1005001580827765
4000971705379
4000944611373
32852909898
1005002208423248
32822580870
1005002261507443
1005001859493504
4000691643648
4000991569230
32803310843
10000002394129
1005002315067454
32880735843
32990945356
4000828734971
4001273380044
32554972780
1005002313686715
32306139102
1005002301161633
1005002069276072
4001297572770
32393341569
1005002352498540
4001286678219
4001223980743
1005001671216464
1005001375364030
1005001817130085
1005002313273181
4000727211049
4000909325035
1005001942974504
1005002470851243
4000411451335
1005002466977695
1005002383927564
4001084438554
1005002495119514
1005002357692512
1005002311898535
4000718051372
32825957524
1005001329785862
1005002014592866
4000139733937
32890026168
1005002388869802
4000709119727
1005002220805194
1005001500261049
1005002345570818
4000770053524
4000169056208
4001131098647
1005002292641166
33010227477
4000741658345
1005002287542019
1005001954894494
1005002039568139
4000222114028
1005002301690728
32961295098
4001355926482
1005001999967359
32961151517
32908945407
1005002287545184
1005001597543925
1005001707691614
1005002319228510
1005001483466327
1005001900541994
1005002268129965
32744031713
1005002481260175
1005002238034518
1005002182529309
1005002341061205
4000822186655
1005001771115281
32968245369
32976732357
1005001495964995
32922933119
1005002423507411
1005002312954746
1005002107387789
1005001356379851
1005001855875239
33041332456
1005001901664492
33009253671
1005002356029131
1005001676472525
1005002334215796
4000178317589
4000771366510
4000666725275
32565068590
4001228662415
4001301432985
32858561597
1005002362944310
1005001382447035
4000180972099
1005001325520391
32820821859
1005002315249446
1005002439937151
32838183988
32629864673
1005002230003100
1005002294264487
1005002210116074
33049965932
4001160535497
1005001669526435
33035519258
1005001793819263
4000278579979
32803123848
4000891758968
4000598838665
32964193390
1005002433523862
1005001501054510
32723991363
32947661055
32790958349
4000538887131
32762637595
1005001401676233
1005002387040340
1005001972178906
32800009477
1005002288997107
33047171453
4001135683285
1005002208585519
1005002315616431
32870145136
4001247817084
32972885735
32217669522
4001040252901
4000491686220
1005002470316224
1005002334349638
32964054190
1005001859839896
1005002158971322
32970016341
4000879782193
1005001418644898
1005001993557816
4000863834025
1005001355333036
32880734241
4000641463091
1005001927996431
1005001489713300
32452404889
4001057471764
1005002337169893
1005002387780776
4000971541213
1005001451761894
1005002313239465
32980302133
1005001309156109
33045041201
1005002326338836
1005001379605179
1005001869546880
32912253357
1005002128103871
4001260220037
1005002314047586
1005002098961663
1005002258373993
1005002436116032
1005001289450578
4000469299340
4001316916410
33013578764
1005002275142923
1005002363941162
1005001737570557
4000623698200
4000278209452
32824791733
1005002159545329
1005001960960149
1005002318267028
4001233730043
32922506056
32998499781
4000941364541
4000562725519
32959485946
4000990926749
4000283109246
1005001423109079
32734511289
1005002294835846
1005002352030888
4000966367544
1005002354250081
1005002458017750
32856301249
1005002281907339
32931669627
4000877879583
1005001437670175
1005001334482851
32951640878
32844959363
4001169102276
4000785690240
4001217160754
1005002328652348
1005002375151593
32850306905
1005002255023519
1005001893373437
1005002192133252
32853984927
4001192606507
1005002170773377
32639351944
1005002129406520
1005001657973590
1005002500433384
33044393858
1005001588294321
1005002350774222
4000928697504
1005002120031332
4000223782525
33058412341
4001271054003
1005001560012059
32824282982
1005002480547389
1005002019167038
4000337109583
1005002323302108
1005001329825441
4001248430544
32395938282
4001209447378
1005002500260903
32866274071
1005002213011126
4000600134392
1005001461920175
1005001397482610
32803641974
4001179062957
10000028379754
32896887325
32862642974
4001291817621
32364742854
1005002474174184
1005001585987739
1005002244655166
32977519516
1005002314432826
1005001872449562
1005002347240619
4000296485328
1005001587416035
4001156774182
1005002307859630
1005002275767832
4000991217300
1005002431575077
1005001487143519
33017783292
1005002254049790
4000386807736
4000284044955
1005001328866976
1005001488742065
1005002212785316
1005002255830566
1005002364170768
32820564491
1000007549687
4001110729504
32782509111
1005002023885249
1005001280102301
32737034824
4000780645988
32632523680
4000906589864
33003717009
32918343711
4001035295934
32988871895
4000874720527
4000276715352
32638926003
1005002299673918
1005001525422297
32905341807
4001014152177
1005002386540201
4000447947355
32926191972
4000878842477
1005002374789224
32924411276
4000836300016
1005001555763375
33010122087
32712822633
33003017559
1005002346828153
1005002204039512
32909746973
4000702311678
4000895625609
1005001278500234
1005002259268063
32831897571
32800275009
1005002319035636
32975270325
1005001329790052
1259711583
1005002324774733
1005002433419287
32871658646
4000745354830
1005002358299499
4000987229984
4001296321684
1005001984667144
33027517879
32848387596
1005002284796010
1005002305613029
1005002314523413
4000323001071
32943686418
32959803292
1005001333398658
4001201392958
4000956068169
1005002372591290
4000025615714
1005002470855164
1005001288482532
1005002316737243
1005002338026804
1005002275798633
32951714875
32711055181
1005002318656414
32826376615
32686564112
1005001369670646
1005001326312992
32957966409
1005001652789616
1005001624933875
1005002427217121
1005001627977300
4001064234592
1005002212308610
4000761706064
1005001847633417
1005001844759963
1005002468046508
1005001732054533
4001057324590
32842166611
1005002206689031
1005002347038887
1005002204768628
4000493840331
33009968718
4000218313258
33008573849
4000926751785
1005002297791435
4000336083938
1005002355727265
1005002476794717
32619086821
4001131997149
1005001278213961
4001067946566
4000748082346
4000080787005
1005002168720573
32777911300
1005002282040903
33007523070
1005002288128722
4001037653326
1005001809636372
32899898283
1005002236357591
1005002122601075
1005001387555304
1005002364204244
1005002318243491
4001347444278
1005001297981915
1005002376767460
1005002198550366
1005002474965053
1005002076425244
4001164350415
1005001864231270
1005002420451618
4001183741982
32967416537
1005002380874631
4000319088110
1005001523345449
4000884893830
32550525448
32213747525
33054196751
1005001668289810
1005002381775880
1130772529
4000341322216
33039966213
1005001354861911
32441757234
1005002467254054
4000971227256
4001127924341
4000045993318
33044911684
32728942751
1005001325520580
1005002204270117
33049829815
1005001809201554
32377546212
1005002361856433
1005002421040028
32815933746
4001201328679
4001260573975
1005001529177968
1005002428552939
1005002001998448
4000726174177
1005001941058493
4001361126983
1005002260083234
32799997456
32782011930
32884616787
32897697310
1005002468464702
4001330377542
4000955787553
33004759679
1005001560016541
4000496726715
32787567608
33055144179
922268470
1005001365713011
1005002291457777
32813489516
1005001658268941
1005002248043535
4000830015863
1005002437669971
1005001289939541
760573610
1005001998694987
4001128464163
1005002321075095
1005001344616435
32892834864
32962819314
32792361773
1005001386904230
4000377570926
4000511578385
32817517441
33020698995
32952540649
1005001997164215
1005002304305799
1005002318709764
1005002449815345
32822735605
32823664493
4000730516335
4000114762076
1005002314326344
33009614833
1005002484734147
32853937420
1005001502073419
1005001652672681
1005002295430681
32425411218
1005001466056494
1005001420069190
32998165978
32396329462
4000064927271
4000505277655
1005002439679218
4000317663212
1005002353961229
1005001670754168
32835844673
1005001288712007
1005001651886964
4000277775597
32966147196
32681323711
1005001442883991
1005002461140021
1005001713565017
32728832762
1005002233571832
1850044378
32846701883
32760167309
1005002028218002
32834939190
32920909608
1005002396637957
4001111837036
1005001583159383
1005001394034538
1005002235395706
32700092003
1005002339613636
32906842232
4000416439268
1005002122517238
1005002282878858
4000012292731
1005002007445265
1005002420023638
33012504561
4000458858694
1005001907193226
1005002373851702
1005001694661052
1005002025608770
33044992921
1005002201618172
32908459365
1005002424089850
32837978904
1005002388182957
32998560027
1005001900991590
4000816355975
1005001893177669
1005002317532958
4000935150250
1005002476179431
1005002237596663
1005002365545995
1005002295212941
32854331528
1005001705643533
32874898861
1005002291026296
4000528371651
4000482902965
4000192421200
1005002309997895
1005002336068724
33041110892
1005001846137273
1005002423772358
32863268931
4000384456878
1005002324233909
4000430658052
4000257369861
10000055549464
32884925259
1005002137382551
32922124491
1005001348062325
32982390237
1005002401267165
1005001327667758
4001230306841
4000534602780
1005001677119186
32997397290
1005002368668777
1005002431583228
1005001693644121
32940036520
33007250192
4000975657452
1005002342297588
1005002120706756
32956854786
1005001582080166
1005002365501166
32958935597
1005002434828433
1005001594116349
32849182666
40008667445681005002286517796
4001334387333
32463560147
1005002388789263
1005002358797300
32975597092
32423896636
1005002311384789
32954941675
4001163744060
1005002294094617
4001322874590
4000335527935
32828503705
33064215173
1005001992383965
1765546660
4001180092959
32869761231
4000260472456
32977282132
4001189692886
1005001424378223
1005002146638360
32971658357
1005001556339910
33036181017
1005002365186448
32897244342
1005002316797176
1005002413676368
4000862678773
1005001731283188
4000714207402
32955869561
4000863380135
1005002055143683
1005001397329010
32846307428
32858000605
1005001988424073
1005002272534232
4000526016651
4000464197820
4001150177735
4000554783690
4001354472071
32849379214
32960537131
4000145001873
4001302376431
1005002432336898
4001167617789
32906554207
1005002204014482
1005002348605210
33004815658
32477899888
1005001407276173
32617802845
32852502489
32793283096
4000480700218
32868778233
1005002361176765
33007939586
1005002234846275
32949539963
32762747263
1005001651509916
4000227545818
1005001679077009
4000058262462
4000706685321
1005001453421850
1005002016972144
1005002446678493
1005002413210929
1005002133625749
1005002291551890
1005002012631090
1005002432138209
1005002495079055
1005002408040703
1005002489534430
1005001602101778
32960253178
32570020671
1005002244103592
33044709737
4000388156230
1005002463453348
1005002313536763
4001294536325
1005001278299707
1005002333315363
1005001900512728
32956296573
4000944651778
32721184011
33053471824
4000075751205
1335500445
1005002363914639
1005001954822883
1005001473984348
1005002001875143
1005002264748184
4000439290755
32812848722
1005001273364638
4000341754742
1005002337230050
1005001939312976
1896013581
1005002274158294
32714678662
32229566391
4000189989770
1005002027663255
32923059114
4000219944555
1005001313885059
33041794440
32959010684
4001308971552
4001192103936
32822645062
4001123094597
32921739759
33014195958
33016064302
4000258539185
1005001355100545
1005002224067979
4000750715158
1005002350536945
1005001708097172
4000393032894
32821794906
33043290116
32979208248
4001144931652
1005002247224716
1005002206485316
33045487562
1005002383132600
4000966563650
1005002304519986
4000756146033
1005001732361622
1005002341849688
1005002369397561
32866583336
1005002211206366
1005002247398699
1005002359740670
1005001386587956
1005002450252934
32876483281
1005001326269168
1005001846277155
4001093613982
1005002358410675
1005002395080017
1005002206570991
1005002297316498
1005001644340763
1005002242652060
4000576463623
32886442849
4001360493426
1005002462346021
1005001923414772
1005001609310777
1005002319558549
1005001770508155
1005002352359651
4000708842442
1005001579722582
4000088608129
33040374237
1005001464681645
1005002388367522
4001338098392
4001080658832
1005001771118059
1005002331198110
4001250583819
32949549830
1005002182482587
4000405582398
1005002294046325
32412990007
1005002276066232
1005002226248935
32838541570
1005002313027911
1005001996626909
1005001355160733
4000533827833
4001210044806
32716821181
4001207151844
1005002475902487
1005001957567227
32831214634
10000012064401
32945678264
1005002377232196
32956605223
33012789839
1005002367626359
4000580655689
1005001313020758
4001278909581
32819918726
32893323753
32853212751
1005002403639830
4000672672596
4000960100077
1005001367658109
32334987319
1005002333830944
1005001483820932
1005002423736983
1005002100326187
4000288263216
1005002116147813
4000926913294
4000712496620
1005001669403946
10000110079556
1005001491229362
1005001389899226
4000320662069
1005002383820165
1005002256661731
1005002256719694
1005002491423702
1005002214552841
1005002174597877
32533346085
32805250636
32710539674
4001083157372
1005002254140791
4000039093096
33044123688
4000878228825
1005002229730734
1005001900575148
4000567478582
1005002260626136
4001217026426
1005001819081324
1005002490090926
4001250835228
32967563762
1005002291663153
32673332853
4000287235281
4001135478833
32846277016
32791847409
32908095654
32860212173
4000595219364
1005002246336056
4000104916659
4001144233758
4000979342461
1005002246722511
1005002289630874
32893899779
1005002481758786
4000898840563
33044628582
33026767782
32963135847
1005001695767312
1005001495623708
4001204534032
1005001723214260
1005001389392362
1005002358531850
1005001867421254
1005001525761126
1005001381680212
4000085994873
1005002256536860
1005001581075322
1005002317931652
1005002313675787
1005002018610706
4000359742228
33026799379
1005001430709139
32800227450
32824036128
1005001570792772
32347243860
1005002357990914
32971678318
32933262775
1005001913396161
4001294034957
1005001954804625
32859619533
4000142025890
1005001309376147
1005001567473263
32949771343
1005002047802479
4000542571779
1005001734246467
32958981913
1005002338287101
1005002242094474
1005002240180556
4001094764355
1005001272687083
1005002334594700
1479641534
1005002056777675
1005001615389250
1005001907814256
32841187149
1005001913435848
1005002387022447
4001074473470
4000393152925
4000750980592
10000005965920
1005002249083781
1005002420182479
1005002467525675
1005002481960597
1005002258379976
1005001687647592
32812783509
1005002484082994
32852370824
1005002368664883
1005002327788268
32249405060
1005002310047576
4000800275143
1005001291338585
1005001627945130
1005001728274443
4001237913931
1005002394730656
1005001728788495
1005002282615011
1005002388047627
32924314005
1005002222167526
1005002285767079
4001279286328
1005001823026381
4000821812205
1005002347328666
1005002300034609
4000483470130
1005002304329787
1005002281733882
4000735853960
1005001407646318
32997805265
32864613381
1005001351878551
32852237563
4001062477246
1005002275293082
4000904172578
1005002411254296
1005002318340100
1005002476940836
32883073930
1005001450400711
1005002252624590
4001218970688
1005002333969466
1005002353115945
4001213706158
1005001891455588
32865940305
4000905558391
1005002122347456
4000151540347
4000744867432
4000767316845
1005001757574950
32542751437
1005001904043736
1005001320344216
1000008235451
32992667670
4001019908476
4000720946419
32840511036
32961259204
4000905434450
32953591288
33046241729
1005002299343400
1005002348286333
4000207165925
1005001317212905
4001079817840
1005002428095054
33012729334
4001038182265
4000567642534
4000156806446
32824366964
1005001515988280
1005001852833655
1005002303887149
4000286448452
4000241456325
1005001412006838
1005002068716997
1005002375331040
1005002064754644
32948084791
33058518027
1005002448617682
4001288000936
1005002314197459
1005001862744393
4000640897956
4000074437114
4000530240967
4000850554702
32974554723
1005002288246994
32991237697
1005002448767287
1005002162087653
33028300956
33053106679
1005002268460305
1005002305976428
4001062771291
1005001607893852
4001359744848
4000244736828
1005001525318896
33042744240
1005002350630950
1005001464762351
32806026362
4001308887056
1005002340511718
1005001990600669
1005002322976163
1005001704653866
1005002040990175
32864293668
4001191937048
32388668530
1005002314311758
32885685139
32992738835
1005002313010266
1005001288650362
33028274191
32918952693
1005002275380864
33021721332
32968863673
33049262408
1875528866
1005002231551723
33030045812
1005001519233857
1005002176018201
4001107825350
4001224744603
4000332982013
4000960921269
1005002239277898
1005001884788080
4000548197610
32528746561
4000537922771
32959539621
1005002443451749
4001276236368
1005002419182306
1005002095891711
4000290944178
4000176856810
1005002289512031
4000828134142
4000408873827
1005002313881128
4001181183812
4000448689745
1005002353370183
32841487137
1005002462393788
1005001571340776
1005001309299943
1005002394812199
4001179226612
4000730973392
4001043831065
4000209932020
4001095170023
32964089427
1005001839697855
1005002477152281
1005001759023085
4000484665779
4000776144103
1005002408393253
33027521869
4001193188896
4000023047725
4000723007947
32947098293
1005002199466923
1005002485456365
4000140721883
33033294286
1005002292564134
1005002460931153
33001713322
1005002314259836
32987364508
32982777029
4000499565567
10000395822860
32815380680
1005001891434176
1005001976436732
1005002217929252
1005002055135393
4001248260478
1005001418933575
1005002219064114
1005002044492847
4001161974196
4001052603360
4000011266902
33020486953
4000121571072
1005002126529054
1005001420275946
4000012573988
1005001567386194
32801006169
32833703149
33053926686
10000389365709
1005002335069005
1005001851147404
1005002304858284
32827941627
32947900688
32555816623
1429903378
1005001901971572
32878849579
1005001510702199
1005002274111372
1005001960944804
32875440713
1005002336616038
32951664192
1005001487846119
1005001594740247
1005002314368581
4000577615710
4000273863021
1005002357646436
1005001491153458
1005002413280371
1005001988189136
1005001516611835
32893386118
1005001802343554
1005001439140251
32810980098
1005001337532569
1005002220988218
32997872839
1005002245745459
32778323823
1005002066186846
1005002314314397
1005001686053257
1005001998345462
32950041380
1005001493291394
4001238674611
32961990763
32848418778
4000396852805
1005002022998034
1005001398649815
4000271226343
4001139926033
1005001999140059
1005002211295308
32881994182
4000404810358
1005002439528808
1005002065969602
1005002288683360
4001228115845
1005001824675373
4001130410757
1005002256849556
4001192749388
32975543677
1005002371803971
32309660802
33008030866
32963128692
1005002459200146
1005002265753111
1005001609455407
32853291874
32707530351
1005001409399402
4001289804309
1005002340174762
1005002189835929
1005002276549484
1005001882095901
1005001992055165
1005001557186681
4000785508016
1005002104414196
32959870076
32892375018
33049435073
1005002384714078
4001021984847
1005002295459465
1005002373403597
4000168907135
1005002378564129
32803984211
1005002228014122
33052466824
1005002449845623
4000255332433
1005002345228544
1005002259252697
1005002346951464
1005001913237494
4001236640387
32753129304
32778890048
1005001622379582
33019050010
1005002440106317
1005002317657361
4001162700436
32979143162
1005001528827491
1005002203192773
4000064865826
1005002287175782
4000233771024
32869034199
1005001379809459
4000044730982
32967949668
32799782967
33015554911
1005002328605199
4000030578756
4000812834591
1005001891383736
1005001830130815
32974560302
32817267553
4000215486041
1005002334042590
33047884429
1005002377456069
4001361608120
32960607809
1005002098790838
33004624340
32675882816
33052060239
1005002094829660
1005001429194691
1005001452931812
32662804731
1005002393417905
4000809215943
4001167455894
1005002315588530
1005001913643612
10000000637012
33043356199
4000510422874
4000406079979
33030936691
1005001278250084
1005001478757721
1005002309504369
32555411397
1005002314300743
32855414879
1005002258687248
1005002378818418
4000928310002
1005002313918892
32672526913
10000032863146
1005002485232020
1005001650072511
1005002270207928
4000112540315
1005002127095311
32815377771
32857576627
1005002289282802
1005002348664307
32841086389
1005001882441200
4001247597889
4001056851777
4000521631674
1005002495870031
1005002343348489
32980369810
4000748470333
1005002419278073
4000555072795
32970378238
4000211879753
4001278859855
4000071266447
33043368904
1005002339066478
32955471977
1005001470464021
32704421013
1005001836363405
32367712052
1005002334830626
1005001493638513
32832081326
33020850321
1005002230475025
4001013020564
32973344267
1005002205706945
1005002282781740
1005002319191692
1701358338
32918429548
32990459734
1005002337845696
1005001625359803
32894237225
1005002027929053
32832674245
1005002272077548
32960565279
1005002357725070
33053194025
1005001867831089
32569936863
1005002468830874
32838497591
4001220868629
1005001884730221
1005002277869074
32910855837
4000070179558
718287100
32861292582
1005002261142511
4000768768047
1005002423670843
4000960596792
1005002183214030
1005001598261923
4000812303810
32988531418
4001131106481
32907269423
4000711181003
1005002482657032
33012900935
32947566025
4000906371875
4000036758405
1005002401530830
1005001695899469
1005002387135844
1005002309629442
1005002346058480
32968084827
4001110893160
32830804132
4000624736529
1005002037596859
1005002450796228
1005002335524150
4000074504224
4000971448248
32721673759
32981557387
1005002259453553
1005002239832428
1005001540641757
1005002385361789
4001165542266
4001083772558
33004857813
33031986386
4000317620438
1005002468069781
32989682643
4001013102572
1005001967528912
32995210268
32847429789
4001059541580
1005002387740524
4000065441157
32894533023
4000717772224
1005002387501784
1005002131186482
4000409362460
1473084174
1005001703691074
33041799412
4000685931842
4000606566132
1005001699475010
1005002386819452
1005001780638873
32883891789
1005002364752565
4001365909087
4001084316767
1005002467409784
1005002346212417
1005001505202120
4001041086472
1005002375339106
32855476937
32938558371
1005002453911830
4000041644906
1005002270808571
1005001466224923
4000894212666
1005002432894732
1005001452083686
1005002500529324
1005002408445450
1005001662915841
4000765263619
4001212484831
4000170766337
32732169217
4001270512251
32746368004
1005001935311539
33020868387
1005002272406211
32965602365
32905526331
1005002302182850
32661677870
1005001445563860
1005002111679584
1005001582226391
1005001599523557
4000487816407
1005001439650215
4001079940136
32968660720
4001143677956
1005001365830818
1005001972586869
32879849259
1005001585077081
1005001714598288
1005002483117377
1005001840894355
1005002198950911
1005002347731392
1005001635687047
1005002387109974
4001042647854
1005002379139875
32857819578
1005002096425684
4000990826681
32996581028
1005002103523791
1005002120673752
33011843158
32828608795
32839120489
1005002270527484
1005001627980052
1005001441284963
32854022145
1005002079437591
1005002496702247
1005001446458660
1005001692942405
1005002408942739
1005001803462800
32943294490
4001090202578
4000874227845
32839195376
1005001850691299
1005002331955497
1005001606610861
1005002468315499
32955208405
10000364796732
32373010860
1005002480289842
32832670432
32608487115
1005002021503639
32947737366
1005002467298270
32827446583
4001086285901
1005002282343092
1005002336947447
1005002277796495
1005001280826178
1005001460625228
4001186578250
1005001591026410
32920290034
4001004679135
32804039357
1005002418026600
1005002273503149
1005002321019544
1005002314617242
1005001758655077
33045437546
4000196191227
4000920871958
32830848659
33012322633
1005001280094342
32946437677
32972442588
32797083839
1005002478987441
4001294067918
1005001447661903
32890014045
33055536039
1005001781560895
1005002392896569
4000557162859
4001261104365
32851130170
1005001430310376
32494392305
1005002275354505
32990082195
4000042848662
4000194972940
1005002348433060
1005001906470869
1005001627240133
4000811388948
1005001814382929
1005001587621283
1005002191688540
4000066235229
4000379532759
4000699299969
1005002340601474
4000037528980
1005002428517715
32810948511
1005002453486019
4000982499299
1005002318223614
1005001525586014
40013204673434001270860891
32888086573
32919474867
1005001346451243
1005002264256380
4001011062549
32969487095
1005001367047973
4000342482925
32865077161
1005001636079328
1005001907834750
32619536069
1005001284915789
33054161279
1005002012845828
33003483035
32832172219
4001015740133
1005001417339482
1005001334182727
32618346746
1005001638548133
4000905684503
4000296522186
1005002072320291
32902988994
1005002429307993
1005002170941975
1005001680459575
1005002000820192
33006940452
32865169354
1005002376824964
1005002099706746
32995495769
1005001304227294
1005002320774259
4000820477943
33007406881
1005002066063282
1005001585559826
1005001977203270
1005002496335939
1005001770310430
1005001854880618
1005002327993958
32999503007
32896373129
1005002282616694
4000185359649
1005001325625816
1005002401263104
1000004635214
1005001438843299
1005001664665758
4001002610102
1005002301291151
1005002347169635
4000077143309
1361613822
1005002306331938
1005001678519098
32983338996
1005002254360541
1005001841340494
1005002278841627
4001101347666
1005002389551397
4000990954684
1005001415377281
1005002122310845
1005001558316060
4000314186580
4000771302760
4000107558300
1005002340145560
1005002470759089
4001146532820
4001278899599
4000199852938
4000104820585
1005002318720462
33049189926
32840259202
32580960548
1005002339518879
32608071163
1005001613078769
1005001620078174
4000076276883
1005002358774195
33010709004
32964568586
1005002077518105
4001304306661
4000850846054
1005002406357100
33050588959
4000043592489
1005002024693130
4000294561916
33051558859
1005001948778751
4001132430775
32864362654
32836127393
1005002069969293
4001051077062
4000236192095
1005002340213851
1005001670520063
32385588491
1005002089969076
10000314864439
1005002344710462
1005001399191150
1005001987422189
4000934415798
32808806871
33059569149
1005001285107962
1005001723659208
1005002282344401
1005002110986229
32852813658
33040642826
32970944381
1005001779735960
1000007935880
32829337098
1005002347756678
4000117400627
4001350373485
1005001579783869
32857770938
33020468253
4001166026704
4001296681425
1005001651250140
32983362385
4000089598555
1005002259352255
32846850601
1005002244346504
32375397986
4001124679598
32959890539
1005001364812980
1005002238232577
1005001640723679
4000034037934
1005001829905412
1005002314686276
1005001688183180
4001115493377
4001178389361
4000028077752
1005002160160680
4001335532399
1005001826143075
1005002419933732
4000119949180
32948989816
4001264479141
1005001888153563
32811563925
4001248343513
1005001972569151
4001207632978
1005001590325241
4000894067768
4000730948332
4000981898801
33060506026
1005002447222656
33050552865
1005001895767583
4001271435264
4000938361112
1005001988640814
1005001334019398
1005001448232303
1005002294922008
1005002492595045
32579368370
32896547289
1005001861711596
1738144055
1005001812157890
32918504172
1005001762487144
33022090785
1005002039819215
32878648929
1005001882235954
32385132804
33002166050
1005002427809854
1005001863018296
1005001638253071
32762891383
1005002091284619
4001163112163
1005002004678152
1005002448093306
1005002318483414
1005001593612977
10000032401405
33012487951
32966923584
1423993677
755592266
4000830127379
1170692200
32290429299
4000789561472
32565625660
1005001657553082
32844282517
4001247664411
1005001552267586
32940779031
4001314597824
33024412404
1005002368124256
1005002394924468
1005001436938338
1005002167740694
1005001356004890
1005001705562853
1005001966994383
1005002271871844
1005002235697375
1005002328415190
4000248803071
1005002304046931
4000381973899
1005001792225160
4001289671412
1005001890169504
32923581539
1005001952716638
1005002422895341
1005001547882646
4000839598407
1005002323565399
1005001639972255
4000418188801
4000960031138
1005001363014457
32885528436
1005002252876070
1005002314754919
1005001547000145
1005002206517158
1005001687831152
1005002347357180
32861168788
1005002359808857
1005002318321866
4000785794112
32794963530
32871822405
1005002086431574
32973457828
32959756384
4000861414406
1005002347257641
1005001830472379
1005001906670573
1005001714401584
4000883256319
4000077512007
32777786888
32843271885
1005002305619142
33034304678
1005002392224255
32955815817
32276711079
32998447488
1005002176764122
32900879616
1005001865274231
32859843461
32985543989
4000370096392
4001013935120
4001142180631
4001062120158
4001318308948
32974412705
4000018578262
33011467791
4000661108211
32885261670
33031851552
4001228536617
1730671778
1005001933089184
1005001310961849
1005001598173769
4001199892111
1005002264010656
4000985474505
32948179109
1005002050327928
4001146452641
1005001452511522
4000525378096
32902927279
1005001265391198
10000157410952
1005002090903828
33024092615
1005002317782818
4000762412731
4001142098476
33047097980
32946819342
1005001731404067
32948539469
1005002483443331
32979816741
1005002290280261
1005002171127216
1005001997337717
32865770564
32789707249
1005002056983473
1005001611889129
4000329644162
4000986153597
4001365114439
32888231311
1005001709885807
32943839040
1005002062818182
1005001824002545
1005002227733774
32901079591
1005002348796907
1005002458968550
1005002304826104
4000043334565
1005002332431543
32623298830
1005001482597785
4001225115617
32790121077
4000693777104
32920377817
1005001303677733
4000936034921
1733551377
1005001338079154
1005001962790359
1005002315080237
1005001900589878
33064499696
1005002280694839
32929553716
1005002289099247
1005001626081440
1005002358626922
1005001681323890
32923792005
4001227404437
1005001921911751
1005002095621476
32952861737
1005002364294053
4000329233717
1005001476172780
1005001710768733
32406490464
4000763494338
33049691492
4000532373024
4001278058598
32989963611
1005001576362841
1005001350333763
32993998809
1005002464981234
4000849861711
4001060814143
33008684010
1005002392113873
4000846162888
4001360810549
1005001544184408
1005001966299769
33013767139
1005002428172332
1005001335209181
1005002388192344
1005002319037810
32982510276
1005002074766241
1005001838629119
32773860451
32972965747
4000759375469
4000032867478
32869637857
4000234238696
1005001525671767
1005002240018234
1005002093786869
4001153303443
32767323027
10000386113521
1005002310974778
33025107661
1005002362254554
559134672
4001047694520
4000436744301
1005001304634904
10000316755924
33054282051
32963196300
1005002235223279
4000235999827
1005001918332235
4000393296462
33007813690
33062386613
1005002323433812
1005002277382152
1005002289158309
4001349257735
1005002358254150
1005001849130496
32492977995
4001361028617
33019172365
1005001615296581
1005002377023330
4000218215299
32818474450
4000489983018
1005001617161651
32839799792
1005002289680494
4000264699422
4001241588433
32900829121
1005001906991311
32949979825
32998907996
32874708303
33056445305
1005001310925617
4000124195202
1005002231514306
32231012380
1005002199365998
1005002364241763
1005001781602717
4000210849737
10000154129244
1005001591127735
1005001617319033
32891959014
4000264803372
1005002337275941
10000354762221
1005002110912489
32868512909
1005002087799102
4001038531826
1005002290146409
1005001954406541
1005001865552148
4000927539924
4000862438763
635884171
4001140283837
1005001834002958
4000043655129
1005002061493743
1005002268216047
32824027835
32902039247
32825879573
1005002294932295
1005001484828192
4000583206420
1005002468877491
1005001525326759
1005002121185259
4001040987058
4000557718371
1005002288788714
32790813349
32998600367
10000031892983
4000040013329
4000883931683
1005001763484470
4000138846020
1005002007391347
4000995671002
1005001575936132
1005001317629090
32870417944
1005002220291783
1005001935943437
32834717734
1005002397783719
33027758055
4000922006228
1005002450243885
10000136966752
32992971644
1005002386217735
1005002293623745
33019182501
1005001817151647
10000354595437
4000291883050
1005001830545670
1005002333547230
33042835208
4001263413755
32998019952
1005002295900055
32921584085
1005001963551823
32992013401
32978041916
1005001981818194
4001203293469
1005001402572936
1005002234501770
1005001823921604
1005002239173457
1005001865163864
1005002315786480
32857555323
32965873129
4000925164671
4001034711268
1005001870049812
1005002293964962
4001061346045
1005002413869888
1005002119861458
1005001495426793
1005001357662795
4000234845101
10000395865134
4000143250910
32955732563
1005002281411997
4001250638061
32936537382
4000821595129
1005002369412335
4001241883914
1005001424037553
4001333457599
1005002344184307
33031570684
1005001921836166
1005002083825896
4000184207057
1005002381146095
32953107135
1005001954787417
32906026926
33007389002
1005001787926136
32885724943
1005002351570359
1005001915385197
1005002096813905
4001361971179
32847765732
1005002287627229
32951895409
4000117297026
32984270919
32818039193
1005002293519836
1005002264296660
4000308790071
1005001651131496
4001039265767
1005002287437230
1005002355780320
4000188806712
1005002473681179
32981064262
1005001334779561
1005001834595408
1005001844850844
1005002223863030
33060052590
1005001412798729
1005001646482144
1005001386636868
1005001669933249
1005001895663172
1005001928886839
4001055429423
1005002330361105
1005002315870614
4001238266107
1005002079430517
4000183857745
1005001664575945
4000015435576
33052429199
1005001971412241
32377688336
1005002303578956
32960245453
1005001438880257
1005002413149619
32830860886
32949570318
724213774
33061138784
33062850292
1005002351709350
1005001700619899
1000006253863
1005002376394051
32945778753
1005001304361689
1005002346686319
1005001639597533
1005001565361423
4000989067166
4000857177707
4000817113095
1005002406831605
1005002341398079
32881338496
4001134470278
1005002430611572
1005001467835448
1005002468080378
4000545788003
1005001665377432
1005002413576241
1005001845111915
1005001836826237
1005002023432880
1005002274274683
1005001913864296
1005002276564110
1005002349581809
1005002270401439
32855160059
32815433293
32853017403
4000979136400
1005001304292001
1005002331843384
32235915409
4001275010550
4000879458036
33054987168
32877666638
4001267218791
1005002396206075
1005002044709330
1005001981777860
4000010745099
4000084607329
4000747397828
4001231374517
1005001587230156
32833404621
10000352374664
1005002346002967
1005001593682768
4001036587967
32973511701
4001318534121
4001205105226
1005001436864030
1005002295325405
4000723401087
32827316931
4000959709585
33011478686
2048269160
32617637079
32570551240
1005002255239433
1005002122243988
1005001809691159
1005002009719872
4001155369390
1005001592628433
1005002411738870
1005002453030054
1005002312851018
4000609286640
1005001650750424
4000184171037
4001148745247
1005001586560148
1005002353294701
33030144187
33011213061
1005002453466657
32819573569
4000686707731
1005002019067876
4001358593260
1005001483759437
1005002388117604
4000140035792
1005001694121330
4000838863614
1005001768486410
1005001946676440
32913866329
32710601686
4000074147588
4000686763326
1005002009494140
1005001868549382
33061258639
32963342081
1005002419890805
4000715975456
32887977535
33047119815
1005001414025373
4000240376893
10000084849097
4000254132835
32850933930
1005001846936491
4001272221335
1005001664731396
1005001999130496
1005001453762610
4001232785311
1005002440390102
4001034896251
4001112564727
988593046
1005002333790968
1005002166046042
1005001343397363
4001028860813
32919401234
1005002475014283
1005001946072304
1005001442550539
1005002253499859
1005002367283720
32933186933
4001170309381
1005002314274630
1005001686245024
1005002433914264
1005001468263613
1005001352048512
1005001474812208
1005002021973049
4000319600653
33001893397
1005001418551092
1005001446416938
1005001389051085
4000241188101
1005001872074142
1005001296516276
1005001570630606
1005002273194425
32808622690
1005002204426459
4001274925857
4000529119633
32877761622
32780786318
4000024140659
4000318728078
32980246009
32604180243
1005002306370506
33027599847
4001218211055
1005001516085074
4001199206383
1005002375096874
1005001887477975
1005001278074117
1005001686045572
1005002253414794
4001037262798
4001156168475
4000956265089
4000132351754
1005002260020443
32989400603
1005001625273213
1005001557564019
1005002410903548
32732195673
1005002454787805
33061314852
1005001876547673
32255858435
1005001348557835
1005002418450094
33003138833
1005002401429795
32890017021
32900900555
4000081731905
1005001993905002
4000201199951
32996023158
4000498276825
32702164816
1005001732231948
1005002312067417
4000850600109
32829853795
1005002295409814
32830020167
1005002330778131
33012094568
4001079073046
1005001930788765
1005002425989742
4000247578742
1005002318418659
1005002338564198
1005001515820890
4000869713868
32963916663
1005001731287095
4001053823081
32841689694
32808547339
32985936142
4000193323752
4000720068250
4001037953761
4001143162679
33002063570
1005002491242816
1005002340256110
1005002037519993
4000116813248
32881661762
4000026513831
4000736364334
1005001882355546
1005001563720614
1005002373397178
1005002317212960
4001207275452
1005001484340116
1005002120029255
1005001626801303
1005002253507084
4000999284815
1005002376865985
32916691137
1005002396174394
1005001646102946
1005002459843506
4000558615998
32856402677
32825196660
1005001738367690
10000142847483
1005002377316951
1005002175249888
1005001843359141
1005002432988314
4000333117037
32317981772
1005002289122557
4001276227685
32861719455
32899501177
32644945196
32952940027
4000075784756
1005002199106140
1005002311782520
2044479846
1005002021731654
1005001677556240
33004435726
32975440359
4000715933809
4000630819439
4000979899126
32971715089
1005001572592549
4001216642093
1005002494472350
1005002495597816
4000064998752
1005002275501758
4000712737112
4001313212666
1005002217747615
32973365750
32800729659
33000807557
1005002418616527
1005001469328691
1005001926752598
4000931948774
32998878392
1005002389887585
4000884925286
4000778554493
1005002272382854
32961950288
32853196466
1005002213554759
1005001667498035
1005001507668816
1005002119978622
32785634414
32275721165
32973775211
33005009396
1005002198437193
1005002086296368
4000657442371
32994337117
33007176642
32660840354
32503516640
1005002465323017
1005002316850931
4000067489079
32896000760
4000953681682
1005001469559032
1005002296834658
1005002364607893
4001306335096
4001042531636
1005002168960591
4001205859075
4001200224540
4000799437431
1005002347303831
1005002284817369
1005002351574076
1005001656797595
1005002378581578
32792030246
32953252409
1005001454479639
1005001958815433
4001233464770
1005002139971159
1005002424045375
4001119523019
32916629568
4000064582157
1005002304485116
32981092011
32841721481
4000219091038
4000400560628
1005001584881409
1005002383850694
1005002186637921
32901248196
4001033141969
4000341590369
32900370522
4001218539094
1005002453578365
32843414831
32952773316
32786572888
4001062424972
1005001279723354
1005001889500441
1005002423150371
1005002488031302
1005002248085448
1005002291684955
4000294194123
4000533206902
1005002212377253
1005001284789222
327320996374001118889232
4000975032992
1005002328467155
32763458644
4000308389678
32965191495
33056682340
1005002417906034
33005877565
1005002467026666
4000433421941
1005001976530290
1005002156389296
1005002001527512
1005002220162997
1005002492565727
1005001591406863
32955808547
1005001332617227
32939656696
4001135570761
1005001591526348
1005002498892393
1005002403065033
1005002441663196
33047019231
4000185985140
1005002500394939
4001066131086
32966355280
1005002232708546
1005002348436648
4001054446730
32894348898
32773608075
4000567130861
4000661089940
33044207777
4000300498377
32968855333
1005002497449985
32845335126
1005002372998370
32999233699
33063410061
4000270575099
1005002287912981
4000039454571
1005001389022241
32953686191
1005002349707961
4000968219893
4001256278805
1005002052651148
32969307023
1005002285211906
1005002411964126
1005002478634264
1005001948689886
1005001597799624
1005002223833309
33009593484
4001143539358
4000289193570
4000800220189
1005001781056858
4000626010615
32878991191
1005002252317066
1005002256869066
33059534206
1005001883158250
1005002372228168
1005001922436943
32480781596
1005001749251803
1005002306360615
1005001884492795
1005002310977533
32814259954
1005002271367148
1005002263600026
32859425888
33031700819
32854214154
1005002268836480
32533742918
1005002345549856
1005001814222219
1005002348542751
4001194265497
1005002194782079
1005002260860210
32720902835
1005002288451640
4001321480977
1005001461171246
1005001599946819
32873395987
1005002450530276
4000315855914
1005001714076108
1005002075281682
32962828780
32768963006
1005002173426849
1005002495718039
1005002015489214
32875828701
1005002051764029
1005002469925131
32955251744
1005002260013461
4000982867550
4001115728950
4001129434528
32850610014
4000086629675
1005001525788665
1005001996602478
32591498318
4000777523833
1005001329850288
4001128150171
33039995075
1005001775680694
1005002339237139
4000062622040
1005002298880284
1005001840084737
1005002193080277
32954100825
32918458326
33027513653
1005002402737477
32693735499
32868938701
4000803703379
1005001826987793
1005002064585003
4001248363710
32987821288
32922596812
1005002150806740
32940160592
32851090384
4001001462124
1005002183521907
1005002206136582
1005002359449185
1005002490551023
1005001586264454
32422212394
1005002245241538
1005002375679607
1005002436967241
1005002086209500
4000935452647
1005002348980123
4001121235905
1005002272282061
10000352792455
4000047258426
32826559480
1005002296647565
4000248533470
1005002317176034
1005002002126615
1005001319525743
32472135748
32966188748
1005002334393970
1005001877569138
1005001830227208
1005002362741471
1005002304819617
32782435849
1005001721141271
1005002323719750
33026742885
1005002315062065
4001056678909
1005002115684340
1005002282963820
1005002475014113
1005001839289909
1005002426808063
1005001676621629
1005002350311096
1005001860951034
33002271847
4000405292719
1005001793123503
1005002209978647
32918486830
4000323836901
1005002213836103
1005002286657370
32837668004
1005002315391486
1005001685236962
32832866721
4000693585882
1005002422596350
1005001441004656
4001034580993
4001220878603
4001265683923
32857838087
1005001265109078
1005002331959571
4000481682186
1005001501661863
32890396468
4000039380374
1005002285470670
1005002334868850
32877171606
1005002286196955
1005002345157607
1005001297611476
4001183711869
32996130652
33011626258
4001261417612
32994900934
32951475885
1005001872223913
4001292418005
1005002277007830
1005001335319139
1005002376316172
1005001922820044
1005002182441118
33040273324
32649442141
4000208091272
10000088400677
4000655844828
32905960544
32922867735
33044328625
1005001571619546
32797028320
4000897555956
1005002246955899
1005001900518407
1005001663980753
1005002291154368
1005002395406385
1005001977006031
33005579227
4000708532209
4001276937717
1005002168075731
1005001412809312
4001175229139
1263266156
1005002209997681
4001275656839
32990487547
1005001763991038
33027991244
1005002478399297
1005001488831556
1005002263821634
4000464888434
4000834648833
4001103256119
32988523795
1005001295663851
1005001718700621
1005001333528997
4001289059346
1005002292996990
4000996170395
32780157116
1005001718766989
32955246645
1005001588152868
32829241927
4001091656318
4000090389310
1761061324
32296751547
1005002079365437
4000238809374
1005002500370046
1005001332635944
4000348838999
4000074915670
32929014700
1005002324435844
1005002357396122
4001037486596
32997330321
4001216431064
32959864398
32838014439
1005001634007990
1005001946102781
32985269582
4000222339676
4000067975658
32695313514
1005002345087183
4000505054261
1005002392314542
4001293614086
4000335560488
4000709972066
1005002059857474
32995417973
1005002467768296
1005002388471328
4001165762433
33052182694
1005001800484258
1005002298335173
1005001670046085
1005001621192952
4000207068009
32921555582
33057521198
1005001680625083
4000191006142
4001352590386
1005001591744775
4000987956827
32793647061
4000710493095
1005001797048395
4000718141720
32847035837
32825210526
