1005002335034228
32818015405
4001272948413
1005001400282544
4001210001655
32784256322
1005001460813630
4001046368851
4000546546678
4000803941380
1005002469250295
32820101118
1005002308023576
1005001463007242
32859296693
1005002197670957
1005002357644684
1005001452815848
1005001684185299
1005001817069406
4000490349516
1005001620078632
32905516787
1005002320609956
1005001584801661
1005002423220379
32246615501
1005001769140284
1005002409102897
4001218926300
1005002278667944
32954887039
4001037576918
1005002442872197
1005002390902425
1005002477173456
1005001525406354
4000132663849
1005002413515178
32594555483
1005002291442638
1005001349975646
33017284279
32639471125
753026411
32995954260
4000253448204
4000904780302
1005002357471864
4001187164104
1005002376493542
4001061044120
4000781249326
1005001748894141
1005001848586996
1005001877382422
1005002314742707
32710713361
1005001997342659
1005001708028674
4000401441660
1005002361198558
1005002358737828
1005001896771500
1005002450505776
4001054455408
32533198699
32997805308
1005002334031009
32986853355
1005001836873183
1005001726240941
1005001705685353
1005002284644028
1005001753137706
1005001434622326
4000054504693
32907073376
1005001871255055
1005002466971663
1005002191480530
4000987088251
32968062327
1005002263312534
4000516210361
1005001355571291
4001174576926
1005002142802510
1005001834614320
1005001388250369
4000360451868
1005002314093162
4000430365591
1005001664232330
1005002345839593
4001230288887
1005002277876854
32837033290
32856787560
1005001375823345
32820194512
1005002382490757
1005002423963202
1005001864783681
1005001575011549
10000356054211
32761742223
1005001701362484
1005001764152032
1005002439966513
1005002424095971
4000057592513
1005002319270191
4001235815569
1005002353806079
1005001441380879
1005001397055106
4000317930635
10000154069482
1005002242750693
1005002296167384
1005002373163108
1005002326265530
1005002441703414
33062098207
32722224267
4000152917168
1005001348828760
4000041257028
32831913834
1005002168225417
613342056
32910391727
1005001967821701
1005001395536911
32974195575
1005001670763781
4001190639163
1005002336732147
1000007639758
32908423653
32827586354
1005002482315549
1005002006111748
1005001908868340
1005002327672946
1005002399737337
1005002280792613
4000073951109
1005002120738209
1005002289189843
1005001669321443
32990505216
33041942958
1005002400590907
32855094240
1005002495906870
4000429608669
4000051148864
1441503696
1005001265227886
1005002296248144
32963205634
1005002466879176
32891656487
32880974379
32993645906
4000903044039
32905731910
4000185303044
1005001585648241
32897395058
1005002369919859
1005002438216108
4000321429979
1005001494501362
1005001979021983
1005002404050452
1005002403992553
4001160935878
1005001890545379
4001036202652
1005002438192305
1005001701411218
32802634534
1005001861773176
1005002394791891
1005002345949394
4000661031950
1005002341820370
1005002377631812
1005001943497875
32661211898
32850625900
32717837533
4000818058197
1005002395697299
1005002238071795
1005002137144611
4000579992804
1005002362043547
32977104865
4001244298572
1005002408342978
1005002393999808
32897761360
1005001775718225
4000176113160
4000013218636
1005001826649098
1005002357805691
4000355355123
1005002368562286
1005002409700590
1005001468115593
4000755673094
4001139630181
32884107856
1005001885978811
1005002318887713
32800634618
32909202524
1005002376963886
4000958852115
1005001454693039
32862543622
32942808667
32951548585
4000002652666
1005002101562006
1005001880201109
4000811489251
1005002341070610
1005001926054794
1005001393880967
1005001469626430
32963390659
10000305080898
1005002461229026
1005002184248476
1005002316294341
4000173267924
1005001930087229
1005001876847710
1005001754822114
1005001420798555
32840187166
4001216713291
1005002329814748
1005002377740766
32890184937
1005002358121655
1005002271287614
1005002181487288
1000007372858
1005001918701162
4000904701474
4000132724283
1005002132489417
4001041664249
32905337224
4001263916049
4000248694630
4000465934124
32956509962
1005002338779839
1005002263046486
1005002401696879
1005002318090645
1005002375641228
1005001639879162
4000324688387
1005001402807559
4001131582980
1005001706830070
4000131467730
1005002270064992
32899963501
10000329125840
1005001548192951
1005001441466453
1005002043711469
1005002356936331
1005002306931397
1005001506578023
4000902283443
4000124431629
1005002293101481
4000372197269
32804953094
4001321938824
4000261923578
4000808489201
4000922451068
1005002357463142
32977995765
32993207580
32312677062
1005002322501888
32591967570
1005002176081671
4001271500611
1005002206536190
32960664149
33031907315
4000858589006
1005002290237111
4001189153294
1005002330329993
1005002400437981
32750574820
1005002254489884
1005001928651438
1005002346896398
1005002398800171
1005002428562464
1005001954781368
1005001613363106
1005001639218261
1005002313899885
1005001319745352
32987996667
32893087070
32809730855
1005002372121399
32836011560
1005002099983754
1005001670928425
1005001477958315
1005002403832474
10000402939454
1005002239026328
32820932984
1005002346974019
33049960540
1005002220789328
4001179272787
1005002389040103
4000982978321
4000039996740
1005001748421566
4001168117145
1005002278153877
4000039782965
1005001834248256
1000008207572
1005001670727318
4000381046763
1005001345134829
1005002033987555
1005001982508180
1005002372071889
1005002350804484
32801528236
1005002491805057
1005002272858761
4000954082048
32977911801
4001127329292
1005001954999174
1005002313871348
4000292059734
1005001363780401
4000168975173
1005002229980049
4001157679936
1005002212274108
4000956118125
4001350909595
32797886847
4000804930733
32860357049
10000332325177
1005001293038789
32687291779
1005002297622878
1005002462484565
1005001821418697
32919466892
32918817447
1005001797108149
1005002363326025
1005002427625463
33032090544
32999671130
33023199489
32342255456
1005001339501402
32922247436
1005002374923504
1005002465837288
4001332219879
1005001482683560
32380194932
1005001670998032
1005002232823282
32816434557
1005002496109557
1005002122519041
1005002311458082
4001350756657
1005001939979854
4000931016707
1005002192691669
4000296726952
4000408335956
1005001457661334
1005002333505343
32859873934
1005001776765143
1005002419953051
4000293009534
1005002313436270
32579731088
10000031081926
1005002241263757
1005002495414243
4001174659119
1005002234240704
1005001959750831
1005001667770054
1005001966893244
1005002341536150
4000996379825
33029469871
1005001320744383
1005002032673095
4000010925052
32792086583
32701181926
32920659759
4000956022262
32850112466
1005001964060068
1005002319108846
4001277945347
4001230619875
4000328662193
33024283354
4001204968992
1005001583243284
4000068742651
1005001990309084
1005001779686448
1005002425234395
4000850381853
4001299916609
1005002333448173
1005001501912137
1005002334843280
32779438825
1005002273415633
32987573425
1005002132457495
4000829585638
1005002288102195
1005002270549517
4000782565117
4000750628784
32959689156
1005002033048706
1005001932774626
33008240141
4000873566344
1005001721726967
1005001731106805
4000280227293
33015864157
1005002260293252
33006454362
1005002439628248
32868103084
1005002401330460
1005002251912208
1005002330693619
4000074610386
1005002491387568
1005001915966462
4000687442572
4001115169301
32948033312
1005001359624392
4000283807991
1005002083609756
32917237798
1005002023495135
1005002426845465
33063627942
1005001712081846
4001039753447
1005002308733465
1005002029792795
1005002293740672
32960793023
1005002187722746
33008225255
1005001469946009
1005002353248528
10000423262040
32971290014
32956659239
1005001454466795
4000199812253
4001146149329
4001330991338
32848455418
1005002002612333
4001081760210
32657728259
1005002294208880
1005001609761353
1005001487629078
4000784100224
4000002895365
1005002466953611
32980565813
1005001444812991
1005002171891387
4001260974590
4000800592193
1005002343084341
32850070208
4001221521334
1005002322000724
1005002328558219
32864037283
1005001311038141
4000074784856
1005001699540915
1005002446523147
1005002446309463
1005001424262624
1005001989099771
4000849730623
32905760460
33063307467
1005002430696199
1005002333475694
4001100102317
1005001369608567
32958089203
1005001334757354
1005002369823166
4000842966931
1005002243014062
32975012961
1005002433163654
4001266956699
4000811260053
1005002298881287
1005002279646475
1005002353728479
1005001487685695
1005002293489738
32807136353
32884736192
4001150195134
32867657449
1005001818010333
1005002332543771
4000341173673
4000235238234
4001224477125
32884916230
1005002108373619
1005002224151760
1005001952885309
32873479600
1005002128552722
1005002093938228
32512084708
1005001908380536
4000459852186
32803323524
32997314592
33026642188
32964010055
32842853098
1005001584867445
1005002476518762
1005001309636740
1005002312058794
1005001414142888
4000706858680
1005002371816595
33010268356
32805195969
1005001626636235
32820446840
32919040476
32857312034
1005001813592218
1005002062726450
1005002233877371
32615194383
1005002263969459
32602809944
4001079726772
1005002219211666
1005001592109114
32399059619
1005002184374653
33003026178
4000938413390
32950867796
1005001665557645
32917648685
32962349941
1005001791731379
1005002352629464
32363944292
1005001512170421
1005001882310842
4001080044072
1005002328123525
1005002342412711
1005001474221602
1005001441436287
4001064115963
4000819776907
32811144531
32809590189
32860597667
4001035601567
4000063268265
1005002134501843
1005001308911968
1005002266152223
32944384185
1005001835782744
1005001714094990
1005002405715232
1005002305706940
1005002395639555
1005002393762781
1005001326634265
33053521131
1005002224720125
1005002314851540
4000587479234
1005001329739873
10000000671654
1005002049945383
33000719784
1005001614972609
1005001348574973
1005002357183668
4000231330069
1005002305383585
32856209761
32997813789
33028451484
1005002353577780
1005001929530413
32893727787
4000315097828
1005002389305820
1005002076778954
1005002365134166
400108061067132951223326
1005002447194870
32599313870
1005001865501603
32891021146
1005002427916006
1005002212323784
1005001560678969
1005001714024884
32628937096
32849600575
1005002255737580
1005001482463654
4000929245423
1005002199915568
4000990885452
1005001774544936
33033535427
4000703681147
32967135267
4001339747682
1005002258230082
1005002293856443
32981628175
1005002310945506
2046859848
32956800426
32950882751
1005002072474492
1005002378726165
1005002273823886
1005001582437879
32580493898
1005002120842061
33008260072
1005002414031284
32827953526
33043042123
1005001824000757
1005002405435749
1005002314311787
32952230902
1005001406222500
32815636345
4000184385846
32866259068
1005002354170372
1005002261144714
1005001666060191
33021796488
1005002265128821
1005001656359209
1005002262277685
4000086409588
4001290167554
1005001749604695
4001227078141
1005002185585928
1005001992585032
33029535095
1005002381949776
4000449154958
4000318445768
32830664432
4001306429622
32859755112
4001121440461
4000042309458
1005001742851718
32851968994
1005001764047187
1005002263966748
4001110507940
1005002440273769
1005002339841568
1005002283156126
4000990297109
4000763408776
32959134959
1005002075140682
4000903365935
1005002221149957
32992986085
1000008372013
4001271458819
32970700814
32887042837
4000844838954
4000112433841
1005002233476922
1005002244979034
1005001482151957
33004790026
4000873990606
1005002338885577
1005002185777323
32847361432
4000825665863
32855471195
1005002459707255
1005001608175752
1005001274279717
1005002295193824
1005002090195669
1005001757070164
4000252205760
32887167246
1005002233004676
1005002334138250
4001223899439
32849117950
1005002221823791
4000789813072
1005002383266148
32804541197
1005001953961511
1005002206157046
4001309533223
1005002372611274
1005002244105366
32871663172
32809514238
1005001743992958
1005002242302969
4000749435712
32756744565
1005002253295892
33023137750
1005002035074937
1005002259106376
32742674611
1005002246382456
32861152448
1005001873422196
1005002308813383
32951609374
32889281538
1005002426074706
33025781139
1005001686070768
4001290468231
1005002272280618
1005001405071784
4000695212283
33023212459
4000931844481
4001056839418
4001285598678
1005002381252407
4001081090380
1005002232849082
32572621937
1005001663957485
4001244167096
32867658602
4001275265016
1005001991996153
4001175207762
1005001808252758
1005001456835148
1005002334905293
32955478058
1005002494513009
32915183458
32820605149
1005002400366968
33047095532
1005001764992712
4001170392926
4001065270922
4001142073306
1005002416464797
4001085930693
32953245253
1005002259885860
1005001793104360
4001165720884
1005002324803691
1005002004334721
4000224058013
4001044522829
33060542227
4000756196258
32980386546
4000725796802
4001255527322
1005002190330690
1005001593141938
4000392894227
1005001519452893
4000971467004
33037133828
1005002382860211
1005002124881148
1005001900456874
1005002341664943
33062442293
4000816770511
1005002196469607
32974024433
1005002059326189
1005002310104170
32893474667
1005001935411898
4001275075129
33029626275
1005001995710223
32996676142
1005001941735323
1005001540976655
1005002344180702
1005002134016148
1005002377763096
4000416180143
1005001581648451
1005001660281561
1005002211283421
4000793251797
1005002258916042
32829220684
4000170673901
4000111670375
1005002443096537
4000203717819
4001174492831
32932906839
4000794221697
1005002340122746
32629633849
4000080487809
1005002461699378
1005001920642271
32974839231
32831283439
4001130925785
1005002077012158
32462927441
4000277452011
33008551301
1005002259732437
1005002426264291
1005002372570172
1005002379126049
4001118262365
1005002443623876
1005002268217655
4001005290042
32938149665
32853315075
32746691966
1005002491594519
32831752308
4001228681497
1005002284679420
32881868703
1005001591611736
32916810738
32819274652
4001355474381
32962352163
32898556509
1005001819266294
33002348470
4000890661213
1005002284523193
4000315714623
32979662569
32904761550
4000191609332
1005002404906579
1005002171334738
1005002296478286
1005002177448787
1005002167195243
1005002230201169
32906745052
32461529804
1005001810580996
33044187941
775844963
4001125650927
4001237811429
32988108514
32849522092
1005002175550794
32726785047
4000510560258
1005002287356658
4000342835095
1005001411282964
4000291001901
32849654974
1005002306317598
4000594957339
1005001603623662
1005001998787265
32586770444
32866195387
1005001981590891
4001041464689
1005002068545254
1005001976221925
1005001852149310
1005002286638723
1005002314477223
1935084261
33052445933
1005002283261775
4000794603376
1005002415217421
4000435671124
4001268328056
32900419316
4001217884055
32962604804
32623481649
1005002166559118
4000370429684
1005002487356463
1005001490538715
1005002345204097
1005001867248730
1005001496332163
1005001592318769
1005001873909418
1005002398031369
1005002416211806
33001862956
1005002467358051
32258438141
32516621714
32636245813
4000118871393
32832412918
33053728070
1005002346390773
32876320353
1005002395641972
32991738687
1005002439907636
32833671860
4001306674240
1005001763306283
1005002219524097
1005002091051374
4000123551329
1005002382306532
1005002496943827
1005002276811831
1005002275535041
1005002325028488
32809351328
32973231435
4001265532531
32952843453
1005001348805979
33029745151
32922597805
32824126703
1005002241861091
4001344697223
1005001529604858
32624374633
1005001771178019
4000016465929
1005002294172251
33013099124
4001264332676
32838376332
1005002252179047
1005002316291287
1005002337451147
4000296966289
4000691150290
1005001419067558
1005001792706509
32977522158
4000034528452
1005002248066305
1005002401307836
4000449572813
1005002066186394
4000860174808
1005002190084295
1005001793099136
1005002462241398
1005001992199362
1005001679209218
32982085357
33047310834
4001280412323
4001043728454
32761843911
32963378529
1005002291927389
1005002114584802
1005001735725813
32808230056
1005002371531954
32842340640
4001153115119
4000941560949
1005002340935067
1005002256973363
4000630875592
1005001603771921
1005001954806849
33055467224
32807704891
1005002361711908
32890545093
1005002284721163
1005002259462642
1005002355093527
32921797375
1005001715275974
1005002357132708
32332657963
1005002309338948
1005001441500251
1005002453450242
4000172586356
1005001972000137
4000695385565
32975196426
1005002204274171
1005001555111420
1005002467458493
33025660174
4000399113322
1005001808589263
1005001937262312
1005002318279865
32869186467
32846190422
1005001470092335
1005001676614036
32801827181
1005002297795235
1005001804392500
1005001349751764
4000052052842
33008180778
4001346152119
4000542611579
1005001570759190
1005002122336817
1005001629045791
1005002319402089
4001095359664
32811770857
32806670074
1005001749198271
32881622859
33027549122
32965706869
1005002276018519
1005002040622048
1005002345524185
4000261915565
32323146654
32961387746
4000113885492
1005002288682052
32868161269
4000005393709
1005002311152698
1005002376243626
1005002354235973
4000696308253
4000492084028
33001820586
1005001821132192
4001178720838
1997272711
4000193539883
32898717121
33050619807
33006513240
1005001329724762
33012698191
33049524787
4000717702254
1005001518290845
32823543925
1005001419913420
4001249450149
4001241104017
1005002052000315
1005001841636972
1005002398858560
1005001736304509
1005001441468505
1005001414785468
32608490140
1005002362970631
32252008310
32908456339
1005002206504586
1005002352277656
32965481947
32857697061
1005002054886919
1005001732763122
32962235694
1005002314551084
4000761904459
4001228769016
1005002301652820
1005001811059866
4000761578351
1005001462391848
1005001901616354
32925031312
1005002349095064
4001175451988
1005002047240490
32913508657
1005002011019571
1005002290847949
4000070235375
4000952834314
4000435452223
4000435209292
4000460935565
33031435376
1005002344464951
1005001966025519
1005002449180165
4001318734393
4000788637495
1005001505008503
1005002434609324
1005001978041688
1005002413124949
32367968086
1005002053884639
32755994846
1005001988020689
1005001269785270
1005002280719018
32975513340
4001101084099
4001045945615
1005002108390285
20000004233624
4000272372869
32944881288
4001156980045
1005001999243138
1005002170661512
4000282088897
1005001316234983
33017763432
4001086744101
4001351630935
1005001658144515
1005002213647223
1005001439701404
1005002254037707
4000026437564
1005001513127517
1005001769997371
32816548162
4000266777428
1005001334165921
1005002477727601
1005001746247943
32273598470
32863811324
1005002375002806
32882942357
1005002388845501
1005001484328438
4000509994645
1005002268622476
1005002332772994
1005001878382840
4001110991091
1005002273743569
4000287682833
1005002291947291
1005002328354147
1005001441304817
1005002313943836
1005002390106468
1005002393320736
4000283224413
1005001420681835
4000166999587
1005001521352731
1005002051125899
1005001321091213
1005002320677654
1005002413324113
32949132189
32858762535
1005002324994464
32862670142
4000018859456
32793659437
1005002266476718
1005001878645235
10000411458470
4000507161195
4000543388298
32955349445
32979183075
32853987316
1005002400707372
1455077258
1005001763183501
32724477635
32297738260
33029303271
4001172847629
1005001396952756
4000393716622
32963584278
1005001337658123
32992636954
1005001986367323
1005002253534701
1005002311920729
32692026691
1005002012397100
1005002317991243
32802277615
1005001958427485
1005002213452894
1005002395212317
1005002347819729
32959343951
32826966662
1005001912377899
1005001731108773
4000031676978
4000028962141
4001294173777
4000963325671
4000960610999
32985571965
1976723346
1005002323215883
1005002065337716
1005001970717539
1005002281953297
1005001285363781
32898758816
1005001737681585
1005001686260117
32756669868
1005002282581033
32845021888
1005001804860669
4000574118201
4000779103116
32958062228
1005002368145616
1005002133484707
32965450278
1005002412678817
32530392429
32764562751
1005001694276599
32787195113
1005001813873567
1005001412559146
1005002314415099
4000217198931
4001005141089
32825831368
1005002210197768
32858478552
1005002357442209
1005001943035038
32919834664
4000177399625
10000397746524
4000967875590
1005001641923301
32909293542
4000546088450
4001265047114
1005001890178480
4001085041588
32630895799
1005001972853371
4000958863886
4001279160573
4000897203494
32959816924
1005001373062825
32787737426
32688930869
1005001311647968
4000589568368
1005002089362627
32705789676
1005001856479811
33001148206
1005002330652875
1005002443527565
4001123011515
1005002317173628
4001050061976
4001175229258
4000143638188
32720866781
32855605127
4001075069846
32845078896
4001157124568
4000710249538
1005002086793060
32608163858
1005002176637322
32924368221
4000627920425
1005001622699972
1005002302989604
32965953917
1005002469111947
32757540582
1005001839972501
1005001926816677
4000360714910
33045098435
4000846639880
33033244576
1005002329171987
32796421203
4001191201227
1005002107009122
1005002198518152
4000939742983
1005001882304769
33000259067
1005002316538954
32810716175
4000224663967
32708551899
1005002388360094
1005002443135443
32882123953
4000291657720
1005002443128385
4001181708618
4001115955424
4000815078092
4000469017191
1005001747217993
1005001456270112
32904964894
1005002390690390
1005001468423416
1005002059734429
1005002333976109
32947876196
4000799988681
32886210249
4000623078586
4001320653874
32809990058
1005002277767797
1005001461926423
4000228776131
1005001334794018
32860195007
1005001304985751
33044765786
1005002087784435
1005001275552767
1207619243
4000999980055
1005002097336129
33031276629
33051321105
32836712421
32919977760
4000277857400
4001197823001
1005001693426530
32935019156
1005001763436771
1005002447621648
4000181641647
1005002316646572
1005002297672455
4000470513737
1005002350025742
33041833993
1005001846296998
1005002267698531
1005002380938594
4001227741217
1005002233391244
4001067970142
33033592851
32531566154
1005002047528040
4000800305475
1005001370152427
1005002480186548
4000993117634
1005001665417137
1005001511980534
32841401495
1005001487011594
4000143537323
1005002451115775
1005002389293566
4000960949574
1005001898800273
1005002443476110
1005002161834831
32970604375
32613817897
32565771452
4000551418826
4000856784410
33055045240
4001268845375
33027533419
32704518695
1005002267579050
1005002439658379
33058676488
4001110711747
1005002389511069
1005002304037101
4001169088921
32843654980
4000235882110
1005002275386575
4000307509128
4000781416985
32916133464
1005002490099192
32816629816
32623461065
1005001913852241
1005002381165450
1005002198249615
1005002425514244
4000925828727
1005002482191731
4001118252843
33032430720
4000694080907
1005002313835556
33046347628
1005001530819845
1005001705565816
32913218863
4001038448236
4001228631509
1005002495321076
4000507137512
1005001445180954
33059355045
33034336441
4001274997888
1005001478915663
4000415815509
32820750314
1005002252994919
1005001491741990
33001090939
32226818526
1005001335956495
32665300601
1005001697666852
4001217401416
1005002244896595
1005002335058206
1005002482890634
32872583755
4001216915307
4000838154457
4001176100874
1005002357247018
1005002293154834
32896032248
1005001743125015
32963368991
1005001583551445
4001110860797
32976160665
4000176810812
4001299318864
1005001933487944
1005002338906884
4001290480241
4001106524379
1005001888042258
1005002291525867
32593239042
1005001286860868
1005001616076346
4001361282496
33012718594
4001230611363
32917805018
32975836667
1005002049001885
32230861160
1005002303980755
33024565838
4001149529849
4000333717887
32586557740
32838730040
1005001992476131
32655931472
32950818838
32902779356
1005002243493348
4000597113730
1005002122449612
1005001491547788
1005001572184755
1005001859098782
33006036655
1005002006503466
32951804890
1005002114873182
4000290737005
1005002101875370
1005002375272954
1005001877589679
1005002408453356
32816654037
1005001458126815
1005001534821945
32838062650
32945787133
32720637990
1005002165762059
1005001506120655
32307984351
4001360396910
32976092209
32813330377
1005002110171010
32858395394
1005001949460814
1005002264980922
1005001373589698
32566425699
4000152406334
32989069394
32830555579
32959609950
32792660122
1005002208036020
1005002483711128
32919540118
1005001604030322
32603525530
1005002054811550
1005001345843582
32948994370
32973634812
1005002223547927
1005002052399952
1005002167439133
1005002248788629
4000509205021
4000420082226
1005001386671717
4000361931584
1005002374744734
1005002359316591
4001175219993
4000866526373
1005002497511903
1005001836803038
32969332318
1005001807855964
1005001665514733
1005002254540753
1005002049544930
1005001397299267
33044202227
1005002388874981
1005002350053952
1005001999504974
1483269230
32970959012
1005001516273015
4001135396963
4000793592985
1005002042444456
1005002346775785
1005002306391885
32834283032
1005002304829977
32794257347
328842614864001054404579
4001153795736
1005001966330936
1005001338211411
1005002226614826
32992382800
4000786971430
1005002294488710
1005002284007270
1005002346796297
4001150153993
1005002058763263
1005002425542072
1005002425326164
1005001850577314
1005002314327708
33057762885
1005002317112962
1005002324187135
1005002066206930
1005002250287559
32969559942
1005002429433936
4000305518085
4000696220261
1005001612794974
1005001646168697
1005002115838028
1005002314413188
1005001356174014
1005002320800351
32839760598
32897761807
4001013984663
32721512927
32865223937
1005002233359268
1005001307998181
1005001686017738
4000850765956
32860222162
4001102142060
1005001954956554
4000341349443
32949288468
1005001680564477
32729793659
32995328293
1005002277893435
32516830302
1005001901082178
1005002192629947
32957599541
1005002246382946
1005002351448225
1005002348010160
1005001923012198
1005001737839201
4000269933410
1005002403786089
4000046035253
33016049661
4001058474648
32888334998
1005001692560950
32865038786
4000032252675
33031871037
32825193146
32962989366
1005002262025620
32574359780
4000177020245
1005001982694582
4000177740651
1005002352786556
1005001469434948
1005001896554918
1005002024092275
1005002395690470
1005002304348945
4001160568466
1005002167022351
32830557053
1005002300371076
32959715157
1005002277452499
32956985719
1005002260055122
1005001772419847
4000003653944
1005001821284465
1005002467072272
32970286047
33038274415
32828573236
1005002186075452
4001233303975
4000417122888
4000433547435
1005001335984636
4001002122054
1005001420552045
1005002245028511
1005002267621215
1005001298779280
32989112814
1005002443945160
1005001732112855
4000922046962
4000689124827
1005002346450240
32965217323
4001220771782
4001129837093
4000927492799
32719087444
4000005265680
32724834455
1005002324031306
4000164817845
1005002399026037
33042147437
4000276707853
32991136842
4001332941019
32882739284
1005001725497279
1005002181403679
1005002321809453
4001289361321
1005002372486719
1005001966359713
4000320840497
1005002384276060
1005002413198795
1005002291476230
4001260018175
1000004651093
32536719224
1005002266805546
1005001393861796
1005002352248904
1005001730786204
1005002314438247
1005002337049562
1005001997898158
4000303899311
1005002447469880
1005002298564556
4001151819183
1005002424509510
1005001821333577
1005001621678004
1005001699609656
1005001561473130
1005002346386562
33011657311
4000416474275
1005002399767712
4000062496197
32868063331
4001327706446
32837101023
1005001758502038
1005001756564684
1005001671022636
1005001727843290
4001118647189
1005002473705925
33004120414
4001287408165
4001227926478
4000588612765
4000990990146
1005001278684498
4000159421673
1005001955131740
1005001502338110
4000336954660
1005002401651325
1005002317357802
1005001478686489
32658112691
32883812477
10000377559751
32819460567
1005002211775998
4001259605734
1005001619894849
1005002299986384
32815427422
1005002315950085
1005002469368870
1005001854594537
32992447529
1005002372706334
1005002072576168
1005001627348941
1005002293491948
4000491653938
1005002460924466
32966707600
1005001333486199
32843668764
33031875064
32846250963
1005002072672545
4001066601678
32510581248
1005002337293971
1005002313836802
32820558001
1005002308510788
1005001515814109
1005002060295030
1005002388445776
33048228031
32802558372
4000204481770
1005002385248078
4000188133910
32868511455
32971173336
33043116030
1005002317648637
32868767743
4000849808117
1005002120746410
32971052381
4000247564838
32997315270
4000602803162
32897900405
32812445016
1005001654009105
4001258795520
1005002283903802
1005002008311416
1005001337714164
4001037096469
32910831384
32728030787
4000726535653
1005001626647787
4000208245290
4000074318782
32882316368
1005002214733819
32951495007
4001138685908
4001038924250
1005002352680221
32973535816
32850652321
32375196587
32882435831
4001214258449
1005002425175072
32542680857
1005002233305184
1005002259454968
4001231361401
1005001632424056
2028037654
4000129042240
1005002233551818
1005001942010084
1005002285053060
4000939465057
1005001387791762
1005002470353539
1005002278168480
1005001940673814
4001294055886
1005001763621870
4001003626548
1005002198101001
32640569029
1005002238782904
4000849723716
1005002425520038
1005001888640347
1005002018433732
1005001913490896
32855701931
32880967297
32996638341
1005001723931203
1291382905
1005001750959045
32815902653
1005002439580889
1005001489848861
1005002313739426
1005002223854458
1005002166042291
4001224951233
1005001468049566
4001228652445
32948132896
1005002238973713
32946704606
1005002372318458
4001278960253
4000656428632
1005002497056157
1005002323165941
1005002444480678
32969596591
1005002464604457
32512180838
1005002231755557
1005002308928316
4000231523486
32831031236
1005002089490943
1005001980243558
32848472803
1005001457426526
1005002207995085
1005001965948687
1005001808272008
1005002301646803
32699466369
1005001834584443
32850667959
1005001815396220
4000691165422
1005001991746696
4000147180472
4000249807673
1005002249246301
32858611294
4001147495724
32975439051
1005002284316678
1005001749309467
1005002357413850
1005002332217326
4000397484685
1005001552704525
4001212659127
1005002357213277
32885368915
32980708831
4000630252383
1005001663948354
4000452127964
32900277509
32933418543
1005002307872247
1005001441381260
1005002434412197
4001127539890
4000231434661
33059583124
4000622787128
1005002309551918
1005002292594129
1005002260822167
1005002279112632
33052133405
32620955343
1005002320460898
4000444314738
33043583925
4000717650486
1005001849739784
1005002361814328
4000440003332
1965687614
1005001966835710
1005001899455342
32571845729
32820886790
32853233001
33004288746
1005002322422600
1005002080978244
32860754856
32959863435
4000904177081
32536228802
32975294978
1005001883091627
1005001652709874
1005001720712679
1005001894611567
32864598215
32989926741
4001270964058
1005002104838922
32844623052
1005002143615121
4000375822503
1005002339697218
4000395480922
1005001579444924
4000674609270
1005002210525611
1005001997183586
1005002378873352
4000822804235
33042408556
4000072270088
4001112129185
1005002337002245
1005001792218128
33021095832
4001356822058
10000288018532
1005001386985037
1005002394853208
4000505786320
32588546795
4000655782699
4001165273290
1005002344530669
1005002151660564
1005002399570391
33046081415
1005002359784370
32673991707
32918355821
4000215196133
33014918093
1005001975615417
4001117010792
1005002318737417
1005001893185314
32955901436
1005002307806260
4001230391800
32598182589
4001259971801
4000044838204
32808861513
32918780285
1005002223250946
1005002288273533
33021444167
32349301905
33014139983
1005001877171503
1005002439141571
1005002454382618
4000554841007
1005001732810419
1005002432351079
1005002337478249
32908586511
1005001556929281
1005001876836215
4000483559723
1005001685408196
1005001758101797
32953529919
4001212280037
4001217052413
1005002245268939
4001116704349
32982515892
4000472661951
1000007993490
1005001829507831
33037543993
32858761762
32791850324
33032178594
4001174456291
1005001995693248
1005001304674888
4000823375921
33024266948
32962617624
1005002197129397
1005002489918189
1005001953295602
1005002306036235
1005001636264216
1005001446238949
4001260646527
1005002233035172
32916412748
32606916165
4001115121293
1005002439846016
4000607970019
32951973077
1005002350397931
32997553432
4000011754572
1005001979495299
1005002352489471
1005002253031533
33055614816
4001043621180
32963751156
4000168559938
1005002352262020
1005001530496011
1005002317570577
4000182609902
1005002427988947
33041386885
4000234217477
4000799711225
4001050771476
1005002420254943
4001316405671
32807314768
1005002246838364
4001263444799
4000540950202
33017000437
1005001470972203
1005001849687676
4000849911212
1005002487889923
4001339111970
1005001502075521
32857354869
1005002233555629
1005002425846264
4000847046064
1005002264167845
4000848848456
1005002054968336
1005002306214634
4001146839077
1005002003799880
1005001962850422
1005002314869641
1005001598951525
4000556791789
1005002247186405
1005002434284570
1005001393748148
1005001397283588
32488435472
1005002419316083
4000541266175
1005001541477929
4000112596373
1005002433850166
32955396422
4000132454368
1005002358979434
33054648830
1005002363203364
32983776136
32860094885
1005002432600087
32827731516
4001269522045
33022960969
1005002254598962
10000039328582
1005001889227448
1005001633435004
1005001429019083
1005002366006240
32813302750
33049985637
1005002275415797
33008553779
1005001718016529
1005001309746871
32326894750
1005002255141676
32906542726
1005002340651927
4001225214213
33006865076
32800169574
32922985478
1005002287893990
1005002417929824
4001216389295
1005002331060186
1005002263760439
1005002339066785
1005001680569518
1005001825000118
1005002375667062
1005002330712733
4000410089511
1005002388127506
32645690623
4001302772913
32834072742
1005001793283621
4000286419885
1005002364654435
32979651247
1005001476082146
1005002122470589
4000712718457
33012702680
1005002280869313
32318296479
4000310572483
4001233043912
1005002452256403
4000245299131
1005001519378651
32784962921
1005002260412341
1005001515552558
1005002359626234
32919751775
4000311427332
1005002323558606
33051182234
32603211859
1005002370320701
32357738843
1005002113882379
1005002311841708
1005002294397115
1005001356403833
32965681464
4001358616597
32578352324
1005001757070500
1005002481016514
1000008316461
32993336101
1005001790174140
1005002218253112
1005002375281283
4000032038485
1005001342942788
1005001422788445
1005002206724028
1005001738204779
4001352778283
1005001413296165
1005002394664718
1005002485129880
32960916009
32841300921
4001117251017
1005002319151962
1005002384884999
1005002400070282
1005001507168424
4001323818868
32964005229
1005002285716276
1005001962440769
1005002022670164
32877101129
1005002333492007
1005001717640014
1005001883671970
10000395800988
4001360143751
32852169713
1005002355795917
1005002223745646
32830514343
1005001794383166
1005002275688580
1005001603577832
4001293668798
32966510719
1005002341031145
4000939263209
1005001850599342
1005001731772167
32817526401
1005001499197365
32909357336
1005002010439829
4001031650412
1005001742059845
32863423027
1005002264995052
1005002009362674
1005002332926729
32820153141
4000965432935
1005001592375444
32971175042
4001245401393
32597459535
1005002207608292
32883108417
32858746781
1005001820518079
1005001286093424
32997084009
1005001577838211
10000358982314
1005001763367638
4000971257438
32969881642
1005002449674000
10000022379742
32959870791
4000763554556
1005001478272138
33040864211
1005002305451128
32882931599
32966964354
32958868278
10000025126293
1005001642561496
1005002285091357
32905705995
1005002059742506
32881907976
32961971120
4001006646237
1005001848070681
4001143017549
4000358385060
4001131660514
1005002342620291
1005001515368694
32992774104
1005001754649715
4000484289563
1005001556738917
1005001708395369
4000334811383
4000546613843
1005002315305112
4000311849456
32903132698
32872403703
1005002346224311
32620694981
1005002434735995
1005002339896613
1005001496098067
1005001432343178
1005002413022416
1005002402075517
32854331512
1005002288276352
4000989066371
1005002205114083
1005002014568637
1005001915346128
1005001677491325
32809651152
32655420460
1005001367240665
32997440739
1005002454386003
1005002107858557
32622815150
1005001321667970
1005002378804434
10000027642117
1005001590604230
1005002046739765
1005001998723794
32989798380
4000555012193
32858667630
1005001657900013
33010524219
4000206834482
32976100795
1005001726819496
4000255792247
1005002298712834
1005002454350704
1005002499510557
1005001332231786
32971181963
1005001611418972
4001001430713
4001242205557
1005001525393556
4000657189651
33001385771
32969156734
4001205438279
1005002388432170
1005002351320716
1005002339283036
1005002384103196
1005002336417792
1005001695403507
32998955815
1005001557000418
4000695609989
32981703356
1005002449784626
1005002353521475
4001289845253
4001153352411
32924004843
1005002481627597
32656746027
32969501224
1005002277668792
32669327105
1005002368908369
4000038371915
1005002278398158
4001020077809
32722426680
1005001499915138
32918441765
33030783326
1005001289433559
1005001893303206
1005002167108968
32865799004
1005002443542164
1005002336388493
1005002326737748
1005002382083597
1005001611574849
32822205347
32870027329
1005002485616010
1005001942853021
1005002243101310
32954511440
1005001482644273
1005001557786045
1005002112203417
4000386329365
32853787018
1005001572411864
1005002311997866
32915528916
4000110871289
32926378871
1005002352011835
4000593562737
4000689550070
1005002454305134
1005002074792422
1005001487613224
1005002095003109
4000543711533
1000008709268
4000715700977
1005001953719047
33027816756
32842301197
1005001397087875
1005001882340706
1005001506603903
33035642259
4000627209474
1005002103262530
1005002259093942
1005001874286890
1005001847273666
1005002299161737
1005002317087947
4000856348450
1005002423588085
1005002350828364
32834547863
33005769121
1005002321388827
4000094068365
1005001487490140
1005002097446025
33007410573
1005002298393595
1005001626777518
4000831228445
1005002272829707
1005001525514183
1005002428133357
1698189837
32870153668
4000688523073
1005002393929293
4001288628831
1005002255292906
4000080340340
33024735382
4000794093400
4000979725277
32948176260
10000197541450
1005001841730744
4001189644560
4001113087686
4000960843871
4000391539581
1005001452616213
32406211773
32882302063
1005002425959888
1005002146966895
4001089198161
32968582890
4001159948001
4000240200718
1005001954744965
4001180719592
33000758189
1005002198629000
1005001976059026
1005002340948143
1005001525441535
1005002122381840
4000130538648
1005001567449754
1005001314864197
4000321889528
1005002275522991
1005002334063552
1005002319167077
32773191941
1005002428364079
32952794275
4000009183473
1005001942382395
4000375040342
1005001877819798
1005002416879027
32793617195
1005002347344454
1005002387237900
1005002058697464
1005002341127909
4000663719056
4001230122359
1005002480216224
4001253412587
32863642836
1005001716965071
4001090409382
4000318820447
1005002465632593
1005002359797642
1005001404956323
1005001836359096
1005001517348362
4000110513061
1005001793602189
4001085590196
1005002248149379
1005002273952252
32914371440
4001061580917
1005002307204338
1005002345620902
1005002468039673
4000764745248
32792829968
32995951954
1548530851
32989388282
1005001297968405
32709085334
1005002265450688
32857884961
1005002331670897
4000463901909
4000939706836
33009101472
1005002480037371
1005001680278982
4001228446679
1005001889436364
1005002080918337
1005002322267002
32789352439
32356105286
4001168031192
10000027905563
32907330805
1005002314208698
1005001506771282
4001140432310
1005002412395001
1005002369873777
1005002402345772
1005002339459849
1005001666671939
1005002488802834
32904482458
1005001629001645
1005001437012725
4000182607330
1005001854018582
1005001893363596
4001188649181
1005002313190711
1005002366996531
32563632955
32897084708
32957296991
100500169445113532952037208
4001246926469
4000843543730
1005001356219705
32625466042
1005001381994657
1005002351076343
1005002346931086
32848753188
1005002339563445
32882616314
4001239198245
1005001629504097
4000267043970
1005002443159228
1005002298986115
4001227533097
4001278674294
32588401250
33010335916
1005001357374894
1005002342825996
4000426775543
32276401822
4001209428303
1005002043395786
1005002074115314
1005002063548156
1005001664592308
1005002494522177
33022853498
32870889819
4000262472888
4001131158986
4000268996204
33014604395
1005002413297387
1005002374811439
1005001871974431
1005002492817361
1005001333743780
10000246057872
32907197928
1005002122413490
1005001709190809
1005001698312349
4001315099594
4000933331035
33049973834
1005001918916258
4000699077162
1000004506081
1005002309020257
1005001996851563
1005001657625859
1005002100469617
1005002232194937
4001039250855
33051376228
4001200459315
4001160504718
1005001869503109
1005001879435752
4000899596654
10000190152773
1005001333561972
4001343903272
32906590900
32384361990
1005001894403473
1005002267559479
4000181469286
1005001456682215
1005002235105457
1005002399844556
1005001867274332
1005002254113741
4001252454711
1005001792258822
32914578501
32988168709
10000423729907
4000686804758
1005002290105681
1005002288135216
1005002043120835
32977256156
1005001759236478
32816082383
32900192849
1005002035179510
1005002289806822
4001365761435
1005002346384866
4000621516977
1005002296851858
4000173925179
4001204720132
1005002049580978
4000713133991
1005001447590269
1005002032697124
1005002297524505
1005001924442211
1005002180856598
32791920935
33027493796
4000811206745
4001198470679
32871579838
4000818117082
32804107374
1005002425861230
1005002377951232
1005002367683029
1005002467545720
1005001862772020
32830452835
4000750829411
1005001579012378
1005002447336340
1005001505339765
1005002454241707
32513740455
1005001334501635
1005001447469741
32814799952
1005001890011809
1005002454436151
1005002340261502
4001123688312
1005002346702230
1005002314056894
4000299043644
32854267016
1005002229775314
1748768428
4001343967768
32960124693
32961558449
32611451139
1005001327353232
32915125713
32775513635
4000734665072
33048790583
1005002342396101
33022245659
4001227525557
4000315076107
32957977145
1005002392561679
32960625811
4000847905211
1005001822354189
1005001494829942
1005002326829926
4000834058539
32922960904
1005001860528990
4000249001173
4000903760865
32858907454
4000848368127
33053988891
32857208802
32956567345
4000430152930
1005001980615362
1005002070074364
1005002343501052
1005001483219989
4000190148271
1005001493514962
4000251542426
1005001860074653
1005002279114416
32911249745
32993352475
4000695448366
1005002076249683
1005001298873234
1005001567336456
1005001333119166
32885133670
1005002336955607
1005002166717495
32856036466
1005001819221175
1005001630702795
1005002428902123
32995593137
32974338663
32888731583
33031867536
1005001764281442
1005001887906670
32998201497
33028422866
4001031640946
1005002357454945
32967329913
4000857002836
1005002392643877
4000842372197
1005001505261803
1005002198655974
1005002220716214
1005002447923953
4000127774155
1005002442833540
1005002264047372
4000111499106
1005001543624064
32954004659
32903949728
33031123561
4000926799746
1005002408061773
4000259054216
1005001856768261
1005002313977753
1005002224791127
1005002312966915
1005002142883076
32973700902
1005002056454267
4001102468214
4000270072608
32836962017
4000365076293
32955663261
1005001987788144
4000314290040
32957923843
1005002084030721
4001204355444
4001193238937
1005001889370900
4001170549497
1005002454399186
1005002286349852
1005002388409113
1005002383080911
32963872532
1005001807480415
4001217271008
32989751948
1005001436522744
4000843857927
1005001609223854
32925907778
1005001864687655
1005002334616710
4001275454697
1005002298103764
1005001287328262
32304990577
32850940655
1005002378370314
32849374254
4000748317827
32949439386
1005002394505753
4000154878518
4000342692413
1005001315588897
902607758
4001228798136
32964845049
32994041347
1005001484422463
4001270570260
1005002333425216
32859223432
32978865064
1005002327404895
1005001850641521
4001275909807
1005002235103611
1005002496339048
32963507991
32994699639
32948562671
1005002068199197
32864645828
10000395806963
1005002098436940
4000792970421
1005002313709722
1005002290927611
4000990752659
1005001304878386
4000963926898
1005002260595106
4001271364092
1005001803124239
4000014575791
1005002344886083
33043290632
1005002070572339
4000234859212
1005002170637922
32908227661
4000253134995
32813482807
4000533854242
1005002324656454
1005002289605774
32949339523
1005001605003082
1005001304790342
1005001936593691
1005002073946347
4000691223354
32781284364
1005001391690552
1005001817504346
32952838037
4001100948415
1005002314521176
32999957829
33005558287
1005002012223113
32954494114
1005002323770463
32462383311
1005002358620478
1005001541229212
1005002413609356
4000693314359
32948795563
1005002324070649
32882632738
4000640977075
1005001976292066
1005002305866209
32681211000
1005002467307276
1005002003340151
1005001388905712
1005002297017787
4001149853251
4001204485940
509230608
4000465288156
1005001792719699
32695895176
4000114387219
1005002423467218
4000463482676
33017048659
1005001711191722
1005001667645228
4000218859700
4000015695880
4000098251217
1005001868909696
4000912284487
1005002122042848
33047552324
1005002368416871
1005002319256413
4000120712067
4000273118565
1005001972262470
4001003423559
1005002370267142
33003509895
1005002323318507
1005002316547698
1005001723921996
4001146198337
32880907980
33001921273
1005002312971224
1005002291276550
1005002483230280
1005001966207978
1005001280534656
4001232182109
4000510630280
1005002312735236
32537534156
4001142758132
32967864665
1005002461270981
1005002387272041
1005001481483494
32872070555
1005001456565989
4000987161261
1005001437402032
4001090630294
32944077401
1005001435821515
4001164890504
4000304709754
1005001571556038
1005002283347127
1005002388950423
1005001560568888
1005001273936599
1005001947027758
1005002464953123
32817464001
1005002375184388
1005001629257141
1005002068396019
1005002482539649
32918889459
4001314409799
32882421898
1005001348861333
32913492789
1005001314444946
32962209940
1005002338208004
32869599922
33030083588
1005001975928473
1005002057932952
1005002282706937
1005002246575509
4000363680484
4000773780208
4001223856857
1005002268536056
33039633486
1005001354382210
32914144509
1005001884675240
4001326030676
4001228747154
4000960537678
1005002391151313
1005002268454453
4000439321109
4000960310093
1005002325506147
32820878824
1005001881984814
10000343645809
1005001860578379
32853368186
32787394730
1005001697735866
1005001708118880
4001214180843
32757242890
1005002310523427
32871446240
1005001847448925
1005002276858965
33053612014
1005001473604143
4001023138088
32949810215
1005002467459250
4001118237692
1005001860065720
1005001771992030
1005001670527786
32864735352
1005001431380910
1005001670719766
33023847370
1005002012327519
1005002327758855
4001143337106
33048081500
1005002145823533
4000054724434
4000365330938
4000323279193
32957157739
1005001863191987
1005002393591240
1005001505995762
1005002252838318
32997811537
32839552150
32881943442
1005001762509158
1005001633890507
4000306600916
4001120126589
4000484535759
32817472383
1005001885187067
4000868420558
32759711037
1005001890273535
32925179411
4000494182412
1005002485578727
4000641239011
4000707666711
32861448352
1005002229858534
1005001812076748
32859685703
4000109839554
4001053093954
32582847067
32866509893
4000191860986
4000778085773
4001222994130
4001351224535
1005002179723126
32933648798
1005002342559458
4001228612281
1005001930744879
33058061097
1005001761878986
1005002467114029
32828252655
1005001317811983
10000156734493
1005001632353151
1005001288291259
4001237583146
32930498879
4001272192089
32846339512
32940831333
4000318478499
4001041018964
32998244471
1005001720461419
32456059727
1005002239998116
4000274089347
1005001513264321
4000116764646
1005002222986995
4001133810948
1005002357643245
1005002454308467
4001331378729
32948850419
1005001980311145
1005001816868381
1005002322651388
1005002478076169
1005001710974835
1005001355199900
1005002315840781
1005001465994483
1005001973053609
32365489555
1005001401872431
4000397550314
4000842631707
4001007214580
33016731420
32213920285
1005002099168452
4001013164285
32948048031
32836037336
1005001913687515
1005001595908207
1005001563386699
4001149250887
1005001659220797
2006332482
32950094199
4001235984961
1005002387631489
1005002315672946
33001900982
32831104020
4000712584447
1005002089502563
1005001830363276
32961412901
4001155530057
32965950003
32974864620
33020104202
32989017873
32934155701
1005002286588619
32915577805
1005002063322174
1005002236088730
1005001865559022
1005002010604049
1005002362836609
1005002346347421
1005001597630209
1005001633265836
1005002425258743
1005002314320158
1005001338951563
1005002233353570
1005002426641959
32769800748
4000040587068
1005001975444686
33010703588
1005002221400733
32903750093
1005002433433907
1005001431958306
1005002279497391
1005001540251471
4001324170294
1005001863023159
4001132245960
10000089184203
4000467981781
4001107689174
1005002279587663
32867075047
32984755467
1005001803872901
10000395880204
1005002258504823
4000944614011
1005002166407092
32950560793
1005002282178048
1005002323003868
1005002490463162
4001327528935
1005002440775190
4001273346624
1005002013108469
1005001975566763
1005002319637215
1005001942616054
1005001424775411
1005001946478419
4001060441795
1005001271226177
1005002425179817
32842834942
33038985261
1005002122465094
1005001441245386
1005002305991432
1005002314665574
1005001699445159
1005002186912554
4000295457976
1005001471967147
4000033589675
1005001843816136
4000398021648
32803962251
1005001834979895
10000203689814
4000416756332
1005001357269234
1005002275079164
33051859274
32896869037
4000362219168
1916373397
1005001393635331
32907836852
1005002429374552
33002795483
32795051413
1005002363862025
33036131781
10000155548122
32921210816
1005001426001065
1005002239118980
32671861670
1005002242648241
1005001602685385
1005002307663909
32967939093
4000524183798
4000310616513
32836182974
1005002314343400
4001118204874
1005001950670105
1005002412966778
4000848817483
4001228646242
1005002263678126
4001154106134
1005002271852224
10000028395468
1005002224390074
4001197047751
4000285010832
1005002085573007
32861432225
1005001633303280
32946599546
1005001423764730
32813127382
1005001362221740
32809902654
32849515648
32489591607
1005002310939599
1005002305260394
4000326196544
32895939187
1005002375693239
1005002177348963
1005001585181759
1005002401852905
32946225090
1005002265383188
1005002054399058
4001136344559
4001322585696
1005002276997882
32556355692
32602861636
1005002314244702
32951495576
1005001898611197
4001042009457
32699417005
10000397742899
33053019279
32863689823
4000909786871
33042750382
4000857129832
32698637110
4001194396715
4000854359825
1005002231916338
33038878874
32967845177
32442017470
1005001693642751
1005001992230970
1005002219833458
1005001988141673
1005002283242531
1005002124703513
33028754670
4001293892894
32895496170
1774646664
1005002033467386
1005002226444079
1005002338684260
4001324133144
1005002116633823
4000768307481
4000318737435
1005002442746347
1005002121200603
32815681964
1005001865406792
1005002034312471
4000038094161
1005002287874071
4000199574750
1005002393874637
32859400488
1005002428575261
32951263665
1005001617193244
1005002305045270
1005001849293689
4001082811857
4001020198349
4000966140613
4000764821776
4000397564171
32992301131
1005001704024778
4001092261394
1005002363063515
1005002465334272
32573199804
4000466668470
1005002233103408
32944188453
1005002009097794
1005002419041047
32989528476
1005002418288338
1005002038817070
4001365045969
1005002168341247
1005002390275747
1005002416929603
1005002287341448
4000858616013
1005002462377572
32867558429
32806833064
1005002181422153
1005002304035976
32963435672
1005002383142419
4000777193918
32763490778
1005001926248785
4001204472737
1005001332501656
32819927165
1005002314460474
1005001458476758
32923231499
1005002322107786
1005001692831979
1005002388007712
4000959753100
32839308950
1005002428200040
4000284890654
4000222416225
1005002255104354
32730719578
1005001803894209
1005002388956261
32625438854
1005002475472069
33018044918
33026481962
4000406188706
32806671493
10000397709961
1005002312363766
1005002125082245
1005001829968645
4001178157104
1005001690786998
1005002494289104
4000832385617
1005001864533638
4000385057344
1005001669743142
1005002323092882
33008719683
1005002310592420
1005001876744979
4000776366916
1005002460038806
4000274837627
32830788295
1005001368873883
1005002413432761
1005001411517856
32882215313
1005002427283131
32991514017
1005001799287040
1005002258604665
1005001525276915
33050658664
1005002398468568
32989950460
1005002313363535
1005002298252389
1005002364319704
4000539200529
1005002119170047
32998083686
4000927137972
1005002238805422
4001062955295
4001085701789
32866548298
4000967051307
33040273393
1005002033795416
1005002324048310
4000241499382
4001349637210
1005002119875041
33041719902
1005002308769354
1005002239536694
4000162169841
4000271719127
1005002277436466
1005002371384948
33008970179
1005002400559768
1005002322861667
32617977408
1005001890518831
1005001743387436
1005001929113881
1005001335205945
4000035158036
1005002368403527
33040079730
1005001737345290
1005001468034564
4000277313322
32966051374
4000507407777
1005001894164822
1005002418843755
33017356450
4000046267207
1005002252581163
1005001850415043
1005002285312220
4001161031426
1005001620208633
1005002314566234
1005002384712810
32895145251
1005001914251142
4000110274951
1005001708695985
4000228187204
1005002314155709
32816610932
1005002339524038
32949000038
1005001936233429
1005001322862898
4000756243691
32848920089
32398341429
1005002242101330
4001127579038
1005001773807683
4001196499319
1005002282179530
4000033246578
32975017811
32808151270
1005001631249616
1005002396602378
1005002309816311
1005001620622384
1005002095391115
4000199492888
10000325285615
33040029081
1005002326684429
1005002382702449
32855264693
1005001622310138
32570107198
1005002180530326
4001214219625
32925727522
32352920620
32832881845
1005002220128976
32961134655
33004678366
4001210914260
32963929016
1005001882588568
1005001779054635
1005001656879732
1005002312346188
1005002342160583
4000986292578
4001165946378
1005002332723694
1005002464288608
1005002369397693
4000837868219
1005002369568504
32950270445
32747687974
1005002139784405
32977826223
4000231952403
4000336158901
4000835412159
4000204042888
1005002427454212
1005002281587252
32842069533
32551270103
1005001738493294
4000990907225
1005002265055151
32893706686
32796209670
32997013886
1005002408436292
32850487123
1005001407134574
1005001574953269
4001190649069
4000985208471
1005002345106737
1005001552352040
4000136019247
4000267977634
32805684032
100500138941120033022924058
4000139710903
33060490346
1005002246194615
4000235330497
1005002232383084
1005002365548626
1005001561940932
32792577418
1005001533871039
1005002192804970
32973836572
1005002173508298
4001215986906
32899274252
32981486386
32927625748
1005002459517642
32893071971
32913197004
1005001406837239
4000361866141
4001064877277
1005002350803111
1005002359198992
4001111762140
1005002254900822
33048460722
1005001833412566
32785169334
1005002309971541
4001088062573
1005002350874241
1005001576420210
1005002260340545
4000570627912
1005002400566240
4000250101414
4001198960032
1005001388716006
1005002464464050
1005001397340653
32977642634
1005001691332164
4000741303412
32834206194
1005002395300997
1005002263357119
1005001411678034
1005001726776483
4000004863496
1005002240268321
4000327332792
32298366053
4001183096928
32838077081
32835348478
4001125521568
1005001563757478
33049562644
2047691864
1005002467532447
32962304284
1396851870
1005001688795541
32961781574
4000107468995
1005002461607958
1005002389419292
4000333519071
1005002394249094
32800822008
32888030751
32907527310
32998284622
32813570578
1005002417857708
1005002488409119
32812032236
1005001821919044
4000831319785
1005002245433473
33027812652
4001172917316
1005002357992499
32344154206
4000141338679
1005002210969992
1005001265874509
32969080501
1005002365939461
1005002049663432
1005002281620414
1005002449737955
4001193070658
32973956663
32813080678
4000919578160
4000385689832
1005002499605595
1460636999
33010744529
32624243813
32886166066
32826483342
4000980112252
4001278864854
1005001588280199
32850135850
10000022109925
1005002383294371
32993095594
1005002372400788
4000595393962
1005002026572238
1005002206392841
4000385965681
1005001315598832
1005002265944015
4001191416971
1005001588295083
4000248184426
4000167568152
32813793772
1005001926925203
4000856263945
1005002018359032
1005001365507018
1005002065756532
1005001966031957
4001177843431
32728134262
4000068083278
1005002423709481
32964349057
1005002332884832
1005001994485628
1005001780025109
4000614524659
1005001678783218
4000363969446
4001268742220
4000306974991
1005002272649854
4000079789220
1005001667848768
1005001942835781
1005001701215598
1005002299919127
32243370622
32972220287
1005002324108099
1005002318737920
33059379218
1005001734535083
1005001483755640
32952847819
1005001955024026
32954340428
1005002340857012
4001142337197
4000361471494
1005002334278602
1005001669416463
4000516382712
1005001493351823
1005002129143896
1005001732156228
1005001280734122
4001118256667
32854576674
1005002065769551
1005002310038736
1005001458460685
32962077764
4000056479018
1005001834817640
4001226500774
1005001412987127
1005002340901937
1005002330684141
1005002337713197
4000954949580
1005001304492904
1005001348905426
1005002379299231
32970622359
4000212330246
1005002072743818
4000390033596
4000037496380
1005002428190224
1005002205840686
1005001686015903
1005001438814550
1005002500523260
33027441301
1005001628531123
1005002333512985
32823974270
4001272206645
4000900476889
902607760
33024335787
1005002460849819
33055074932
33006235604
1005002275913960
4001077674527
1005002085045270
1005001516085500
4000663514462
1005002330252732
33042571949
1005001279805845
1005001633575961
33051679818
1005002331662777
1005001392116217
4001223658035
1005001890688290
1005001756354851
4001061972427
1005001493312985
4001259654560
4001265618544
32821111683
33049683640
1005001754085899
1005001882275738
1005001474693011
1005001662209989
1005001572415887
1005002319123292
1005001904970975
490766051
1005002181111547
1005002470187807
4000026427597
1005001678214116
1005002398830331
1005002181830255
32914934596
32923667744
1005002471049397
32725715603
4001290062311
32954443249
32748777336
4000410148374
32447097570
32865199016
4000203324754
32750410695
1005002361187737
32905977662
1005002018711672
32728942723
32909778781
1005002309715164
1005001848307467
1005002442601225
32967962031
4000055736184
33028428322
1005002377711299
10000395890864
1005001814126294
1005002340564644
4001231725121
32890212713
1005002387828676
4001260472316
2021862697
4000891953392
1005002293412137
32957892338
4000186731383
1005002369738030
1005002417065021
1005001699447026
1005002386044896
1005002303847809
32675753821
1005002334517198
32392550245
32931202828
1005001855283800
1005002348425996
1005001859464009
1005001979764320
1005001560441499
1005002115264225
33055504417
32952279479
32386389350
32911582528
1005002323489759
1005002377538716
4001364290144
32893551971
1005001487674971
4000899235584
4001174417288
32891434562
32853788191
32979071909
32948405345
1005001511869618
4000305247253
1005002187105070
1005001837049931
1005002045711092
33063074457
4000143923706
4001083234356
1005002490926228
4000186567355
4000850682246
33000657355
32831999707
32841216893
1005002223219758
4001291955043
1005002119874986
1005001867303275
1005002272348496
1005002340003796
4000039952935
1005002400616637
4001115481051
4001208206413
32869221658
1005002328216031
4000126901930
1005001731035942
32718778198
1005002081101968
4001110882567
4000373397420
1005001354360704
1005002457048095
32213739855
1005001942163130
1005002050753182
4000394097733
1005001518614978
1005002128280937
32974329942
1005002409805139
1005002167713673
4001047541016
32745502996
4000362827929
32307662810
1462999368
1005002311290103
32948723897
1005001595948826
1005001869727537
1005001775115946
1005001680550754
32862646284
1005002171830229
1005002448024841
1005002347489235
4000681193411
4001019066824
4000201306457
4000590282879
1005002225957778
32934971593
1005002241434751
4000375715833
1005002438284220
4000320109334
1005002433761995
4001272420714
1005002340356903
4000021931629
32825819776
1005001686094516
1005001531609886
1005001402199532
32729395035
1005001397577732
1005002170856096
1005002065423999
1005002055402926
4000382032724
1005002059384243
1005002022667377
1005002288937450
32843094459
32488439744
32849046135
4001169847039
32795115845
1005002198244267
4000368751986
1005002211995902
4000609612121
32837190365
32893281421
1005001587215669
1005002302260317
1005002357262929
4000529825906
1005002427498621
1005002121322002
1005001345014868
4000241086847
1005001833357865
4001212088339
1005002281277643
1005002044651835
32812904666
33046518465
4000962367678
32658821236
1005002327479368
1005001758660167
1005001648603610
32920006182
32848897700
1005001525364744
1005002233168425
4001228644499
1005002404081574
1005001326068186
4001331039079
1005001510423056
32851082478
1005002334346565
4000860893630
1005001354701828
4001230357111
1005002452931125
32919970618
1912593759
32977195391
1005002270058647
32868906785
4000028919558
32844837589
1005002181842487
32840905035
1005002316474407
4001225917855
1005002228937843
32963192762
32968728633
1005002282121334
33049308175
1005002396745281
1005001990332330
1005002353775127
32880931163
1005002293400069
1005002041911613
1005002034452540
33014533741
1005001334394435
1005002450053770
32908407811
4001177015153
1005002317785093
4000498708103
1005002363498667
4000879345228
4000409277312
1005001842673256
32977018742
1005001594992308
1005002395451098
4000341465671
32953250111
4001338894754
1005001450955065
32863750249
1005002314365358
32750307001
1005002134491173
1005001658229079
32467673389
4001351773867
1005002275387640
32915667878
1005002430117775
1005002475266804
1005001644058981
1005001464478576
1005002353202886
32993097981
1005002253253287
1005002191826143
32982390207
33023248749
32975390732
4001331091437
4001247803081
32569509827
1005002291405935
1005001918586765
32921211024
1005002458068643
32827159183
1005001509914351
32883467226
4001127672473
32977374806
1005001796924885
4001285460987
4001169798020
1005002413423079
1005002432557548
1005001914365727
1000008046033
1005002442419298
4001207844424
32781970224
4000823300892
4000104613710
32925875768
4000009697651
33030010487
1522897684
4000545877784
1005002271002802
4000176491623
32763685695
1005001592331666
32953985900
1005002259609796
4000469262271
32773305221
32915890538
1005001290393863
1005001670914296
4000583120605
1005002248790717
32977402449
1005001994643353
30000002406003
1005002388937756
33052903249
4000934973414
33015974346
1005002350901008
1005002370069201
1005002018069959
1005001431350036
1005001625464371
32718690050
32844186387
4001336032456
32880528376
1005002052559755
10000128218210
32854806001
4001041066584
32908129506
4000038506099
32832982940
32997663219
1005001627686488
4000742149362
1005002342265614
4001229797182
1005001799106651
4001097057917
1005002275254920
33002737098
4000109103195
1005001610120042
1005002316041556
1005002348669440
1005002167878322
32625508494
1005001781082459
4000938767779
1005002499762602
1005001965287915
1005002387570038
1005001529964676
1005001418671238
32668660083
712452824
1005001999051613
32945853536
1005001699723137
4001196858530
33002634486
4000900191636
1005001935919507
1280254194
1005002235069546
32847012357
1005002460395602
32425626153
33006297177
32675349886
33004962903
1005002260353197
4001339790436
1005002468205110
4000592313930
4001218815983
1005001955097662
1005001432140475
1005001590975467
1005001286338623
4000670979131
32697623873
4000874850796
4000429594906
1005001786714262
1005002069052468
32837820571
1005002485135402
4001361845711
10000149386908
4001243945836
1005002442039744
1005001583510959
1005001640869134
32700522606
4000859234813
1005002431562016
1005001877026743
32903032480
1005002382666327
1005002394012080
1005002343660467
4001296770104
1005002267429885
32847750190
32958497984
4000492566686
1005002006582622
4000803569614
4000992944841
1005001812633417
1005002355780582
1005001859454650
1005001444725238
1005001354907981
1005002247507681
1005002170827073
1005002265809798
33045243120
4000046499190
1005001592879347
1005001997811368
1005002185385624
1005002137046781
1005001877358731
1005002233573350
4000666973337
32819466224
32966453977
1005002369623572
1005002311676887
32774241281
1005002220076177
1005001856225165
33039451381
1005002430975347
32969849113
1005002262531052
32888682134
4000216047913
4000247147803
32953052454
1005002483984587
1005002038397800
1005002302349039
4000751067385
1005002060007829
1005001807943385
1005001426306010
1005002055245752
33003387770
4001231658341
33040500533
1005001844962492
1005001727186351
1005001495338370
1005002394701126
4000864104683
1005001706382246
1005002268323422
1005002348350596
1005001918054926
4000204868556
4000789338595
32936607552
33056233262
4000724434429
1005002398515287
32863215087
32460944680
32828608511
1005002096093764
4000901975366
1005002307523465
1005002357910853
1005001877343856
1005002260812749
33047143449
1005002362154977
1005002233312273
32408866302
32820682906
1005002311749188
1005002314813751
1005002409681927
1005001495540631
32531611678
1005001687911365
1005001905463263
4000287621000
1005002421645404
1005001826866073
1005002359881201
1005001651914674
1005001838397566
33003494193
1005001853494453
32222032538
4001270376044
1005002223520622
4000061733869
32847700680
4001085351989
1005002110243769
33022977366
32642666286
32836634643
4000218428107
1005001446255216
32295957729
1005002434683893
1005002241307713
4001000545654
4000982959910
1005002227760380
32905846983
32774632550
1005002438720247
32828942997
33035844710
4000597625833
1005002264888396
4000865439918
1005001666851789
4000902898783
1005001765295352
1005002468859603
1005002122407441
32847026202
1005002261124934
4000985191391
1005002253544478
1005002470704848
32646446375
1005002122463356
1005001426725461
1005002309356987
1478058185
32963010400
4000398720671
1005001975696854
32828182998
32795971820
4001034968056
1005002312642344
33045152397
32943028284
32538748324
32735907108
1005002058493076
4001267937079
1005001505048304
1005002198749618
1005001699870942
1005001419139878
32835051111
1005002139120896
32918898046
4000039663579
1005002370041906
1005002266420156
4001251135006
1005002244659873
32317725764
32990341480
1005001573687343
1005002381386690
4000700068913
1005002340774006
1005002027680034
4001237998552
33042521452
1005002452938332
4000068427013
1005001488327388
1005002310928466
32842329210
4000392749156
1005001994859005
1005001921832409
4000761219424
4000828288122
4000562225908
1005002094021700
32954167666
32918570327
32985859886
1553415729
4000500212411
32820564275
32760451356
1005002490842672
1005001853392361
4000369630489
1005001930310823
1005001502507207
1005001442229097
32947678267
1005002467454641
10000034223297
4001227854095
1005001872170375
32237466300
1005001848956312
32840525455
33053801253
32985629997
1005001435902378
1005002298433005
4000041476392
32557416923
1005001942996159
32851807071
4000426770302
1005001405045050
4000080225466
4000105738428
4001224033297
1005001627058313
1005001464259830
4000263551059
1005002319891214
32944336119
4000245400964
1005002006897216
1005002345951751
1005001841181764
4000352720021
32996330006
33053912269
4000460138502
1005002001797681
1005001718873062
1005002167580033
1005001315130755
1005001942124395
1005002419932946
1005002315914229
32859612348
1005001480099839
4001010299085
32912628842
1005001561739720
4001211339242
4001274389924
1005002250063626
1005001619608323
32848139165
1000005526490
33059560586
32801062651
1005002216085726
33019010892
1005001356910080
32976946849
1357316738
32963896158
1005002340141691
4000308038389
1005001820681785
4001119867761
1005001664282747
1005002467274597
32843206675
1005001572570229
4001134387728
32976510218
32913648211
1005002199171596
4000732489268
1005001884392187
32990440458
1005002398920314
32814296188
4001364009825
32597522362
1005002252754307
33034236647
4001047564683
1005002314200885
1005001704144625
32877814507
4000967567483
1005002330885564
32775285465
4001210016526
1005001445118580
1005001561923288
32885295512
1005002264997081
1005002419137815
33057006410
1005002219389773
1005001670850662
32700274718
32947578740
4000699613033
1005002290750828
1005002254657204
1005001532024134
1005002298443262
1005002258497841
4001111810274
1005001346317226
1005002429447147
33004832628
32961262552
32956279348
1005002398049696
1005001950169636
32848233674
1005001844060500
4001090554401
1005002168188537
1005002322494917
4000701471456
1005002033257463
4000409899247
1005001759486000
1005001380270091
32869942385
32798964303
1005001721560072
33040665600
32830907876
4001146072718
1005002263621880
1005002273571889
1005002456538043
1005001604158164
4001064890338
2035746340
1005001840066509
1005001789891291
32901275554
1005001672520109
33047878553
4000074292854
32961430675
4001223533827
1005002277900296
1005002363648320
1005001859137666
32857247739
1005001774607497
10000088397439
1005002388226700
32854340258
4001254687175
1005002171084176
1005001609358061
1005002351276892
32962980913
32970307538
33039748773
4000263238095
1005002478005228
1005002495263566
1005002233501299
32840603204
1005001906903911
4001058092067
4001112304519
1005002397689973
32970756008
1005002315036748
4000786931994
10050021620245051005002260950793
4000945599871
1943930853
1005002260910005
33033822478
1005002020250660
1005002413290219
1005001290072514
1005001763838343
1005001525123388
1005002312122130
1005002167018865
4000982325402
1005002399530728
4001179409592
1005001603325643
1005001808306637
1005002311778522
1005002333359205
32840055706
32853735819
1005001797412852
1005001996148008
1005001993776516
32789645894
1005002212005800
4000710412974
4000082101079
1005001993898265
1005002250642247
1005002377584651
32919460828
1005002322764346
33041011750
1005001381219426
33029358959
32974714482
1005002468847821
1005002022521604
4000805075693
33045550239
4000989179397
1005002467657634
33058376101
32904121782
4001305441308
1005001592197240
1005001640407776
1005001603137229
4000817888591
33020131986
1005001593315172
4001240649260
4000315844257
1005002387144542
1005001570587229
4000956252910
1005002336874173
1005002364316039
32967224899
1005002073449741
4000187843687
1005002398367009
32804846139
4000843106000
4000026266598
1005002271707403
32611050822
32956918099
1005002495889048
32966869656
32861806214
1005002268759241
32993122846
1005001387107238
1005002382935794
33056448979
1005002229869034
4000901146016
1005001670921148
4001313414743
32895496431
32970905849
32916895169
1005002466138400
1005002424531279
1005002432237980
1005002307813371
32958178967
1005002213234602
1005001373741860
1005001817856358
1005002314820859
1005002310753474
33043300997
4001321941707
4001080490391
32562866615
1005002283076957
1005002427637318
33005906921
4000555793940
1005002047216863
1005002483029822
1005001438889343
32887344585
32681258331
1005001731312820
32981556625
32916962805
32898862930
1005002314412219
1005002489175049
1005001842869026
1005001670587618
1005002291561255
32771118583
1005002355764462
1005001279299483
4001083508294
32921610519
1005001958528566
32783324836
1005002413073386
4001115171593
1005001504724785
1005002279328547
1005001337982177
4000052558671
33036124817
1005002410139814
1005002297156149
1005001334233351
4000905726091
1005002205174869
1005001617178590
1005001354043868
4000301173471
4001360385102
1005002316025915
4001226223831
32830751266
4000688327327
1005001850556383
4000238511168
1000007072363
1005002323150506
32960048498
4000437751068
4001259119791
32940731624
1005001731262605
1005002357304214
33002574836
1005002285889745
4001085732711
1005002332063347
32862307498
32829308480
32849125453
32315321308
1005001703651359
32853244628
1005002345449389
1005002258940260
33022719310
4000860901460
1005001564647985
4001256304261
4000843247337
32887191197
1005002020479065
1005002259175028
4000548232871
32901971207
4001261440367
1005001865397822
1005001398639635
4000828425445
1005002287120472
4000295820273
1005001664053320
1005002329753506
1005002353905606
1005002495240676
4000603193154
32905150716
1005002224689239
4000955791309
4001170553988
1005001703184529
4000330175051
32916251307
4001156155252
32848420127
1005002018715577
898857532
1005002482939707
1005002344768529
10000322127755
1005001266578082
1005002028199402
1005001276459185
32375628438
1005001694313276
33023924201
1005001482746208
32906961533
1005001875144710
33058535000
4001117208743
1005001673783090
1005001727410504
1005002428385445
1005001894127529
4001275558045
1005001839956504
4000008893789
1005001424146040
1005002211094097
33001341603
1005001936564595
4000831197931
1005002408496008
1005002340925043
32425865229
1005002324131678
32919396311
1005002429678248
32964806146
4001243952522
32947361555
1005002312173433
1005002318119678
1005002232418580
1005002314413972
32834225137
1005002341996169
4000477153279
1005002314388346
1005001310327179
33007215174
1005002350822042
1005001514150706
1005002315226326
32833383978
4000019389807
4000666101494
1005002347338850
1005002383567566
1005002288443250
1005002265103790
4000850068427
4000295530942
4001285878373
32472825808
1005001882379578
1005002221489741
32843028581
32947042312
1005001829875432
1005001671329148
1005002366562165
1005001694102389
1005002340123975
1005002246946322
32637445524
1005002383197909
32795371688
1005002298362338
1005002471596267
32824306464
4001179627375
1005002399883179
1005001953232797
4000987357882
1005001762813684
32865071319
4000679545067
4000186884838
32852381269
4000183818321
32781243582
1005001284945278
1005002493771719
32996528266
33042113258
1005001634898729
1005001864818052
32882895274
1005002277681661
32980824025
1005001754079032
32839730682
4000110337309
1005002423829747
1005002362026798
1005002314255590
32735179397
32604887265
1005002359410793
4000546709005
1005002467668237
4000200833172
32970944978
1005002364317959
4000045313710
33008669740
4000136677068
33042020804
32860806350
1005001469387316
1101468600
1005002430682924
1005001779979292
32958214223
32963575534
1005002237867521
1005002414297250
1005002408722037
1005001540346800
32795463774
1801385307
1005002100463978
4000138207596
1005002282697821
1005001922166519
32977606193
32505378483
4000739335377
4000786320174
1005002284382071
1005002245985927
4001286277375
1005001873060965
4000717186016
1005002491958025
1005002170971428
4000609448561
1005001421161562
1005002243229487
4000705047031
4001251141814
4000420970448
1005001350575084
