32950476015
1005002232028274
4000042910881
33004833012
32946990474
32963829334
1005002218262808
32557201176
32997148093
4000168121417
4001223265036
32880487852
4001261276447
1005002450457045
1005002399556874
4000823125193
4000255878362
1005002122547235
32989383711
4001349793827
4001221345375
1005002289032410
33052271545
1005002359487572
32899034417
1005001641038210
1005002312658205
1005001621618709
1005002427831686
32980122040
1005001960779224
1005002420034165
33061738157
32455622911
32803899866
4001105890300
1005001365385634
4000260947797
1005001671967013
32592073472
1005002088624236
4000276201364
4000938800533
32962028597
1005002392819383
4000764406079
1005002307469610
4000925621201
1005001953706856
1005002028935967
4001157293542
1005001596805251
1005002321035535
32903001793
32848428049
1005001688063415
1005002240529557
32921244536
1005002105001645
1005001877580921
1005002448909302
33002674583
4000625644409
1005002205516088
1005002373424675
4001230573324
1005001452422476
1005002054711546
4001189009887
4000781734364
1005001873942955
4000885936408
33027678928
1005001391619982
32629932272
1005001841776744
1005001417430508
1005002276775956
4001218563708
4000849907218
1005002485828505
10000402334988
1005001664580180
4001300057535
1005002314915123
4000202596945
4001166404094
32967139716
4001207776489
1005001547829185
1005002288878464
4000155136354
33015262425
1005001603266441
1005002287422534
4000850660512
32922821605
1005002291441415
1005002337271804
32624080146
32903875563
1005001626971945
1005001350501338
1005001468201691
1005002389651127
1005001980408293
1005002315549403
1005001736437333
1005001547041790
32904205365
32941593156
1005001772115144
1005001708854538
1005001849531993
4001359817407
1005002189944520
1005002356744497
1005001591386236
4000288423197
1005001430760797
4000198860866
1005001387253201
1005001597637214
1005001952449926
32968405090
1005001325252799
1005001960120949
1005001628082233
1005002281950096
4001198481578
1005002298303207
32974398034
1005002427802926
1005002467468730
1005001963547324
1005001607412745
4000270508562
4000176663192
32736277072
32916291114
4000517274108
32617898924
1005002233994348
4000243328162
33047932404
1005001468248835
1005001705744087
32962019419
1005002314113192
32987037009
1005002413453542
4000861568834
1005001387820149
1005002208037273
1005001444361506
4000313462973
1005002340723883
1005002286789284
4001214280265
1005001817922037
1005002468827259
4000205999930
4001320448501
1005001956481919
1005001586875860
32706620927
32831303851
32803690396
33004704835
4000068855056
1005002318254084
1005001608649667
32864720274
1005002365716628
33038422411
4000483687682
4001190877168
1005001817150037
4000397497764
4001141911101
1005002065744497
4000852259217
32565555381
1005002002611807
1005002375507269
32967098574
32988371732
32974705370
4000137242583
33037474288
1005001588226674
1005001587334768
33020939729
32842805750
1005002389007144
32817492355
1005001355017650
1005002272592455
32958639099
32977490777
1005001856675813
1005002389987336
1005002400571533
1005002227972292
1005002327764259
1005002283019215
1005001898743136
1005002223666722
1005001706267409
4000793923284
1005001678533112
33023683942
1005001998737282
32966905688
32999871832
4000037821802
1005002489166637
4001313692131
1005001612532843
1005002216384718
1005002370472183
1005002450781127
1005001441628708
1005001894405441
1005002285783170
32850037767
1005002129988654
32972535395
32920002113
1005002387474629
32847974711
4001271452130
32920746929
1005002034592059
1005001844467570
4000850562548
1005001784662748
32813355948
1005002425913860
1005002363432450
1005001397226055
1005001439133264
1005001275649685
1000008275873
1005002337586713
32804812869
4000223175415
4001252804861
4001247408274
1005002475316746
1005002056642891
33033153928
33004802359
4000329493647
1005001895789340
1005002115757190
1005002428457089
4000064447593
1005002317509828
10000352837630
1005002315824919
1908558544
1005002331861595
1005001689377677
1005002373161002
32996110263
4001217053264
1005001948791627
32813950371
1005002287929778
1005002382810670
4001052046978
4001278659304
1005001646277297
32751067123
4000945522116
4000430285965
1005001589696856
32763955109
1005001423434156
1005002259254327
1005002241676274
1005002042043554
4001174927715
1005002242020218
1005001708636830
1005002495618259
1005002264554549
1005002292077426
32973872066
4001129349143
32999573231
4000006392742
4001219300299
4001156021711
4001133947531
4001088805207
32806421843
32516501746
32564230728
4000506908512
1005002286748140
33050612104
1005001463688303
1005001284462654
1005002375321584
1005001688931563
32663363377
1005001481647706
1005001302622556
32590780711
4001264449827
32857434754
1005002198804451
1005002333383502
33032294576
1005002113113521
32973306442
1005001515828925
1005002330636962
1005002364058730
4001108412392
4001237788891
1005001489991095
1005002271890485
1005001631053508
1005001929241851
1005002400313650
4000003778572
1005002392318854
4001160276132
32403423537
1005001605019993
1005001952166490
1005001539118739
1005001615669258
1005002378992198
4000346488376
1005002443892039
32819420583
1005001927703683
1005001915801074
4001280824476
1005002281637203
1005001676626692
32820201917
32839838126
1005002358615936
1005002317429688
33023579021
32971009450
32844581830
4000672539488
4001235577072
1005002306813967
4001273226605
1005001893102955
1005002286492453
4000281921932
1005001555025302
4001351687655
4000563141571
1005001743923266
1005002454343407
1005001495690160
32755100327
1005002329080934
32892187668
32892659779
32968564052
1005001329833329
32971650014
32973140554
33038032493
32243712384
4000183092174
1005002213751256
1005001483814342
4000955084423
1005002404457807
4000874861609
1005002170691006
1005001670249260
32463728936
1005002452980431
1005001775623727
1005002408378840
1005002026934674
1005002122519015
32925043574
1005001633150468
1005002032856059
1005001310106454
1005001335981443
4001226277672
10000400015259
32978011231
32916254805
4000207534946
32810883601
1005002136295795
1005002459140025
1005001898700866
4000720054484
4000254235924
1005002400744817
1005002252035564
32333421292
2017095171
4001134464040
32999493555
32807627021
4000280625453
1005001702851587
1005001335832657
32898101862
4001250583856
4001061663264
32897860975
32824829550
4000701244467
32958775380
1005002325185205
4001277942152
4000966423614
32966781489
1005002057029057
1005002400879469
1005002376433388
32982540088
1005001308773375
33011236413
1005002412015620
32910806163
1005002399135037
1005002434742299
1005001815145267
1005001928127298
4001308413241
1005002340790266
32801859522
4000990823588
1005001470984386
1005002224618166
1005002362608351
32829388935
1005002346655008
4000434670122
1005002107655185
1005002240877324
1005002490500220
1005002293808802
1005002256782338
1005002495305445
1005002205552306
1005001333427899
1005001398105619
32609336062
1005002361718550
1005002357503116
1005001920721618
1005002245832956
32959692316
1005002268090318
1005001957485537
1005002023689824
1005001516664667
1005001548805194
4000043938679
1005001507257309
1005002260853107
1005002301433835
1005001442293306
1005002109919526
1005002362111048
1005001819070876
1005002332571604
4000588478210
32754790763
33047630808
32810568173
32773623451
1005001604942156
32950487543
1005001332691823
32814905534
32816928755
4001268930113
1005001511919368
1005002310681022
1005001841494733
1005001604588728
32884919700
1005001912655223
32455321007
1005002490452644
1005001343261742
1005002358035493
4001276018598
32904006617
4000370005323
1005002418447081
1005002443572106
1005001402598381
4001064413280
4000970573210
1005001438577660
1005001924081741
1005002249598989
32696677953
1005002237713765
1005001354495731
1005002208002273
4000693377076
1005002314671872
4001313398845
1005002491239956
1005002319151207
1005001634194901
1005002359000122
4000266639261
1005002266128438
32697899498
4001118047935
33000442034
4000089367142
1467301046
4001250749832
1005002462497192
4000218647817
2054299375
32968020198
1005002480605645
1005001365879782
1005001389380838
4000084689342
1005001446570869
1005002339549602
32859433838
1005001893326170
32589573996
1005002295989684
1005001671682764
32959512978
1005002378362861
32906730088
1005002362956769
33002845132
4000466033702
4001046504807
1005002112849260
33032898031
1005001578688769
1005001860809242
4001193913943
32848499118
32851048877
1005002322789176
4000995417064
4000045679620
1005001764693881
1005001596178255
1005001575859973
1005002252287983
32838081119
1005002031761453
32965169697
1005001875742539
1005002063599885
1005002348263400
4001288204194
1005001636227433
32438608243
32991066641
4001037326142
1005001736535971
1005002314749488
1005002341293460
4001220771003
1005002346150017
1005002245768351
1005001307786927
1005001298720840
32870760818
1005001508258825
4001079244280
1005001733391226
32793155011
1005001450145476
1005001731001536
1005001369864312
1005001699139667
4001227629207
4000740015068
32943893384
1005001965463781
32951585370
32863762482
1005002247206912
1005001738471930
1005001819035403
10000274500957
1005001349653042
1005002298488438
1005002252991244
1005002449149038
1005002281916233
33002711761
32919307902
1005002001623809
1005001437432104
32799420720
1005001682881621
1005002285953367
1005001596378137
1005002319321450
4000850570441
1005002396662871
4001143636675
1005001444580865
32793752803
1005002254285459
1005002311271485
1005002226149788
4000095674238
32966021893
1005002242883509
33006390261
32867215075
4000734313002
1005001464358571
4000738213433
32834979301
32404592439
4001069356907
4000336618512
1005002319036818
4000843391238
4001240787122
1005001813271445
1005002224501902
32980283153
1005001804637007
10000232889051
1005002375327426
1146755382
32598058542
32670463100
4001169837628
33030010403
1005002253301441
32844644776
1005002244283303
1005001480114126
330354752214000327171012
1005002332488915
1005001383049831
4001198075545
4000237700815
1005002279626606
1005001590974314
1005001521683619
4001079058744
32731329840
1005002288624312
1005001900476056
1005002110695341
1005001565635910
32887398773
32812893412
32874570668
1005002107046998
1005002469691509
1005001968952131
4000396211317
33011074502
1005001427486616
32986143043
33051296954
4000623895598
32825480792
4000942005501
4001244904848
32922804890
1005001502187463
1005002256805080
4000804168985
32950628058
4000714882980
1005002262503237
4000685185521
1005001528919088
1005002210071889
32997568633
32807099233
1005001854481815
4001050396276
4000712541776
4001094016829
1005001718780494
1005002297860654
4001233790890
4001301989643
4000211073227
1005001853289928
32888462893
1005002082561829
1005001334252231
1005001733287793
1005002347933214
4000202391517
1005001890138402
1005002450080733
1005002034136752
32457581642
33057409894
4000856789312
32855998289
32854179530
1005001622167634
1005002333446815
1005002280948543
1005002022303792
1005002319114417
1005002105111187
1005002060889657
1005001586490001
1005002072942541
32955894643
1005001848751071
4001277896347
1005002282437058
1005002346472171
1005001854924168
4001080571545
4001038473018
1005001334505528
32896351777
1005001546880109
4000082465227
1005001686251230
1005002420863292
1005002355682071
33056197515
32961286721
1005002119890204
1005002244379419
1455076548
1005002314013170
33035583394
1005002336512088
4000822404407
4001027461067
4001044955935
32831381068
1005001573432411
1005002224540565
32971242155
32790701351
32886842153
32835271227
4000640396161
32822505126
1005001351816241
1005001889799975
1005002341040173
1005002332469962
1005002313990368
32843316934
32959317637
1005002073569024
1005001840241276
4000096306618
1005001525468551
1005002284132660
33059317025
33042829201
33038073009
1005002159436412
1005002085422263
1005002333822974
32810423829
32949684583
1005002267556824
32580426997
1005002276024567
1005002488939166
4000421790936
1005002394781436
1005001579094977
4000389268635
32878748523
4000723098379
1005001376033567
4000333103470
1617408472
32986499443
32855077546
32863384879
10000034370723
1005002200989907
4001178154663
1005001931388474
1005002304552063
4001358550667
1005002149113940
4000809361348
32919677639
33013949551
1005001708984937
1005002363096252
1005002315339687
1005001337810026
4000689207774
4000453914322
10000390853259
1005001430522191
1005002416014431
1005001961644768
32977923953
32968183063
1005001936731382
32919993496
4000900499532
1005002262410492
32977811711
1005002350748682
1005002103104615
1005001640164589
4001037302798
4000299944195
33027092995
4000991449869
1005001584967685
4001041934900
4000170240222
1005002232457308
33064447845
1005002309234963
1005002426593676
1005002383193571
1005001888222179
32971617990
33024486464
1005002219572757
4000301456388
1005002475880801
1005002265783791
1005001699386157
4000314535537
32837364293
1005001474025199
32865965928
1005002293849182
1005002315733477
1005001758063776
1005002409986863
1005001586248714
4000996371269
1005001489508716
1005002277990249
1005001627449153
4000963960587
1005002162098283
4000073304105
32838423187
1005002334102274
1005002490103326
32852933871
32555554563
4000631939976
1005002402580104
32920395487
32963951206
32960905791
1005001538689399
1195616080
4000458520751
4001243416146
4000768749082
4000814774695
33030486125
32879836693
10000386628318
1005002104965871
1005002324925268
4001061689525
32896979038
1005002304068794
1005001520589077
1005002230194470
1005002346802551
32924126015
33044412078
32875090843
32958207641
1005002064251091
1005002292662779
4001278794994
32893348781
1005001933578644
1005002481798799
1005001898740653
32853087723
4000699539222
32954884567
1005001896127062
1005001501437364
1005001290246012
32779542816
4001214262393
4000182699067
32931609506
1005001750813491
32877359695
1005002468505308
33027689759
32987916030
1005002085178036
1005002281610032
4000374375158
4001163343747
1005002394326020
1005002277672723
1005002421309569
1005002233654511
32835418810
1005001656752105
32880136336
1005002261120765
32876359271
33012333289
1005002381264749
1005001320505182
33059040543
4000261572904
1005002369170043
1005002420419193
1005001694313031
4000890088876
4000238606076
1005002483960923
4001282158208
32899300108
1005002262638003
1005002283375072
1005002480420843
1005002166014716
32969678620
1005002306425354
1005001902155536
4001260841585
1005002334988413
1005002428303210
32364264230
1005001588333064
1005001765193676
1005001608257408
1005002498915120
1005002046765051
32805381235
1005002285581929
1005002495911975
4001144059030
1005001515085756
32836146908
32590196317
4001306632246
1005002345722477
32866693965
1005002376949864
1005002476568462
33033206288
4000636267958
32998329834
1005002314941258
32964070629
1005002305030288
1005002388353283
32828668742
1005002190797918
1005001766992191
1005001855237447
1005001853833550
1005002499104068
1005001776885618
4000326770694
4000277644811
32848546130
1005001882377785
4001304579895
1005002475579213
1005001637775912
4000050404507
32983822341
1005001886157423
1005002007223883
1005002058016774
32923291060
1005001958767508
1005002363576005
1005002064388407
1005001345032743
1005001552562642
1005002467949653
1758568231
32581090565
4000060888891
33054413260
1005001790118440
1005002338987090
4000574734814
32983616046
1005002239306239
32973520411
1005001968921042
1005002378983470
4000931139463
32856436986
32844741967
1005001345384386
4000221777346
1005001881985294
4000603242532
32873592933
4001235121167
1005002245819012
4001332352920
1005002492299941
32885210168
32857656836
1005002394616129
1005001617790789
32972311728
32985291506
33038479466
1005001382428176
1005002234287383
1005001953897152
32959786661
1005001466372970
4000814744674
32843917348
4000900409365
1005001920677711
1005002385130662
4000359136368
1005001870763338
32584768266
10000038301028
902564896
1005001627974750
1005001941492590
33057727679
4001186485019
1005002082311792
32792037322
1005002306849847
33005391744
1005002277779402
32510766150
1005001698094350
1005001541564768
32947475291
1005002260939034
4001039707343
4001247650052
32920230625
1005001727983147
33035889922
1005001930658191
32606505451
1005002315994129
32974845144
1005001722067669
1005001984876518
1005002122525063
4001049395314
4001291825300
1005002476957733
4001133930447
1005001570548316
32565527563
1005002422205066
1005001987815763
33011389736
4000505840749
32856706379
1005002210038821
1005002312125507
4001018220689
1005002136703359
1005002459213192
1005002358668623
1005002316054460
1005002432203238
1005001302195203
1005001317126869
1005002261095491
1005001792552029
1005002206252685
4000991353905
32922243568
32996116921
1005002268955043
32834196833
1005002413184023
33002703771
1005001646088979
1005002257700423
1005001495498040
32972208349
1005002362025364
1005002339241308
32823319576
1005002219265113
1005002370155196
32700398763
1005002331248261
32933027257
4001297701578
4000419619309
1005002339388803
1005002264432556
1005002399022485
32638627646
1005001313105454
1005001475864528
4001153379025
32898199322
1005002293345617
1005001797443678
1005001656709953
32856040535
1005002245368013
1005001437414579
1005001839425297
1005001500670951
1005001619774444
1005002358729678
4000479539013
32811125342
4001365254607
4000832846669
4000553846240
32830930602
1005001285002552
4000357695179
33002192581
1005002226590241
1005001425499745
4000007710307
1005002271081502
1005002340796931
33019522627
32298466019
32961575033
32876426243
1005001407981413
1005001835559037
1005002317392450
1005001664885264
1005002500077814
1005002353674906
1005001645426531
4001259932571
32997436739
1005002365362220
1005002310720075
33027699167
1005001776991504
4000065212627
1005001966311050
1005002388570154
4000814831652
1005002219607054
4001135267701
1005001918958243
32808424233
4000717450982
1005001458233640
4001196732459
1005002107585797
1005002426123944
4000898105935
32870594624
1005001264823896
1005002167803570
1005001596123660
1005002354423095
1005001506972801
1005001458694904
33024793739
1005002253475657
4001199443773
32719505040
33035401352
1005001321154490
4000635956926
4001146858700
32831676324
1005002363976817
1005001810844134
1005002347413757
4000349764148
32394984619
4000084804801
1005002259599455
1005002334250014
1005002315360506
1005002340173454
4001157584493
33063263003
4001024908828
1005001804214252
1543025858
1005002280503463
1005002432246027
32893895257
1005002482911578
32907147181
1005002487402266
4000135869408
1005002396644593
1005001446434506
33002516544
4001230383370
1005002108176006
1005001381241170
4000237572877
1005002125211447
1005002357326685
1005002373864734
1005002262388824
33017825340
1005002364783143
1005002314417672
1005002407574948
1005002303405255
1005001625754648
4000672643898
32965255378
1005002443304089
4000025129167
32817049986
1005001617990499
32911430795
4000383300787
1005001442279239
1005002233235256
4001225296125
32918583946
1005001381573345
4000866830185
1005002317853387
4000512208144
1005001752445359
964904432
1005001605659581
10000022827648
1005001621335912
1005002376703948
32852312588
1005002252449614
1005002513151176
1005001779932079
1005001597958278
1005002234061462
32963413734
1005002035211187
1005002387697295
4000192599913
1005001954871506
10000399960071
4001278438056
1005001797147236
4000463725811
1005002112555563
1005002467152760
1005001962153534
1005002318830513
4000136758768
1005001706670706
1005002288970374
1005001946691246
32883060937
1908041558
33021238790
32849254055
4000711371761
1005001338024280
33054916809
1005002390816700
4000774959261
4001290291500
1005001906268522
1005002393623310
32857925279
4001079932526
4000850539866
1005001771315106
1005002399081174
1005001906665104
1005002487050941
1005001623022605
1005002001478815
1005002212899913
32886192220
1005002247715881
32918759871
4000748956166
4000857465482
4000024172449
1005002311659286
1005001431837820
1005002206623170
1005002337292904
4000983589429
1005002086456058
32819895472
1005001346056677
1005002262457332
4000979024775
4000259350691
1005001337643827
1005001350208910
33015963542
4000810816315
32890041653
1005001918984741
1005002347810291
1005002068428128
32954460013
1005002097360129
1005002339919358
32983310206
32537544518
4000553072169
4000636334976
32839663581
32756847754
4001003804569
33007719040
1005002388470074
33004771774
4000988175541
4000010115317
4001010600725
902564957
1005001972880064
1005002333745241
1005001994337440
10000397745184
32911127620
32987241941
1005001764847948
4001151387152
1005001496166936
1005001653501595
4000747696962
1494008623
1005001829326782
32848313715
32933618172
32765752440
1005002283297649
4001038274928
1005002267573085
4001021652983
1005002389843080
1005001617962740
4000523622470
1005002262108596
1005002294050677
1005001891282269
4001033726949
4001351232788
4000626187658
32992498841
1005001469268391
4000389257050
1005001930878484
1005002287862288
1005001525443605
32907350498
32998461916
1005002467002498
32672155551
4001138288916
1005002271549028
4000043635969
1005002352366802
1005002192208241
1005002450387738
1005002304345679
32788996257
4001093181976
32954205959
1005001670120388
1005001849899700
1005002081433057
1005001681952893
1005002349649830
4000096459659
32898799751
4001001273911
1005001968370641
1005002168089017
4001218125588
1569502969
1005001921061280
1005002478540607
1005001656956357
33042530895
1005001493562221
1005002310513831
1005001334478597
4000491524836
1005002352414496
1005002435057810
33058105283
1005001961409021
1005002391024129
1005001744520123
32834380493
32724094822
1005002166682745
32839572211
1000008480011
4000250153183
1005001801204474
4000755914610
4000876859571
4000782557364
1005002144410724
1005001310554205
32786633584
1005001952904285
4000323882103
1005002316366865
1005002389602415
32866561411
4000251679399
1005002124178919
32848013128
4001038448960
32971638514
4001140283739
32763185124
1005001279516937
32869748814
1005002389644247
32904342115
1005002019483067
1005001619433841
4000453075701
33054541590
1005002473392968
1005002308056812
4000182257136
1005001680164424
1005002258287089
4001198644387
1005001444614970
32916366488
1005001591842264
4000584987278
4000453469025
1005002232689426
1005002392790705
4000297195944
1005002474152004
1005002167691662
1005001334528435
1005002409567256
1005002239586781
4001251774749
4000907329123
32919418177
32870314178
4001127129224
1005002337729805
4001097178584
1005002318111358
1005001290488413
1005002377933468
32964220273
1005001965153869
1005001479582170
32723872830
1005002355849774
1005002262200101
32974383909
32989961950
33039791191
1005002276999957
32989870118
32406247565
4001288334050
1005002426021389
10000306563304
1005001482753183
33008362660
4000699498491
32794139812
1005001966226950
1005002187686803
1005002258073870
32783199249
1005002352720921
1005002265181535
4001283149470
1005002041786645
1005001413822395
4001287821603
1005002052962925
33003940896
1005002393884513
32825005417
1005002221296548
32625203057
32666409728
32981231712
1005002377193940
32851602919
1005001453964298
1005002325026885
1005001571135880
4000429592145
32297699570
1005002318419217
1005001676741023
1005001722688457
1005001370738508
1005002186160492
1750494978
4000334123862
32929613719
1005001670926182
32816845821
1005001671369269
1005001620801880
1005001320111952
1005002264910259
32372433244
4000399136593
4000655865598
4001126174513
32873446589
1005002323462356
1005001713737912
4000192669534
4000997077207
32855835928
4000876525623
32894174000
1005002333021617
1005001675433037
32822735235
32809162150
1005002443523407
1005002306168135
1005002346351965
4000337025114
33036029639
1005002198808055
1005002337865647
33005097535
4000840744009
1005002337231311
4001282523990
1005001348642434
1005002493716503
1005002032921730
4001170594309
1005002271788451
1005002330660892
33055603641
33007498593
32793369143
4000220851612
1005002210941098
1005002314367328
1005001623459470
1005002023254925
4001037713301
4001247041113
32954444240
1005002347274502
4000166866981
4001189053694
4000983588237
4001175797441
32922290622
4001346708630
32772798022
4001084361537
32891156576
1005001894549741
1005002268235543
1005002095044772
1005002277973933
1005002347447367
4000362385095
1005001999647079
32946722222
1005001952023324
1005001785115581
32975568217
32931358577
1005002273987170
1005002316805742
1005002357602324
1005001690807606
1005002385031399
32981074897
1005001677396907
1005001592785544
4000335570375
1005002243582244
1005002311591759
4001295808810
4001220373460
32513830600
1005001518303721
32964455626
32535019497
4001263906760
1005001671039541
32827723580
32987086976
4000129415222
32925992844
1005002454403407
4000347798885
4000176766564
1005002352761458
1005001666562191
1005002386946189
4000793507011
1005001764164755
4000166595362
4001014484850
10000423013862
4000130102538
4001096225142
4000052502365
1005002393506969
32969619671
4000825934131
1005002314485117
1005002313997339
32931630435
329567390121005002388298039
32701468419
32768762034
32861312135
32824552085
4000842698061
33030797303
4000908052701
32658612637
1005001462622700
4000941848080
1005001741702398
1005001429468605
1005002120575488
1005002266269795
4000907562563
1005001514569431
4000960584709
32579944062
4001163050019
1005002346960333
33030661047
32958272466
4000499165289
32795926100
4000526165436
32983082267
1005002167920164
33022680201
1005002072856854
1005001817147981
33006726655
32813628485
4000267428244
1005002434788573
4000969696563
33021378191
4000198003627
1005002406359085
4001130911510
4000820241137
1005002064103513
20000004629010
4000558656399
1005001825655320
1005002212350773
1005001525293814
1005001825197867
1005001915344048
4000599190241
32864772887
1005002061523669
1005002421427964
4001324038746
1005002337302070
1005002454349770
1005002277790490
1005001933912364
1005002383837627
32808089679
4001045463034
1005002322880852
1005002424057536
1005001277765692
1005002365466322
1005001469348717
4001347569746
1005001966552694
1005002284074620
4000808933906
1005002262692826
4000758847937
32965728577
4001038508071
32986431658
1005001487362602
4000856542038
1005002290982468
1005002099372751
4001201920675
4001172496154
1005001515843717
4000729785703
1005001780075539
4000859009290
4001365846175
4000903465630
1005002339572912
1005002494199498
1005002358395434
4001178213583
32910665755
32974413328
1005002459260206
32994536358
4000022086851
1005002116622902
32875022058
4000133278779
32813268149
1005002311628432
32747653265
1005002204448693
4000528789368
4000226420076
32956590824
1005001429113572
32884748048
4000076355708
4001287251747
1005001580097255
1005001915371066
1005002258363235
1005001817687873
4000763754743
4000889726844
32704620875
4001227196179
32961061606
1005002466066884
4000799713988
1005002232437777
1005002288207395
32824369832
1005002321192745
4001027540324
1005002043200276
1005002368330187
1005001681416802
1005001270243192
1005002353894295
1005002048203876
4000150644193
32851937258
32980229854
1005001731823487
796655072
1005002337076187
1005001648290711
32968501569
4001137454821
32593139493
1005002271316071
4001067515107
1005002171266100
1005001525293899
32918764789
4000546678521
1005002424115579
1005001690891795
1005001431271090
32372511571
1005001846693120
1005001698682065
4000028970691
1005001762451376
1005002448267984
1005001952653842
1005001325573130
32952457392
4001064942333
32785295034
4000673135048
1005002246553661
1005001639292068
4001302342440
32693771400
1005001867413090
4000942013247
4000443350016
4001313719857
4000035690039
4000116801942
1005001929092967
4000377410804
4001107715905
4001282559468
4000430427335
1005002350969728
1005001534650293
32834643176
1005002423348180
33011504418
4001219183957
32924850795
1005002409954919
1005001270470569
1005002240124785
1005001758612475
1005001759181968
33052442009
1005002125477363
33008190294
1005002442699857
1005002310938052
1005002388299913
1005002255853691
32913734584
32818547245
1005002196167868
32921115742
32910267062
33044891982
4000048422445
32859278903
1005002345955268
1005002206080100
1005001833396002
4000345448698
32867825881
4000195397402
1005002326439942
32663030848
32919238733
1005002400480955
1005002007508240
32782064627
4001347487255
1005001869723062
1005001882274676
1005002352727150
32836771950
1005002272106615
32849367442
32995904706
32821593064
4000641910205
4000987200982
1005002205758451
4000843991981
32945521739
32857552335
32847685256
4000216225142
1005001864712376
32831870891
32350083943
4001285807870
4001147516216
1005002413563898
32970417937
32590739013
1005002256532561
1005002334489311
1005001859247730
4001203400635
32583765486
32965112338
4000113753713
4000171189363
33011324413
4000601549428
1005001493197865
1005001402984141
32996836224
1005002289120659
4000903110841
1005002327142048
1005002466034202
4000587178590
1005001382415466
1005002337231429
32915974892
32835033036
1005002272984588
1005002210740207
1005002280810049
4001154676442
1005002313904901
4000012400420
4000842619909
1005001441301806
1005002485029849
1005002227719303
1005002024442687
4000970183051
1005001794145424
33052007987
33023544664
32615508007
1005001699598341
32855603742
33050435449
1005001482329313
32848972828
4000532319936
1005001731142836
4000220978778
1005001913640278
32949494572
1005002381869629
1005001326114300
32528577980
4000908098454
32894507256
32844326288
4001010407645
32293089392
1005001693196987
1005001638471979
1005002277853071
1005001308199759
1005001367287521
1005002007151305
1005001743072763
4000928852215
1005002367877108
1005001452875967
32987081281
4001320859086
32819918746
1005002082223905
4000744305974
4000177939387
1005002394891844
4000283103133
4000864344442
32927618375
1005002454593254
1005002314316734
4001365682850
4000910184232
32844719796
32992099488
1005001900704968
1005002279047658
4000282624025
1005002304580098
1005001387005080
1005001971751278
33056980171
1005001714406072
1005001976627225
32886659261
4000430194851
33036295394
4000983208686
32975601170
4000965872437
1005001930962225
32775493663
1005002319297879
1005002201676722
32888931400
1005001458572377
32813126486
1005001488057401
1005001446846133
32979200570
1005002247739041
1005001652584550
32960624623
1005001793187411
1005001284814354
1005002039209689
32965027910
1005002289617863
1005002253968562
1005001507820521
32921566784
1005002377832929
1005002386905694
1005001913405719
1005002416917934
4000706740846
1005002343149034
1005002410026834
32782456922
32845943416
1005002321489904
1005002234307782
32569117237
33041095360
1005001525271872
1005001431062829
1005002321191086
1005001733425071
1005002265646414
32914779738
1005002418931844
4001235609171
4000805282509
4000114384900
1005002491077352
1005002485997789
32886399471
1005001854673888
1005001551495919
1005001291067614
32790067934
1005001512196437
1005002453463246
1005001885941335
10000262241180
33016500437
32969388794
1005002329567268
1005001666625338
33018199688
33001055540
1005001637707217
32969099164
32840127240
1005001940427649
4001355189925
32959839675
4001131805598
4000321721452
1005002227636627
1005002354538146
4001226390654
4000205674130
4001074691680
33059703115
32993743838
1005001525258992
32868421134
1005001899436328
1005002261248889
1005002428447093
33012302642
4000048772284
1005002381359898
32985543893
1766008974
1005001596569341
1005002197954092
1005002319180241
1005002459909546
1005002433830880
4001286447256
32854244870
1005002170934893
1005001411254544
32961468379
1005001894291222
4000344076659
1005002375626689
1005002295024444
1005002253669596
1005002358575416
33050492872
32660627738
4000290453383
32850846051
1005002273284553
4000834088615
4000056607290
33011981301
1005002328694253
4001293356005
1005002193098688
1005001594395594
32948635429
1005001656693965
4001125907349
32390736326
1005001398428612
32961084824
4000739775648
33017308534
1005002225983637
4001255413168
1005001718097321
1005002325365638
1005002362447146
4000270029792
32832180868
32970170501
32909119697
1005002453674763
4000074157614
1005001888262850
1005001731348289
1747111826
32992686346
1005001381092722
4000655912048
4001228004718
4000929597297
1005001926686461
1005002231642910
32948936492
4000109976560
32930424696
1005002311311133
4001288794713
1005002291839228
1005002286263201
4000396855523
4000386118195
1005002346917153
33050615963
1005002264908546
32721333357
32851840012
4000666729873
4000756130774
1005002292353673
1005001423116866
1005001272965686
4001251979100
4001075278305
32958340386
1005002297225804
4000198477315
1005002308060862
32945578927
32960921467
1005002490413530
32423924874
1005002342574539
4001149287128
4001116467836
32769577711
1005002319382111
4001094840475
1005001977091266
1005002277872104
4001295151380
32842015029
1005002291539481
32844396011
1005002267919611
1005002450390610
33002370796
1005001514631879
1005002136307042
33035303698
1005002323658618
1005001921600537
1005001899774344
1005002174782593
1005002321682680
4000955775979
33009274103
4001070324360
4001098671598
4001209100311
1005001853111112
4001270729471
1005002320172673
4000059087004
4001334782807
33030591298
32980293495
1005001370558651
4000691847399
4000197826681
1005002314326275
1005002318351763
1005002345796430
1005001992278226
4000489254258
33018007027
32885547862
1005002114863266
4000837183500
4001208878320
33008829345
32683107514
1005001947419566
1005002450790713
33019402504
32846980159
1005002314197141
1005002270468949
1005002304387007
1005002337287714
1005002301055014
4000517741626
1005002434100420
1005001391303348
32964399471
4000901596043
1005001997099076
32969738413
4001079397641
1005002317605598
1005002359989488
1005001752041296
1005002448814445
32496719538
4000081048385
32788748609
4001160630928
1005002406336939
1005001308938823
4000362509058
1005002306357242
4001052816190
4000997015978
32355162925
1005002309016110
4001053537680
32790597483
32834748880
1005001742134444
4000765792926
4000542218900
1005001360946962
1005002297834938
1005002313991680
32956178452
33046696066
1005002329558508
1005002212261216
1005002027274075
1005002113124684
1005001487160845
32811683019
4000784584376
4001264231125
1005002371509716
1005001680441704
1005001288400185
4001227152396
1005002221843096
1005001900943768
1005002466175726
1005002317700374
1005002317325612
1005002275816696
1005001864737498
4000162476178
1005001890276962
1005002281614889
4000204183662
32882592937
1005002409078802
4001116003149
1005001420228043
4001334407966
4001365676583
1005002372243347
1005002301354788
1005002143243919
32827379947
1005001948399404
32348169913
4000997036624
32950076597
32828718774
32346897907
4001175484069
4000236034569
32544808278
1005002137336139
32963117917
1005001603673219
4001022285777
1005001894961817
4001007816602
1005001463527493
1005002073573861
1005001988179338
1005002330693369
1005002462153491
32759545600
1005002239643710
32960264640
4000863619710
4000903065520
33017893724
32236509728
1005002362139803
1005002147011346
4000966892622
32747441486
1005002149697943
33003147361
32990955442
4000458912820
32823504762
1005002103178228
4001071523580
4001179307546
32771579023
1005002135005285
1005001849287943
1005002464960897
32635175692
1005002238853791
4001022328013
1005002308886565
1005002248579709
1005001309253159
1005002219665909
4000817169304
1005001309000666
1005002422099658
1005002263365376
4000165180957
1005002334610654
1005002476415438
1005002282402797
1005002417664182
1005002438210346
1005002309335440
32844548521
1005001995448847
1005002019979342
1005001976380849
1005001756327386
32767780810
1005002314335571
32814652790
1005001620870332
32994748340
32562179007
32934399034
33042834139
1005002037818104
1005001518955331
1005002344983605
33003396913
1005002378493512
1005002413332062
4000854830544
32865223865
33018777068
4001196677424
1005001953323152
32804371426
4000641455089
1005001705290882
32885739986
32796429023
32770968627
33059937500
4000454170414
1005001887729130
4001065007693
33046226765
4000444347924
1005001413913931
4000919954701
1005001509412975
1005002344972608
4001065912322
32740395403
1005002459390683
1005002483010813
1005001313646495
1005001810971470
1005002428001906
1005001914064581
1005002258568218
32867180427
1005002460214738
1005002439557380
33058130803
1005002282297575
32759203178
32954816320
1005002372677800
32820764847
1005001349731950
1005001860798618
1005001953900595
32867245316
1005002420495275
32763293193
1005002124052956
1005002353025284
32968275858
4000379460338
1005001314902635
4000785080919
33055124903
4000188085168
1005001494098094
32810137843
1005002271651659
1005002203975767
1005002292592254
33048145196
1005001997367686
1005002301977753
1005001936340387
32974542853
1005001706538817
32890848606
1005002363219534
1005001573949128
32868651252
1005001582854390
1005002175680228
1005002045704829
1005002142721774
1005002314239178
32689243722
4001225122732
33030629675
4000511098718
4001209891901
1005002395448428
1005002334263934
4000453313859
1005002328631550
32646490653
32975544445
1005002466152272
32490743565
4000770312434
32459550832
4000904287031
1005001900054111
32829250700
4001031703265
32954440797
1005001303932960
1005001585713477
1005002336317610
1005001930946258
32970948169
1005001585109460
1005002336420451
32802931915
1005002242332036
4001174159881
32838471332
1005001961992296
4001041961972
4001050189735
32830426108
32958608786
1005001642799378
32386353510
32907841964
1005002287200618
1005001429223806
32976331502
1005002117393554
32664841837
1005001675763170
4001172543151
1000008589097
1005001345204034
4000917715832
1005001894769288
32896616947
32960142593
4001137665701
4000901294059
1005002046245073
1005002204667647
1005002314316680
4000553338345
1005002262197142
4000842872397
1005001656883538
1005002346691205
1005001493331122
33032273744
32907119447
1005001976785756
1005001298662269
4000132850736
4001257168751
4000570280701
33035352084
4000362645177
33004137044
4001110451638
4001147403213
1005002287727972
32976340173
1005001992738536
1005002326693210
1005002015621280
1005002351282858
1005001305227517
1005002254853550
32865130236
1005002010933821
1005001856515396
1005002124410017
32950163237
1005001816978279
1005002140998507
4000281501848
1005001711038053
32409500256
4000274817560
1005001913726478
1005002386902499
4001178137971
1005002355685378
1005001914099067
32860050037
4001041107105
4001051524739
32705875483
1005001519373851
33014028247
1005002006387223
1005002467159028
1005001794273079
4001280799517
4001288030071
1005001507514402
4001133298128
33005779278
1005002270298317
1005002391942962
1005001371431425
4000753660140
1005001299091316
4000178121862
4001129367502
1005002268257416
4001096346390
33047137201
4001134295979
32684743484
1005001485034198
33013480880
1005001438764856
32891016176
1005002396767485
1005001580806748
4000121491078
1005002318719138
1005002292494018
4001280039105
4001200365431
32649336579
4001020432045
1005001862706550
1005001826247365
1005002413072662
4000666570182
1005002025362236
4000381602135
1005002341828372
4001255301774
1005002381453398
4001065718844
1005001598770864
1005001274735565
1005002299318414
32730162471
32847571177
4001278907664
32736345209
1005001714058892
1005001603618489
1005002388760297
1005002313341746
4000934985703
4000970866112
1005001481732918
32829967148
4000845245812
32725088854
1005001638973010
4000962295904
4001277505444
1005002489076382
32888256337
1005001616034416
1005002253261825
32817314718
32916038551
1005001775353570
4000552669584
1005002283481046
33000336241
32916433886
1005002047085665
32572502638
4001262604340
10000342413484
32972157922
1005002313262126
1005001948615150
33003307102
4001238502114
1000008156662
32793321530
1005001748056442
1005002192006758
4001222838849
33059476829
1005002419497300
32778174659
4001364861914
1005001780123674
1005002006345570
1005001990250201
33008402444
1005001873997393
1496927728
1005001424579934
1005001736719533
4001271518771
1005002378311318
33011541638
10050022679882724000119920807
1005002232451598
32983225834
4000828241851
32811212876
1005002021552406
1005002263865912
1005002245858205
1005002344214609
4001145794888
1005001322927648
4001314407601
1005001834754267
32806050787
4000110830128
32578085573
4000225773425
1005001905703042
1005002368303815
4000972717118
1005002132492386
1005001592094639
4000342007263
4001249144207
1005001918711539
4000850717526
1005002239472688
4000189933803
1005002410815753
4001281880302
4000945197594
1005001570795296
1005001794575952
33026539689
32828904083
1005001525936506
1005002342204726
32854700828
1005002065403875
4000276107820
1005001278966573
1005002327754448
1005001287772810
1005002235123325
1005002470911917
1005001718530452
1005001738259479
32617161252
4000677220218
4000824106303
1005001993748928
32383140214
1005002481310785
1005002433198997
1005002333894582
4000685033738
32995573325
4000401948423
32943190618
32521902799
4000221309381
1005002327115073
1005002297461921
1005001844464477
1005001289537472
1005002091141211
1005002243867320
1005002281633480
1005002383879646
4000249804610
1005001520081727
1005002125056451
1005002021567464
32969491576
1005002300647782
1005002340115994
1005001638435630
1005001525378517
1005001790533498
4000349981523
4000800096962
1005002128275041
1005001826518268
4001151234521
1005002467576938
1005001526180315
1005001411274815
32986336455
1005001783333922
32460652121
1005001728521369
1005001702725121
32424522730
32952837963
1005001354384475
1005001719119156
32565066003
1005001851476332
1005002291258278
4000756128869
32859209088
1005001514274695
1005002326639326
369286165
32944988497
1005002213502979
1005002312755492
1005002261866732
1005002233550197
4000429614298
4001358721638
1005002363852395
32775715324
1005002337688060
1005001866184118
4000077016132
4001339238521
4001098494448
1005001475196229
4001057996989
1005002198843228
1005002260825150
4000580217370
4000991029621
1005002255484284
33015389801
32971112232
1005002099827145
1005001894388099
33054964479
4001217902388
1005001424128932
1005002042564712
1005001687567337
32921065740
1005001803655724
32727151224
1005001966489169
1005001575407109
4001280404385
32984146440
1005002289775530
33011536434
32810397961
32870059888
1005002239144414
1005002310902930
32843385781
4000912836229
1005002383788660
4001264658263
1005001939439581
1005001290525949
4001268369266
1005002081917503
1005001645337939
4001260724464
1005001510457201
1005001440695830
4001290311259
1005002474492607
33026989531
1005001708275091
1005002314652857
32999368185
1005002333782079
1005001745530469
4000026519607
32888290485
1005001853955604
4001173867657
1005002443736009
32907650279
1005002118759469
32799725545
4001159484998
1005002219872037
1005002408851603
1005002362955169
1005002095624254
4001064826231
33007268160
1005002133621531
1005001895534528
1005002130335349
1005002032810195
32897669054
4001299064052
1005001876710630
1005002198639983
1005002499355744
4000626305274
1005001643947569
33043382305
1005001568734839
1005002314325234
4000935243076
1005002208472021
4001108665619
1005001552072830
32999547785
4000040378596
4001130945128
32956767303
1005002412318187
1005002433840040
4001132450432
4001335650513
1005002480956968
1005002439995910
32848333407
1005002085500342
1005002347205734
1005001900567267
32761184946
1005002314430424
1005002435041685
32998261584
4000475155462
4001307379531
33060237580
1005001339902437
1005001863579501
1005001889704468
1005001632741498
1005002235234508
1005001915900072
1005002330823659
4001155650998
1005002203261477
4001071321363
4001041991952
4000479706242
32739921355
1005002217586675
1005002006514750
1005002313364061
1005002350818594
33030460177
32686730112
33040845519
4000203149959
1005002354640539
1005001839974183
10000337605345
32757954620
1005001808474952
1005002336800728
4001218802000
32834034317
1005002375021368
4001296709750
1005001853616482
1005002372563747
1005002318584421
32887437626
1005001985631793
1005002475978925
4000780395169
4000777593220
1005002409522572
33026311369
4000106316676
1005001611709366
32920568649
1005001288025827
33006095493
4001251764602
4001136445796
4000924526262
32416301913
1005002433225414
4001112456370
1005001354649273
1005002329966266
4000110987061
4001091599749
1005002280917345
32959068970
1005001821614478
1005002475591433
4000808663763
1005002287320909
4001046059357
1005002291380642
32970713598
1005002425392611
4000058558764
1005002201280386
4001152111391
1005001543077511
1005001858661356
33001422397
4000229102725
32912143788
1005002322506022
33043703967
32969569543
1005002344238162
1005001444772607
32651976503
1005002016478738
1005001968363557
1005002298740046
1005002272682084
1005001418017633
1005002134622115
4001350210425
1005002320398064
1005001475989259
32782651832
4000709636640
1005002317638072
1005001868210877
4000817536230
32906354193
1005002339314787
4000829420438
1005002113137711
4000259870959
1005002304437242
32611770793
1005002373086939
4001211639609
4000848856621
1005002359442052
4000873802619
1005001544473442
1005001839121418
32991778919
1005002334505483
32729658793
4000599150574
1005001714313483
1005002385021452
32976575976
1005001659776324
4000888820640
1005001425025280
1005002259456607
4000386735127
1005002328162664
32646414577
1005002233679030
1005002363244239
4001245872013
1005001567454807
32916206486
32773813140
32449198349
4001045606426
4000570798523
32790225046
4000533443382
1005002412468570
1005002483921033
1005001703054581
1005001482454843
1005002267347703
32841235378
1005002342705965
1005002483938664
1005001788650553
1005002307967518
4000689704167
1005001953279567
10000395822275
1005002006081970
1005001502969738
1005002258727329
1005002140971949
4000933657152
1005002413612614
1005001404948616
1005002244269039
32868053358
1005001998503036
4000266971585
4000083910620
4001247613823
1005001869684054
32981246187
4001364224638
1005002346479082
1005001736367220
32857461009
1005002307344152
4000607865501
10000397727672
32422458918
1005001662901891
1005002454498496
1005002143036179
1005001782087995
4000389255339
33038381121
1005002315871570
32912969133
1005002326534226
1005002369161737
1005002094392444
4000853456198
4001295314883
1005002448352373
32663323368
1005001418169370
4001036602042
1005002189510958
1005002393847308
1005001632199832
32842632674
1005002197812902
4001225092757
1005002370197417
1005002260049379
4001015576047
32970708310
1005002115340118
1005002262432402
4000274557229
32810554354
1005002423128992
1005001739740461
32391089295
1005002108919745
32818977632
1005002441431722
4001233785284
1005002012303988
4000315265416
1005002232777078
32846265507
1005001354311245
1005001725639049
1005002482441318
1005002483920775
1005002375322460
1005001507819686
1005002032715438
4001343656243
4001126922268
1005001446072759
1005001575016835
4000235047016
1005002372134935
4000523612598
1005001295927238
1005002315109801
32797156511
1005001439090532
1005002388871422
1005002425448846
4001268003618
1005002371470434
32955599938
4000275058421
1005002246869105
1005002295346975
1005002433743829
1005001908324561
1005001891223285
4001191263694
4000401563627
1005001867651388
4000065494755
4001053413270
4000304443852
32859994469
1005001873099681
32803949224
1005001438259080
4000691255256
4000996392499
1005002301494185
1005002246742537
32843878357
1005002181792508
32945922538
1005001504660064
4000133440856
32881067624
1005001785892163
4001186636146
4000990955698
1005002357520671
1005002119900218
33058665662
1005002089171837
1005002281893496
32893340836
4000955829014
32858121181
1005002340975478
4000218917566
1005002038749557
32920940309
4000679735414
1005001515773821
1005001581438359
4000460321667
4000337227889
1005002314398796
1005002277071098
1005001963365634
1005002321196938
32999862533
1005001958778444
1005001739489642
4001189618253
4001084414218
1005002275506318
32887018905
4000955898127
32919610079
32944189416
4000785033016
4000550244677
4001340614093
1005001510666530
32812891428
1005001677904594
4000242791022
4001131328058
1005001977679892
1005001326301352
1005001349072352
1005002275635387
1005002055939573
1005001381964952
4000892156592
32855279174
4000392741816
1005002310778884
1005002382496442
32993471860
1005002282226405
33024439404
32461749587
1005002239695773
4000182199115
1005001502685835
1005002154253317
32913643159
4000827885460
32813619080
1005002388495630
4001228430948
1005001742084871
33008547345
4000848783941
1005002143471236
1005002314218392
32859998897
32948578783
1005002357611502
32850609159
1005001810756534
32992792937
4000850568468
1005002405168552
1005001615185166
32729473941
4001122881180
1005001835389781
4001216733029
1005002312426653
1005002396712767
32861739369
33058651545
32881051234
32968245072
1005002315321125
32361279616
32392804947
33017049776
1005002368595364
32839783838
1005002383414546
1005001371596418
4000484486978
4001137744113
591120873
32850682783
1005002277181170
32976960189
4000480338492
1005001833692280
4000645110773
1005001915344282
32974477766
1005002352665597
4000693304642
4000922593703
1005002318102929
33046506506
32729905836
1005001394186387
32715641139
32874564196
1005002228632438
1930774132
1005002341452571
4000048267661
32772465716
4000179191532
33048427308
32684315660
1005001710015553
1005002324240132
1005001999535097
4000041789319
32953675783
1005001905462263
32916062004
4000297007366
1005001809601363
4000093592138
4001285321783
1005001816515460
1005002270725769
1005001518673453
1005002058600124
1005002363280946
1005001899947141
4000063045193
33062426552
4001280682423
1367841544
1005002110987478
1005002350798406
1005002329674790
32856818800
32842911547
1005002256020726
4000805937007
33014488630
32768880231
1005001430342030
10000397724467
32851184227
33048185910
32986264825
1005002371322801
1005002368695250
1005001906956613
4000890769961
4001153586851
1005001683296028
1005001763546794
1005002271554986
4000905720101
1005002233233214
33009674538
32954012918
1005001620272907
1005002394801841
1005001413564600
32892994624
4000808141039
1005002318290555
10000400059817
1005001779760241
32921095759
4001090860106
1005001665430895
1043941157
1005002217055493
32956023233
1005002314315363
4000237983043
1005002405478383
32649186806
1005002208494837
1005002358952895
1005002223628097
1005002107710583
1005002323313480
1005002439075722
1005002049737996
4000311375716
1005002377256667
1005001573969426
1005001906893367
4000822122641
4000548491496
1005002074675252
1005001479004633
1005002368300272
32895616580
1005001873839428
1005002360018736
1005002467677165
32521276163
1005002478534150
1005001405160451
4001128527661
1005001870181305
32852373604
1005002322272668
4000640299734
32974723557
1005002262225965
1005001971089615
4000639387808
4000434151797
32660136141
32848254958
1005001734353168
1354070110
1005002497553804
32842681136
32892154264
32704633463
4001036726399
1005002300529788
1000008094640
1005002027632596
1005001922243271
1005002126439567
1005002375130871
32951751315
1005002477588795
4000117636687
32975954645
32603522088
4001147305937
4000172402992
32966035580
4001223195676
1005002416103303
1005002277240661
1005001529156297
4001263395067
32731203312
1005002333889793
32998897614
4000672801332
1005001792693502
1005002310145664
1005001984823915
1005001542712255
1005002371853312
4000447260178
4001153433758
1005001321504345
4000859298013
1005001580538223
33027796894
33012450925
4000155145254
4000959696242
4001015726770
4001250827848
32850659522
1005001577805284
32984775249
32764527289
4000040486881
32460704588
4001005094449
33013119965
1005001690138389
1005002246679881
1005002337348352
32977079509
32852161025
32531060839
32715243231
33015129398
32581546788
1005002095192112
4001295178962
32882387550
1005001723034547
4001232896212
1005002231452402
32739540993
1005002448031968
1005002399639789
1005002389947383
32836346318
32956545605
1005002212960330
32648327988
1005002240263889
4000282017517
4000814928916
1005002491875505
1005002328483843
1005001343223127
4000552553015
1005002094402490
1005002223389326
1005002359631756
1005001530025446
32742988140
1005002368195222
4000037568019
1005002424869224
1005002428103145
32824837863
1005001348719730
1005002240768126
32970782983
32231463489
4001181661230
1005002467281181
4000614738103
4000548965882
32853952701
1005001655245500
1005001561010370
1005001556085871
1005002437765781
32818145378
1005002417077047
4001226630193
4000748357125
1005001334680034
4001200008319
1005001869041734
1005002385161178
1005002240935375
1005002333657795
1005002037167321
4000879002258
10000122378420
4000316903558
32761397675
1005001422793082
4000845180710
4001080472382
1005001329954277
32820867303
4000319379294
4000239464916
32951396859
33063987347
4000070654918
4000761155104
4001317157322
4000409927172
1005002335854199
1005002487176523
32934607887
1005002358159767
1005002305150263
32998191755
1005002377270218
1005001947780744
1005002333622298
32858739101
1005002289014468
1005001517013359
32833549214
1005001699676204
1005001927964901
1005002244608000
32916505488
4000067970376
1005002278821760
1005002167346112
1005002341658859
4000804381916
1005002332521821
32714996270
4000940409061
4001155698926
32823584014
1005002167670924
1005001344598882
1005002404232449
32903300690
4000202149006
1005002213024488
4000042596031
1005001768283871
33010998711
33041266829
4000192595414
32803525193
32890757262
4000594913121
1005002318744950
1005001896957435
32245886811
32831177986
32983177962
4000989095279
1005002311198495
4000642873811
4001305735098
1005001878495290
4000390784950
1005002033890929
4000511816610
4001047539435
4000964166749
4001015200784
1005002350061185
1005002220762662
1005002301280300
4001228670461
1005002355934659
32708984732
33042442416
1005002355832770
1005001670666488
32510934926
1005002284547286
1005002412382026
1005001612615602
1005002484549662
33037170894
32855348646
32949495474
1005002055719791
33027203836
4000411089874
32970019503
1005001814592289
1005002321429763
1005001481920073
1005002254884501
1005002288746698
1005001826940780
1005002029207552
4001170574280
1005001393867159
4000221250836
1005002208290842
1005002246885309
1005002453163617
1005001730102985
1005002241820338
4001143179456
1005002258544803
1005002388235706
32828636702
1005001975684185
1005002232348922
1005002446057002
33014383983
32328397354
1005002370512913
33008410446
32922156104
1005002500379764
1005001972915582
32828213720
1005002259237189
32993858084
4001032235379
1005001355530773
1005002394874098
1005001289818583
32787181658
4000238644182
1005002310533234
4000489462468
1005002090120695
32847584926
4001298643468
32999744181
4000514977045
1005001758448441
4000589630223
1005002281892689
4000240629310
1005001934037809
32911770817
1005001763989179
1005001484441626
1005002346356742
1005001869100627
32970595674
32917446260
32909564823
1005002001979513
1005001789214921
1005001451794407
1005001980104703
33016670393
1005002006787878
4000627336932
1005002097924519
32830071459
1005002356977449
32819226673
1005001470129026
1005001433175191
1005002054507964
4000691341171
419259559
32958907403
32948138717
4001103877911
4001208314848
32959146736
40004014423781005002039741654
1005002405422600
1005002042780295
1005002072543199
32948987462
1005001636594891
33035643072
1005001715154147
1005001670939622
1005001845439946
1005002417346479
1005001446523971
32697273807
4000223178643
4000655766599
4000439514546
4000849363885
32954072197
1005001278415948
4000214349111
1005002315498976
32830706099
4000108135813
1005001674825724
1005001860230936
32822767558
1005001374130972
1005002368983971
1005002343452142
4000389284825
1005002397326812
4000635160942
1005001798543279
32649858933
1005001869644163
32858171634
32926027172
1005002205945548
1005001930946283
1005001779844475
1005002474167244
1005001606121434
4001297486940
4000233496714
1005001982500184
32813919025
32997501714
1005002404755907
1005002034514707
4000828224314
1005001757771922
33023655197
1005001280268170
33053749214
1005001296569900
32881844108
4000966320211
32996398022
1005001921200300
4000195440462
32948855712
4001110874407
1005002386378432
1005002311977968
33035953139
1005002261378726
4000849980643
1005002357540563
4000461332001
1005001873908174
4000118823611
1005002321835417
32993217134
32754977713
1005002029005130
1005002327634789
1005002358645292
1005001914627446
1005001290585304
1005002252363502
1005002258407357
32939462949
32989386477
32969050061
1005002107136926
33027647243
4001156738675
4001250010063
33027105651
33012230019
1005001835109021
4000242076158
1005002294321354
1005001926594975
1005001518759443
4001247721327
1005002019126034
1005002314387339
32965960537
32978277113
4000846958735
33018001449
1005002056917777
1005001644552288
1005001657015254
4000215404215
4000345107469
1005001693535013
32843076506
10000326888835
4000271848544
1005002377771433
1005001641606155
1005002291546861
1005001519726135
1005002232115290
4001196429322
1005001859206974
32967255210
32826830112
1005001635585322
32629763408
32732291093
4000693321479
1005002400155586
1005002449009822
32974595753
32816004147
1005002467750705
1005001697890257
32997369548
1005002494009343
4000909502841
1005001458874818
32892851650
32835289723
1005002343365313
1005001949717909
1005001876570445
1005002367488350
1005001436158310
4001204495884
1005001882701642
33025550431
1005002129434312
32958392530
4000320248527
1005001860789602
32838124927
4000292485645
1005002061663684
1005002224536435
1005001869520764
4000716879449
1005002198289943
32811353453
32838956981
1005002311359042
10000397738146
32907155509
32839614665
4000853812247
1005002477705818
1005002228054718
1005001375894619
33010308878
4001225113669
1005002233996701
1005001867577222
32997735270
4000089872971
1005001614644370
1005002414202245
1005002357934242
4000453244682
4000537718525
4000316181410
32965384831
1005001877109963
32851420813
4001166045673
4001285761054
1005002229320893
4001365018165
4000007245642
4001062382804
1005002267867673
1005002238203295
1005001728532960
1005001703113855
32979712967
1005002313675680
1005002306133871
32632363266
1005002312154903
10000310598454
4001078856849
1005001917290430
32867868927
4000108843427
4001079135763
32853355920
1005001975022638
32913834274
1005002350624691
4001151807233
32849072444
32511661005
1005001875652803
32862114432
32793388804
4000720831326
4000118861453
32975104443
1005001808050205
4000231300522
1005002173477660
4001191456634
32990196378
1005001391324943
32909488719
1005002143897317
1005001427142399
32852929988
4001172761401
1005002319453365
1005002328283719
1005001718026601
33045037668
33015659578
4001296782337
1005002099048137
32867266266
4001049668008
1005001844340540
1005001438870542
32994811747
1005002376533145
32773752757
4001019961647
1005001326635552
32540470193
32925615114
32730409649
4001269541866
32820358177
32688400709
1005002306239062
4000688432230
32889941893
4000734897159
1005001847564448
1005002454146883
1005002095991530
4000575683998
32828525184
33018466585
1005002148118225
4001289739893
4001014582235
4001148249497
1005001684852744
1005001941803149
32848575514
33002047581
1005002337677207
33013214167
1005002410022663
1005002272206186
32730188544
1005001837055835
1005001851251896
1005001514303804
1005001640348917
1005002270505619
1005002316812470
1005001692598731
1005001831313700
4000860870947
1005002225094392
1005002306023924
1005002353407985
32859442891
1005001640536858
4001084022242
4001065859201
1005002400916502
32982366741
32832281689
4000179092680
1005002167995301
1005002300958684
1005002305963136
32314647054
1005002466743602
1005002388581130
32699971944
33039527339
1005002449663980
4000017272112
1005002272179714
4000623579307
1005001997164962
1005002357649326
1005001500202623
1005002443514003
1005001381968066
1005001321328413
32920434373
1005001670392681
1005001982971580
1395527463
4000734114775
33055791376
4001119764735
32853832387
1005001763812120
32823217313
4000348608167
32863727953
32950532371
1005002008427375
4001039958689
1005002082694012
1005002256452182
1005001962544628
32742184004
1005001705255293
32907756756
4001249979713
32879661242
32956114840
32847477035
1005002369024734
1005001594904556
4001139347740
4001159080498
1005002326920764
1656028111
32895403733
1005002064282719
4000357673223
4001205257987
1005001668067550
32997839251
1005001285122503
1005001508280595
1005001927764706
1005002324227299
1005001658669656
32967473877
1005002474577558
4000698477138
4000868291681
32881117912
1005002484126346
1005002394933389
32866228522
4000282964948
32362017554
4000210897235
1005002287992095
1005002341934711
33011563022
1005001916003253
32903084491
1005001516147614
1005001435774180
1005002100386233
1005002354391422
1005002310869818
32826760431
4001137998452
4001202927639
1005002288954993
4000287333534
32835878234
4000712950050
32695392933
1005001423482128
32918392903
32854485391
1005002329319386
4001248451697
1005001270428905
1005002382820497
1005001884784534
32962032860
1005001632088210
32812211146
4000538486184
32951994897
32886370601
1005002410061176
4001286678903
1005002050537314
32856903618
32610779912
4000801404096
1005002346399637
32350199142
33054753213
32819311720
1005001977905758
1005002132947286
4000701487320
4000117605314
4000890301293
1005002276628074
1005002331510817
1005002311244282
32971955490
1005001666994823
4000834642268
1005001873480985
4000281442295
1005002209995672
1005001907829828
4001057988619
4000099733214
1005001516085566
1005001784929433
1005002374380361
1005002314585133
1005002055473553
1005001703341613
4001230412988
32909313877
32854429289
33000891797
10000027650422
33019468554
4000054168383
32967524044
4001162986340
1005001565279141
1005002346057622
1005002393860463
1005002478483101
1005002258299727
4001287177379
10000400059821
4000666124272
4000022132822
4000348646548
32963645867
4000123270120
4001358711263
1005002467619690
1005002242718942
4001223258984
32882105090
4000183589667
4000066750294
1005001672863930
1005001333639605
32949279966
4000390105927
33005661326
4000888947538
32859328583
1005001912829912
1005001351982947
1005002346080988
1005002316239017
1005001758020680
1005002079030780
1005002315189722
32641371152
1005001582715228
1005002166670954
1005002197466677
32880234791
1005002395206461
32968963358
1005002131177901
4000369593369
4000945088944
1005002421360115
1005001762935870
10000339371030
1005002180568772
1005001813592152
4000476687810
1005001425850873
1005002100690485
32819624135
32882127842
1005002311998663
32953957463
2021025776
1005002286610685
1005002346435733
1005002413456582
1005002323040415
32995554029
1005001381265243
32878012927
4000168668199
1005001971452183
1005001980125708
32858038341
32934567706
1005002258214328
1005002256478208
1005002053575765
4000222752812
1005001333617647
33042858710
32919975165
1005002266772096
4001048013900
1005001408481067
32999607180
4000706277472
4001228509859
4000072502881
1005001737410463
1005002246991148
4000629183356
1005001286850671
4001152490971
32862907711
32986736359
1005002447395898
32848684034
1005002422877495
32877427804
32956417263
1005001726461237
1005002172032369
32840477106
1005001937260630
4000443615056
1005002466365361
1005002364448821
4000853194988
4001341752352
4000523320653
1005002441466779
1005002393613325
33005986856
1005001535006705
1005001942843798
1005001730698365
1005002261456791
4001065551883
1005001909088062
1005001850780560
32252265825
4001193663233
4001106272509
1005002340715332
1005001942248888
32856108978
1005001910440936
32958580194
1005002447536326
4001146109432
1005001469998734
4000424289751
1005002042562955
1005002052304995
32995755712
4000372120907
1005001477972418
1005002213199440
1005001968518844
4001286669733
1005002332963238
1005002364473549
32795901028
1005002312202290
32846384703
1005002402031292
4001251557639
4000955893079
1005002243414275
32968702814
32901156224
1005002326890299
32849999424
1005001500295686
1005001785980610
33051259738
4000776346544
1005001562432081
4000323054618
32904337889
32802304276
4001105493365
1005002333493009
33001839320
4000782390190
1005002275646869
32804199361
4000992939535
1005001708946214
1005002224771298
4000076463336
1005001659634890
4001041051946
4000304810642
32828084198
32924771443
32790650746
1005002321710724
32980396352
1005002466654995
4000248979543
4000793961509
1005002197886431
4000321147208
1005002442362982
1005001596398656
1005002038287467
1005002253237963
1005001967875119
4000104652113
33035225318
1005001619889400
1005002412930077
1005001954460687
32851024715
32860067142
1005002139519015
4001042174305
1005002395363767
4000742246090
1005001682000409
32867907715
32867427966
1005001971309807
1005001335161810
32809459306
32609907037
1005002062156138
4000031515400
1005001865552378
32897308413
1005001731503102
32862157519
32960322018
4000119572819
33041593674
1005002357409855
1005001548056408
1005001729336261
32975222620
32990261776
1005002290951508
1005002330792926
4000687122312
1005002166694522
32909987042
1005002313707670
1005002032946957
32791159606
32853895380
1005001960307259
1005001348169674
32919080476
32950954745
1005002467497106
32858818277
4000059142778
4000116890010
1005002339801512
1005002400170504
4001108836838
1005002387349749
1005002349653140
32919755948
1005002152258728
1005002360208586
4000361351685
33000480116
1005001619247857
32858848664
4000127610120
32994689515
1005002335231555
1005002206438010
1005001270079873
1005001646337083
1005002336800829
1005001803962334
1005001560501292
32950681312
1005002072671285
1005002259866809
33020812697
1005002303023687
32917695076
1005002340737778
1005001801024112
1005002407924902
4001061769078
1005001883832470
1005001808818737
1005002187681736
33059387955
1005002282369685
1005001703464598
1005002028360131
4001223805222
4001115623654
1005001762342802
1005002435865142
32971937931
1005002273251569
32440647021
32990427676
4000751858764
1005002123736115
4000849827632
1005001317171699
4001125179841
1005002215703663
32950587161
4000262062594
1005001619548850
1005001833849297
1005002001299158
32696676871
32872066328
1005002136015664
4000573277425
1005001688643891
32968845884
32882045674
1005001914678831
32993345460
32886787520
1005001425331904
32902471595
1005002288607351
1005002395128385
1005002345391062
33048013399
1005001914070892
1005001600018443
4001082565199
1005002458153192
32964097469
1005002382986917
4001038044080
4000449078535
1005001520979101
1005002466152771
32914009837
1005001962447086
4000552316536
1005002116293318
1005002098588111
4000708784970
32852668504
1005001997100679
1005002348009075
33005760919
4000981989967
32988188003
4001304741484
1005002108536609
4000786677805
32969001389
1005002371829682
1005001832146447
4000985418435
32833021798
32654290071
4000125225726
1005002347344023
1005002246187725
10000342499338
1005002375499755
10000382255339
33022794971
4000448992230
1005002295363986
33009797473
32616935810
1005002187502417
1005002277912877
33005256213
1005002265626508
4000608421643
1005002387318652
1005001822831941
33050704686
1005002318208815
4001340935379
32918068578
1005001995365927
1005001677788938
1005002283163731
1005002367353572
32534276509
4000252195295
33031200390
32689791666
32954316306
1005001560312759
4001124642942
1005002371688004
33036840948
33033713366
1005002380904712
1005002345582557
1005002483006866
1005001670338244
33038634682
1005002043585624
1005002167709749
678365345
4001151904419
4000771226767
32831116128
32698962660
10000315904291
1005002218674045
1005001899239440
1005002347751067
32977834996
32921251752
4001289627971
1005002299437279
4000666102562
32785294626
1005002334264015
4001228580473
4001098464706
1005002337376119
4001332213769
1005002275180123
1005002095453319
1005002266179981
1005002425653147
1005002389688602
1005002323477757
1005002205903833
4000028786841
32967217275
10000407345280
1005002265210038
4000225005540
1005001736668695
4001086141806
33032958811
1005002176908165
1005001592073424
4000475349280
1005002122267710
4001155273006
4000080732565
1005002224341102
1005002457522883
4001283157489
1005002329557595
4000061865223
1005002372600565
32817302323
1005002394489721
1005002314758012
1005001590866562
1005001681955020
1005002345258279
4000336597040
32725797487
4000974776838
4001175622122
32993170533
559091921
1005002321984899
4001057611283
32973764931
1005001899549311
1005001515934346
4001264415051
1005002220533500
1005002313794709
32962415542
1005002363234664
1005001988582889
1005001624941961
4000435636210
4001299043788
1005001600320897
4000386798485
1005002420173686
1005001512176200
1005001645332611
33017590198
1005002196401048
1005002122156687
1005002370089885
4001063594851
1005002122252949
4001204035383
1005002403848985
1005002291388409
1005001515172637
4000465943004
4000396262890
4000620186570
4000838018665
1005001567640904
1005002454400599
4000966589253
32637422471
32848038049
32809037202
1005001274608539
33040668869
1005002167969216
4000974811486
4000833657600
4001015565405
1005001369805511
1005002469736365
1005002323242657
4001319440997
1005001431517175
32901133688
1005001954918647
32858543749
1005002069194244
1005002448341919
4000096240558
4001140233637
4000052239645
1005001797923126
4001344108304
32951874637
1005001547423722
1005002316590385
1005001506498503
1005001609155333
1005001596123016
1005001418882019
4000388736644
4001166460177
33002404990
1005001389311903
32949854014
1005002372446152
1005002324500665
32994280223
1005001464787876
1005001860736811
1005002060424805
4001354931798
1005002318501571
32812638194
32957793640
32973984995
32857170572
1005002222310308
32798816867
1005001447249402
4000850549532
4000370682545
4000096945551
4001097532787
1005001462521449
1005002386634966
1005002228674025
32796487305
4000786160387
33012192154
1005002399868798
32848298724
1005001593351011
4001082672461
1005002077072734
1005001466562747
32590355572
32920498599
4001299703142
32835896617
1005002117160656
1005002288277812
1740904170
1005002074923358
4000181551211
32797400869
4000575884900
4000341556231
4000048029588
1005001315958604
1005001660166946
1005002204504059
1005002110469955
32608226668
4001195953917
4001275841574
4000990967327
1005002212299875
1005002454254637
400015217296132769094537
33011403185
1005001923833369
1005001279883621
32856072009
1005001973802616
1005002203439045
1005002272351452
1005002069946819
1005002289827707
1005002411203588
4001284450446
1005002273323870
4000129382708
1005001609392618
1005001780729326
1005001326529471
1005002284317117
1005001992557134
1005002433629743
1005002274641809
32903594514
32864582648
1005002292620818
4001334679360
32679778764
4000012501007
1005002167690966
32947868803
1000007974800
1005002412462712
4001050502161
1005001934735920
1005001986279096
1005001736666556
32901529763
32944836207
1005001713000988
4000551695559
1005001579637078
32898290396
32891191863
33024867258
4001088092327
1005002219170254
1005002280499956
1005002377513463
4000435586419
1005002418588852
4000817138653
1005001349443768
4001332924315
1005001652813348
32903944296
1005001942300849
1005002181525126
32864386617
32618313794
1005002359009439
32556001533
4000454158547
32376299904
32755983436
1005002287724182
32823157745
32977630378
1005001480265865
1005002322499631
1005001515450997
1005001438664945
4001302822412
1005002330606326
1005002338888305
1005002005892800
4001103311606
33014032529
32989234458
1005002393187687
1005002206058313
1005001431295445
32867106031
4000317664650
1005002185725123
4000498525416
32718933891
1005002072466638
32845426112
4001261510377
1005001844119115
1005002332985670
1005001979371463
4000510032674
1005001773593574
1005002315803077
4001058434765
635806904
1005001965612777
32636699629
4000888803113
1005002358923311
1005002459035973
32815946055
4001218673089
10000089309339
1005001971788870
1005002447465413
1005001338359982
32891185886
32966794251
1005001632021061
1005001917243803
1005001844542331
1092529147
1005001706240182
1005002298677759
1005002357615172
4000326690619
4000670639450
4000592850125
10000371751099
4000931883589
1005002389664819
4000054600262
1005001515988127
1005001657830099
32691092215
32654814785
33002546638
1005001633341044
4000910698219
1005002362977006
4000470725182
32612634935
32954188236
4001262547902
4001340129374
32350162234
32862813108
1005001374835178
1005002428208071
4000662614077
1005002053681942
32811223786
33030002678
4000420153788
1005002254493422
4000034214042
1005002395666367
4000317327283
1005002207330468
627084536
1005001397154162
32848561362
1005001432389793
1005002305976417
1005001395680340
1005002244965547
32905930479
1005002366821600
1005001883069746
32805792407
4000459684106
4001343935826
4001251447449
1005001406611912
1005002319145361
32865131923
4001038836708
1005002048704678
32964709063
4000205339293
1005001627023403
1005002078755396
33009808889
32828115336
1005001722823098
1005001565812817
4000987813820
4001054334190
1005001860488498
1005002362460995
32977126813
1005002294002212
1005001354394560
1005001364213625
1005001714222544
32921368510
4001266746345
4001331962715
32368804421
1005002318065385
1005001882077946
1005002394905790
32835778793
1005002487411283
32630722296
32850973486
1005001524344594
4001086207794
4000772838894
4001141798128
4000926959918
1005002180552600
1005002234046959
1005001526496911
33057592931
33051612217
1005001310802375
1005002184515277
4001155189915
1005001597545865
1005001476295666
1005001779664050
1005002306649748
32899326345
1005002457495830
4001230350645
1947435481
32879321545
1005002372794231
32983280411
1005002316849994
33030281913
32918026122
4000549254392
1005002260513466
32589844061
32781508611
1005002186615299
1005002367297900
4000788496633
4000837613480
33029215459
1005002231973557
1005002425550449
1005001967757273
1005002336244358
1005002002238914
1005002363444805
32806845120
33024384377
4001280485021
4000393637940
32958497218
1005002003494310
1005001341048048
32483759392
1005002219346685
1005001525375517
32839094738
1005001658744812
1005002334835451
1005001621108780
32975305310
32319268669
1005001909069224
4001237164116
32848163365
32899577748
1005001651551045
32988330080
1005001774810744
4001047706101
1005002431596046
1005002135981562
4000186034437
1000001983030
1005001963221263
32975673600
4000310521109
1005002388236877
4000217444117
32959340758
1005002240074575
1005002386755389
32974994430
1005002228952582
1005001483192982
32890474881
32946756500
4001039063420
1005001518732858
32834127365
4001208363427
1005002118856566
32964390914
1005001980373072
4000990982269
32868587251
1005002334795286
32878811756
1005002266417491
1005002335078100
32855423167
32823631764
32832178784
1005001632581923
1005002474128713
1005001329432045
1005002227784681
32950608213
1005001656981964
1005002316641869
1005002039210183
4000009262627
1005002318903488
1005002344136602
1005002193920295
4000905530401
1005001736624644
32977879213
1005002282701948
1005001483013227
32915579451
1005002348664731
4001093853403
1005002010780781
4000767276357
1005002394786964
32700695975
1005001780651433
1005001525501179
1005002345033332
4001130560895
1005002218522051
32771906020
4000128389422
1005001906632477
4001293406900
1005002254616829
4000976285789
1005002121261057
1005001988053801
1005001834468729
10000120253400
1005002314425538
4001173752313
1005002317807236
1005002184971220
1005001282194129
1005002019373644
33052381596
4000030113357
1005002166541864
4000433684262
4000043718705
1005001812620036
1005002381420796
1005002336563792
1005001590877589
