4000262073517
4001119322830
1005002465656878
1005002314596136
32983999239
32902331556
32975330079
1005001408637794
32761822038
33052492237
4000141201210
33020490104
32841601833
1005002028083544
4001016032298
4000923438727
1005002116133737
1005001875656815
32915906213
32869424081
1005001995712316
32977006499
32960100207
32837769356
1005001360516125
32884167432
4000415571893
2028255798
32960927727
4000394245221
32919544647
1005002160587273
1005002413654305
1005002350557690
1005001723892754
4001275148362
1005001285693719
1005002476263734
1005002073015044
33050234912
32851484013
32850487458
1005001942183971
32460708563
32912861033
32929324798
1005001845668136
1005001859776066
32971844445
1005002317355385
4000277091632
1005001728359558
4000866554741
32791496738
1005001915274389
4000730666472
4001296279853
4000765987279
33040044893
4000782817386
4000893891280
1005001330943258
32959344273
4000748197086
33042638755
1005002318392904
32797291420
1005001699160011
1005002128570509
1005002110035179
1005001935126680
1005002428538434
1005002453764984
1005001632296075
32820471758
4000557583230
32891862104
1005002012264786
32721172092
1005001966544137
32864014815
4001080558169
32958555827
1005001737460340
4000938362505
4001040882343
1005002348253650
33053639087
1005002144998000
4001013143945
1005002284067406
1005001711053620
32817799870
1005002357443005
4000302956036
1005002329067369
1005002267905094
32768617638
32579977017
32869698382
1005002301587432
4000421189606
32960974239
4000727025629
4000782927760
2035167595
33021834082
33001182608
33007168770
1005001958858037
1005001971396223
32632471727
32814898556
33061795552
1005002261584201
33051155142
4000927874974
4000215681608
1005001309680214
1005002270354829
1005002361980253
1005002315524106
1005002069955936
1005002174996523
32825395030
1005001685717419
1005002304261385
1005001566122672
1005002275747508
1005001652160180
1005001994113574
1005002300780571
1005002056525219
32803023515
1005001389161124
10000088391575
32951916021
1005002375374382
1005002077283093
4000114556536
1005002312239622
1005001338907406
32854692044
1005001525803463
1005002253402293
32695365291
4000038275700
4000996681137
32989495008
1005001769103069
4000893953994
4000426523349
32970318658
32812575635
1005001882197606
1005001323164953
1005002423857782
1005002301495328
32668937104
1005002375097483
32795864263
32825723866
4000459069254
1005002256129242
32972464424
1000005525657
1005002418461177
4000527992904
32963889321
1005002441649496
4001039420501
32825594036
4000589607773
1005002330703768
32469071822
4000960041739
1005002003117941
1005001288000086
1005001840286790
1005001309410191
1005001835257196
32869917746
1005002282493340
4000456421718
1005002380909335
32983991824
1005002224396306
4001042153130
4001308912031
4000407320239
32824775794
1005001695301092
4001228725293
1005002467873442
1005002191630997
32729846229
1994157043
1005002490094311
1005002068329044
1005001915666986
32986707345
902607488
33003973435
1005002083934663
1005002347269496
1005001852000811
4001118679569
1005001873085271
1005001380686526
4000545895046
4000850528301
1005002443586314
1005002362881358
4001081164848
1005001764364682
4000665794838
32862796639
1005002281003903
32257252749
1005001593667545
1005002239868686
1005002341366379
1005002384975035
32752076402
1005002419969242
1005002079413332
33028787632
1005002270023703
1005002205940729
1005001909458450
4000604461454
1005001482418013
1005001571784229
1005002246027000
4000837907553
4000898808861
4000234258092
1005002453183928
1005002493939818
32815266755
1005001349447680
1775705151
1005001501984262
4000045201683
33008347013
4000074306268
1005001528832702
1005001976965383
4000842710276
1005002124976833
1005002346016158
32993956570
4001276441088
1005002028312509
1005002459661474
1005001779756759
4000203234443
1005001607740470
32699346983
32840209385
1005001508034810
4000852212816
1005002438370651
1005001671540698
4000410189387
1005002287141689
33014013180
32928417533
4000677709765
33002321479
32464676574
32944781902
32838575698
1005002377900179
1000007938242
32874872550
4000427057790
32822863305
4000083218616
32839080415
1005002326943049
32974925533
32980077242
1005002328840071
32818484153
32890422600
1005002141450153
4000956067164
4001161003898
4000138939444
4001203427886
1005001529904095
32996467893
4001028458286
1005002320317961
32790159525
1005002395423538
1005001505800110
33045415052
1005002457179132
1005001817403379
1005001966800546
1005002279616604
1005002298630336
1005002011153805
32870575102
1005001325674949
1005002128047155
1005002238161099
1005002313605916
32765482784
1005002428150379
1005002055387420
1005001727019204
32954662058
1005001463940212
32824809709
4000496780607
33009448133
32962437426
4001010428667
1005002170758693
32887214124
4000032911382
1005001298240579
4000112519027
4000075646274
4001244595625
4001213649299
1005002275546332
32615345245
33036723334
1005002105891906
32947150334
4000607245709
1005001786250969
1005002447552308
4000533262236
33059614726
4000111904444
32853016378
32668325799
1005001451938270
1005002432928854
4000848047503
1005001758513115
4000993191086
32896050689
4000747368471
33061250130
10000088323168
32927453219
1005002187659235
32912390955
1005001802270857
32844622824
32954300826
32894280365
1005001594691928
33026412764
1005001348738373
1005002338569164
4000576681020
4000371967784
1005002359701965
1005002463144807
1005002174652753
1005001302090513
1005001958682692
32969866647
1005001348489049
1005001327569414
1005002198205926
1005001835640047
1005002246913603
1005001881795620
1005002438438794
33006944523
1005001473935808
1000008465582
32932679477
4001335245576
10000089247935
1005001912423786
32883379654
4000352926500
1005001411798155
1005002306164666
1005001383817786
4000324585966
1005002362652702
4001185711632
32240846632
4000372715984
1005002012038209
32666701885
1005001763445949
1005002337100597
1005001431588435
1005002333403415
1005001942970475
1005002126147331
32965462510
32887721049
32953363330
1005002278947076
1005001750664926
1005002329964647
4000358123940
4000106951181
4000390995018
4001159487847
1005002481206361
1005002220876780
32818447145
1005002398152696
1005001640135260
1000008207363
4000961805105
4000203261513
1005001313709188
33005115747
1005002435463051
1005002005996805
1005002362872555
1005002469147661
1005002438077086
1005001587407399
32873097694
4000918755603
4001032021079
33031780907
1005002494333552
1005001581850431
1005002469969589
4000019715810
4001260308315
32606607824
4001053950569
1005002368295658
1005002262895046
32971160554
1005002364315751
4001157821290
1005002381706663
32956871797
1005002133459745
4000311872498
4001271567593
4001191996319
1005001824215124
4001207247819
32952246826
4000341531411
32822959703
1005002275896516
1005002305874225
4000927117717
32895152534
4000147902571
1005001279534592
1005002328256161
4001200659919
1005002359938597
4000662567209
32948197980
1005002369060072
1005001298217444
33014678650
1005002221240684
1005002328105786
1005001591583153
4001365421818
1005002439570368
32872771773
1005001284947582
33049258980
1005001620506700
689998666
4001039451067
1005002320765072
1005002491509496
32871447546
4001212540409
32896000604
32859354890
32840168789
32871219500
1005001408454609
1005002085013624
1005002180865020
1005001905731346
1005001570208362
4000466041028
1005002223629193
32697027287
1005002055252165
32910304738
1005002334656744
4000831853641
1005002304491615
1005002250698020
1005002362622946
1005002356275398
33040252474
1005001367784659
1005001781563042
1005002346311649
4001033034988
1005002080800209
32914773530
4001074033910
2046704001
1005002400786302
1005002322019894
32850033183
33001243137
1005002323218536
1005001594949263
32859383469
10000420224071
32975536424
32846777113
1005001761711606
1005001529394077
32839771966
1005002388829721
1005002293541873
33040847903
33000401098
1005002363212959
1005001816665302
32999018456
1005002074265121
1005002240526036
4001338165820
1005002220833455
4000776357325
32922904245
32887538176
1005002286455524
1005002298533171
1005001960054531
1005001422819613
33006015312
1005001910561494
1005002462920028
32996489267
1005002387940119
32883187292
4000213387475
1005002193465858
1005001864463316
32624547403
4000117011855
33032909585
1005002305063159
32996661640
10000397706950
4001107754664
32978835942
1005002457748104
1005001857188166
1005001565322474
1005002302002381
1005002252243295
1005002489322700
32857410913
32776155463
1005001481802191
32972262522
32985589370
1005002250062701
32838721415
1005002425729496
1005001385386126
1005002283487677
32889298661
32912543975
1005001334458301
4000272957037
1005001656814510
1005002441403181
4000283281561
1005001953109630
1005002294716140
1005002245719352
32735193787
32850017469
32889788745
1005001425939083
4000442377291
32870166040
1005002313696024
4001065178068
32821112057
10000022833748
32681884795
1005002314457878
32902859068
32856405599
32852914567
32816078170
4001227058085
4001295814723
1005002219662799
1005001954933521
1005002317574544
1005001669368331
4000158662614
32941513283
1005001727202493
1005002267004077
32954852436
4000401243974
1005002485012822
4000545924689
1005002412613357
1005001598396949
1005001618107955
1005002328919561
1005001966171932
1005002333960931
1005001519773787
1005001971551293
1005001763098436
1005002026960008
4001139747107
32814010272
32870450193
1005001543928397
1005001620725130
1005002280908660
32989406282
1005002390409224
32821513651
33049375765
4001166421326
32903627672
32350135107
1005002105155610
32951510636
1005002288903459
4000175096300
1005002256206879
1005002343099367
1005002467104100
4000686998231
4000463423436
100500143215878133031863440
1005002225372061
32928279046
32975961212
4000773009923
1005002332543945
4000089413222
32617610961
4000112208256
1005002420179345
1005001918182627
4000868302205
1005002085578014
32809679078
4001233479280
1005001465265046
4000828567369
1005002363608456
1005001853969947
4000986115872
32802248085
4000212641006
1005002369589965
4001104725908
1005001562036111
1005002418773239
32930046683
1005001656840355
1005002242102552
1005002481558378
32725952822
1005002170923835
1005001763740761
33011416126
4000801587755
1005002435086855
33032334784
1005001953953606
1005001997084471
4000960605875
4000168698858
4001147729562
4001137955561
32837824755
32862612623
1005002461492866
1005002140132079
4000416019155
1005001641449104
32958899442
1005001754389080
33002495624
1005001785826901
33037978905
1005002262089660
1005001490142692
1005002346056680
1005001889008380
1005002372633783
32997701709
1005002146198506
1005002413711331
1005001559812955
1005002065153377
1005002348715198
1005002102298116
1005001394633798
1005001625379618
1005002000285436
1005002465473143
32988572519
32823398293
4000546023739
4001286145763
4000972007429
32868147392
4000955145786
1005001733868279
1005002357523719
1005001598733943
1005002484839717
1005002314808909
1005002333913040
1005001844254965
4001297528414
32956678693
32841603409
32877834712
1005002365690509
1005001470236667
32966672251
32635627787
33004810740
1005002342049395
1005001643607255
32852800462
32961840452
1005001917725797
32816303275
1005001987352771
32981351732
32877881625
1005001417846847
1005002314775393
33034494263
32864714139
32860774018
4000309473209
32984955832
32850455074
32784291554
10000422993929
4000376182198
1005001718191295
1005002224882371
1005001908261860
33047366769
10000399955210
1005001386334753
1005002316378888
859893886
1005002025008664
4001198025453
32957813827
1005002208282783
1005002270165819
1005001476026473
1005001934405055
4000375661877
32608956666
4001220183984
32803967972
1005002332908246
32838626477
32917872139
4001351560429
1005002459790021
1005002474223064
1005001334050173
33017787616
33004271672
1005002058371569
1005002317614778
1005001580765732
1005002490470183
32283947863
1005002378705122
4000238112632
4000751810221
1005001694155956
32849191081
1005002475265443
1005001757459464
1005001326778581
1005001362103346
1005002078782458
1005002213319739
1005002248875085
1005001781343038
1005001971776357
4001262718944
1005002287573350
4000906880377
10000125382697
1005002457694686
1005002447761698
1005002453324325
1005002289108550
1005001877560899
1005001625769608
33013788444
4000069156741
1005001906539234
4001275068315
1005001475669720
1690207473
1005001568164559
4000221983666
1005002316728668
33014401246
1005002277238622
33027501903
4000840218110
1005001278980125
33046231329
33014021671
1005002346703637
1005002367583518
1005002490521063
32922909396
4000585220094
4000937297777
1005001818042114
32988890829
1005002357636316
1005002294106079
32820376672
1005002319372761
1005002056275393
1005002231273767
1005002320397579
1005001632961380
4000333371109
4000554329565
4001124023372
4000959480995
4000588082627
32983702419
1005001279318768
1005001993226179
4000751996311
1005002421620246
32918496410
33000265993
1005001470243630
4000041237200
4001256023526
32519478441
1005001817335808
4001257961800
1005002317588737
1005001304573263
32869526678
4001275984212
32969748631
1005002375596631
1005001269805703
32861984477
1000008299303
4000083032714
1005001890519668
1005002331772877
32834595146
32870383299
1005002388334617
32896470077
4000202762645
4000277405200
1028754789
1005002475676912
1005001381488540
1005002191386181
1005002389620017
1005002247011399
32687900350
32858110491
4001005149974
32968718277
1005001585375672
1005001349820660
1005002385795525
1005002344027994
4001263048068
1005002394474434
1005002480035636
1005002412245167
33034509210
1005002478030307
4000917391372
4000210402650
1005001752583746
645466890
1005002022104449
1005002287254274
1005001287905014
33019405471
32790874893
4001192496722
32976144845
1005002480776162
4000537504170
33044899611
32774224902
1005001463538130
1005001663957439
4000548294889
1005001870726854
4001231702727
1005002399648759
1005002240082827
1005001788511035
1005001863513352
4000859411508
1005001633525365
1005001736712616
32806623019
32789897929
32974172499
1005001808826950
1005001381100010
1005002198503900
4000992819428
4000290626466
1005002389826366
32518491709
4000251507945
33059864891
1005001659691050
1005002468924673
4000509730921
32632471649
1005002454418266
4000983048906
32397348916
501230344
32956586283
1005002241920947
1005001466659654
4000915575564
1005001571866211
33059456543
1005002423405501
4000937972883
1005002500552679
32445626615
1005001657881132
1005002323546519
1000008201249
1005002363362637
1005001727425832
1005002388200191
32865654000
4001220785808
1005002049256519
1005002304319009
1005001774242800
32967305736
32667563465
1005001587667672
1005001784739569
4000090101856
1005002319031240
1005002232565336
33042697985
33001454515
33021663487
32903761094
4001174703979
1005001707682910
32997219664
32954273166
4001218946263
4000895582359
32979381573
4000575811453
4000599022632
1005002307346382
1005001450668326
1005001592206529
1005002419497081
32793557909
32779936377
1005002365146315
32496983753
1005002270561339
32917798807
1005002469130101
1005001829784184
4000005443555
1005002281467334
4000742182393
1005002042340024
32994637271
1005002264398133
1005002405334343
1005002372983445
1005002430081415
1005002337225451
1005002420828330
4001228509780
1005002314264844
4000469119049
1005001321557989
1005002275701087
1005001518696293
1005002393333153
4000429867229
4001307256629
1005002320314693
1005001457267518
32682032207
1005001621233294
32880448756
1005001447205570
1005001953743699
32956578444
1005002225047902
32802531191
1005002348641475
32650366639
1005001524900833
1005001361209367
1005002443078731
1005001816996347
1005002167667850
1005002289039630
1005001598373496
1005002455276176
1005001928587094
1005002371897818
4000295748363
4001280726666
32966014092
1005002313345905
32336428924
1005001444946071
1005002298806781
32808694794
32861529220
4001103937039
1005001767898234
1005002146494952
32816152453
1005001988832910
32962646554
1005002023216980
1005002337226917
4000594206697
1005002447901437
1005002408398464
32958676595
1005001705185066
1005002264952485
1005001954877426
1005002490687068
32818886151
4000960950123
32858249440
1005001324702976
1005002281484297
1005001505541634
1005002302704962
1005001581010911
4001232930213
1005002068936510
1005001531129523
1005002491038050
4000860785303
1005002418634002
32913027629
1005002395152342
4001131098124
32844251493
32888165069
1005002212966743
1005001710348856
1005002224739303
1005001334196794
32790573923
1005002400616560
4001264402082
1005002319165886
1005001575952359
1005002021915366
33059049879
4001270973353
1005002442948244
4001261862883
32881806240
32434431789
1005002122382552
1005001611917643
1005001557929044
33051896468
32979916994
4000113985847
1005002413839578
32905510796
1005002228550531
32830070570
32882572198
32850203883
1005002319862477
4000991890100
4000230886712
32977022296
1005002364625904
1005001468433386
1005001640011759
4000687590273
33003931727
32823908058
1005001737839924
32963128568
1005001476703755
32843825968
4001062429905
1005001726839478
32428456959
4001198531919
4000505767402
32973396792
32949433856
1005001350726556
1005002273792150
4001031715917
4000042310369
1005001362057721
1005002414160151
1005002065356585
1005002357643325
4000991212394
32703001523
4001225258337
4000092641290
4001278082913
33016658874
1005001977364802
1005001909815129
32849210659
1005001877728579
4001104137897
1005002322304821
1005002329486861
1005002466965955
32770856189
4001085159993
4000063384919
33027238288
4000493015161
4000262465129
1005002359699316
1005001621055362
32595682067
4001261182108
32986913420
1005002459176968
32685677285
33045833189
1005002269094006
1005002219472296
1005002390113532
1005001493482506
1005001627065014
1005002383116656
1005001487258530
32912746118
32953200389
1005002427960729
1005001905569823
1005002300073984
1005001946224798
1005002435340110
1005001987484299
1005002315341787
1005001534209439
33051955079
1005001665640345
1005002334317233
1005002017339765
1005002350833218
4001037294287
4000038223163
4001257772759
1005002246766342
1005002390017989
32864552054
32801766148
1005002318976027
1005002465421013
4001038806360
1005001618306049
1005002345413381
1005001607017413
1005002460305373
4000063873084
4001254768907
32893597053
1005002311720523
1005001497349837
1005001815474179
1005002253580602
32977892921
1005002358168300
4000131484337
1005002428893674
1005002271218459
32905318118
4000289975815
4001352599867
32975980695
33021652565
4000527988817
1005001687491309
32772288782
33054255719
1005001639653593
32864194052
1005002263568691
32824515403
32838958131
32909555923
33014814590
1005002253982429
1005002190372216
32993952015
1005002282257524
1005001615489494
1005002120131264
1005001496743309
33014410364
33018766172
4001268863971
4001288259060
32902839826
1005001989631183
1005001413871440
1005001483451507
4001060503888
1005001524107167
1005001672508489
32854480374
1005001922064279
4000397607205
1005002272578319
32408356115
1005002002808865
4000207330172
1005002111158789
32840458540
1005002430134950
32631512563
4000795194641
1005001971743343
1005002267351559
1005002341412635
32957649370
1005002432584840
4001176060244
1005001780889039
1005002373259822
32803327595
4001090493421
32911788904
1005001519915367
32853846818
4001317484671
4000223679481
1005002377926374
1005002363900076
4001112592852
1005001853929705
32965167653
1005001402072246
1005001580648232
4001235215806
4000638255756
1005002387911460
32991251328
4001360594646
1005002419722578
1005001731196400
1005002297605146
1005002204579786
4000890569709
32912717634
1005001605053093
1005002430814729
33033767916
1000006804496
32795755002
1005001988118673
1005002368993248
4001084257680
1005002018928846
1005002425238540
4000850223402
1005002034531771
1005002478922297
4000918720674
32986229162
1005002344919889
33055890047
1005001357275250
1005001602229488
1005001361437033
32983592063
4000917477203
1005001705525982
1005002357102407
1005001555437882
1005002359075455
1005002345038058
1005001587683832
1005001914211635
4000648225977
33044977126
4001061003094
1005002443179090
4000257565695
1005002378228025
4001316662982
4000966665399
1005002399013141
4000252385752
32847834923
32964332200
32916008084
1005002241610308
32848448271
32572141452
1005001749011543
4001304503884
1005001973170462
1005002310708267
32858012795
32959371908
4001222507301
4000879433457
32846744864
1005002352434290
4000562128350
33012757175
1005002121029850
4001227188552
1005001525480114
1005002059806895
4000570271760
4000547562710
1005001722071622
1005002406243536
4001201450356
32973914959
10000088311808
1005002343987715
1005002345840700
4000174160821
32820537951
4001023716349
1005002431558061
1005001858578590
32376000870
4001051198454
4000109016745
4001090791649
1005002327838673
33024752606
32840887255
1005002345493133
32512534812
1005001356144609
1005002098865183
1005002125361699
32928764779
1005002394759726
4001248512816
32857476117
1005002232963110
1005002370652036
4001185502091
4001042008416
4001208486781
32549915138
4001191842927
1005002443672600
1005002185910168
1005002314645080
1005002399220248
1005002080589988
1005001557827637
32846079307
1005002304788108
1005002430340366
1005002322849390
1005002021306053
1005002314896151
33063598507
1005002023498242
4001247448093
32507597419
32732448947
4001294141492
32963360119
4000895078139
32826148119
32897866307
1005002346248822
1005002166984463
32843958320
4001094295290
1005002166832258
1005002253631125
4000097838453
1005001671078027
4000130987646
1005002358186737
1005002315648312
4000212341763
1005001763374609
1005002269015255
1005001789779373
1005002496661804
4000084681218
1005001838814411
1005002365892467
32907627948
1000005884817
4001112027877
1005002425776411
1005002291394685
4000261937194
1005002319450015
4000811415298
1005002491242891
32595520914
1005002335075348
32890113846
4001076565335
1005002133422463
4001181404530
1005001362214148
4000745252852
4000208520151
1005001730242673
1005001998276253
4001271518176
4000286791944
33042776137
1005002285540724
10000182051487
32817515441
33055297473
1005001807266475
32847934473
1005001381343148
1005001598896020
32931597783
1005002194566526
32784968949
1005002398467310
4000910626149
1005002206651065
32959959981
1005002315702739
4001238869460
4001272105206
4000252681006
1005001374868310
4001321372449
4000128410523
4001142798477
1005002316767694
1005002285823059
32917980599
32870433233
1005002030564147
1005002325212096
1005002233024811
4000128480792
1005002318987998
1005002398607723
4001119271862
32833887122
4000820050047
1005001882402308
1005001518810748
1005002465035115
32839970826
1005002320256665
32710191117
1005001501369479
1005001692738668
33001843575
1005001997791513
1005001793221212
1005002259619406
32994058206
1005002468053093
1005002317146945
1005002477061785
1005002260235692
32820652923
1005002232909948
1005002277924296
1005002277765441
1005002167912156
1005002340712810
1005002389106762
4000735551562
32863168507
1005001749496422
1005002214071204
1005002038211734
32853101107
1005002427815837
4000044794822
1005002276594678
4000102351280
1005001909894235
32882999658
4000360024201
32983224344
1005002358692318
1005001672423521
32985775921
1005001634982266
4000742614190
1005001807780564
32368766968
1005002176190203
1005002395096773
4001124985989
1005002446529314
1005002382536528
1005001820877279
4001107041448
1005001803375170
1005002382864112
1005001419296343
1005001864776349
4000010026891
4001162177039
4001015802565
1005002280990987
32969568147
1005001957364798
1370884660
33013626317
1000007030819
1005002238765204
33059439624
33028115764
1712349339
1005002378766716
1005001597681865
4001037949376
32833127111
4000354474120
1005002414288480
1005001798318946
1005001779382438
1005002467550935
4001128011308
1005002050361846
32749342619
33008270771
1005002467662553
1005002069261645
1005001838416267
32300629217
33007964485
1005001890025833
1005002397815724
1005001639145320
33039628102
4000077561987
1005001314633411
4000913335671
1005002454427266
1005002313568557
1005002321524236
1005001393144735
1005002318038200
33040634313
1005001271259956
1005001965539678
32878538830
4001192260879
4001297611418
32818578614
1005002238171029
32989204003
1005002124462927
4001017196336
32999639909
1005001287233145
32848317785
1005001412886749
1005001510522630
32889864324
32959349590
32963725669
4000080411528
32992934830
32992531157
1005002299176811
1005002425897217
1005002260349543
1005001813595835
1005002238673723
1005002246871609
10000391362276
4001266804016
4000641027461
1005002316796001
1005001687773124
1005002414480814
1005002122374403
1005001808796679
32797282435
4000599169888
4001292630488
32795497417
4000357030314
4000626643355
4000499070839
1005001275980098
32994552143
10000294667563
10050021572214961005002282831106
1005002357669866
1005001717670760
1005002277796965
1005002373531742
4000955178228
4000991048347
1005002167891362
1005002227790783
1005001731261407
4001178477382
1005002398439515
32687119825
32790118504
1005002226556276
1005002254753625
1005002318911112
32954127068
4000206786294
32831026537
1005002273310219
32804370155
4001053944795
1005002309712052
32852373288
1005002234512168
32956766725
1005001865655281
1005002177006084
4000761383618
2028433231
4000182249082
1005002137507900
1005001505587807
32789592415
32822502745
32792600809
1005002398764912
1005001655351207
32999893097
1005002125016070
32845124932
32778794774
32751879262
32890063489
1005002466788112
1005001776284037
4001212010791
1005002306762483
1005002409954756
1005002477206880
1000007450779
1005002369155407
33046104106
1005002368349384
4001164153551
1005001610726896
4001362036637
1005002258620688
1005001779772818
32868208472
1005001488288942
33046918769
1005001694775333
1005002388614177
4000865393481
1005002454509032
1005001590902873
4001211558744
4001248990198
1005001907412728
1005002314677348
33046955252
4001269201667
4001237400993
32949671605
32694833500
1005002283081675
32326527576
4000546563307
4000626105495
4000849809366
4000636024372
1005001781402439
1005002460558189
32797472327
4000383443432
1005002200771621
1005001523724804
1005002266033559
32802460359
4001061695896
4001039263203
1005002270271774
32970393230
1005002290935561
4000751406396
1005002378056532
4001047762854
1005001830506232
4000780947458
32881151518
1005001519525847
1005002379231529
1005001895926690
32569003768
1005001733170648
32908963832
1005001857836640
4000944451874
1005002319193209
4000426480433
32865090798
1005001487426125
1005001468240280
1005001880187092
1005002243055114
32893659289
33008373059
4000480207589
32716297739
4000698997226
4000611179235
1005002465750288
1005002496830652
32897816212
1005002245241995
4000377000734
1005001863729550
32968525411
33045949715
1005002314277529
4001255738167
1005002378641466
4000349661798
1005002122548242
1005001789941620
1005001561307791
32813053520
32840684492
4000838353224
1005002315281843
1005002318673200
4001130768252
4000244122622
1005002180049357
33008877872
1005001670725934
1005002258483936
4001207097628
1005001713053568
32838265505
4000960658004
1005002000446373
32853475053
1005002238703536
32797991247
32665427764
32972935265
4000283331278
1005001679391248
1005002281177526
1005002288983954
32970905279
33049177134
1005001726500594
4000767890268
1005002382589110
1005001560523783
32895066054
1005001949344066
4000437596245
1005001438803730
32891374029
1005002392084387
1005001334221160
1005001901877589
32884153769
1005002011319412
32749687215
4001025365521
1005001573372072
4000816407239
32964572680
4001221307665
4001205283042
1005002278040954
32976643631
4000979501652
4000776154960
1005002401424610
1005001577069531
1005001331646654
1005002076857897
1005001582693189
1005002420564007
1005001863375332
1005001468523907
1005002161905779
4000240840822
4000708965059
32795119319
32947873401
1005002315323319
4001221849322
1005002213536730
1005001694941910
1005001489131290
4001247243407
1005002278680470
32348645754
32845234592
1005002337167300
32966662586
4001281040225
32864790020
4000133822181
4000151563454
1821698718
4001272810469
1005001946232101
1005002331916331
1005001912607066
1005001808743916
4001294161747
1005001329878076
32959817067
1005002371661983
1005002283527311
1005001354923530
32923855788
1005001356338069
32918271743
1005002042824937
1005001611458635
32950490751
4000272207266
4001148080997
4000934825640
32859483544
4000557120306
4001235363870
33059451993
4001288075645
4000960574625
1005002257729787
10000171765887
1005002465492697
1005002231759013
1005002277281841
1005002346383707
4001215023995
4001333554502
1869975277
1005001514344526
4000960576533
1005001958464640
4001026529079
1005001779858665
32896784178
4000470236610
1005002367619800
1005002372839810
1005001823163291
4000237805895
1005002442786384
1005002468262611
1005002293859168
4001300776208
1005001985042091
1005002282781993
1005002398880616
10000395828517
1005001741811478
1005002283432043
1005002420328580
32867650044
32707582119
4000021896459
32969282702
1005001882376829
4001151740970
1005001399112134
1005002384513816
1005001630485594
33019817642
1005002363394227
4000926554553
1005002376770921
32966887931
32917615836
33010086086
32917159197
1005002396455110
1005001393851016
1005002329650255
1005002400747355
32975055666
32786706506
4001204848486
33046961886
1005002238012484
4001109304598
4001046032094
1005002067422983
32988394843
33042311448
1005002400954034
1005002350826017
1005002263651175
32832714355
4001113684154
4001033671077
1005002172110987
1005001846435179
4001043593031
1005002312076193
32979562797
1005002210860550
1005002323237325
32967615903
1005001841856098
4001042430897
1005002362684400
1005002371421416
1005001337722284
1005001557521901
4001057550866
32962745844
1005001572053126
4000915573672
4000232392892
4000834016022
1005002043067134
32849714052
32970924613
1005002237952128
1005002342903090
1005002466121974
4001273467102
32380640568
4001159568327
4000038871212
32652739662
4001356880653
1005002122002241
4001002747620
1005002308696586
4001037908326
1005002276947723
1005002401848186
33019653353
1005002466767044
1005001579284365
1005002011842253
1005002392954150
4001018771503
33044133101
1005001726308436
1005002103183262
1005002358952646
33040435009
4000587237238
32813472839
1005001933037955
1005002172386004
1005002283693456
1005002279338031
32874112417
1005002259820978
1005002238807808
1005001418546465
1005001474150971
1005002212533642
4000742906941
32846689465
1005001285093596
4001355693464
32904211983
1005001355255721
1005002128870273
4000275860043
4000239049540
1005002011744081
1978813769
4000123315670
32977602224
32967513408
1005002372461088
4000435674457
1005001787277136
32852035784
1005002317005138
32884409029
1005002345192608
1005002212227356
32810941236
1005002489997589
1005002363204932
32880526196
4000686995644
1005002246374218
1005002003358604
4001170780675
32296647113
4001294080979
4001029063782
1005002286831976
1005002321052007
4000784547318
1005001525973115
4000638622224
4001195549490
1005002339119062
1005002139282164
32960737678
4000087568455
1005001730648210
1005001859704277
1005001708639795
1005002085424777
1005002333766880
10000397721410
1005001361841209
32829499725
1005002272156172
32787103016
4000960489738
32798870064
32921042847
1005002461031852
1000007397996
1005001304387732
33011588383
4000466623867
1005001418157430
4001191638962
1005002346670808
32957890119
32897580428
32971450311
32910166230
4000174681434
1005002283398304
1005002123814603
4000207400270
4000528762001
1005001491209689
32869242607
1005002240364356
4000727893465
1005002226170397
4001124639626
32652894287
4000546578197
1005002255601816
4000619693709
1005001867174866
1005002490463436
1005002301636782
4000715504072
4000877952345
32870162229
32897367505
32954808722
1005001614613911
10000384299427
1005002310577468
4001207418089
1005002296774810
1005001413625882
4001142779919
1005001287055961
32756943340
32682098479
33014854416
32893370873
4001044166975
32749418063
32952929528
1005002247558632
2036590176
32919242404
1005001698854093
4001230437896
32908948977
32635840013
1005002355460852
4000931051491
1005002268566996
4001014452473
32805809138
1005001626865902
32991377023
1005002335657306
1005001984683046
4000657066831
4001247461973
1005001808964423
4000076444577
4000961963804
32922646513
1005001404792930
1005001321305550
1005001926513863
1005001523330866
4001015104398
1005002116538842
4000481212877
1005001928191734
32941742552
1005002205977966
1005002469057555
1005001918224517
32804885938
4001246018659
4000735621397
1005002260136933
1005001838379685
1005002341584526
1005001915613561
32626416446
1005002324087923
1005001717230786
1005002323521854
4001149560580
1005002287289963
4000779288038
4001116069830
33029630968
4001262948869
1005002378051062
32952115325
4001079437544
1005001626433081
33049951200
1005002396534738
1005002341823969
1005001963249798
1005002281953152
4001029527525
1005001831643366
32853398514
32975405888
32999482356
33024762330
32966077640
1005001479586429
32993446547
1005002461949831
32883499506
4001176772106
4000077440994
4001133777077
33025857478
4000318728139
1005002245493755
32855163483
4001014148473
33001543589
1005002314783021
1005001721704471
1005002443165055
32804768143
1005001447340657
32631764535
1005001493317688
1005002246054460
4000269269845
33049709533
32651630035
1005001671811672
1005001556149872
1005001726767000
1005002347225711
1005001978182120
1005002483147072
4000270548800
4001267706133
1005002211675788
32969581365
4000553266106
32998841492
4000415652586
1005001817283994
1005001284556185
4000542763809
1005002306263399
32974598853
1005001622694666
4001153670959
1005001624650178
32824450697
33008619147
4001205023611
4000801254380
33002106412
1005001648175204
1005002474036675
1005002280796224
32931607292
32824931277
1005002346185818
33062454347
1005001888493058
1005001593405327
1005002090065514
1005001814285491
1005001826390007
32883889985
1005001996515638
1005002412805523
4001139211384
1005002283942079
1005002358232290
1005002074226225
1005002371965462
1005002295265141
4000385151887
1005002073324485
32885841589
4000960264683
1005001838166405
32580080545
1005002160268900
32989175832
1005002320010646
1005002221628480
1005002440497493
1005002224013663
1005002380437437
32922682244
1005001863903892
1005001990496306
4001229249649
1005002326045614
1005002138352609
1005001758484659
1005001621249239
1005002455243712
4000235855430
1005002460303975
32849957949
32986016633
1005001585728052
1005002304348611
1005001675188807
1005002448359127
4001007389100
1005002368147019
1005001501148221
4000382200234
1005001888050621
1005001507582143
10000021873625
1005002350852544
1005001656537933
4001035948100
32870891240
1005001679583045
32976848540
32950944548
1005002427831343
1005002253778262
32794724408
10000383051925
1005002310833351
1005002120844396
32822784545
4001119846050
1005001861230815
1005002325376682
32962489083
1005001834450171
1005001631714861
4001014185459
4000240487932
1005001795569549
4000319362428
1005002271028346
1005001764139149
1005002299360585
1005002312761119
32957138051
33017611011
1005002434041489
1005002313359743
32976795214
1005001907457881
32969648487
4001030188100
32832115007
1005002325984486
1005002484806207
1005001366133843
33028144571
1005002433920460
4000459096884
1005002481871882
4001300316653
1005001564560679
33000603542
32968820744
32972200319
1005002284925064
32982875438
1005002323725693
1005001880373255
32954086486
32626108512
1005002238589168
32945649561
1005002381318541
32806105769
1005001297538967
4000427479507
1005002264032694
32863663123
1005002260393834
32858950119
1005002295357405
1005002337520565
1005001275530175
1005002024321215
4000862680320
33003509934
33027072854
1005002321755834
32825193085
32851562496
1005001857934070
4001350439595
32530318417
4000521295900
1005002361706312
1005002363736286
1005002408476317
1005001905700703
1005002208335094
4000393374005
1005002254685521
1005002241896738
1005002443112450
1005002295456603
1005001992287274
33020787578
32929645524
1005001715094015
4000444505504
1005002034231753
1005002371705698
1005002281804845
4000726618379
4001088788660
32795061930
1005002285891663
32835167399
32947660465
33019676022
4000230356260
4000025714699
32824267412
4000163137496
1005001796996285
4000202697901
32983161081
32915253762
4001013476839
33034399140
4001272105131
1000007901462
1005002326472835
1005001993238750
1005001988205214
32922490450
4000857799209
32869706474
4001174536601
1005001824537209
1005001619344936
1005001867763248
1005001552223549
1005002100201440
1005002366032770
1005001437673859
1005001419956679
33009341844
32774846307
4000706268592
32891209897
33025857231
1005001878982335
32664047450
1005001949929682
4001143207846
1005001836810350
32892915735
4001178899575
1005002322955898
1005002369653563
1005002315702649
4000097813143
4001041100359
1005002490773235
4000735880171
1005002340872642
1005002228572809
4000689134967
4000273868262
1005002266065326
4000955602791
1005002446891174
32854010361
33007343487
4001134502433
33010959897
1005001446597367
1005002384883500
1005001978893156
4001006640706
4000831118829
1005002253074908
33012747432
32721260978
4001009406682
33040918440
4000437815804
4000253222223
1005002343280254
1005002328342669
1005002239998526
4001240027080
33003213040
32864730478
4000542849864
1005001718844428
1005002074247271
32297387692
1005001333487179
32915884586
1005002293995469
1005002449451064
1005002086050286
1005001702567755
1005002312897563
33003602120
1005002452550921
1000005528352
587819373
1005002288731963
33031140597
1005001953416910
1005002377449688
32888150157
4000698921034
1005002255712685
32970666302
32996274676
1005002430917809
4000760788412
1005002295000174
4001326082506
4000734848530
10000393529406
4000404611319
33033906292
32964299394
1005002351987240
1005002257637801
4000972664498
1005002358468400
1005001736609654
4001332506646
1005002203811899
1005002369690462
4000116971383
1005001627904566
1005002365620752
32894304952
33041280029
1005001411584978
32907515172
4000357759415
1005001808364346
32964204496
1005002280699863
1005002329884393
4001178803524
4000025790124
1005002153663322
1005002305043870
1005002490468221
1005002357444109
10000000217168
1005002475230492
33034286365
32299107296
1005001572092400
4001204946641
1005002155816237
1005002340955050
4000310975370
1005002240989982
1005002072593137
1005001704237463
4000312527182
32769653783
1005001949345093
4001102692298
1005002132954467
4001237667664
33003119166
4001075853686
4000974733724
4000386744754
32816702528
4001041101231
1005002134494582
4001289905211
33029008819
32618651677
1005002232045830
32947473476
1005002313756085
4000666082744
1005001966451405
33008348042
4000155985619
4000875319722
1005001498908618
1005001459437619
4000921488843
32889174164
1005001459448301
1005001594916315
4001088801138
1005002427917740
1005002409609942
32371534144
1005001524850769
1005002111108098
4000445845393
1005002103058661
33018578672
1005002376829161
1005002421054882
1005001567364225
1005001941671186
33008696640
32593262510
1005002417788952
1005001530119018
4000662697562
32283760713
32847388410
33011915716
32859687214
4000026389816
1005002250617084
4000266596824
4000842606935
32952875209
4001177092301
4000424048725
32842556661
32572358822
1005002347364221
1005002401931397
32981830240
1005002309745735
32953169802
1005002269088615
1005001841583796
1005002326636868
32674933728
4000280133996
32685338209
4001284271407
1005002484669818
4000546603221
4000983469230
1005002065715227
4000203311602
1005002218851315
1005001473581681
4000503648555
4000593734837
4001283096026
33029874236
1005001920355754
1005001341132149
4000570383891
1005001284875604
32955756264
4000180057707
1005001756399970
1005001975637083
1005002468064811
1005002383297369
3301380127132570204685
1005002248123435
4000463982154
4001285790374
1005002250834691
4000763383018
32913822415
4000474771244
4000373233109
1005002389687076
32968558646
4000026621251
33010933562
1005002332931066
1005002237570753
4001188449193
32789194586
1005001548608925
33025594378
32810600644
4001264881152
32859389097
4001058429994
4001022856800
33035812926
32679191200
1005002398764939
33024252947
1005001562723016
32966403667
1005002050974359
1005002440987454
1005002438653158
1005001808945442
1005001689460672
4001091165377
1005001860325063
1005002412507203
4000109155111
4000430392833
1005001736124629
4000521989153
32824834386
1005001285069030
4000048579798
4000308174489
4000682678706
4001119043133
32783959923
4000894475177
1005002252570112
1005002114622007
33009981367
1005001906986686
1005002393842876
32923375764
1005002122273818
1005001646372069
32956900097
32813272631
1005002032065542
32960178460
32892737543
4000602478055
1005001561130905
32975810887
4000938732543
1005002091726200
4000078542586
32977198452
4001149950933
1005001395817287
1005001479663115
32327527130
1005002309059010
4000621600663
1005002478728946
10000279300191
1005002383898097
4000266477179
1005002181733119
1005002265552626
32925769735
1005001869240753
1005002433977653
1005001763390934
1005002263013012
1005002233444129
4000262363971
4000662427949
4000598182398
1005002273840880
32975298257
1005001676690924
4000328936667
4001094584051
4001063402124
32987922836
1005001884495140
1005002281077902
1005002408003481
1005002154570292
1005002475579782
1005002478432421
1005001326248356
1005002378453455
4000989974537
4001271262697
1005002314386844
1005002288487316
33031527230
10000405260139
32927589637
4000114793623
32957474947
1005002278878638
32964844461
4000932631615
1005001658824002
1005002311650398
1005002454396191
1005002274708283
32994941246
32823029988
1005002359495075
32974617588
4000804147874
1005002043143233
1005002182554307
1005001382436427
4001350826444
4001031748612
1005001456432654
1005002312484150
32798807156
1005001989389009
32847409209
33052254559
4001141870248
4000186696056
1005001835245758
1005002315790869
32917624976
1005001362537978
1005002386902605
1005002433997706
1005001839944515
32352979208
32832491214
1005002250358250
1005001317618012
32991900994
1005002335159048
4000036125816
1005002264022550
1005001953555741
4000277697119
1005002337185131
1005001524233414
1005002167824927
1005001334354279
1005002291849636
1005002100503318
1005001686126323
1005002060672108
4000052527718
1005002400655860
33050486604
1005002314175905
1005001976552339
4000807578961
1005002316926567
1005002027196276
1005001411957400
32348154344
4000821982706
1005001518064200
1005001705723337
1005002394498649
690647740
1005002387910130
1005001774546248
1005002467610184
1005002357467079
4000790294008
1005002467145864
1005001638175219
33029806738
1005002433707275
1005002389617526
32865623995
4001019819140
4001204739600
1005002376044803
1005001703569037
1005002433433509
4000659782332
4001061121117
1005002029791680
33017642246
10000150615133
33023874424
1005002372054448
1005001603426969
33053997317
1005002418334850
1005001272778739
32960479149
1005002066565339
4000762328374
32856108383
1005002357362687
1005002413595643
1005002377106170
1005001596190451
4000599020774
32948845014
1005002346936684
32868801413
1005002054556681
32916701980
4000623506073
1005002303477161
4000545948291
4001147619485
4001061544667
1005002211824807
1005001345435156
1005002318749729
1005001610118017
4001084041144
4000955805262
1005001747103696
1005002314391961
1005002439017189
32894224228
1005001318906768
33050109649
4001187729063
1005002476121656
32970139779
1005001967684123
4000808353307
32887403424
1005002425738798
1005002314212200
4000074207272
32787748055
32975810794
32737479539
4001156829278
1005002452441370
1005002439988253
32540294736
1005002432316695
32975214504
1005001730787512
1005001625503502
33027513908
4001071914729
32893097410
32827766281
824100071
1005002333477695
32675177513
32759009215
1005002281862651
1005001994543647
4001298660192
1005002312044053
1005002376113030
1005002389075902
1005002119152214
1180473083
1005001381901034
1005001605156606
32822863890
1005001494539061
4000357604545
32897568894
4001103312749
32637832372
33024380248
1005002313943653
1005001651026194
32996318424
4001234321506
4000186187700
1005002116072941
1005001539980728
32855028881
1005001333372480
1005002307913827
33050739014
32466708829
4001027619437
1005001589160995
4000833035583
32798733097
32305905392
32924124805
32846100899
4001225890823
1005002252104051
4000086867248
1005001305183358
4000993284034
32962602837
1005001792822965
33064135478
1005001376917320
32525982085
4000714781312
33042699077
1005002031026258
4000238013798
1005001279690436
1005002106203411
32666063402
1005001518769976
1005001718165697
32994307897
1005001617279706
1773222920
4000024723619
33025028439
1005002077143274
4000576217181
1005001392061562
1005002365202541
32919548247
1005001953820746
1005002006542343
4001077277613
1005002398864936
1005002324827797
1005002365620276
32888625888
1005002233311680
4001341490736
4000764543723
1005001467501509
32933374985
1005001889776790
1005002224265917
32884839521
32866252965
1005002240236901
4000109369045
4001297144654
4001110321334
4000890541361
1005001835005404
1005001510890351
33017882820
32780944542
1005002254475391
32613135535
1005001273750037
1005002280701716
1005002167117514
1000006333431
1005001810896907
4001345976894
1005002387680677
32960039998
1005002395612584
1005002122346639
1005002070339711
1005002315583732
1005002378912708
32952436380
1005002260174532
4001195625641
1005002383265864
32923672933
32837772522
1005002235803655
1005001265206751
1005002293524944
1005002312601378
1005001967313322
1005001736707717
1005002418703759
4000982795514
1005002265015662
1005001326248443
4000884272955
1005002440006784
1005001860176049
1005002301543555
1005002298751416
1005002313002835
1005001628107970
32994149679
1005001725207741
33022976911
32808661843
4001351667677
1005002253609419
1005001973521019
1005001689840519
1005001498849568
32809402072
32830838753
1005002377796358
4000930906758
32716962507
1005002335734632
1000007898212
4001276319180
4000894768893
1005001702960889
1005002053800602
4000430853628
4000546607959
32294414784
32822880943
1988770956
1005002475785496
32902531944
1005002313424566
33056248365
4000322172501
32975164209
4000773162655
1005002328296664
1005001822815891
4001274206242
32959343656
1005002371714750
4000287816244
1005001421699183
32947283779
1005002083779883
32974540547
1005002311363856
1005001475309851
1005002356597745
4000169308192
10000416322115
1005001638958756
1005001594953614
1005002468864267
1005002384917413
1005002406090116
1005001501630462
1005001867732858
1005001767889462
4001204850419
32252152037
4000523889808
1005001992296115
4001217814649
4000785508069
4000216179694
4000282190818
4001170547104
32974961236
4001038830803
33016346609
4000543526676
32829716760
1005002331844817
32841610491
1005002034587557
1005002344502045
32648320119
1005001581349566
32749838020
1005002368489108
32580598423
4000927979035
33031963649
1005002240019064
1005001811203478
4000943419892
4000811647144
10000395853175
1005001983262438
32859889044
1005002381494591
32809834761
1005001725913656
1005002383252311
32450017850
32945357513
1005002443697307
10000262411650
1005001983536310
1005002362604136
4000544059440
1005002496583104
4000404389562
1005001820996827
1005001728179518
1005001861379426
4000945066336
1005001736523980
1005002327814004
32905327301
32794099049
1005002234112464
32821916836
1005002282173608
32885177287
1005002428416405
1005001340240498
1005002248646587
1005001899359853
33051249090
32951862695
1005001500078675
1005002413459168
1005002069247627
1005002194016528
1005002368913080
32670074685
1005001828969202
1005002291793709
1447595090
1005002363182976
4001228678577
4000158778123
4000927070859
1005002332794744
1005001273458037
1005002460879999
32998695266
4000959664796
4000829130875
1005001609377391
1005002329166322
10000049369921
1005002348245517
1005001308902264
1005002466072846
1694509100
1005002314314818
1005002374939908
1005002319425829
32797121144
32794940575
33034637045
4001140763236
1005001866027975
1005002394686600
1005002450709495
32669179074
32909427179
32832384805
32958917906
4001011057750
32961654224
1005002292545696
32829346822
1005001730615662
32839793377
33013542984
1005002282867947
4001208781749
1005002342542635
1005002388659817
32890357969
32975623233
1005002311211665
1005001862224320
32513647590
4001360836833
1005002375011953
1005001930877806
32997405992
32852812349
4001116828803
4000587115567
449021716
1005002282838372
4000331972150
10000397754323
1005002128499547
1005001585027619
4000221646972
4001227271176
1005002332038569
32754004940
1005002168065733
1005002408501589
32434036051
1005002080817689
1005001655062914
1005002304922581
32947626631
32958504526
32970444837
4001225091951
1005002317333525
1005001386362440
4000916915036
33022636241
1005002316353181
32915844766
1005002273873625
32926212019
32967698448
1005001679940433
1005002347727497
4000124017320
4001282877122
1005002432504991
32901423761
32563276466
1005002350746537
32847895182
1005002085658921
4000172450378
1005002090026162
33030407615
4000990004506
4000473180070
1005002303633221
33038624463
4000302828043
4001248310105
33000114744
1005002131375469
4000745586087
4000378976584
1005002359217868
1005002381670051
1005001269396236
1005002340203139
1005001989053638
4001121823345
32981366021
33052963828
1005002167992167
1005001530222564
4000898247363
1005001825743650
33040323979
1005001594897768
1005001364106917
4001343759982
1005002467606484
1005002333105861
4000955862806
1005002297167688
1005002275363421
1005001670571848
1005001763581456
1005002157620595
4000273587756
32825609868
32920881137
4000163835558
1005001375754945
1005001626865300
33056437919
4000268213584
1005001813228048
4000706926440
4000268214125
1005001972005639
32883855210
4001065996720
4001055454568
4000196533444
33037684865
32790935827
4001122888615
1005001573829448
1005001731189343
1005001350629439
4000870375642
1005001393138565
1005001714802871
33033559640
4000696368239
1005002319094927
4000381312634
4000990848419
1005002167731725
4001093095515
1005002287718280
32981175328
4000437705028
1005002166863911
32871350544
1005002316696382
4000449495754
1005001757084532
32865067685
1005001265229597
4001294184618
4000608548995
4000158831733
4000926518697
1005002147016245
1005002143634424
1005002367301541
4001220406156
1005001808707692
1005001981126854
1005001992823826
4000429742942
1005002320325057
1005002420610128
32863871503
4001296913888
4000970883273
1005002260427601
4000342888527
4000955868446
4000618158679
4000216082643
1005001858629822
1005001525491160
1005002427294949
32213220230
33003229222
1005002314817668
1005002314311682
1005002122360986
32802118811
4001177734539
1005001464406758
32957603170
1005001713366345
1005002392478652
32628372889
32888808223
32862692120
1005001600418177
4001171227475
1005002350188565
33007017678
4001190505911
32885295167
32922444247
4001175148309
4000195102233
1005002439376702
4000865233331
1005001355982660
1005001597961763
4001360734415
4000943169283
4001297492915
1005002296938912
1005002323604839
32444044849
33027812745
4000677192667
1005002310937568
33025084231
1005001267036267
4000711897554
33012451097
33012249330
1005001699839709
1005002489685178
1005002301145400
4001266759221
1005001453800514
32904098871
1005002363496481
32973805225
33000455426
4000878671060
1005002332872862
4001109209036
1005001616531406
1005002387262986
32907261329
33034925781
32910493341
32971556978
32284644075
1005002179668890
4000532438467
1005001305367486
1005001578718876
1005002281408685
4001364507434
4000252219807
32639072403
1005002244760028
1005002467587811
4001123766747
32824352679
1005002345762023
1005001588224518
4000300201863
1896599322
1005002320713914
33038877364
32924064314
4001152902580
1005001733613089
1005002451209003
4000890473103
4001041078596
4001039057480
1005002435884520
4000776169178
4000559674804
1005002450730375
4000265552409
4000569406556
1005002055536348
1005002351623005
1005002086443564
32728758328
1005001571210466
1005002467443736
1005001840242830
4001170223031
1005002233575675
1005002240099120
32957642189
4000551200647
32814660477
4000040179367
4000801922851
4000255700802
4000311006959
32805702250
1005001321163957
1005002409031866
4001220330338
4001278988380
1005001730973261
1005001590653201
32274874679
1005002255130060
32821920106
4001131966780
1005001749955715
1005002318810995
32838402859
1005001958352677
1005002467705465
4000842214676
32729007602
1005001554998997
32822260165
4000436872909
1005001398435860
33005120299
4000690900490
4000407339253
1005002315846429
1005002474398592
1005001318277990
4001107497761
4000739024107
4001205923379
1005001700211377
1005002440396319
1005002122338703
1005001610610199
4000002431449
33023438473
4000449825279
32945123880
33054369901
1005001808949495
1005002403604656
1005002450591454
1005001455996578
32872804518
1005002428860896
1005002197046868
1005002130923854
1005001530937828
32563713083
1005001518817983
4001276964084
4001241839444
4000117245485
1005002168952988
4000061435938
1005002246322851
1005002280629975
1005002416983894
4001221717026
1005002350673710
1005002315410274
4000460464496
1005001608536836
32892859952
1005002307573808
4001322017151
4001228624697
1005001886056085
33057321971
4000182094087
4000697206132
4001270358213
1005001333600725
1005001860345969
32919732905
4000074557318
4000799975400
32924965261
1005001770633350
1005001610227444
1005001573033429
4000986360976
32928143112
1005001629132952
1005001493696414
4000930564687
1005002342735755
4001263943961
1005002281112784
1005001672498623
4000318943798
4000874865102
4000337155036
4000483544763
32922541545
1005002247169416
1005002337026173
33046193771
32966940438
4001077965325
4000303437679
32901546118
32818040205
32493852410
4000373796044
4001015341811
1005002316828793
1005001297717073
1005002473744825
32868072232
1005001658210587
1285420290
1005002314031696
1005002351127849
1005002352331271
1005001867866659
1005001858182899
32589264946
32244042828
4001276484786
4001278943313
1005002277958896
1005001368685384
1005002112417176
32807240235
1005002425636664
1005001337722253
32801663103
1005002086731649
4000947671905
32614339175
1005001605069331
1005001963477195
1005001796846744
10000003360238
32580446348
1005001939795473
32979644732
1005002330877213
1005001585179498
10000395831371
1005002363657999
4000269300426
1005002312234107
1005002319121300
1005002324015168
1005002323052588
1005002306338610
32995784710
1005001867630650
4000842974579
1005001671283486
1005001695843299
4001263444842
4000433688746
1005002027965242
1005001779430884
1005002450398536
1005001775810001
4000860611311
32993184522
33028024643
4001230109777
1005001922176152
32820148302
1005002412118111
4000990640324
1005002286201454
4000796440679
1005002466604769
1005001725108110
1005002479675129
3296249733432916076323
1005002348131258
1005002262595612
32946998710
32954185350
1005002189979797
1005001942394201
4001227090115
1005001533214835
4001134282645
1005002278146030
4000691299220
32779966394
1005002491140904
1005001289876345
4001169711410
4001124062828
1005001826046798
1005001627175469
1005001530810742
32850865281
1005001630860215
4000865331974
32959299834
4000085708079
1005002347049945
32981693613
32960169252
1005001563408015
33014359230
4000399115328
1005002394729228
1005002346878820
1005002459640533
1005002220048596
4000369980521
4001271550839
1005002287517267
32890556482
1005001710880467
1005001792054777
4000116823348
4000939888600
32952218861
1005001265401997
32645605025
1005002440986551
1005002464746276
33003670374
4000283485037
1005002345123076
4000977279728
1005001497081306
1005002095361798
1005002463022699
4000910298209
1005001591831463
1005001505238031
4001272531050
1005001867416978
1005002219274522
1005002362588055
32821592870
1005001351614677
4000134651566
1005002069844097
1005002347921311
32996252230
32863003108
1005002314606643
1005001424051267
1005001793997799
1005001479801380
1005001896493832
4000592442160
4000340944319
4001334742325
1005002319125325
1005002280719567
32907410768
1005002443735186
32845679979
32827311323
32799504096
1005002372176806
32922669721
4000830231735
1005002228618839
32605569307
1005002268018797
10000059418602
4001193485849
1005002244029021
4000217491296
1005001967695468
32802565997
32780309851
32826320090
1005002335867043
1005001463717651
4001217882521
1005002339078034
1005001287625995
32958583705
1005002350254998
1005002492047756
32892662312
32929400032
1005002033561297
1005002343142846
1005002232010572
4001232271203
4001272091276
1005002428207004
1005001418491399
1005001308513166
1005002268757229
4001285031707
32791960506
4001065266153
4001201229699
4000910221061
1005001670922405
1005001666603400
32762361891
1005001632639265
1005002306413881
32859109906
1005002310922692
1005001906539181
4000147422359
32833374431
32994549723
1005002065898848
4000170386652
1005002114309552
1005002443111296
1005001871940601
1005002452831957
1005002122092113
33003486830
4000523607208
1005002232769826
1005002312286604
4000977373129
32864220756
1005002453448682
33004751193
1005001759141302
33008864260
1005002331877008
32362822170
32982460308
4000913262878
4000386493376
1005002317858610
4000989035788
1005002363266489
4001126700465
4000945134799
32992873831
1005001447697402
4001193053632
1005002346817017
1005002368429535
1005002454339065
32979355950
1005001697819359
1005002319028991
1005002329647407
1005002497571465
1005001590513287
1005001942939177
33035321663
1005001559293962
4000311712695
4001218885634
1005002477480415
4001228640192
1005002314062517
4000858943056
4001235996465
1005002069031463
4001128306406
1005002468695852
4000662457609
1005002241927026
4000269074519
1005002436605494
1005002448999548
32864245194
4001130645023
1005002265716026
4001314935939
32802738452
1005002462125106
32975543360
1005002307710031
4000539327591
1005002372238390
4000711759088
1005001550753756
1005001928269261
1005002262517093
32886019882
1005002310982896
1005002319159456
1005002314424331
1005002372266735
1005002331957047
1005001863489282
1005002459895848
1005002359241956
1005002293655143
32978499744
32962092109
32923955692
4000236050278
1005002073329025
1005002346482404
1005001444173492
4000964837914
1005001471060331
1005002387192923
4000642075489
1005001446786931
32820402313
1005001480705222
1005001851398180
1005002333340286
1007999691
4000787893914
1005002132364746
1005002134747711
4000164086431
4000859338179
1005002323515563
1005002314457031
4000666596015
4000148868364
32875448684
32952698143
1005001900002385
4001248380255
32663435556
1005002377615305
4000288585859
32774910266
32882572412
1005002400179811
1005001934941392
1005001752796691
1005001626770715
1005001984863685
32881508847
1005001813549465
32909603005
1005001779853933
1005001360397107
32952397579
4000262213898
32791421296
4001124629678
1005002249495332
1005002278831729
1005002080953650
32789337702
1005002240734787
1005002475355673
1005002164986646
1005002224858247
1005002225186194
1005002374518750
1005001425898419
4001036081253
32992102838
1501775552
4001101843560
33004791887
33023595009
1005002230253777
32849549750
32811095475
4001252969534
1005002496144936
1005001868672810
1005002260370312
1005001514841828
32967020925
1005001699033162
1005002240438490
1005002292271542
1005002450899778
1005001520665425
1005002378208545
1005002300310376
32794950434
4001241843580
1005001371123507
1005002277155683
1005002319121783
1005001525261865
1005002389647346
1005002239531651
32949705767
1005001757755897
32911227947
32954284749
33042117049
10000369654799
1005002409075810
32947026831
32848526842
1005002330669858
32888498130
4001265152819
1005002344405365
1005002213309483
4001175126278
1948894129
32513718519
1005001821384016
32817155529
1005002492651997
4001167680714
1005001700275226
1005001861197685
1005002386508669
32919516996
4001320550903
4001341041898
1005002187775981
1005002085842390
1005002115070909
33032258354
32942984611
4001176013723
4000602961179
1005001763404143
33052341949
32994883013
1005002442448599
1005001368993570
1005002330624051
1005002313764673
4000860404437
32824435959
33005279529
1005002328259253
32793847350
32836108430
4000533616547
33008741636
1005001408749182
1005002124802064
32841497810
1005002079433840
1005002358062650
1005002423922458
32867586553
4000203312330
1005001989286163
1000007021223
32811962857
1005002297112788
32735061084
1000008521669
1005002304335408
1005001632741437
4000154025974
1005002339251351
32360335800
1005001683168550
32983423020
4001146202121
1005002322248573
1005002364654049
4001267387043
1005002314229822
32853326155
1005002378082776
4000644347497
4000699838907
4000981935108
4000959197108
1005002486128226
32774269274
32820326981
4000381593265
32856985426
32893978162
1005002422143058
1005002364857397
4001178860522
32589920308
1005002467707253
4000743886226
1005002224569129
716683169
1005001602786792
4001264471451
32905842309
4001194040959
1005001810014176
4001224403206
1005002306187138
1005002108312729
1005002460284655
4000203452618
1005001711470687
32999119222
1005002007698906
32842403422
32869949536
4000055318329
4000941043985
1005002297040846
1005001419506571
32831252119
1005001794961032
4001047820204
32782478185
1005002164272409
32910419529
32909043744
1005002277354466
32723658241
32965594209
1005001930887589
1005002253136985
4000780513000
4001182678930
4000594773113
1005002044688170
1005002322206707
32912369247
32747071883
1005001665818828
1005002357937552
1005001525386680
1005001441482754
4001217578738
1005002295944949
4000081704146
1005001274046336
1005001871150327
1005001317154577
1005002281306512
1005002395046997
1005002491003416
1005001968572002
1005002318913595
4000850217128
32802317188
33001901571
32805498925
1005002066554896
32885388248
1005002327608831
1005001609582159
33017855040
1005001346793285
1005002387565675
4000166705897
1005002382902820
4001345883128
32835691319
32837968398
1005001355105301
1005001855033903
1005001763846296
32841681580
1005002259214818
4000186646265
4000079575288
1005001407414317
4001274812705
32997820325
4001007440299
33010432826
33009061324
1005001774469316
1005002285799706
32892091711
1005002258654371
4000316997768
32954385638
1005002315138809
32763685864
4000865768225
32870878879
32970137375
1005002287562134
32266381945
1005002316704837
4000554811381
33039800894
4000449373266
1005002425538420
1005002372611380
1005002085394541
33058005665
1005001875303937
32793559839
1005002288229533
1005001308178534
1005002402138280
32951155882
32303299814
32908682887
32967728736
1005002337838857
1005002429069079
4000570630856
33020012026
33014572918
32779025877
32857490646
32972855560
4000453186246
1005001970853595
1005001383640698
1005001900507553
4000546049897
4000943636941
4000333958078
1005002125015377
32978041070
1005002181675267
32888115746
1005001946136202
32815630900
1005002240133892
32706890828
32989611201
1005001265506630
32909292056
4000484308138
32765774221
1005002221645460
4000888675863
1005001731912856
1005001270162585
1005001412757126
1005002443909170
32960168012
4000805201669
1005002069099958
1005001567425309
1005001670341077
4001118810982
4000078265397
1005002421480627
1005002196839016
32980089137
1005002052175392
33055304708
1005002246631924
4000013629199
1005002121858804
1005002400239877
1005001779081101
1005002439928720
1005001482702637
1005002277734252
1005001699905873
1005001859422006
4000860443936
32996994491
1005001271445779
32828779835
1005002265264364
1005002411412168
1005001380426833
1005001632398714
4001275646809
32831433310
4001321689480
1005002309971291
4000670163369
1005001764654441
1005002351622418
4000246340943
32902384067
1005001966355742
1005002217804539
33006449962
1005001843669278
1005001265640248
32863173342
32963659334
32929609940
32963350547
1005002376409619
4001225228665
1005002305713350
32891060858
4001290021315
1005002342483874
32800445183
4000253883961
4001108956330
4001138847523
4000850606109
1005001623177947
1005001878216567
1005001590889732
1005001475987875
1005002311971732
33026411845
1005001303581943
1005001649298111
32819821154
1005001632348135
1005001556052805
10000422993660
1005001785087271
4000397914813
4000437959452
1005002358651036
4000195981545
1005002377809107
32826860929
1005002277320478
1005001954801962
1005001717350601
1005002341993463
4000001835329
1005002277290119
1005002318578297
32864847702
4001200193172
10000122463590
1005001397223606
1005001485512393
1005002220703226
33010068630
1005002311320426
1005002051975614
4000971799918
1005001993947532
1005002198732807
1005002267666620
33051365613
32911839169
4000218688828
1005001698209045
1005002341138488
32834243385
1005002091477627
1005001693930644
4000925352117
32948217354
1005002488574584
32930672274
32333836933
4000843019259
1005001525461207
1005001889184619
1005002166922681
4000291843472
4000384852142
4001160919311
1005002116315817
32802370459
1005001299026696
1005002252530716
32524019774
1005002254371162
1005002443096525
1005001882608618
1005001884324331
1005001622687359
4000098768371
4001275691302
1005002398869804
1005002086126883
1005001795047533
32859832801
1005002254581557
1005001736543676
4001237910567
1005002056518278
1005002369946298
1005002320018349
32868528277
4001021966304
4001053984600
32987973325
4001010285137
32367470079
32701031302
32956325766
4000889723789
1465291393
1005001843304976
32643842509
1005001927769791
1005002393606765
1005001767613734
1005002329677859
1005002473671264
1005002413386378
4000822877777
32908473528
4000853384655
10000127478642
32918952506
1005002301502345
1005002491429353
1005001397370470
32888480528
1005001617558143
32923171107
1005001525290470
1005002337748629
1005001270513984
1005001417310104
1005002302365108
1005002006401188
1005002318848119
32904212869
4000822557393
32919676215
1005002474858959
10000246952659
1005001954280974
32857134183
1005002368881898
1005002476403495
4000971568808
1005002001999222
1005002488923595
4000930900829
4001275142650
1005002091904818
32602677499
1005001571593316
32815289123
1005002312822330
1005001324637227
1005002468329201
1005001362899821
1005001481998818
32825459721
32963160894
1005001351484226
4000691170267
1005001753967850
32995624647
32910657408
1005001942187837
4000857296172
1005001818424601
1005001794381837
1005002219379631
1005002394704168
1005002200495553
4000979595431
1005002332005498
4001227505956
1005002321024353
32656667629
32954881176
1005002298900019
1005002311985015
32804936776
1005001930987561
32910658642
32726117506
10000377969630
32857661839
32882823910
1005002302452084
4000441972703
4000032010622
1005002167357655
1005002382760660
32853068077
32830847502
1005002050451548
4001044964819
4000325194044
1005001912688826
1005001579164540
32922004882
1005002387458626
1005001693813656
1005001709873899
32832273002
4000148550657
32855584929
32974170539
1005002021671895
1005002313646217
446590465
1005001914887055
4001233925061
1005002441084720
1005001677420785
4000873751657
1005001732210644
32592579302
1005001402044709
4000030490958
4001345417992
32846816133
1005001750588718
32734160235
1005002378511050
32918061993
4001187761869
1005002288957663
1005001614061918
1005002346276215
1005001408773443
1005001762315827
4000912902259
10000350956032
1005001275535836
4000677285736
1005002427878251
4000144674264
1005002323478412
32978332645
1005001853968751
1005002350761950
1005002245055215
1005002116149367
4000989925798
1005002416725826
1005001824281157
32996248159
1005002022796034
4000265158865
32917392595
32608691397
4001161723415
689110230
1005002288675914
32976254016
1005001664992726
33055512187
32520897467
1005002100150257
1005002448630759
4001260368292
32957518746
1005001722117258
32973655214
4001037550350
32960829929
4001321492550
1005002107879057
4001346190098
1005001429136534
4000392888710
4001022638925
4000189793118
1005001286362108
4001296356416
32901958181
1005002378025022
1005001665020599
1005002356732006
1005001625451136
1005002314341441
1005002350778729
4001100112387
1005002241106184
1005001339803555
4000456156797
1005002370001969
1005002260119654
4001322071078
32703797653
1005001338905622
32786814552
1005001967125479
32583400897
32915687037
1005002387676828
1005002323102442
32822409913
33049836149
4001364148902
1005002480876668
1005001698427641
33030006636
1005001350264781
32536052217
32347540363
1005002377177118
32820346396
1005002341306478
33036205856
1005002483831242
1005002467607259
1005002313262299
32995162782
4001214685088
32781900470
4001213875017
1005001955028723
1005002413185844
1005001375481713
1005002020159324
1005001850162996
4000994105058
1005001419526566
4000702301273
32831856751
1005002016919926
1005002316379222
4000832196049
4001317795140
33004887635
32892932942
1005001914608417
4000434235017
1005001867225650
4000256782980
1005001830325827
4000287308950
32881096690
4001139141255
33024040954
4000411110151
32858221945
32564926185
32833705589
32974204983
1005001327981477
1005002480115751
4001043011778
32826470119
1005001386272493
1005002125681942
1005001744427411
32654438804
1005002319172314
1005001585992384
4000315842151
32949225935
32989598601
1005002318529522
1005002411315519
32845590218
1005002348483342
4000165556508
32982011390
4000970039293
1005001455961969
1005001581333190
1005002427797959
4000761225223
10000395940089
1005001373487548
1005002340146462
32994601169
4000497874437
1005002362475053
4001162051301
1005002320575960
33000550874
1005002408398644
1005001515863562
1005002104700312
1005002323199242
33037044068
1005001725746237
1005002460102170
1005001437774149
1005002315510972
1005002362769529
4001275337435
1005002038893724
1005002406530089
1005002232050078
32923493642
1005001558149490
32958081848
1005002199065872
1005001951859951
32948481066
1005001865361279
4001118699764
1005002362240558
33002311395
1005002390737801
1005001693407316
1005002380898748
32871599596
1005001364005538
4000063675313
1005002187564810
1005002134982155
32893601315
4000743525543
10050017161102871005002387626952
33029002762
1005002331694459
1005001706721435
1005002372686452
1005002396385793
32795514110
1005002342504586
33038680179
1005001853545141
1005002218107725
32974379882
32861317174
4000123616553
32968785130
32953762996
33051910857
1005002420169510
1005001982522344
4001270060442
4000353359988
1000007631767
1005002300233922
1005002239293593
4001330192364
4001032615146
4000803638061
1005002289172306
1005002315423936
32863656527
33007683845
32944781055
1005001510719496
1005002244134818
4000917816731
1005002485425964
32614737305
33030162669
32863493084
1005002307559199
1005002009111595
4001273221268
32819227299
1005001731266703
32975092930
1005002198799295
32878538319
1005002110205791
1005001452399162
1005002404810577
33023047734
4000001113350
1005001616182618
4001364851622
1005002327275849
1005001736671557
32952856548
32937437294
1005002238965302
4000443455099
1005002264440850
1005002212106143
32877895841
1005001513134146
32695323267
32464759986
1005002430629483
1005002238954357
32959782934
4001139984895
1005002357600874
32804505554
32967593939
32986833534
1005001884124102
32851808532
1005001594478736
4001277609853
1005002079946328
1005001371083809
1005002218835256
1005001493830788
32975605444
1005001810610978
1005001645562972
1005002102418530
1005002055583490
1005002442204875
32979994484
1005001975665650
1005001873959148
32809610615
32996723969
1005001330002511
1005002000150407
4000201243032
4001320670120
4000218391715
1005002371890955
33026830417
1005002002169980
1005002247671942
1005002322715837
1005002220134942
1005001748093799
32901860247
1005002435930614
1000008079514
33060380329
1005002310025070
1005002329901608
32903866670
32882595578
4001000369655
33022646043
4001313527031
4001147549320
32863818422
1005002286578526
1005001464198166
32414353451
1005001757257219
1005002457505861
1005002314226997
1005001405587156
32861327024
4000916590293
1005002460653542
4001045274529
1005001456177462
33058160122
32854885799
1005001946914456
4001015430954
33020984486
1005002368936035
1005002291374893
32819841116
32873874204
4000786440542
1005002061494927
1005002263829947
1005001388652996
1005002304430424
33001919470
33060307946
1005001793167491
1005002320666245
1005001993738354
4001359974604
1005002419051101
1005001642592360
1005002225351623
1005002359801722
32940944562
33014314160
32935080728
1005002011714426
32516212464
1005002447739661
1005002355968661
1005001315056420
4000777117924
1005002251871520
1005001437144163
1005002319043586
1005002314160819
4001201643776
4000198428439
4001045879268
1005001452464436
32755303355
4001351176537
4000848591721
1005001431279765
32832333649
1005002235157690
1005001676526457
1005002165604466
1005002238079865
1005001585720972
1005002340227588
33020457138
4001290968836
1005002319131694
1005002494770239
4001239805724
4000019073145
32786387344
1005002312743595
1005002360084865
1005002347424891
1005001504040967
10000343619655
1005002341788147
1005002258491716
32362404468
1005001360887385
1005002339183918
1005002492309749
32916741004
32951535417
4001327145049
1005002365244220
4000240757272
4000429467099
32799034329
4000490380675
1005001962615439
1005002001116987
10000031889054
4000206886967
32789471161
32700114770
1005002462747521
4000268670757
32694070869
1005002309628526
1005001525483232
1610658202
1005002351873064
4000445824601
1005002179304128
1005002434220516
1005001444976544
4000306497933
1005001316124440
32746860093
1005002330386977
1005002002977610
1005002305151451
32794363033
1005001565862783
1005002313894979
4000562505453
1005001374845558
32710927646
1005002159883916
1005001541278048
33050067853
1005001459029955
32898646407
4000409232222
32601486208
33050594311
32707170281
1005001407003041
1005002400985555
32996847155
1005002197437760
1005001901084248
1005002500373202
1005002337016794
1005002332378136
4001062213646
1005001742646262
1005001591080440
32968703888
4000057586270
1005002484361392
1005002375203316
32968010151
1005002417009640
1005002241569362
32538387189
1005002348331667
4000804756793
1005002407890042
1005002386616058
33004224892
1005002346794286
1005002129865842
1005002313035545
1005001476591212
1005002392577785
32919288239
4001066142516
1005002272157328
1005002095551211
4001160358896
1005002323129747
1005001299526049
1005002181570867
1005002372574322
1005001265210744
1005002406196010
32704601926
4001041057904
1005002168341380
32859731530
32901113210
32629395122
32934627724
1005002399932206
1005001763936295
1005002363978072
1005002365470644
32838552132
1005002193851514
1005002357251029
1005002260967146
1005002336385845
32969040451
32861205349
1005002341141043
1005002139339278
33044175096
32932356875
32904984974
32968532830
1005001798397250
1005002246527073
1005001814066895
1005002312054117
4000329416791
1005002475646816
4000687847162
4000892925043
32812730357
4000708149247
1005001415595290
1005001825015950
1005001972841600
1005001612997802
4000012472957
1005001499188401
32921211663
2044606801
4000623929625
32585704456
32709454004
4001068309384
1005001644565059
32619833820
1005002205546090
4000597877445
4001145718184
4000019322357
1005001783152538
32674909026
1005002323656066
1005002299007743
4000832227504
1005001797882400
1005001680498656
4000631936997
1005001807957509
1005002261834560
1005002399926876
32922483413
1005002442645986
1005002476200344
1005002421491801
32987777614
32895428442
