1005002317784396
32920551954
4000925789224
32989422720
1005001597648604
1005002258225586
1005002403602969
32981911369
1005001992107576
32978025594
32813885708
4000556976607
1005001697742080
33027537366
1005002375006152
1005001343674500
32922454665
1005002429681882
1005002238443389
1005001970348036
4000673436127
32886746731
1005001705344084
4000658965784
1005002348249475
4000668887209
4001248884581
1005002088897812
1005001464322011
32800798823
32545041434
4000857264536
32995530868
32991681130
4000720396936
32708296364
33027005572
4000238288068
4000784252255
4000037626500
1005002466723772
1005001908582411
1005002313699307
32988775877
1005001608357845
1005001874368052
1005002265578354
1005002246059015
1005002239050020
4000289366418
4001025189053
4000539134852
1005002429359685
4001274272512
32886449407
4000598986972
1005002286536205
32671536341
4000689897280
1005002364897732
32904912937
1005002260040968
32847982994
1005001921102177
32593616315
1005001582887488
4000715346287
32572506854
4000826370486
32882237518
1005002318543939
1005001585044875
32926025806
1005001883954910
1005001360494246
1005002367857599
1005001386465023
1005002213643158
1930841994
1005001802418518
1005002301603146
1005002226375863
4000035897699
32953316243
1005001412850130
1005002072604128
1005001469029027
1005001883111358
1005002225685839
1005002294299578
4000338224995
1005002150203183
32864707548
4000121257928
1005002359427294
1005001786102634
1005001998086015
1005002038230798
4001152912578
1005001418818658
1005002400928921
1005002142659217
32815287375
1005002208132845
4001217689073
4001080440515
32887311937
1005002006103408
1005002318926438
1005001519532069
4000256121046
1005001721173455
32838752812
4000464098421
4000607569686
4001326051707
1005001966336887
4000150300810
4000128326107
1005002318771603
33010689906
4000691793428
1005002283769264
33032678221
1005001579135603
32858356371
32853040855
1005001860920170
32979557421
1005002322195461
4001019041342
1005002333369218
1005001639682954
1005002286418068
4001285330884
1005002314214969
4000741009864
1005001821575036
32655273496
32826303968
1005002134590856
32862449539
4000353025887
4000185332847
32744299666
1005002482451023
32898877915
1005001844599792
32920660608
4001052916134
32483924725
32813644224
1005001914087570
4000904431143
33020167842
4000357622744
1005001520321617
1005002338981803
1005002346182192
32793950716
33034226902
4000460146365
4001283541231
1005002003782213
4000016194729
1005001877338670
32959879366
4001127364230
1005001428589793
1005002022704033
1005002219889059
1005002348880262
33051109812
33047628504
1005002427931007
1005001967329624
1005001911892778
32931533993
4001316097633
1005001502943031
32825150700
1005002448120100
4000046296548
1005002387934854
4000544410276
1005002432172011
4000778382025
33060348308
1005001377828216
4001150049546
10000002383256
1005001527494750
1005002453140641
4000979361805
4000711855474
1005002314589677
32558101237
1005002239437421
1005002350015543
1005002401008722
4001090333555
4001275068557
4000087597304
32958092648
1005002358714223
4000795133252
32870117892
4001224640363
1005002128636747
4000276072480
1005001488415207
1005002398958905
1005001905604505
1005002429182083
32828640237
1005001572477033
1005002247756935
4000128462266
4000777763665
1005002439642681
1005002331792716
1005002345880419
1005001295745970
1005002342125437
1005002322935993
32850100640
32919603467
1005002305952857
32952244745
32716249993
32956326362
4000933211037
1005002447977041
4001314677709
1005001748846799
33029415641
4000990910330
4001315620533
1005002388912609
1005002432873399
33052484069
1005002443249691
1005001475571286
32842502278
32725519675
1005001869917713
4001121636886
1005002276040419
10000314661385
1005002375685364
1005001278110919
1005002315415128
1005001303622902
4000764403806
32888242980
1005002423745414
1005001864034484
4000778086143
1005002372540081
32874537602
1005001930967208
1005001869073580
33004186096
1005002310909552
33014450046
32960080644
32989160288
4001278829843
32980672266
32362311193
4000130059847
1005001682036176
1005002302396551
32891813890
4001166549427
32864400092
1005001826329327
4001299880667
33028403141
32856865991
4000743045006
32918682282
1005002446287679
1005001996479696
32750549549
4000170160393
1005002337189626
1005001799342671
1005002276880963
32577688131
1005002245530688
1005001864963156
1005001419520529
1005002347175595
32802103480
1005001515768813
1005002412522825
4001270875018
1005002278230062
1005001523493911
32984539010
1005002303660381
1005002347138067
1005002489274686
1005001514888579
1005002032445671
32973771521
4001039216516
1005002301063618
4001066541876
1005002440364748
1005001733462513
1005001561503981
1005002075332510
1005002492397202
4001310801716
4000305322426
1005001731174364
1005002383539733
32986841875
1005002409168095
32764511104
1010000401563017
4000763830400
1005001604932579
1005002129528900
32910200174
1005002298175321
1005002069314570
33019641647
1005002376294959
1005001494216915
32925920517
1005002428797233
32789281321
4001226155204
4000089755763
32959731496
32954149587
32757583257
32843163850
1005002282965559
1005001391875380
32734156070
32856150040
1005001798096753
32839028096
1005002108200819
4001227868353
1005001627899782
10000127054209
1005001666306162
4000781440151
32944796151
1005001974075211
32948965965
4000773136480
4001216553601
1005002466112935
1005001288047073
32838222895
1005001770069195
1005001696100311
32970608997
4000046716521
1005001733153696
1005001488524294
10000034224350
4000437397161
1005002383586118
1005001622854210
1005002235687612
4001060458874
1005001406374593
33027675480
1005002356616139
4000767963880
1005002254478882
32999399777
32964861712
4001360601391
1005002310762843
1005002357423396
4000974620459
4000174369679
32974465999
32230656143
1005002263750169
32635821777
1897573895
32812735805
32438041414
33050714038
32969573982
1005001499682676
1005002301084198
33062619891
1005002446790394
1005001276128780
1005002058606957
4000793045307
32962658649
1005002146878961
4000385599238
1005002262951632
4001251904971
1005002468186217
1005002388534923
1671082439
32971463230
4000840214660
33000190545
1005001957515200
1005002078779798
32660765115
1005002136429861
1005002341590982
1005002341252729
1005001489108877
1005002453414584
4000971155760
4000215268613
4001286419701
32898599067
32888663784
32883637122
1005001614614465
1005002370435000
32902983328
32832626017
1005001793196251
1005002350058911
32960959503
32882534734
1005002495271755
1005001664528780
1005002392496287
1005002277448917
32859975870
1005001650298954
4000582891457
1005002388185617
32908260349
32909160249
1005001987084250
1005001397265922
33056445576
1005002115211352
33036202504
32900172558
32933654102
1005002400103409
1005002009605111
4001010475341
1000008473380
4000126483435
1005001948833691
32804620335
32788674822
32963383342
4000922183083
1005001798951369
32886480084
1005001768502388
4000760731052
33025402447
32257796212
32969141367
1005001895663353
1005001994156607
1005001698995118
32734773651
1005002319780046
1005001558199710
32878505672
10000004213531
32969378872
32797957640
1005001722149817
4000456825071
32966672905
32932324905
1005002288315123
1005002211454001
4000203387081
32920397397
1005002314303829
1005001686199014
4000119019947
32791956882
4001330707049
1005002085036697
1005001854570181
1005002397769456
4000336952970
1005002318004586
1005002051265289
4000893383644
1005002409423097
1005002298687832
4001131300871
32925880181
32971369838
32818438004
32656487246
4001243971442
4001223413563
32814459014
1005002317789957
32996228555
1005002417361596
4000729893542
32973972683
32972932158
1005002237987256
32984690461
1005002001629930
4000792378094
4000052617837
4001241009008
32991976928
1005001994726859
32970407520
33045292574
4000149359844
32971284321
32885184350
32896712143
4000027933879
32900032551
4000930943863
32757144000
1005002366063532
1005002305363825
4000128592319
33003319706
1005002304311855
4000267767740
1005002308314618
32870233189
1005002326015827
32845161544
32830277123
1005001374574113
1005001448961635
1005001411137345
4001057978110
1005001570544891
1005001620576668
1005002461072953
1005002363871116
4001216224093
4000720241179
4001218548684
1005002022259255
1005001389499218
1005002314349363
32847707693
32982226651
32848355477
1005002312061098
1005002335360497
1005001573340685
4000990016985
4001096287081
32797361453
1005001733246609
1005002276460017
1005002063435890
32899422905
1005001286685582
33053254262
1005001511574012
1005001605948503
1005002333437933
32954307332
1005001817573510
10000152749586
1005002482086599
32771162832
4000022952516
1005001500452136
1005002232717074
4001154469600
1005001889110424
32577177562
32723503355
4000093933652
1005001876692938
1005002307647595
4001228643807
1005002314355422
32954144683
1005002461764532
1005001803320655
1005002491974769
1005002315247986
4000068033637
33010706322
1005002318809678
1005002065003460
32670246182
1005001285881429
33007124398
1005002003795752
10000395946107
1005001867295578
1005002470182533
1005002053987473
32919617716
4001148351239
1005002288549487
1005001334536319
1703334226
1005001781357246
1005001854448818
32880921204
32934307419
4001124683305
33013933106
1005002212277862
32806375691
4000270409370
1005002009509236
1005001693826586
1005001381360679
4001018579194
1005001999062045
1005002244014640
1005001452741691
1005002382752395
1005001869078976
1005002347526759
33054429457
1005001456519486
1005002336548480
1005001695315826
33061082307
1005002428216820
40008379674881005002467139991
4001318638103
1005002156274117
1005001813585492
32813156827
1005002287958886
1005001720669418
33025274483
1005001957469309
32766227877
1005001899291522
4000626162335
1005002254995937
33000117054
1005002365066701
4000960586922
1005001578644217
4000537352085
1005002328108696
4000680933776
4000773512972
4000044493723
760571741
32737551446
4001227438422
1005001670772286
1005002252632400
1005001952822062
1005001556285608
33012626350
1005002293933782
1005001635657935
1005001471025631
32917728293
1005002434976368
1005001670927447
1005001955209270
1005002440009199
4000756709737
4001064497512
32954219179
1005002357144498
33035964805
1005001515322980
4000061693792
1005002070018659
1005001483752131
1005001516701246
32958669862
32905279688
1005002393013893
1005002388340442
4000083298668
32867729871
32473358738
1005002243857792
4001087019048
32852714314
1005002280932814
4000123699920
4000302103062
1005001493420504
1005001769881264
4001047445298
4000182651348
1005002475687802
4001264926013
1005002122496068
32917171262
1005002294192912
1005001708625217
4001157545794
1005002334058460
32813351148
1005001960199288
32695999779
32803214226
1000006508503
1005002238931408
1005002244015290
4001106094378
1005002212115888
4001254828066
4001220787052
1005002347841656
1005001501934037
1005002263783596
32861313497
1005002252285397
1005002318554325
4000781035547
32876305036
1005002306015582
1005002302214620
33047190598
32811414990
32667512792
1005001382327655
32853128979
1005002241135703
1005001355033098
1005001855168935
4000944815319
4000735799814
1005002165585562
32825497508
32986573781
1005002100357241
4000444795232
32786631615
32863720060
4000245287880
32849332721
4000515965515
32776360755
32929034557
33040542179
33055486957
32723597517
32900831105
1005002291589380
1005001942747994
32897241634
1005001901131756
1005002428402084
1005002433265446
1005001530918014
4001157544270
1005002304314707
1005001888035479
1005002379048069
1005001625821000
1005001565980361
4000764486123
1005002453442402
1005002384177828
1005001763103465
33051838187
1005002253108278
33040664399
4000846037976
1005001971259276
1005001357593948
1005002450366194
4000632982558
32948998952
32416301224
4001226603649
1005001677920590
33055500852
1005002490393872
1005002380635757
1005002270137591
32613104368
4000607063647
33005956892
33000953682
1005002309429450
32888480725
4000577770220
4000389176010
1005001965814884
4000667181439
4001158424880
1005002384174570
4001116043542
1005002237991621
4000772296562
32799121305
1005002355249034
4000546043559
4001066420443
1005002293092643
1005001557868702
4000843010146
4000708983996
4001114138799
32908968346
4001051200698
1005002341209744
1005002252478403
4000337326245
4000670360388
4000908524771
4000429536517
1005001694408796
32229737843
4001168883291
1005001631816147
1005002435420352
569825974
1005002304474866
4001038338243
1005002388552212
4000760593980
4000261757480
32924959977
32830784411
1005001374525125
1005001413849140
1005002064206079
1005001591579822
32921283327
1005002453374019
32964268271
1005002170791017
1005002297576788
4001345754511
32987597934
32956044370
4000111371422
1005002426645558
4000113999128
4000732768583
32706761345
32949035231
1005002365293828
1005002258424622
1005001350983946
1005001885497943
1005001397528622
1005001654315163
4000155069988
32978372717
32897567229
4000604259818
1005002122431290
1005002311099399
1005001999441602
33025213542
4000623226220
1005001860330471
32795883361
4000890997219
4000108054948
1005001721934519
1005002494679318
1005001447284270
32978987471
32920988950
1005002278897158
4000118821281
1005001808680592
33045131412
4001157370466
1005001271590864
4000546658914
4000672772212
32929320916
32949299892
1005001867289903
1005001695481349
1005001426312316
1005002359414955
1005002269005194
1005001839465993
1005002255027665
4000736121205
4001113086438
1005002291001824
32811380193
1005001809171385
1005002473722176
1005001992311687
1005001457050332
1005001546467769
33040711793
1005002323600790
4000927021286
32874661571
4000447108641
4000224922980
4000172848169
1005002193923222
32787642641
32974404026
32812101879
4001143209673
4000850425494
1005002314133634
1005002448535650
1005001325005889
1005001670583451
1005002456489692
1005001795445260
1005002037520481
1005001364662747
4001142093928
4000934543260
1005001471928726
4000140645767
32850375736
1005001917277261
1005002315819785
1005002259180643
32845945126
1005002141573097
1005001913188263
1005002372036816
32991502161
32803139799
1005002121776530
32846793090
4001327446230
4001120176579
1005002397753585
1005002381927452
1005002389134856
32973604794
1005002442836608
4000447654540
1005002110071378
1005001859723242
1005001544033047
33022148229
1005002272575904
1005001789098984
33033472788
1005002435657896
4000310779623
4001208526351
1005002497009389
1005002302376835
1005001447957915
1005002213614470
1005002333109672
4000464466706
1005002314526603
33021103154
32649513097
1005001681946965
32894856968
4000384684514
1005002271603180
1005002292034503
4001218955103
1005001858611935
32857209542
1005002288673281
4000448266576
32901561480
1005001564977263
32892228042
1005002452998425
1005002233323835
4000715500395
32828531094
33046139669
1005001730732441
32992203031
1005002381601971
1005002146487359
1005002460116806
4001360592848
1005001915406172
4000045773754
32998477105
1005002357034761
32719142040
32562654609
33055524658
1005001495318449
33043134593
1005001454255571
1005002030143010
1005002345153721
1005001679130103
1005002440744844
1005002394035707
1005002278648381
1005001374926052
1005002080338658
1005002432817430
1005002433957963
4000708974439
1005001561311557
1005001834428659
1005001657041395
1005002258126139
1005002454236665
1005002219786040
32682297895
1005002288528004
32951510155
1005001758300867
32737921576
4000930704211
1005002205991288
1005002394730760
1005002166746041
4001032195262
32981170113
1005002337588161
32845009306
1005002312525079
4001069226598
4000426862612
32986100132
1005001731152720
4001079067718
4001080244667
4001294153999
4001163132595
1005001502492491
1005001953044907
32303308680
4000586370589
1005001293556049
4000602633970
1005001525398490
32825479389
32963154033
4001321249817
33022920513
1005002409619638
1005002426583397
1005001438762839
1005001873459636
1005002090946075
4000144771979
1005002384339657
1005001808756267
32848299645
4001250906651
1492601945
1005002197838911
32822409043
32990419250
4000271343015
1005002003429466
1005002091553041
1005001411554819
1005001424085473
1005001893130875
1005002495226472
4000297591056
4000764124405
33004099815
1005002317987594
1005001939854498
1005001748448446
33000184098
1005001821502048
4000640306972
4000778708471
1005001800301529
33057807915
4001005137637
1005002253725278
4001093967499
4000165261689
1005002314604728
32954970934
1005002247520220
4000616168823
32968965385
1005001817910037
1005002394332965
1005002314856951
1005001883855613
1005002467174187
1005001953934207
32987340841
4000838220243
32816986861
33015016212
33015538877
1005002297156831
32608118579
32904540057
4000444175212
1005002007328052
32648252571
1005002363204329
1005002258783908
4000987266355
1005001764650291
1005001269523713
4000336720661
1005002063250384
1005002316827608
32701455405
4000668056960
1005001640587545
1005001727533642
32826128739
1000007976303
1005001670883471
1005001522228003
32889744698
4000960660034
4000133117919
32819403369
4001014953923
1005002335209269
1005001631987260
1005002314528729
1005002395112367
1005002378819295
4000224451383
1005001530127359
1005002363171234
32906115358
32705299737
32710648151
32850596708
32795760240
1005001859938898
32855809631
4001000696392
32905670944
1005001329751484
32809982143
4000478431034
1005002230359856
1005002287368056
1005002012265344
1005002217276574
1005002306291093
1005002124081014
1005002439279028
4001178862484
1005001606149555
1005002097192246
4001189074560
1005001862680965
1005002345042144
4000085836070
1005001438858340
1005001471782767
4001305784884
1005001822313853
32988974227
1005001428751605
32900072824
1005002328712920
1005002342372049
1005002245897824
32978443727
1005002292906271
1005002377427161
32973808409
4001282166829
32892651915
32847556556
32888891103
32974162882
32854641834
1005002320742246
1005002012212695
4001314636949
32440699429
32983544558
4001077139318
1005002225356572
1005002168210520
32899856256
32730306901
1005001618256257
33047745484
4000985302334
32949697340
32682979998
1005001941044820
33053961728
32918918094
10000408200931
32353950678
33015635031
10000328911669
1005001833337510
33029148165
1005001793506416
32956541226
33046979938
1005002441146932
1005002265588533
1005001536648335
4000849862073
1005001265305235
1005002025793075
1005001629197069
1005002289135747
902607766
4000739060205
4000627533005
4001344062489
32330809466
32557883924
32847852845
4001316407418
902607785
32813351256
32798287770
4001120136007
1005002477859670
32920403430
32919971069
32856101375
1005001488333919
32878771761
32990480855
1005002263912928
1005002293697644
32853853399
4001183952226
32960335919
4000123447650
1005001808663099
33054558202
32507950563
1005001304503197
4001038739692
1005002421478363
4000267009074
32978363409
4000100409791
1005001732201004
4000159570758
4000326688240
1005001429789491
33053711443
10000000692174
4000604324442
1005001495116384
32808749789
33031588661
32716892670
1005001393946442
1005001702786587
1005002433807462
1005001490030149
1005001727105060
1005001450487550
32622100808
4000696825182
1005001804461531
1005001623547619
33019276345
4000417521468
4000227449370
1005002009295702
1005001963604931
1005002376836405
4000537300386
33031808615
32960973798
4001310849394
32982230206
4001200291272
1005002442890733
32888353738
1005001656894264
32960221834
1005001998595340
32835625236
1005002260716242
4001122483715
1005002425368720
4000642482614
1005002244760872
1703333446
4001040820007
1005002068431258
4001234343670
32996805523
32387872561
1005002165991184
4001070803465
1005002253788279
644374754
4001221917394
1005002321246428
32955291711
1005002329687041
32944525507
4001253412263
1005002375189222
4000600057059
32880756758
1005001961389608
1005002315537592
4000365579331
4001190021397
1005001571267401
1005002450537124
32826838865
32376538720
1005001555757532
4001066091044
1005002275514640
4001251617668
1005002332490075
1005001495121720
32407977310
1005001351198934
4001223870083
32902780256
1005001297410034
1005002318464742
1005001972480728
4000718437085
1005002089455420
4000285983743
1005001993583562
4001282123089
1005002399256541
33027513762
4000780615478
4001288980931
1005002443278601
32857761371
33048067703
1005002400840292
32957425784
32973871708
4000089645536
1005001621046270
32608201608
1005002473026427
32819057768
1005002364727335
4001308861502
1005002276061406
33015965102
33014074765
1005002362381458
1005001843244516
1005002314408277
1005001918577134
1005002468982525
1005002100368887
1005002473826426
1005002467406846
4000247620343
1005002279973202
4001331644123
1005002291010395
1005002363661678
32803072414
32970834292
32616503733
4000865352902
32815084502
4000971860211
33047265530
1005001612693276
1005002275449771
32960643697
1005002145701940
4001329161515
4000853152360
4000059723638
4001112695134
32954225481
4000699764192
1005001871033858
1005001370651847
4000794663723
32975473646
32877189035
1005002454301342
4000842681228
4000244902186
1005002399477694
32802386267
1005002177358990
1005001709079390
1005001915621922
1005002275662915
32994047035
32537482918
4001157171167
1005001368697168
32844118924
1005001682178467
4000641981523
4000725742846
1005001371113354
32823187640
1005001708284673
4000554971087
1005002080613946
1005001439076643
33010851418
1005002314172988
1005002462540174
4000106629779
4001053764547
1005001954828637
4000885039651
4001209261325
32803677289
1005002470481944
1005001736691388
1005002425971692
4000905443553
33033427076
33008897408
1005002334455602
1005001956632584
1005002488728916
4000002751384
1005002412593507
1005002307663220
1005002484445968
1005002421168144
32919995820
4000602829365
32767109324
4000825872968
4001100969889
4000360506734
1005001671067400
1005001776230258
10000325624073
1005002381745607
1005002090550309
1005002298785719
1005001679033711
1005002092590340
33011692947
32862244798
1005001719063246
1005002327041555
1005001643860064
1005002305451477
1005001729200188
1005002264545593
32844939759
4001251936050
1005002248792798
1005002217383040
4001108328200
4001337851179
1005001829137554
1005002382772158
1005001843840642
1005002488133712
33016514482
32995890839
32345055880
1005002313828098
1005002252418567
32879845866
1005002431495251
32828056033
4001135713329
33033555236
4001226738578
32976126158
1005001462169656
32734900132
1005002315425099
4000538549633
1005002430995513
1005001817235427
4001088942963
1005002287069419
32325041166
1005002393129735
32853591928
4000548804360
1005001798573045
1005002405054957
1005002297127343
1005002387737829
1005002423730159
1005002114092905
4000786079287
1005001645883196
4000626083848
4000189433842
1005002342520681
32981236636
4001275605387
4001144316286
1005001470058612
1005002311059928
32981916894
32994284210
4000022813844
1005001392239128
32924478809
1005002362409841
32958567241
1005002246927017
1005001949226672
1005002199055028
1005001644469217
4000268916780
1005001372877091
1005002389608548
1005001334015088
4000338684285
1005002377581715
4000616070641
1005001597593118
1005002291866123
4001284971162
32848311761
4000973380073
1005002434197454
4000903424901
4000983465254
1005002007377504
1005001969982337
1005002260220877
1005002419609764
1005002314462006
1005002082471442
1005001474058246
850274904
32903608129
32833602158
32824685042
1005001908260610
32948270083
1005002290143086
4001326057863
4001021404830
1005001809242485
32948922915
32828422932
1005001657882052
33029862946
1005001844498321
1005002238238711
1005002265567844
4000811338606
1005002268371189
32842180817
4001128541825
1005002234125376
32989099387
1005001930891801
1005001926666936
32713312687
32954658101
1005002428780491
1005002016501098
4001036074731
1005002114734681
1005002449215613
1005002418127945
1005001645272007
1005001871636510
4000086212243
1005001821578686
1005002443751401
1005002122249990
4001013047752
32536554114
1005002377020913
1005002219322541
4001232073673
1005001315692481
4000550169764
1005001987267484
1005001353798397
1005002382183355
1005002178103358
4000543706632
1005001439233899
4001270723583
4001025831877
4001122626536
1895569128
1005002272307123
1005002460415194
1005002323966081
33021980581
32986580103
1005001483442474
33028824301
4000168879542
1005001572492565
1005002377239950
1005002333351197
1005001485410562
1005002389852707
1005002346118089
32859432163
1005002311440527
4001063818547
4001021380127
32818342993
1005001278009346
32889833493
32918600394
1005001591903504
1005002339523295
32672397509
4001083215698
1005002253708922
4001106772313
1005002492361272
33051349450
4001132710338
10050016644523171005001780201924
32951086608
1005002452755669
1005002264724458
1005002203683117
33055481029
1005002443660612
1005001603603872
1005002306973534
1005002256873463
1005001993904352
1005001561683950
4000528829388
32859052374
32715418414
1005001954914481
32272424692
1005002431725121
1005002477925710
10000161447891
1005002314216971
1005001670434080
32867074869
33006140180
1005001728305971
1005002342475366
1005002364845005
1005002284357484
1005001434053008
1005001708284762
1005002448954871
4001236993045
4000284731907
32959148908
32869987170
32909931527
4001086351718
1005002362003237
1005002329257612
1005001980130636
1005002348626956
32846468643
1005001571211732
32963600992
1005001559840440
1005002254907470
1005001359653519
1005001698617390
1005001617615225
4001248313471
32825371946
1000006646748
32852791685
32921326566
33008334182
1005002458332799
32947231970
1005002235132801
1005002111096479
1005002409713201
1005002357909994
32985143647
4000110911671
4001173842545
1005002140305172
1005002408844260
1005002247611281
1005002235857757
2049044363
1005001567564649
4000491838498
1005002175849821
4001276449471
1595442054
1005001278520962
4000447257334
1000008165765
4001247200448
1005001407412084
1005001703509963
1005002056251645
1005001793135566
1005001875475814
32874316354
4001035920946
1005001872855485
32843944865
32868638873
1005001858632023
1005002394876036
32558976348
1005001914262843
32947360179
1005001980257117
1005001855226208
1685359436
32856644073
32818430577
4000047581963
33033863543
4001241022355
32638851785
1005002216516861
1005001980581142
1005002282554997
1005002180211913
4001294148747
1005001941010756
1005002255894288
4000251559813
1005001640076027
1005002364122982
32709932302
1005002392477184
1005001941371451
1005002338900585
1005002084621192
1005002259392246
4000785652167
32841236524
1005002086465679
4000221867969
1005002082182814
1005001412586150
1005001862728444
32796410190
4000781282649
1005002314501898
32810447197
4001344962736
4000473461728
32845389766
1005001545107766
32862638092
4000478426830
4001285142245
1005002467428112
1005002282405929
1005002451153316
4000266540846
1005002122248961
1005001887946214
32857036277
1005002291193307
1005002191712810
1005002359113877
32864774455
32289022281
1005001865574001
1005001773991203
32990838509
4001035145380
33038302849
32921716016
4001244433031
4000772192102
1005002280238969
32530344353
1005002466082782
4000575761795
1005002376461882
33031600678
4000820082081
4001208455306
1005002304478735
1005002439974622
1005001622484931
1005002433635899
1005002457917792
1005002301768600
1005002304322697
32868834834
32854367591
4001211920578
4000074737146
1005001325264775
4000822760875
32844201877
1005002410917224
1005002357972597
4001214744279
32899178098
33041751014
32960940062
1005002304837140
1005001630442794
1005002256739221
1005001593687489
1005001825507495
33031867457
1005002314249704
1005002259758351
4000498597693
1005002341618249
1005002444115987
1005002292555312
1005002273133095
1005002276939270
1005002408045414
4000996305629
1005001579232427
1005002295103691
1005002341284113
1005001789961946
1005001953833017
4000375618118
1005002476142527
1005002500538068
4000712187990
1005001300035154
1005002150620679
32917996938
32864369565
4001219520570
1005002238906815
1005002107626170
1005001808559255
1005002378264317
1005001458931843
32678234124
1005001899305081
1005002357451776
1005002310520420
1005002423637057
4001110181964
1005002309777488
1005002337349615
32897902125
4001039298653
1005002398872724
1005002481135437
1005002159184291
1005002058624227
4000640478070
4000688808635
33026311384
33043558148
33002729400
32309606683
1005002318736791
1005001566934676
1005001483885507
1005001786410700
1005001953584249
1005001510207416
32892522261
32847758163
4001045300114
1005002011558915
32910452067
1005002179667616
1005001629076429
1005002323037648
1005002244852481
4000983547656
32706451805
1005001985789617
4001215217100
4000327592009
32878719586
4000931541067
4000158213708
1005002342726688
1005002291097161
32756151723
1005002205560055
1005002286097598
32952212564
4000825761114
4000842621633
1005002435057951
1005002325283686
1005001763904174
4001107809235
32797293099
4000255454885
1005002494339892
4000081474393
4000875016871
1005002341224374
1005001985274227
4001365318325
1005002454268965
4000720641462
4000147464724
1005001483963694
4000425155539
4000116089448
1005002283522724
33005520402
1005002465150291
1005002454351244
4001066553985
32977543568
4001322341057
1005002176351021
1005001914684318
33012538850
1005001874889250
1005002283064636
32855793572
32994966242
1005001732676446
1005001824202924
1005001839576787
32793107680
32915207666
1005002463049716
1005001816936956
32777381749
33014265523
32847631680
1005001516850114
4001114865430
1005001975928998
4001286523690
1005002325066530
1005002256399660
32885660923
1005002353607483
1005001526325100
4000129879934
1005002351987466
1005001880124900
4001148096501
4001124807443
32857281438
4000306530683
1005002277132721
32982642143
1005002363183885
1005002258972436
32961042812
1005001687906962
1005001505293929
33007210715
32985067371
4000867043645
32970634185
4001207949352
1005001468612477
32820264732
4000032657046
1005002361891360
1005002337658880
1005002058011911
1005002313487906
4000434031959
32858855547
4001145019866
1005002467462878
1869936627
1005002490683126
32619292966
1005002293877926
1005002166280360
1005001679239568
32803836571
1005001994457500
4000358544784
32646112436
32938656465
1005002091991110
32863655069
32985617769
4001120870449
4001125083939
1005001620213033
4001274637808
1005001612551902
1005002319569188
1005002395811563
1005001952727540
32595490544
1005002498524090
1005002450557690
1005001526228497
1005002314241687
1005001493190581
4001142905377
4001240238289
4000170254813
1005001950072313
1005001499202639
4001262784552
4001006449096
1005002317729621
32995170667
1005001602517116
4001260887927
33048747183
4000262962229
4001149346463
32442898057
1005002443687507
1005002176127202
1005002296952036
1005001288790190
32453949623
4000132554476
1005002413241852
4000196723971
32911787387
4001210675900
33027470272
1005001313835729
4000965701654
32862033399
32342350076
4000143963405
32785165950
4001275537269
1005002467877802
1005001411641185
1005002340992185
1005002292814974
4000665959494
1005002268290812
1005002015332025
4000340177252
4000575554308
1005002431913077
4001178016922
1005002422950171
1758118719
32801004941
1005002342187933
1005001961300008
1005002336152306
1005002293224969
1005002428357308
1005001453097956
1005001943351379
1005001976576658
1005002484466074
1005002122517366
4001117951438
4001147777330
4000304549013
1005002107403163
33025765787
1005002120884782
1005002331135708
4001214306095
1005002333770573
1005002054818946
32725050900
1005001348667405
1005001590840430
1005002219838558
4001058096190
32808734089
4000804142947
32873400870
1005002378233336
1005002467146389
1005001843684346
4000064671913
1005002396707328
1005002393798099
4000682731124
1005002397772463
4000448483207
1005001962267433
1005002271473604
1005001825689875
32830268375
1005002363947351
1005001856265650
4000239094746
32484198044
32501187061
1005002323232067
1005002394852294
1005002378749169
4000088661054
4000895470576
1005002001875929
32889146056
4001146375808
33034762706
4000395460559
32825107676
4001330820844
4000002727982
1005002313740044
4000956236950
1005002382388752
4001219487422
32715437315
1005002405057494
1005001478156754
33011162663
4001220007511
1005001302426381
32882990763
1005001517493530
4000260877453
4000035755509
1005001640408918
32875646572
4000674617854
32847649878
32781802590
32996618404
1005002332511405
1005002350805761
4000796583451
1005001915328284
4000181174290
4000602743700
1005002110342597
1005002033062317
32838077187
32996040904
1005001665712685
1005002052554640
1005001908193636
1005002265360977
32695949397
4000625741406
32848445651
1005002483341267
33051426494
32915457755
32847563457
4000857297381
1005001723701893
33006375727
33007775569
1005002417061831
10000395837264
32679045962
4000834875689
1005001830180492
4001226534193
32974560020
1005002346147285
32464714762
4000696341077
4000941109684
32773395689
33058240288
1005001971502907
4000748672721
1005002404205717
32886510130
1005001379210768
1005002184824599
1005002215354665
4001270327266
1005002358272279
1005002143252993
1005002263868975
1005001355296922
1005001315115879
1005001668087024
32802353881
32788720443
1005001768980490
33007655218
32848520559
32867559208
1005001936990413
32865979888
32582285255
4001315598099
32960253472
4000993772538
32922095905
1005002075168738
1005002379827268
4000366085196
1005002426343396
1005002210904700
1005001468019591
32998037163
1005001656839781
4000826366656
4000189226886
1005001817468922
32491259923
32977781733
32861621950
4000465109190
1005001361270352
1005002281229401
4001052881790
32967319192
1005001889425021
1005001657180230
4001249671008
1483251194
1005001417406226
1005001874631437
32792210381
32909845159
1005002339342815
32916731036
1005002046681039
32815085964
1005002433046796
4000297435104
33054607353
1005002229030084
1005001834569969
1005001572091405
1005001699622655
1005002349990631
32990263622
32960426895
33028270930
4000047427935
4001028294420
1005002104225426
1005001921989266
4000419110115
1005001977949961
1005002243616538
33031843954
1005001642764462
1005002238015914
32848163958
1494892291
1005001770645721
32893664937
4000707312198
1005002423821323
1005001510044781
1005002361212618
1005002483182545
1005001552444642
4000019592455
4001010746852
4000462778479
1005002065779873
32794269897
32893062544
32959788840
32853653956
1005001678206679
32834250978
32960928940
4000940417583
32951297359
4000197167009
1005001348005720
1005002349691606
1005001930899702
32812424884
4000287777710
1005001834702518
32844062908
32866844216
4001294147999
1005001525236984
1005002292784721
1005002071237012
1005002314549500
1005001849213239
1005002315113266
1005002353935351
1005001786641150
4001106894162
4000415772020
1005001863876057
1005002397044327
1005002476574387
4001314741072
33035819587
1005001879890242
1005002396665207
32830245377
1005001992046406
4001237604576
1005001355917518
32951274485
1005002436336889
4001235150805
1005002319714957
32842916772
10000089155931
1005002486929874
1005001286883267
1005002246341771
10000253964947
1005001775644667
1005001877078340
1005001929176462
1005002339894550
4000209330526
32951185029
1005001570512599
4000562096867
1005001923299431
32462383346
1005002089854034
1005001491963543
4000027033787
1005002332890740
1005002416565582
1005001974929351
1005001695500383
32754769123
1005002446790009
1005002418078719
4000090131235
4000925714771
1005002192248717
32897631749
32888956435
1005001515359465
1005002467218822
4001269700548
32993884855
1005002481780174
1005002254340278
1005001835477347
1005001785817383
4001129455409
32834653737
1005002275622487
32970188439
1005002495139789
32917107227
1005002408364475
1005001418529553
4000637236615
1005001850155202
1005002318313069
32904639898
1005002053238503
1005001935057864
4000850694054
1005002319182266
32870184880
1005002363210011
32735581787
1005002495264672
4000104411525
4000800453080
4000204694576
1005001877483287
4000189403070
4000364721650
1005002352233202
1005002446712310
1005001836669405
1005002275661652
1005002176316776
1005001638649876
4001101526685
1005002430049962
33001462437
1005001599717150
1005002306956996
1005002083722789
1005001838120293
4000940651469
1005002276676348
1005001416441142
4000844909597
32988299344
1005002461508071
1005002432446456
1005002353843833
1005002298924493
1005002195891822
32948674988
1005001335282103
1005001524921701
32878143153
32890521297
1005001575362212
32837789444
32858577702
33023135699
1005002382575033
1005001763667439
1005002336422359
1005002416269831
4000752235134
4000352377639
4000249599590
4001223351679
1005001861908150
1005002259952581
1005002386611593
1005002406599136
1005002058278680
4000626266025
1005001704453649
4000137601196
1005002373366634
4001263843536
4001313211703
1005002317643912
4000863691157
4001276471673
1005001311303186
4000461602257
32505208920
32699369653
1005001441718249
1005002499820189
33003859603
1005001720493376
1005001499660202
4000268245187
4000990913899
1005001281249698
33044183939
32888668532
4000326563559
4001125125069
33018255310
32813575012
32901043670
32897619165
32918240782
1005001484116819
4000063383349
1005002320322924
1005002475452458
1005002397745878
32861624414
4000149253229
1005002468531713
1005002284350049
4000929557007
4000280613539
32919745809
1005002389055208
4000601845674
4001271965013
898298697
1005002347934433
4000912843811
1005002301828038
32665263895
1005002233711067
1005002495987929
1005002279218522
1005001865539232
4000989179678
1005002425925266
1005002305624300
1005001525463389
4000955784312
1005002450595876
4000960458574
4000981523610
32948068335
4000351876729
1005001985386505
1005001333797609
1005001505170728
1005002390852949
4001220052392
1005002394919721
32938189327
32965754424
4001116967901
4000004968380
1005002352067624
32911124247
10000012907665
1005001786452368
4000837579305
33009037426
1005002314454017
1005002302402169
2016929897
1005002418117963
1005002409545128
1005001849029901
4001128444957
4000197418155
1005001783243128
32792376858
32875182117
32480234123
4000329582319
4000259299451
32747652297
1005002081891361
10000149900720
33027816709
1005002050288847
4000324392779
1005002331832424
32552437551
4000435683988
4000236216690
4001079238471
32662808875
32346142517
1005002485177380
1005001809041239
32650736183
1005002466226372
1005001286718445
1424558447
1005002443614960
32814560256
1005002015040247
1005002423690793
1005002389147684
1005002365498819
1005002228919648
32674949317
1005002323539518
1005002339161639
1005001551217306
32867566359
1005001405742841
32868213142
1005002007342031
4000963739058
4001196123814
1005001279922926
1005002206693309
598051234
1005002314362359
4000926240289
32828636476
1005002394144104
1005001409028070
32852053920
1005001967313660
32920679831
33021081680
1580004799
32924146428
32718414876
33014268784
1005001373420991
1005002355952697
1005001817332447
1005002340909932
4001232881553
1005001315092398
1005001307917914
1005002321276248
1005002210076288
4000223996345
4000324410103
1005002467636241
32803948726
1005002038567531
4001346736531
1005001303709990
4000117521336
32809332150
4000670194871
4000554761777
1005002139331596
1005002388251402
1005002271892250
1005002206283194
4001320854458
1005001940864791
1005002346357746
1005002465590109
4000083395167
1005002302629353
1005001880597043
32956853728
1005002398640296
32275233493
1005002271946497
1005001736194811
32789535850
1005002307493807
4000877933719
1005001534221343
1005002276190907
4000288818685
1005001355091536
4001174547417
4001219642136
4001009169853
4000529337310
1005001785225535
1005002377099379
1005002484000394
1005002394000454
1005002385067687
1005002459585701
1005002404366510
32928235818
4001302217150
20000003866490
33023980062
32674609233
4001218114424
1005001779467356
4001063042562
1005001303852907
3284702736132620836298
4000064170217
1005002387803368
32989964500
32890387179
1005002341879698
4000890639481
1005001692480902
4000522456725
4001064183857
32816975956
4001200716503
32855885048
1005002460088555
4000556814473
1005001657126150
1005001531992788
32954693310
4000743493231
1005002032270013
33049696439
4000167792038
1005001559800350
32862670467
1005002266201364
4001228325284
32971151139
1005002313669872
33005302611
33021182316
1005001714959918
32956068820
4001038896036
1005002243458200
1005001470353685
1005002336955626
1005002420181368
33045278372
1005001334378417
1005001617197918
32932897859
1005001817859870
1005002283188089
32962994411
1005002107741760
1005002318899700
33056500666
4000757627174
32834622474
1005001874585697
1005002253845379
1005002305142058
1005001771356869
1005001488204835
32824144125
4000537381867
4000497524190
1005002285910280
32965178708
32972359633
4001138885147
4000089670576
1005001807305635
1851026823
1005002315243478
4000927942210
1005002341981970
4001250769925
1005002122468181
4000772817409
4001228729202
1005002408572984
32955075865
1005001329793162
32685539071
1005001676762850
32837304959
1005001355571044
1005002431116062
1000007167248
1005001940603523
32797402597
1005002234501701
1005001836428183
1005002012872334
1005001897610582
1005002495268934
32863544155
4001275170381
4000442141200
1005002298787231
1005002292603947
4001160965176
4000035943261
4001018417897
4001156304735
33006742184
33000662624
1005002356185243
4000174813616
1005002056802829
1005001392949722
1005002490528702
1005002265738681
1005002315075436
1005001406866643
1005002277442711
32973552800
4000824105787
4000155214925
1005002400860596
4001302208296
32990919195
32776557203
1005002295258831
33058594321
1005001425474200
1005002154260821
32906137115
32870886943
1005002402805971
32321094531
1005002328592509
1005001726626534
4000588410635
1005001474685008
4000982807943
1005002282473849
1005002069632429
1005002090912892
1005002224138435
1005001381526323
1005002074537505
1005001864902495
4001272146472
4000627216998
32968227717
1005002459667834
32890584299
1005002276160448
1005002063266551
1005002315868393
32869306325
32796730487
32949997027
1005001493142710
1005002286966006
1005001689218849
32917893792
1005002059733597
1005001586115412
1005001910576459
1005002454182109
32856487952
1005002314393541
32865431941
1005002341172313
1005001593778061
32897769767
1005002256135979
1005001806017721
1005001515961381
33054386801
32647996071
1005002298035561
4000570929734
1005002333480761
1005001793060697
1005002281886548
1005002360228334
32642301158
4000018773789
1005002038977079
4000239302650
4000739858843
1005001930816188
1005001501779413
1005002443494497
4001257953154
33032456273
33053640366
4000893506553
1005001385160625
4000990059398
32956848213
32997025660
32982624849
32818876795
1005002447993877
4001191516849
1958186104
32951502847
1005002118955464
1005002404769904
32787466952
1005002394113731
32914753882
4001130839230
4000261644064
1005002306262401
4001360440793
1005002294350650
4000251957740
32838403144
33047879802
1005002310012479
32681677204
4001248530944
1005002175634790
4000688602252
1005001849122191
30000002551376
4001299128569
32867543227
32870271101
32975485534
32880061801
4001240095006
1005001638303002
1005002490438754
32986189921
1005002364902705
1005001976650766
32997490987
4000907400120
33003955387
1005001472894046
1005002316496994
32751391823
4000680080108
32833611916
1005002349908089
1005001608462564
32800385281
4001293385176
1005002090078504
32952789361
33004682513
1005001683818939
1005002047133863
1005001284279986
32869816556
1005002204585028
1005001943085148
4000100446671
4000938880362
1005002395573951
4001174313278
32995054968
32787878375
1005001723979984
1005002370607276
1005002247837458
4000990182137
32983964550
4001102276584
1005002034345430
1005001486648559
4001255008578
1005002223951585
32887253930
32872293953
1005002354288877
4000560669806
4001015044907
1005002425285277
1005002323245241
33000818020
32742220278
32789215258
32861896580
4000983189722
1005002224069629
1005001798433903
32800708025
1005002398306754
32774958016
1005001309116554
1005002261454348
1005001934072708
1005002310093826
1005002313001309
32830558918
1005002321021406
1005002365167369
32870086451
1005002454038187
1005002316853205
4000113227591
1005002357594574
4000829599943
4001138618598
1005002363928198
1005002263187027
1005002365287519
4001027446133
1005002132022204
1005002326508145
32869876793
1005001693563375
1005002462830233
4000693729791
32837661477
1005002264257960
32969762896
32731341090
1005002177452568
32801411125
10000339727667
32887600776
32973736234
1005002438886638
32819468523
32858135390
1005001808849306
1005002367794832
32794594499
4001150246702
32816864533
1005002043961963
1005002383055084
4000848936706
32790887117
10000127463555
1005001888193994
4001272751368
1005002192344776
1005001844589495
1005002300973521
4000593610009
32653515006
4001351267753
1005002355547701
1005002330538399
1005002322190816
1005001439173122
4000483796283
32750666261
32878220247
33017993164
4001294280300
32982166747
32990975268
1005002063079251
1005002166164354
1005002264734990
4001150480191
4000901960495
1005002085378074
1005002365500795
32970734452
33037846388
4000963590733
4001291781508
33050844665
1005002002194200
1005002469040836
4000125993523
33004300146
4001112625609
32793119443
1005002272611205
32781114928
4000348343717
1005002000437384
1005001950444127
1005001868669835
32848083766
32996037082
1005002044570198
1005002028785741
1005002292054492
1005002367590191
1005001320525152
1005001867993528
4001278846780
32982044633
1005001851462189
4000558984766
1005001639837545
32964911309
32833123660
33001880024
4001338208382
1005002279128483
33014841135
10000395954349
1005001269691598
4000717317153
32947275763
33009775389
4001261411785
32790536721
32858157705
1005002333730504
1005002448095204
1005001611958141
1005002340551286
1005001556312348
1005002319530090
1005002344996153
32916603700
1005002278711711
4000272722739
33062442003
32965115156
1005002011784406
1005002482574061
33010221933
1005001265172419
1005002495546066
32834873310
1005002254430773
32796462511
32964505614
4000587018370
1005002490387622
1005002040203684
1005002357618328
1005002338590134
1005002322913892
1005002301180349
1005002318400607
4000209825933
32844055799
1005001585960060
33013716013
32817766451
4001267555162
32955636532
4001038429853
1005001963897034
4000930990771
1005001579327308
1005001985526512
4001186081755
4000010184863
1005002281764843
4001201934131
1005002347375590
1005002384628760
32916855597
1005001868640186
4000144829376
4000369148784
1005001896846102
1005002399894084
1005002291972261
33050169934
1005001913873972
4000497872371
1005002394867326
32852242299
1005002454415398
1005001727088101
1005002047084962
32774144634
1005001347071349
32858756373
32965496817
1005002279338347
4000695031720
1005002438906722
32809484136
4000302493664
1005002430522147
1005002443206074
32945609758
32789308895
1005002003873371
4000844902030
1005001474656113
1005002301474623
1005002469455857
1005002350511468
1005002299630928
32857676677
4000983051784
1005001552522761
1005002355651607
4001255174261
1005002317385898
1005001326229619
1005002376841193
1005001763423211
32779910204
32900872592
4000266441964
1005002254744081
1005002296690158
1005002097148807
1005001483418068
1005002168754356
1005002176975360
32966484058
1005001693053114
1005002283168600
1005002459543587
1005002027222339
1005002232887001
4001286855805
1005002246230583
4000038856478
1005001593223184
33027517840
32304525377
32648031419
1005002388320702
4001161165606
1005002053226832
1005001845504518
1005002339699102
32564506362
1005002259459661
1005001700992444
1005002324183174
32974852007
1005001510975288
1005001304139470
1005002389954019
4000272304734
4000927824177
4000284299269
1005002334078194
32887663717
33030733905
32874829080
1005001980829660
1005002495533735
1005002381373193
1005002319404138
32961277062
1005002434625925
32908043166
1005001582445589
4000118853924
4000023155045
1005002351580419
1005002483640733
4001228618683
1005001354652819
32392309157
1005001928230220
1005002396359391
32351643001
33028397221
32829792704
1005002314221886
1005002373797628
1005001428829919
33001963911
1005002142580808
4000726800196
33044750570
33019703318
1005002295270012
1005001493303676
1005001714689828
32843147204
33005781586
32678939644
1005002305199117
4000519533648
1005001589907946
32920343801
1005001863040328
32830941531
4001272262728
33045451634
32969897545
32703410717
1005001949569047
1005002413626519
32930452928
32822210857
1005001841163839
1000001545888
1005002213036331
32946696098
1005002142992323
32886479099
1005002395273967
33025826653
1005002167377200
1005002387972781
4000522464349
32296790115
1005001580467649
1005002255359475
1005001273914778
4000062842353
32854580651
1005002314244932
32554231782
33012956404
1005002382900957
1005002481961198
32985675874
1005002490082890
32974146095
1005001438617360
32267417498
1005001307862277
4000960562661
32968182854
1005001602834244
1005001689248232
32892771954
1005001279736378
32575105419
1005002368875151
1005001796848682
4001205410008
1005002332687334
1005001946586735
32882875954
4000071380442
33000409305
4001289293686
33008397453
4000597660762
1005001891138304
1005002342508903
1005002206677340
4001168909609
4001158576824
4001209243357
32830337069
1005001777186685
4000362056642
4001060823933
4000725788084
1005002292470756
1005001942904057
32920190627
1005001539920424
4001064445839
4000475052311
4001276348627
10000385007175
4000990201163
33000389026
32310292420
33001794078
1005002401229929
1005002102331713
32890086687
1005001452374221
32982553311
1005001695560274
1005001640603413
1005001525323796
1005002260363565
1005001308524836
32963477179
4000121721603
1005002419691475
1005001361343416
1005002224269543
4000539766791
4000989044728
33014223318
1005001922085784
4000095397178
4000838650593
4001040029154
1005001891275521
32617088578
32759891525
1005001678628570
4000608305555
32934895956
32778599665
1005002409885056
1005001520571835
33063278287
1005002256040490
1005001726476368
32974848439
1005001645281206
1005002012000373
32859806917
4000619233220
1005002358809130
4000641013003
33057061401
1005001731025864
1005002347165323
1005002315689726
32897775158
32439351124
32797316832
1005002153768106
1005001525550209
1005002346543684
1005002424924631
1005002400957431
4001264374218
32365501074
1005002320595107
32968836297
1005001849253372
1005002327913920
1005001688385449
32893132867
1005001394213100
33022483303
4000058403696
4000750819115
32986131785
32669434972
32505510396
1005002273203814
1005002413394607
32909375159
1005002369130635
1005001341246648
1005001985935527
1005001934476102
32816927480
1005002384790801
4001365087373
1005001660179115
1005002482890531
4000944329282
1005001586572471
1005001425158595
32917601070
1005001845907581
4001026717491
1005002001126502
4001128048479
1005001305303248
4001233490993
33038409668
1005002330045804
1005002287664568
1005002339614331
1005002491173073
1005002219443409
1005002468146261
1005001279416448
1005002330722737
4000014218457
4001350851127
4000296713130
4000704091692
4000350981128
4001046193785
4001143281866
32973591556
4001270974201
4000092094751
1005002289472084
1005002363926644
1005001406994602
4001245801824
33049062736
4000640440338
1005002465371950
10000088385241
1005002322987773
1005002488877486
1005001929772561
33003567967
1005002368911612
1005002471815586
4000124344028
32912811682
1005002381536004
1005002235541577
32724701449
1005001671706983
32759962262
1005001615295651
1005001583429851
4000598200417
4000393426141
1005001816910408
1005002402033234
32807432189
1005002197055572
4001089015059
1005001870601055
1005002315786143
32901047209
1005002242322594
4001132030449
1005002255184877
32859335064
32920375214
1005002315857734
33027005180
32851302218
4000379811742
1005002314094420
33032609910
4000802222460
1005002351447867
1005001664016744
1005002450264916
4001102479618
32910184287
1005001851470378
1005002252551275
32918811044
1005002388729886
1005001616417499
32505531515
32618804969
1005002086678355
1005001748634321
743459399
32892479383
1005002492300534
32855948823
32835197357
1005001997797100
32981189548
4000929425179
4000111898631
4000670611780
33056297574
1005002319211040
1005001905623338
1005001751986601
10000011709489
1005002233923047
1005001632929498
4001031755250
1005001468916948
1005002482195946
1005001585883290
4000969624156
1005001841799250
1005002386961778
4000173818600
32960716232
33062682314
33024221765
1005002343035186
1005001900199701
4001260246120
1005001793237259
1005002362433299
32704044097
4000089430619
32815559476
1005002288332429
1005001664091129
1005002377882100
1005001930377345
1005002475494249
4001297250018
33052375490
1005002180168493
1005001591125243
1005002180075772
4000835201594
32608691540
32970360233
32904739316
4001255373986
4000599045226
1005001461118180
32947234371
1005002364219048
33006309378
4001198540719
4000398534594
1005002333698788
33054226505
1005001934757199
32945576685
1005001586595431
32948486851
32974171379
1005002359705255
1005002263320817
4000641932684
32829831918
1005001438819638
33064367604
10000038330423
1005002392933646
32898875578
32983439219
10000306519270
1005001515819658
4001178444520
1005002334373955
4001332786345
1005002321341730
4000245646010
1005001452811099
1005001329565763
4001217802731
32831863934
1005002338874928
1005002138472464
32864154488
1005002439566514
32616391042
4000100728052
1005001313501250
32873779395
33010221139
4000550022214
1005002395548815
1005002319019310
4000034953234
32953388128
32471741079
4000607824028
32833400126
4000537160812
1005002413529943
1005002448225376
4001136351485
1005001852110349
32996509357
32812031509
33054355471
32852850273
32905840182
4000130990075
32697878278
32834185580
1005002353567603
1005002289542488
32719646468
1005002223714164
1005002401113802
1005001367573572
1005001264823001
1005001912449682
1005001878773671
4000148100871
4000096597603
33055627148
32792835475
1005001816981170
32687379851
4000837194903
4000084260943
1005001264701348
1005002416755228
4000106227271
1005002310297939
1005001608684493
1005001821052718
4000849735862
4001231098993
1005001500024773
1005002310999144
33029442296
32888644144
32945160690
33001393740
1005001491180745
32461308322
4000960999205
32847625796
32964307968
4000841622058
1005002289755203
4001214856012
1005002356904652
4001172664856
4000219144956
1005002396562569
4001270339222
1005002409523050
33048522690
4000071284940
33044210990
33013676218
4000751748482
1005001741197613
1005001344222998
1005002450380206
32869726306
4001189138393
1005001954891409
32832054145
1005002014560223
4000730574091
4001288165959
4000154159390
32953741126
4000251565187
1005001590961957
1005002334922949
1005002115664019
1005002318066124
1367832035
33040942074
1005001465169837
1513924955
10050015001378954001127664469
4001009843051
1005001463750663
1005001973042114
32704140186
4001205465666
1005002321019871
32967555137
32922546232
1005001446130775
33052356987
1005001494906308
32912673128
1005002385223523
33040628582
1005001960075985
4000217936262
1005001367865395
33057452597
1005002225137434
1005001514827234
33030276726
32965250221
1005001566635592
4000833809623
4001227947611
1005002110463078
4000246016106
32613032613
32884109646
1005002411423097
1005002365036981
1005001333906979
1005001293270299
1005002453785803
1005002109952468
1005002423696794
4000922399817
4000274286245
32811698763
1005002134189678
1005002480840285
1005002321614900
1005002463089537
32689046025
4001364111808
1005002284784091
33023989928
4001201536606
1005001526754283
1005002333997358
1005001608133521
32980509965
1005001908254665
1005002224680211
1005001489560558
33038762003
1005002167862270
32965170362
1005001332975614
1005001877558639
33030362903
32839896434
32949766642
1005002444173290
32915399611
1005002090201203
1005002363562280
1005001568615651
4000380726170
1005001885096133
1005002167976439
1005002330707789
1005001721248600
1005002224965011
4001117163263
1005002191616647
1005002439725416
1005002340880570
1005002072344150
32865771043
4000491736668
4000206886897
1005002460587640
32955339159
32956844084
1005001499053238
4001224364065
4001261524630
4000034733066
4001129173211
1005001760118264
32986776036
1005001879126141
1005001345130169
4000091303999
1005002242202838
1005002223737031
1005002500479850
1005002287704723
32782728047
1005001418504902
1005002394227810
1005002358910180
4001273238461
1005001772338683
1005002489488185
1005001935247417
1005001855543101
1005002484160340
4001230897082
1005001451773842
32995716998
1005002450620172
4000690700776
1005002303946119
4000472956040
32860226762
32960419693
32920284528
1005001422782887
1005001279991170
1005001828556136
33011419678
1005002440744038
32969760254
32957065898
32854202567
4000857220092
33005232219
1005001731873386
1005002447702435
1005002295574306
1005001357305305
1005002389501252
1005001489080998
4000549021380
32670289469
4000437468261
1005001410689090
1005001458701554
32840350312
1005002212483679
1005001942667911
1005001588389459
4000788628515
1005002375818583
4001192851248
1005002407809205
1005001906699431
32827535463
4000332880146
32861140603
4001176987833
32958798606
4000313202019
1005001631903816
32952555088
32942067501
1005002357663382
1005002121266402
1005002323114814
1005002348463801
32436221393
32969512221
32847922626
4001289805325
1005002316388783
1005001854286378
32861536760
4000241367363
4000370205658
1005001694796283
32964740770
32827758924
4001288698480
1005002125737439
32918205208
4001103949194
1005002467065317
32806406117
1005001423098861
32871531976
4000857228632
1005001438931122
1005002433932698
1005002320848346
1005001837237564
4001005392444
1005002397747610
32789616385
1005002298816455
4000301903384
4000192961617
1005001664704585
1005002018811065
1005001651847807
1005001835255044
1005001600306219
1403211614
1005001640173169
1005002326716986
1005002072424945
1005002312149818
32945472166
1005001642751877
1005002330587579
1005002341236769
33008273919
1005002221830863
1005002245292668
1005002400769098
33046693491
33032284741
1005001799011925
1005001689608250
1005001728688136
4000032839253
32843484669
1005001924237847
1005002279333727
1005002263183736
10000282015140
1005001597199247
1005002357754704
4000556869663
32785956217
1005002149173264
32852944301
32919235065
4001057436147
1005002273295869
4001122345256
1005001480246618
4000985739013
1005001873144455
1005002092152367
1005002452871576
32749486515
32895382130
32859424755
4000866645789
10000403739518
4000307317990
32854715218
32870290615
1005001591697157
33010154205
1005002315784933
32963455623
32848433955
1005002457975781
1005002313470312
1005002298473164
1005002323999683
1005001921789251
1005001699159520
1005002284669119
1005002204026326
32858402525
1005001776705330
1005001421515284
4000722826926
32800766471
4001234390613
1005002494667706
1005002400018263
32917537131
1005002306267555
32996313587
1005001703719483
4001065068360
1005002442214306
1005002235835020
1005002315123670
4000321564980
32862103553
32975219337
1005002449365916
4000860015385
1005002397918565
1005002197957401
4000109743778
1005002327264608
4000161831734
4000089366873
32871490905
32966027061
1005002293397724
1335544566
4000258308314
1005001388678913
4000955806272
32947698876
32834753092
1005001877303946
1005001821642442
4000614952775
4000983473574
1005001571891021
32823826007
1005002276162037
33015595575
1005001464581849
4000903043569
1005002474755476
1005001333559453
1005001877127679
1005001614529293
4001054558704
1005001588130783
1005002281198329
4000176109752
4000179641537
1005001966250846
1005002406407557
1005001580968834
32825619122
1005002476939906
1005002348585906
32617084058
32909128680
4000386165169
1005002176422371
4000433333202
1005002341757928
1005001962029009
1005002324244582
33016870307
32702115360
32863053010
1005001884125538
1005002277183819
1005002101934386
4000843011523
32980784491
32583138135
32372912921
1005002290952551
1005001567433584
32899188236
4000060576033
32843538629
1005002482842121
1005001691235292
1005002241274799
4000272012058
4000038412600
1005001832149099
32659627750
1005002330778071
1005001908717152
1005001338302106
1005002120552103
1005001406185274
4001231173296
4000258132044
1005001429565259
4001345565049
1005002312179177
1323223687
4000729800232
4001078698234
1005001982145982
4001030349569
1005002303469511
1005001853857998
4000627921398
32968855147
32790800364
32967249230
32886280869
32802921401
32878570410
33011887409
32951373089
32854086402
1005002298555731
4000937433879
1005002461916584
32946883739
4000209396775
1005001602481850
1005001823472125
32968959262
1005001802490965
33024483668
1005001470626242
1005001705566835
1957206571
1005001490806398
33001614238
4000140015706
1005001584742231
4000108779217
32790831267
1005002256720770
1005002315929517
1005001863500985
32940576437
33006429489
4000230317965
32975153871
32678523897
32718234697
1005002240092225
4001163174234
4000114597372
1005002442205053
1005002319032869
1005001842877754
1005001464756716
1005001438477778
4000890692143
1005002200939862
1005002023724581
32833547024
4000755454905
32889508520
1005002399968790
1005001671843685
32790789306
1005001466153945
33043981225
1005001883277937
1005001847673386
1005001313881817
33019542392
4001113771470
32846313579
1005002371604727
4000543758989
1005001327656993
1005002052587342
33041965073
1005002181494215
4001214592477
4000477527558
32901022512
32999468831
4001345978354
1005001793046662
32856406641
4001203525101
1005002035430522
32866480739
4000806196068
32714763495
33052172530
1005002276165301
1005002306092334
4001332058507
1005001726051451
32837175172
4000113731724
1005001864283833
33017680433
1005002255255439
1005002309908397
1005001817657964
1005002253923736
32949366156
1005002165170030
32630627601
4000473872304
1005002062153559
1005001998008382
1005002400228180
4000429567669
1005002260908505
4000916754234
4000029794221
4000810395137
4001282481542
1005002206727120
33005582756
1005002289635754
4000061734282
1005002085936252
1005001985089859
1005001541685141
1005001821692060
1005001889531588
32868613057
1005001922904190
32831585156
32824020666
1005002124098154
1005002453288765
32996313973
4000462665086
1005001666376035
1005002481408655
32998140786
32225786095
1005002049822931
1005002386821430
1005002423993698
1005002289378957
32811907282
32825663191
4000405311537
32784243660
1005002323535379
1005001389088747
4000626395437
1005002363882655
32797227495
1005002099363109
1005002280342894
1005002477260509
1005002392466535
1005002270783676
32730556590
1005002073689509
32893293679
1005002071155250
32988120395
32919257170
32843095699
4001302123396
4000030807357
1005001697724292
4000877530809
1005002317722256
1005001670879409
4000633000520
1005001458918480
1005001707852555
4000926249743
33049628333
1005002339236154
1005002273657361
33061914937
1005002246966567
33029091205
1005001998107421
1005001691458239
1005002380667528
4001154545436
1005002332434375
1005002345964624
32790539696
1005001515144369
32582635715
1005002338731423
32812858869
1005002439167756
1005001615181947
32996486920
1005001996695370
4000047925164
1005001431637841
4001279407159
32618218412
32830725424
1005002147620867
1005001685302477
1005001913717766
4000891434020
1005001776620489
32952186575
1005002342492986
10000186598051
32823432199
33064471922
1005001473727924
4000335549657
1005002297068685
1005002058912775
1005001349067022
1005002003360386
1005002490367703
1751572007
1005002133867489
4001260492295
1005002296076776
4000377787042
32870004941
1005002291291119
1005002323296662
4000279767577
4000341114581
1005002339780829
1005001619804891
1005002324896403
1005002418261882
4001102498919
4000752598095
4000237129125
1005002467065333
1005002133145805
1005001585159303
1005001452068548
1005001848128672
4000434014691
4001285859985
32960617084
4000329452878
1005002320988986
4001145334678
32920360975
4001237101540
1005001815792092
1005001988321988
32869035320
32917794448
32906724670
32619962025
32857248129
1005001748415505
1005002438806258
4000228983029
1005001618069902
4001073887977
4001108357693
4001123223610
1005002314752136
32965789006
1005001419284276
1005001734375678
32909582186
4000104782284
1005002483222887
33017224836
1005002365168983
4000627056690
1005002079797733
10000400069521
1005001452764820
32905886663
4000956139919
1005001519997911
1005001666676152
4000195817347
32967632255
33040032193
33016251734
33036974339
1005002275633707
32884141637
1005001505963919
1005002302433632
4001061652229
4000867083631
1005001645673746
4000127435877
32787329474
1005002335417788
1005002279894729
4001115820374
1005002329132000
32996664939
1005002286437231
4000345662447
4001092242265
4000769838118
32985401391
1005002266419442
4001089240802
32972961199
4000687297515
32945844878
4000935270959
1005002410859593
32810072465
4000907221414
4000203246232
1005002099703235
1005001950475806
1005001965452590
1005002359656602
32788838810
1005001506324926
1005002284367533
1005002368292090
1005002287556842
4000777765054
4001287136696
32899262753
1005002408619816
4000276924201
1005002389711870
33025109453
1005002324615791
1005001349479712
32872772946
1005001523692524
1005002232114492
1005001360935350
1005002400596948
1005001447354317
1005002048826411
1005001870101550
1005001444341576
4000970169568
1005001567111228
1005001825227161
1005001785961399
1005001465345441
33057092799
1005002320367132
1005002334218166
1005002108562703
1005002469843923
1005001910397446
4000110883150
4000430394515
1005002347023248
32891186408
32678195118
1005002352147215
4000777547408
32878436273
1005002452279284
4001085448979
1005002290046643
4001231254615
1005002351758775
1005002473578433
1005001948367861
4000791702049
1005001638873377
1005002019004745
1005002014444134
1005001887713322
33011884414
32845843705
1005002213232424
1005001322338005
10000408075030
32782972994
1005002418660275
32809520208
1005002229000242
32919157049
1005002313726794
1005002208363691
4000974395615
1005001467096118
32588376778
1005002401119776
1005002282835867
4000796214669
1005002433588339
32998640148
4000038792293
1005001724271278
1005001691076546
1005002286603680
32980509225
1005001490213563
4001273064989
1005001938050577
32864592535
1005002394079605
4000816789790
1005002294914258
1005002285819817
1005002207362194
32972008707
1005002365497347
1005001474394125
32807090291
1005002241923440
4000010548638
1005002284526306
4000124215186
32905374768
4001223139664
32965143124
32754556717
33013795015
32854255298
1005001997382401
1005001805755567
32457583703
32993137801
32985227096
4001056487236
1005002406499331
32615572824
1005002428601471
1005001997134718
4001168981123
1005001933652248
1005001890298761
1005002238204644
1005002457726883
4000046538201
1005002467662507
4001238249999
1005002473519828
1005002400868487
4000199560390
1005002404763321
1005001493558262
1005002413953452
1005002253866705
4000839911177
32818049634
1005001424779989
1005001619980249
1005002088879891
4000502113521
32857812786
1005001857799714
1005001621205046
32920530778
32993069880
1005002323570144
1005002327581232
1005001731315020
32655502006
32641972227
4001238209289
1005001567121152
1005002199424348
1005002332299337
32478650797
32965667439
4000982198592
1005001560298283
1005002418906600
1005002373120518
1005002104079478
4000597779237
1005001822422272
1005002301163510
1005002280505495
32966497530
32800674375
1005002318160628
32709659842
1005002400487610
1005002304083044
33028606038
1005002205786566
33014796888
32816250069
1005002342026615
1005002333117071
32885047835
1005002398410538
4000552239883
1005001425229703
32876130529
1005001789060544
1005001860817904
1005002224412587
4001335467870
32917880292
33014151094
32894422117
33001995829
1005001623282071
32861842576
4000593001447
32990211742
1005001350209301
32960880306
33059594594
32810619325
1005001445642014
4001360131116
4001343663613
1005002336843505
1005002442934194
1984804299
1005001677934702
1005001793677496
33031094560
1005001862564695
32950273444
33041946175
4001278886201
1005001930918502
32960032959
1005001547562959
1005002381805025
1005002301400247
1005001516274129
4001058384902
1005002467754764
1005001648617841
1005002022418989
1005002434271994
4000556762689
4000557991746
1005002347720037
1005002245795608
32975359071
4000523560669
1005002120633286
1005001776194791
4001031510884
1005002191913737
32584629485
1005002221967199
1005002269272199
4000460039669
32423068052
1005001444510488
4000641806036
4000127783700
1005002035273188
1005002300993727
1005001381208464
32398522966
1447458725
32997323377
1005002431904830
4000865407925
32747855055
1005001566678441
1005001474163452
4000931305361
4000252238833
4001267843154
32973861865
10000400059503
32793498558
32863670661
1005001971305523
33060483167
1005002344163420
1005001495250753
4000314246659
4001163204682
33026939181
1005002453388431
1000007732690
32845529763
33001457142
1005002314615832
32965559312
1005001616245826
32972399006
1005002306246857
33011389403
4001244911207
1005002369166145
1005001720484729
1005002210595857
33010300547
4000004143080
1005002459899626
1005002390826841
1005002305031824
32917907361
1005001525771503
32376756437
1005001569536687
4001184994894
1005002061593974
4001300332192
4000813580209
4001231583192
1005001717783764
1005002082696064
1005001521688829
1005002006928903
1005001570411527
1005002462803771
1005001377380708
32964147341
1005001453294523
1005001967537122
1005001996608307
4000629408021
1005001307002730
4000761207627
4001340239887
1005002258628354
1005001645541516
33005906347
32985903711
4001135827092
4000477045219
1005002418966995
1005002279194027
1005002357467050
4000253192469
1005002244405732
1005002315915333
32824807387
32950456437
4000624701084
1005001563152822
32565877144
1005002340024384
1005002003121348
941153545
32893737410
1005002444651901
32889472114
33018101938
4000206858845
1005002190240717
328655597991005002081416445
1005002244103374
1005001632817674
4000316982049
4000846892024
1005002273525679
1005002394100757
1005002272276538
4000900611005
1005001848935963
1005001763364724
1005002232318152
4001227857387
1005001286505261
1005002361775446
1005001863291317
1747651262
1005001304834863
32849735416
1005001496336302
1005002082470929
4000550243125
32968616269
1005001632046168
32870987310
32620499172
1005002208208810
4000140470194
4000333190153
1005002428904518
1005001862438068
1005001997990106
4001307508358
1005002277144079
32937154286
32828682815
32785554721
1005002289196170
1005002332383474
1005002377435716
1005001333055020
1005002109704241
4001111958434
1005002358790089
32985825182
1005002342555683
32907349849
1005002412504566
32965299512
4000709599554
33036238999
32986411789
32834927977
33049017569
1005002260273739
33021956345
1005002284349503
1005001884835068
4001248670412
32801227019
1005002434809123
32839903986
32386596934
4001345411269
33057980467
1005001918249018
10000295591966
4000024964901
32992927182
4001218212866
32902697959
32730063410
1005002367581199
1005001697876215
32923896499
32999479376
1005001931150616
32888989737
1005001556573478
32966108740
1005002100330102
1005002318985063
32958969929
1005001874071484
1005002443672625
1005002495916557
4000467298138
10000032033534
4001081934050
32825634918
1005002454201964
1005002494379621
1005002488044095
33010090498
33038094522
32807035237
1005002383993914
1005001882426306
1005002350149167
1005002335221129
1005002292470257
4000026580240
32809436121
1005001810996446
1005001952387924
1005002336450248
32844367727
32807372979
4000176831735
4000359708459
1005002061323901
4000498990434
32851258743
1005002454010494
4001294197508
32972103243
32882244689
1005001679581041
1005002292308845
32981970752
32629768387
32392441657
1005002400577585
32664231712
1005001936109384
32959832935
1005002405297139
1005002137046716
32951501757
4000095448880
32824270842
4000055063767
1005001930823759
4000377156894
1005002482324184
32616624362
1005002256234746
33047739979
1005002318047701
33032209753
4001085242037
10000417632616
33039203305
1005002298961354
4000912886565
32959310865
1005002442976908
4000197905969
1005001525559153
32798786108
1005002377514434
1005002281804803
1005002367813573
1005001692807433
4001118329233
1005002270587676
1005002313016861
32954639713
1005001708102481
4000450133368
1005001736340385
33016848648
4000199529683
1005002466098641
4001005014425
33018359570
33053047084
1005002091367869
1005002454356649
1005002116223349
4001332729000
1005002148192113
4000033110996
1005002289667736
1005002192520134
32644065258
1005002267324791
4000261903535
32420089303
32802294867
1005002468499855
1005002352570850
1005001670681211
1005002306687131
4001006839074
1005002237535928
4001334124918
1005001511769500
32950423471
1005002470090678
1005002306212845
1005002322783705
32756183692
1005002351378323
4000626134380
32724572750
1005002320007531
1005002091058180
1005002495428981
32805130888
32833942923
1005001805548668
1005002233855643
1005001998361506
1005001433145801
1005002431572481
4001287767275
1005002395616502
33009923226
1005002371802653
4000532339015
1005002375314969
1005001885863670
4001237413563
1005002440263399
1005002358891304
32888323981
1005001338590652
32962587630
4001049360627
1005002301656192
4001189129329
4000370765381
32877169341
32698994139
1005001870020341
4001334356253
1005001402700541
4000051527142
1005001398795396
32989218249
1005001796724537
4000253160723
4000545951671
4001010423136
33023818485
1005002260527219
1005001868969207
4000087092131
4000025864441
1005002167853990
32554592142
32794896897
1005002168002360
32975305553
32398581823
1005002266963462
1005002470000445
1005001773358698
4001266776919
4000280523324
1005002192562653
32970196721
4001186741565
1005002072504608
1005002352861935
1005001524164739
33042867313
1005001553384313
1005001982972486
1005002038344357
1005002438395769
1005002467798938
4001241572045
1005001568896298
32976868900
1005002259645517
1005001710317978
1005002319552757
1005002122439301
4000318127155
32739902193
1005001658890508
1005001603591553
4001077017056
4001271012819
33044464819
4001170438044
4001143344107
1005001848214281
1005002257778704
33043130519
4000396940988
32870290781
1005002181961606
1005001882162332
33001885552
1005001950230449
1005001388383069
1005001279496458
4001123917290
1005002358723574
32859233098
1005002306617903
1005001757342690
32816596498
1005002447500865
4000544661025
4000039669830
4000155897791
32316684446
1005001521812568
1005002260567772
32903884597
1005002129742237
33010230691
4000097438030
32926427100
32658804179
10000395943465
32843943992
1005001653212203
1005002318678111
1005002282287131
1005001543143656
32827523500
4000958414923
1005002191565011
1005001441359505
1005002438989385
4001036597889
33041074645
1005001479757310
4000801088068
32979226533
4001141518305
1005002398032083
1005002441851318
1005002382532025
32982309487
1000006646763
1005002428559101
4001265608571
32931682554
1005001577500055
1005001636621363
1005002460775486
32390081901
33013844393
32827781557
4001144239652
914789583
33045314809
4000097810973
1005002381544597
1005002271775919
32853991281
4001117718907
4000792963275
1005002264894363
1005002402428699
4000940598616
32749131269
1005002312895093
1005001458948443
1005002447751781
1005002020684045
1005001478418717
4000071161889
1005002167810877
4000441753406
1005002190549095
4000923043935
4001040818652
32975425140
