4001280449141
1005002412325281
1005002044579310
1005001906495638
1005001768393997
4000794144926
1005002289020286
4000105279884
1005002223991225
4001130231776
4000747943247
4001212957449
32961939654
1005002426676119
32921532221
1005001296411186
33060231379
1005002213988189
32796040979
1005001728017520
1005002394724791
4000954953777
4000796258149
1005002351332126
33045434699
1005001824405710
1005001556225734
1005002473218852
1005001641142631
1005002304541971
32718117777
1005002274251143
4000088513491
1005002270325810
32969986760
32719063266
32819169706
4001103178488
32829510144
1005001446771314
33028228761
4001364982952
4000761004514
4001321461165
1005001330275200
1005002337533090
1005002307064846
33059892103
4000801938039
4001276500441
32879543657
1005001768646684
1005002206291612
1005001776750254
1005001803245950
33004714953
32882768767
1005001773544974
32807274841
1005002435247509
1005002040320149
4000589225613
1005002378141985
1005001655227528
4000107470375
1005002310982420
1005002259081828
4000103046089
1005002357657135
33043951495
1005002046268302
4000512585939
4000703179163
1005002347555749
1005002355610538
1005002142969430
1005002217402800
4001283280339
4000695469481
4000160804269
4000080815645
1005002312124788
4001317516068
4000933639054
1005001627946481
1005002063551633
4000797777830
4001319996423
4000262862575
32801790831
1005001468478173
1005002316755048
4000104971362
33010468473
1005002369223315
1005001568213077
32526190825
4000677424601
32964513870
32974478027
32965726500
1005002317084093
1005002305754243
32973748448
32852253752
4001276539941
4000308282846
1005001988569260
1005002384634692
4001077898883
33054329043
1005001825562479
1005002490448504
32808568467
4000387857013
1005002042061329
4000253300512
32973043895
1005001997823224
1005002310472891
10000395905595
1005002453543840
1005002424173419
1005001908781196
1005001982756819
1005001818276313
1005002351587857
4000237272948
4001130334631
1005001543045506
32930436512
4000248566541
1005001670805206
32818308757
33059909321
1005002231888797
32869894697
1005002307268172
1005002375721190
1005002281608735
4000595569820
32806927388
1005001316002966
1005002302423229
1005002267374555
4001189265720
1005002340791577
32884652985
1005002288911237
32728738301
4000497136597
1005002213852287
4000394377660
33011110837
4001167768843
32848540367
1005001670802641
1005002259085550
4000971455946
4000202727445
32818672558
4000143006968
1005002490469020
1000008255166
32820328630
4000662950308
1005002298797544
4000182309915
32967619029
32855471188
32833040398
32718212984
4000096449584
4000227302745
1005002374391187
4000481525259
1005002377141668
33035623969
32841381589
32739081763
1005002342480690
4001066500623
1005002314809756
1005001847376649
1005002264424832
4000641333757
4001235836402
33052067485
4001131952483
1005002462557419
4000012682875
32792549111
32821689414
4001298081077
1005002292856208
4000850564010
1005002132825632
4000449784921
1005002283855814
4001211625503
4000987386980
1005002208289086
1005001836388243
4000926799142
1196741622
1005002235633852
1005001692384141
32330397071
1005002443134321
1005002332957058
1005002377240091
4000104320187
33012250893
4001252907335
33005443969
1005001388099307
1005002418843566
1005001946900704
33045849789
1005001304251636
32737498454
33015376000
1005002293535520
1005002291689102
1005001826156785
1005002400354731
1005002166093893
1005001631481726
1005002470934024
32771306034
32971848059
1005002115926675
1005002439713116
32657589442
32295054569
1005001893599840
1005002038985503
33013150463
1005002459372585
4000270054354
1005001392595676
33060634225
1005002433878074
33039455282
1005002432163754
10000352687776
1005002441911890
32860021694
4000259747787
1005002262141325
1005001308412121
32967008595
1005002317535285
1005002291689871
1005001660237157
32846825944
4000162544129
1346733068
1005002112267169
32797151437
33010976940
1005001728945171
1005002368317822
4001029311214
33007010649
32963256288
1005002001259400
1005002389324163
32933634996
32847132741
1005002214804530
1005002428216946
1005002391065127
1005002370456535
32808290094
1005002140110773
1005001686143460
1005001353119159
32390141694
4000263564564
4000176892970
4000363960863
1005002269128623
32973529014
33031875995
1005001591792734
1005002094833874
4000567192707
1005002317964584
1005001658272543
4001021952581
1005001815292359
32953019006
1005002213301472
1005001699526600
33042504728
1005002387121373
1005002239894670
33034048596
1005002459098120
1005001869928596
1005002400570960
4001257333142
1005001616799323
32993718936
1005001737871175
4000989202009
32812911195
1005001738260377
1005001393921044
4000685173134
4000170510688
1005002329920210
4000282064728
4000982873913
1005001813728063
1005002233624387
32813132599
1005001622246895
4000965826394
32835919171
1005001829968113
1005001926504002
1005002409771248
1005002302605177
1005002011475355
4001312956992
32982593499
33058313385
1005002275495735
1005001961089921
1005002468016944
1005002433966939
1005002457208199
4001200743861
32951137153
33024103734
4000868364289
4000019073563
1005001743359650
1005002012613346
32727638528
33032447833
1005001279436354
32962719086
32868682572
1005002295866187
1000007394545
1005001519448293
1005002413898009
1005001515999162
1005002394865335
4000497732605
1005002334957100
1005002376722012
1005002334966700
4000734164185
1005001620409578
32849365659
1005002454765113
4000058022735
4000223786408
1005002314206994
1005001980149925
1005002396489522
1005002286986792
1005001393754548
4001327122319
4000878141079
4001298050234
4000976995068
4001364934484
1005002420920194
1005001695367852
1005001594965641
1005002282425685
1005002410013600
1005002421573898
1005001408585916
32896692084
1005001429057258
1005002416981428
4001010216894
32861763994
1005002281951823
4001230218214
1000007634943
33013755595
4000849732650
4000406272063
1005001650606384
32966609185
1005002345211608
4001110902090
1005001971355244
32953733388
1005001885840656
1005002372422917
4000407306522
1005002409925361
4000234997430
33024876284
1005001780518656
33001740186
32971121051
4001365575621
1005002352527697
1005001564795889
1005002334912339
32826617437
1005002196965162
4001311204261
1005001913905349
32819662121
32829789388
4001358207812
1005002288392423
1005002490506195
1005002254341509
1005001269965335
4000533348995
32759971892
33046817037
1005002460354429
1005002384689673
32970766831
1005001279476833
32836849694
32531488431
32999842356
33020904523
1005002467977724
1005002051817043
1005002204026697
1005001290422991
4001156848241
1005002384859268
1005001918434576
1005002347881119
1005002369173669
33014234122
4000083873331
4001159446504
10000319788785
1005002253271623
32752584137
1005001883526742
1354144472
4001361063529
4000515887971
4000549520546
4001136050242
32652911853
1005002007405544
1005002363773479
1005002346705460
4000116306362
4000689255888
32852539064
1005002457519485
1005002335139422
1005002133479620
1005001291059036
4000072215398
1005002453319065
1005002312114529
1005002268346956
1005002326290444
32854391186
1005002286797144
1005002237381681
1005002475789229
1005002423043240
1005002469767477
4000774633436
32960565589
32217210080
1005002264563860
32970772283
33034840287
1005001990942391
33059701205
4001158902655
1005002080895621
1005002387945975
1005001567045246
33019862044
1005002413591765
1005002289537428
1005002150036991
4000172332444
33049772312
1005002291586634
4000621063733
1005002373081728
1005002318924542
1005002226047404
1005001937116066
1005001868479538
1005001713870091
33042042785
32983202521
4000709853049
4000723308561
32245301963
1005002037338216
1005002196923528
4000793755977
4000850693973
798148784
32856773429
1005002409908205
4001103205633
1005002277489243
1005001393751565
1005001779944393
1005001498947741
1005002032543438
32814837189
1005002170604799
4001309851617
32816931660
4001230311802
32811660136
32854391115
33038988687
4000548802950
1005002438596065
4000424341529
32951672584
33054936219
1005002197066768
1005001937321712
32792993031
4000488792014
1005001961537406
1005001392418836
1005001670796602
1005002104251200
1005001297776181
32805116793
1005001351664241
4001216667798
1005001757708707
4001156800420
4000546557695
32546299529
1005001291451284
1005002300846911
1005001531639098
32856158941
1005001508187585
4000295308065
32974841016
4001164919330
10000423015255
33027533442
1005001845136709
1005001922521025
1005001817976497
1005002357868015
1005001501017170
1005001620707742
33041529076
1005001994262629
32295330325
1005002268231439
10000031085354
1005002406592604
32930772742
1005002318779576
1005001634814252
32776303790
1005002193302320
1005001793695492
33015000373
1005002381632223
4000249352759
4000025940319
32909932192
32856573953
4001244040906
1005001567449591
32814375552
1005002263871495
1005002233478164
1005001415906001
1005002260677987
1005002326702369
1005002487714815
4000366972358
1005001285678459
4001207252079
4000627894510
4000260842993
1005002376150415
1005002198119712
1005002225536084
4000842748362
1005002393677177
4001317991892
4001046423264
1005002133726899
1005001410568910
32841062542
32840143023
33013690591
4000577428246
1005002369197330
4000297240325
32893677571
1005002326568950
1005001971154893
1005001409428839
100500192776078432849343493
4000259036469
1005001530512286
4000129138957
4001284022667
1005001727906776
4000477424750
1005001834023730
4000290234333
32975050271
1005001670740562
4000271289063
1005001896261018
1005002342576095
32634544480
33043337777
1005002268833333
1005001273210361
1005002469229443
33030849345
1005001286046086
1005002170480833
1005001279123458
1005002315002181
1005002181119517
32967091336
1005001570114945
1005001302767650
32845174620
1005002496224735
33002704883
1005002418520341
32997252115
4000966399306
1005001343220073
1005002258686467
4001365552552
1005002370047776
1005002182536379
4001009066569
10000141706992
4001038793049
1005002330488123
1005002314344849
4001015107317
4001085594800
1005002340176557
1005001541336236
32973355528
1005002146534546
1005002124373234
4000546624387
1005002131167118
1005002004076499
1005002248984749
1005001907638402
1005002266204200
32836374210
1005002272219546
33044472848
1005001523991235
1005002314430148
4000481097348
1005002302255316
1005001768224576
32984379319
32984194695
33012327520
1005002190072242
1005002353814610
1005001350117903
32961592359
33043526640
1005002104245514
32983464623
1005002359862007
1005001484298459
32807761193
32810417695
1005002308953064
32861008779
1005001525494195
4000679721670
1005002295230826
4001138502880
1005001780662399
1005002256639302
1005002480806062
32681346345
32977806387
1005002418059718
4000265411144
1005002166653924
10000015515054
1005001845425733
32858208807
1005002310721365
32917814075
4001270880296
4000448071199
4000065317645
1005001819075234
1005002210924245
1005002009541534
33025721358
1005002428321954
1005002400574406
4000602967934
1005002450571774
1005002246990902
1005002022214178
4000233724158
4001119718015
32950009708
32883650700
32992199826
4001267210607
1005002469225300
1005002454281485
1005002346073390
33010524298
32795292625
1005001411349847
4000905667616
4000308487051
1005002475579994
32827744694
1005001381818203
1005002340981365
1005002167113593
4000954041940
1005002416574559
1005001431331086
1005001878488772
4000341506488
32322240898
1005002326719714
1005001770032722
33004121361
1005002443094650
32976024452
1005002381353836
1005002318981213
1005002291819442
1005002198872125
32810941369
1005002217215773
32879616603
32920144034
1005002409080554
4000483676397
1005001610240087
32868036168
32792659780
1005002039953309
1005001465723112
4001100816352
1005001452600851
1005002263957599
1005002288489162
32958664879
32934655315
32934151952
4000622304373
1005002213282933
1005002082320629
4000048486247
33031606490
4001360861598
1005002342911995
33013087975
1005001645964389
4000832106719
1005001982559801
1005002467735248
4000747655871
1005001566923886
1005002315140843
1005001504324193
4001297380907
1005002161613215
4001294176838
1005001551526404
1005001748152758
1005002247312047
32985227887
33063451352
1005002397835502
1005002393378346
4001038458123
4000629011683
32869190700
1005002424025028
1005001417725662
1005002363895969
1005002399776547
1005001455936932
4000706437446
1005001763699261
1005001317302413
4000036161748
32592812046
32881127115
1005002352429276
1005001664950351
32848808939
1005001584627207
32906977837
1005002394191248
1005001681488445
32922723644
32739016128
1005002260997777
1005002321257472
1005002120673773
1005001417817780
1005002022848963
4000049651420
4001138866537
33013804397
4001184277156
1005001664245200
4000021578361
4001274087998
1005002463205901
10000033481696
1005002240828273
1005001971340531
32606956533
1005001591532826
1005001640473026
1005002276453137
1005002283229326
1005002332385048
1005001779643650
4000850925776
1005002412899890
4001333729645
1005002272655533
4000938923596
4000867312728
1005002283973392
32725964144
1005002324631120
1005002329822322
1005002428947738
4000036385198
4001170872574
1005002486035223
32902410939
32905780660
4000558632415
1005002207630198
1005002363092269
1005002373252254
1005001942130448
4001229298273
1005001858645412
1005001817674934
4001294139490
4000804773244
32634449868
32946707990
4001256231777
32606498289
1005002484270325
1005001388482852
1005001596414920
1005001726114568
1005002353182491
1005002259918433
32997482636
1005001621448201
32828162271
1005001354924387
32908737450
4000415570633
32921372977
4000967559081
1005001459910096
32916914870
1005002286222132
1005001758261755
4001240478904
4000479999651
1005002303712639
1005001633270298
1005002291896899
1005002041960376
1005001602452748
1005001768403019
1005002362393883
32878570555
1005002456845441
1005002247171686
4000807384063
4000207398393
1005002207879698
32861767164
1005002378834209
1005001691121577
4000868567806
1005001669175886
1005001325359158
4001268823274
32975797951
1005001292499078
1005002323131234
1005001695478583
4001360244609
4001082030307
4001088302462
4000309729731
1005001329340675
1005001388031160
4000311843007
4000447652073
33016178067
4000920288248
32757168921
4001064820029
1005001779296522
1005001429513113
10000049266643
1005002332461969
1005001877835638
1005001468153934
1005002454507031
1005001385720090
1005002454203893
1005002314388734
1005002494646490
32899252628
33027513679
4000544339753
1005001403907564
10000001505444
1005002204341456
1005002260075225
32977510984
4000929623639
1005002378520757
1005002185662582
1005002492790777
1005002086359118
1005002494290037
1005002314324313
33051349221
1005002224974083
1005002018931499
1005002275735185
1005001308366849
32673206441
32240725542
4001143059481
1005001333466663
32775384122
32854645161
4001275170662
4001293506764
1005002193778570
4000337500204
1005002260076188
1005001326729307
32919423750
32690477155
1005002176533479
32757666701
4000324977371
4000995133758
4000023005390
1005002340943430
4001252657839
1005002264402502
4001269027351
4001294346754
1005002059999184
1005002280428713
1005001315442586
1005002474286727
4000931308078
1005002412186402
4001066659039
1005002272388075
1005002015478390
1005001709838413
33053912230
1005002371448613
32981651488
4000318216485
1005001273225952
32862703105
32870264879
1005001529107174
1005001907942446
4001095653449
1005001485294491
32913572546
4000194233154
32637401279
32915431563
1005002348317859
1005002413394576
33047012728
4000704448204
1005002407655372
1005001603192645
1005001838545768
1005002359672856
4000907421289
1005002347367470
1005002096186160
4000113005053
32279015488
4001252744090
1005002354110511
33027183282
1005002358950720
1005001629575254
32975772950
32838318177
1005002038605881
1005001869669561
32332371223
1005001515379829
1005002319037535
1005002354182017
4001037915776
32772675236
32966106654
1005002386295515
32953737398
1005002471405385
32833173201
1005002024044218
1005001286994204
1005002467533786
1005001907564308
33023604584
1005002473623152
1005002098746089
1005002356184390
1005001960317850
32861262061
1005002175518900
4001174997940
4001191969744
1005002116091742
10000339361583
1005002047723037
32703650005
1005001780412698
1005002124313829
1005002330382149
1005001480053912
32819737927
1005002454432187
4001254921182
1005002284671681
1005001971795322
32655043069
1005002258350546
4001148449929
1005002314354781
4000739758790
2054856467
4000134125599
1005001682618017
1005002328093708
1005001353844349
1005001805123138
32965989920
1005001709164742
1005002426676865
1005001788661666
1005002277668749
1005002420531083
32464334394
1005002341055552
33038583810
32819743050
1005001831271927
32889434690
4000852932450
32949567811
32851149012
1005002330595587
4000983941449
32832118349
4000466613942
1005002420439038
33016440970
33027816267
1000008720661
4001286341738
1005001614552690
1005002283368293
33018919843
4000599189402
1005001549157151
1005001873281865
1005002282725954
32994175046
32768362603
1005002233996771
32668629060
1005002348370070
32823997013
4000589249075
1005002337323490
1005002404178862
4001054100754
1005002019049397
32838823910
1005001759150890
32903705519
33043631685
4001085187111
4000387342515
1005002339993954
1005002078768165
1005002413338787
1005002377285701
1005001416879825
1005001765151864
1005001947257578
4000592718459
4000943172008
32625450013
1005002357892250
32878140188
1005001483157372
1005001952122462
32803398107
1005001922009102
1005002395722138
1005002377664295
1005001530852655
1005002122295529
32812664009
32988062769
1005001731254259
1005002306363835
1005002358093720
1005001980207425
1005002072512342
4001300151025
1005002475641845
1005001956508380
32907965235
32950697623
32832189157
32831001433
1000007639945
1005002329387182
1005001891536003
32955929509
4000615658574
4000027538619
1005002333324505
4001216450480
1005002405079711
4000823548789
4000991221135
1005001612489753
1005002433772836
4001055088593
1005002086375760
33005562418
1005002334081921
1005001551860163
32793317786
1005001988248213
33010955706
902607617
4000284059380
1005001949819464
4000641026028
1005002413335086
1005001893558749
1005002035150623
1005001829816176
4000980358376
32988825537
4001039305801
1005001848672779
32863306292
32823031602
1005001484986188
33000037487
4000129969884
32838992512
4001031921165
1005002298894485
4001231860949
1005002264547915
4001025130599
1005002247203983
1005002327104822
33002209064
4001320738613
1005002490282306
1005001619741795
32972166231
1005001561212206
32776227045
1005001379793294
32993446709
1005002279037879
1005001518326273
1005001939816271
32995786754
32977883112
4000061810085
10000395923663
4001228687160
1005002205913768
1005002212240704
1005001922674793
1005002382710670
4001276976185
1005002395316008
1005001910155495
1005001645209716
4000331961624
32821888780
4000270912719
1005002265320259
33033752810
1005002038175235
1005001841371772
4000268144793
32887957629
1005002492351045
4000073961360
4001142646648
1005001342994060
1005002124780025
1005002180859874
1005002446959792
1005001451647613
1005001503994984
1005001514278513
4000990207803
1005002351139184
32972047267
1005001803418573
32849854021
32966062230
4001036009440
1005002213128367
32905540087
1005002314015348
1005002021557537
4001207571968
32895055746
1005001612220215
4001127834605
32847104599
4000587199413
4000282395460
32969133240
10000395825482
4000704024593
1005001918215476
32741317867
32922711742
1005002444273948
4001249150692
32622329562
32966968824
1005002079839739
1005001400800308
4001038888673
1005002313704408
33020192846
1005001393333238
1005001678636094
1005001969106001
32972650122
1005001798908108
32825517862
4000808421245
4001286462667
32911770427
1005001723322716
4001321999033
33048074659
4000966165008
1005002442471527
32957235888
33014789248
1005001491427218
32978663090
1005002191335726
4001279114481
1005001688481905
4001235899750
1005001454231022
1005002312560552
33014984065
1005002450257031
32976290518
1005002500287043
32868967596
4001227694221
4001107926829
32809752749
1005002368427989
32973516590
1005001994022538
1005002424908877
32947783133
4000794271656
32744832202
32855098168
1005001286061772
4001230383239
32699471106
1005001502580706
32376842559
1005001411872493
32971176661
1005002271931218
4000599020159
1005001900500593
1005002314867283
1005002034382598
32928396132
4000435134234
1005002359333341
1005002265095211
4001020279826
1005002075058327
4001282810111
32953075665
4000775937403
1005001905508970
1005001672079658
33047648137
1005002315466007
1005001612616654
1005001826599720
4000905803488
1698266172
1005002327556312
1005001835028848
32350449394
1005001349417053
1005001329740389
1005001937418912
4000818400493
1005002190371813
1005002198781629
32823809034
1005001450288551
1005001789255791
1005001525285705
1005002313387492
32872596760
32800055499
32717938195
32892231855
1005002252896799
4000061985311
4000986943363
1005001584270912
4000609507628
1005001709405955
4000237348112
32626533278
1005002327650671
1005001599628858
1005002205599882
1005001656693854
1005002233622187
774990812
4001297549569
33047920387
1005002177004153
1005001431163650
1005001555812107
1005001380985188
32983252872
4001160140444
1005002376736184
1005002281300563
4000317150247
32581570547
32808099070
32891958764
4001061650407
32450907427
1005001593880189
1005002299722158
4000217099961
32947550202
32855738171
1005002268921459
1005001447361358
32921267596
32958249867
1005002252692054
4001261389785
1005002321007152
4001279920927
1005002340619056
1005001536726456
1005002065191798
1005002425297795
1005002385071414
1005001348304044
4001244872008
4001127695087
1005001688865504
33019883195
1005001290781444
1005002356472778
4000267826052
1005001577030853
1005002355660238
10000384993841
1005002447875457
1005002483065437
32827247588
1005002430663545
1005002047007179
4001163208298
4001066999906
1005001451667672
4000336533424
1005002470860200
32703590923
4001359195076
32792771945
32657333593
32978103117
1005002205589370
4001215657233
32783525217
4001360693279
1005001688588801
1079694928
1005002162179317
1005002016903346
4000340110411
4000696066806
32913556959
1005002431869491
1005002486133703
1005001552411298
1392041048
1005001839286515
1005002240506929
4001190754736
4000165572482
1005001429938249
4001190121146
2012264448
1005002177779137
1005002138351123
1005002378013481
1005001670860493
4000850493776
4001240292441
32800580212
4000842948953
1005002454259494
4000332695289
1005002282515232
1005001463484725
4000561791397
32764431590
1005002341363678
1005002451138083
4000046152049
4001150860378
4000175119597
1005002230093625
1005001404775724
1005002276333424
1005001407336846
1005002264529937
1005001927061316
1005001812090614
1005002346260689
1005002447836926
4000141277886
1005002371701476
32878509820
1005002426407422
10000170013479
1005002234004467
33051787295
1005002253234388
1005002314334536
1005001319323768
1005001854971666
33003556016
1005002302335967
1005002417845128
32960687850
1005002367777556
4001160878389
1005002108450219
1005002447009832
1005002428046193
1005002114538581
32959124884
4001341844110
1005002108574677
1005002104966629
4000400329315
4001029829708
32968213293
32465027482
1005001604366640
4000024177028
32825868311
1005001371041548
1005001386217438
1005002316143803
32826544954
32833962273
32922439060
4001186127570
1005002482988193
1005001422927082
1005002109866847
4001308240914
1005001553093201
4000474166871
1005002111986252
4000892216994
4001130823804
1005002213445910
1005002453403285
1005002305516370
1005002258481993
1005001817018546
1005001956453189
32869671854
32807815747
1005002313772636
1005001482544087
32949423615
1005002281372408
32924299142
33028307265
1005002224400256
1005001895591767
1005002277995082
32665377695
1184693865
4001108771115
1005002453098533
4001153575767
1005002235726993
1005002300282719
4000662434628
32844467741
1005002337350240
33027840459
1005002490546580
32962715671
1005002337661126
4001315766568
1005002287948211
1005001710870691
32989770585
4000095638496
1005002449373006
1005001849916632
1005002361618892
32979816802
1005001883791139
4001036982807
1005002110766571
1005002235285207
32662510515
1005002387817715
1005001686193107
1005002035699381
1005002442217888
4000962053915
32960337397
1005002353669030
1005002205565080
32964400376
4001176889281
1005002024908291
1005001581099494
1005002467881780
33003368067
1005002328416243
1005001506299067
1005001297582797
4001332810603
1005002289081480
10050017798513291005001396847643
4000110931438
4000076444743
1005001540025543
4000667811205
1005002291077667
32307745281
1005002200940938
1005002388662988
1005001313180271
1005002292033499
4000685115965
33031698217
4001346682530
1005001851681502
1005002014342205
32792930691
32851907792
4001360492906
32900927696
1005001809836422
1005002397768063
1005002287953170
1005001592431006
4000245071903
32773902999
32601129369
32850056285
1005001747091278
32917960600
32828609262
10000381380606
1005001397098160
4000308428438
1005001626723232
32958670264
1005002298100388
32970478670
1005001457635810
32973439031
1005002482749980
1005001344667322
32948185371
33012523768
10000055584121
1005001269580022
1005002313824151
4000535491466
1005001291304411
1005002359099834
1005002316360604
1005002264222695
1005001413478983
1005001854509719
1005002351737039
32902124610
32881634263
1626628179
32903989338
1005002357137030
4000419452712
1005002424058076
1005001691071108
1005002339752340
32795385921
1005002280633664
4000419697666
1005002467456367
1005002330707140
32663070092
32816432008
4000106870298
4001242144045
4001095363776
4000751638825
33002511565
32737648503
1005001631658527
32664220891
4000616005646
33012930339
33053087149
32985155949
1005002034808545
1005001694559851
32383971368
1005002154438996
1005001850122220
4001211850012
33008935663
1005002324143434
4000298415344
1005002270444433
4001231221643
4000703981892
4000609498826
4001322874510
32340392728
32974246373
32887889858
1005001442384653
4000150153345
1005001814285684
32800483593
33037099878
1005002115754483
32883377763
4000465885568
4000557708967
1005001656444849
1005002476667722
1005001531623004
1005002312548237
1005001638276827
1005002290986393
32918856826
1005001954806889
4000801811078
33046118312
10000395845932
4001095170855
4000751291975
32787968066
32883918852
4000341252225
4001295024016
1005002258699333
1005001309621264
1005002420084764
33000224316
4000497302459
32973818469
4000489394905
1005002252721661
1005002228557800
1005001620357963
1005002004750428
1005002495005792
32857928159
32898598775
33056478419
1005002055659214
1005002496689381
1005002250190354
1005002324315089
1005001633214837
4000038373795
1005001465518232
1005001594380487
32858407083
1005002206615386
1005002334809782
4000713050898
1005002122447197
33007013688
32958390079
4001222444159
4000121080105
33027223657
32990220627
1005002311030021
33030451423
32839184542
4001049634089
4000037365717
1005002304493095
1005002258692722
1005001603534201
32651544707
1005002491253573
4001269917276
1005001556980628
1005001966274990
1005002053475348
1005002245036868
1005001579759925
4000076523007
1005002227995709
1005002488015462
4000604549270
4000607720727
4000997034694
1005002274236372
1005002353297024
1005002350761036
32899608207
33000977902
32699068330
33043589961
1005001965731879
32827415340
4000033549262
4001354341840
32264889124
4001170719677
1005001570714596
1005001940007970
4000444922214
1005001394909226
32421506986
1005001878014697
32862917427
32907412852
1005002352309030
32861811331
4001068929862
1005001948083668
4001032623275
1005001687477800
1005002466241324
32764112419
1005001774186801
32991026390
4000329417165
1005002162569012
1005002224373677
1005002350496217
1005001501664603
32858550345
1005002495884318
4000012276467
32896654406
1005002291953756
1005002260050371
32834990479
32969368965
1005001824636601
4000893770532
4001066117232
4000784417127
1005002341335794
1005001912906771
32697407328
33014084954
4000734543086
1005001656801149
4001313993083
4000959030665
1005002421409936
4000410947474
1005002341061865
1005001514202578
1005002309349647
1005002392598908
1005001989127948
4001137783372
1005001454466662
1005002489992849
1005001463820411
1005001575396603
32799155134
1005002317074860
1005001617849618
1005001666569299
32798836384
4000314491253
1005001905732119
4001129554050
32776710637
32887368057
1005002482363201
1005001688073417
32963680601
1005002017553809
1005001703855930
1005001992001417
1005001884719204
32945637027
32987206025
32827485020
4000138056039
1005001921963384
1005002388178494
4000858115195
32961063497
1005002092667326
32965742027
4001321553089
32954571852
1005001783545817
4000249268694
1005001671035513
33000653335
4000755360495
1005001885644705
4000048189113
1005001762378635
4000709841739
1005001500426542
1005001475384866
1005002063888351
32892115405
32988550029
1005002316703432
1005002125289381
1005001859325434
1005002396160881
4000595254514
4001062417102
32995397915
4000504682097
1005002462816355
33039845659
32606358389
32969316196
1005002375999254
1005001927852565
4000315168537
1005002297017746
1005002439840569
4000429936853
1005002340924949
1005002381561485
4000797964677
1005001768827242
1005002213285465
1005002233149137
1005001375888499
32918321478
4000430428811
32888985184
32699010512
33026810021
1005001756386042
1005002401518056
1005002455073231
1005001835683333
1005002298833169
1005001633269037
1005002383835498
1005001855543098
1005001882374906
32798226233
4000532094588
1005002346441392
33010639418
32462483832
1005001831101566
32885661801
4001203687858
4000849285673
4000694026361
10000215200248
32973966704
1005002395569800
1005002468672667
1005001288509111
1005002027886018
1005002314384685
1005001565787915
1005001478729710
4000727973987
4001013442188
1005001339736938
1005001329906236
1005002319072160
4000196402090
33056576953
32926530756
1005002324868793
33052798234
1005002328226482
1005001413442450
1005001370008238
1005002193007038
1005002116990582
1005002352183461
1005002388727114
1005001420254451
33007226374
1005002334321394
1898089151
32850458249
4000039534248
32827974313
4001294283775
1005002363325473
32900803464
1005002375665439
32238062804
32954404940
32756217085
1005001664858753
32857073073
1005002413298207
32730178709
4000993387250
1005002286199256
32965519446
1005001284152155
1005002001770816
32881961902
1005002240664350
1005002419608068
1005001615212999
1005002499900251
1005002452789434
1703434598
4001042582317
1005002328852925
1005002431464903
4001040197571
1005001387614957
1005002413341960
4001167640818
1005002077007187
1005002322845856
4001287101338
1005001599614557
1005001422902740
32870706571
1005002259482754
33011248948
4000955221995
1005002493546462
1005002384747996
32870147251
4001099140295
32893629432
1005002452619616
1005002398143294
4000067599781
4001031178515
32843370457
4001267147124
1005002242488926
1005002297255798
1005002369590221
32825685135
32961010399
1005002314993527
1005001887777193
1005002378956606
1005001325312487
1005002362753991
1005001475098582
4000381068416
4001314959187
32456276134
32989031947
32720448653
32932232710
1005002429125008
1005002184888090
32856771739
1005001841830676
1005002253405294
4001158610226
4000860304981
1005001935814821
32668980684
32998266870
32969310069
1005001705811281
1005001680431955
32824392272
1005002100781361
4001258577858
32967555349
4000967837652
1005001367600503
1005002449745695
1005001500973310
1005001445559848
4000887394494
1005001554053840
1005001775115571
1005002220790350
4000998126056
1005002315881851
1005002341731604
32838442287
1005002224509324
1005002068264803
1005002500563261
33011472038
1005001810976015
32378903262
4000429593489
32764144276
1005002317081757
32853261068
4000542311970
1005002498756685
4001099162080
1005002329483314
1005002289884526
1005001652338410
1005002089938183
1005001572077562
1005002397001417
1005001671503344
32863253813
4001263030645
690020089
1005001398510078
4000589222433
1005001376231555
4001228701313
1005002306323190
4000292215917
4000281875716
1005001429137376
32815472199
32826744000
1005001658182686
1005001883056987
1005001355572639
1005001466641367
1005001609666142
1005002356661101
4001037968769
33003408619
1005002368314548
1005002419479478
32427069144
32959972603
1005002431087205
1005002426652561
32383092884
4000109209294
4000783738683
4000948000349
1005002084393050
1797750908
32978759984
32997878942
4000133705115
32969312498
4000849794364
1005001512561782
1005001463510363
1005002358669372
32445048431
1005002266278649
4000050579882
32865714080
1005002283477689
32824736583
32336964361
32856563082
1005001608248727
32650679225
32967223038
4000701399609
1005001620440355
1005002233666027
4001173799523
33000182747
435259938
32708500560
1005002441034652
1005002301654605
1005002378656692
4001202267364
1005001506867356
1005001640263408
32843971288
1005001285514947
1005002362548735
1005002347915484
32853510439
1005001885308824
1005002337618864
32816553730
32754810961
4001092169504
1005002337056689
1005001850233665
1005002291635239
1005002213401791
32509199793
32786257773
4000347135674
32927446926
32449466817
1005002272406141
1005002166698631
33024454062
1005001845091761
33006481822
32984535224
32784205003
1005001398214183
33013330373
4000385866129
4001048199159
1005002473713270
1005002318078803
1005002366945890
1005002352803489
32996198479
32813625763
32544331310
32798998933
1005001835196946
1005001620636488
32955906470
32867865523
1005001586704491
32972234607
4000223350737
4000414947765
1686330037
1005002111285587
32901432356
32968810058
4000357911993
32810010844
32839600474
32940923601
4000221658749
4000542442094
1005001323309270
32897346652
32881931754
32966161700
1005002245261140
4000153788483
32969048476
4001212780198
1005002085444488
1005002336579005
32889196832
842036827
33046639916
32979343523
32997499092
1005002232387829
4001331392566
1005001412822664
1005002453539964
32850551426
32963935064
1005002354052439
1005001524087903
1005001509249965
4000997806206
4001213329570
1005002315204353
4001330647537
4000786416976
4000751773222
1005002297565917
1005002446313622
1005002394371365
1005002254094212
4000160619257
4000770317255
32865239419
32910414987
32780114402
32391506749
4000819955216
1005002247617183
1005001954819802
1005001849200470
32840865218
1005001316173550
1005002447596361
4001284371793
4001017341626
1005002051291721
1005001872449117
4001270400529
1005001298188744
4000414948082
32964404184
33010226487
32745251478
4000958753161
32856489437
32809936127
1005001922877184
4001211035681
4000321975944
1005001741439295
1005001508026669
1005001685972350
10000404962604
4000580244284
1005002234425185
32996394554
1005002265632337
32865467229
1005001488530272
33017963567
32799141239
1005002411760549
1005002108567743
1005001867302450
33016435384
1005001921802745
1005001441378741
1005001645527554
1005002384578366
32679031034
32996015295
32862680921
1005002093273058
33048993934
1005002348610645
32264970998
1005002454974095
10000181449311
1005002467088071
1005001594519590
1005001779510987
32884849425
33053981234
1005001679150843
1005002266784640
1000004460134
33030156211
1005001570252610
4001213250721
1005002254753849
1005002166127345
1005001465094800
32914968536
4001364345499
32299656530
32849064987
32705725838
1005002459043326
1005001833616551
33046951202
4000424036160
32996765998
1005002351193788
1005002275660498
4000436912823
1005002080748601
4000261922839
4000496720844
32852558223
32837396779
4001308882985
32277234655
1005002500346167
1005002396555645
32930524193
1005002329476739
1005001516239600
32953733333
4000273027815
32831762181
1005001962315490
1005001657236507
32920862583
32969372966
1005002476893655
1005001814118009
1005002332909508
1005001656989975
4001120140271
1005002291985098
4000785590822
1005002393078664
1005002478307930
4000474666584
1005002258587772
4001256281535
1005002489854897
1806779596
1005002008143333
4000043979045
1005002377757841
4000533807161
1005002365557211
1005002201744696
4001313524167
4000182156541
1005002203918815
1005002015711554
32428315713
4000018186378
32519446658
1005001348305448
1005002283426979
1005001438779971
1005002314860549
4001183498419
1005001423200472
33031618268
32891010536
1005002007487594
1005001339521576
1005001699117687
4000976690324
4001344838237
1005002488995907
4001036593136
1005002376066664
32957810384
1005001903102060
33021647760
4000555616547
1005002129986262
32847082388
1005002350206075
1005001715949535
32970617422
4000227856372
32715456503
32883030620
32689255820
1005001947336865
1005001850189800
1005002428337940
1005002368546684
32616722327
32826669272
4000843047017
32871170376
1005002254557058
4000973177896
4000255910202
1005001306141247
4000398001565
1005002395592140
33059706945
4000608746755
32810381992
32811978055
1005002260500430
1005002151747481
1005002428665178
1005002418020087
4000443155369
32812703910
4000345340477
32841989668
1005001522104407
1005001726127905
4001263796788
4001192614298
1005002334371333
1005001541866205
32962171424
4000725747648
1005002313739967
33014867580
32953029128
1005002242644245
4000944556262
1005002205617769
4001156726455
4001160292513
1005002465270379
33048263187
1005001444899204
1005002229777919
4000299352176
32818013823
32890036469
32958349275
4000309445460
32956166065
1005001873165761
4000819339068
1005001818993084
1005001671054468
4000621706513
1005002358562607
32850071556
32988057112
1005002466151217
1005001914974590
1005002390792785
1005001425992103
1005002308060356
32858437232
1005002329015493
4001153926980
1005002368341995
33028884822
33062178065
32585960419
1005001686425747
1005002314336455
1005002313786753
1005001795165648
10000384239293
1005001296190908
1005001839914526
1005001861787809
32685934312
32830606624
1005002122502248
1005002439905064
33038929964
1005001857229644
1005001781525453
4000182982840
1005002339497618
32887179185
1005002370047969
32851741259
4000955772878
1005002362656645
1005002144102303
4000986099188
1005001627059026
4000996174548
1005002478647709
1005001798176489
4000287771016
4001100741129
4001215182281
32963357558
32988054319
4001360385481
4001064262397
32345575936
1005002207402120
1005001828679314
33025028879
4000842624817
1005002309794550
1005001647697682
1005002490680227
4000274964004
1005001906514988
33045365974
32901094458
1005001618366100
33021769355
1005001596686579
1005002180685383
1005002500171987
4001327410104
1005001867915226
32992056329
4000159209634
1005002319180271
4001149279185
1005001736564864
1005001928952381
33014297416
32381298575
32915563975
1005001982051861
1005002298379693
1005002034532652
32959938409
1005002336597892
1005001975525551
32327886604
1005002027803330
1005002334218325
4001287230151
1005002400370299
1005002285885530
32982422334
32845883967
32485213207
1005002434616778
1005002434224947
32923982127
1005002468804253
32906455170
1005002461081755
1005001507390691
1005002289044636
32752470738
33037064021
1005001587277145
1005001839146503
32930760872
32849846272
4000207949348
32951464406
1005002344683368
10000401445743
4001268291606
33043465942
4000441468338
1005002425000167
4000860296266
32688604426
1005002306343891
33014871023
1005001985315191
4000271807409
1005001597818072
1005001679556997
1005002324835888
4000836982297
1005002376974938
1005001632903210
32890427585
32849650234
1005001265135448
4001292412971
32864908785
1005002233008011
4001275186076
1005001566899888
10050023754801541005002276422282
32995941545
1005001858622577
1005002156988427
1005002313812021
1005002344947736
10000012922135
32812322227
4000648712330
1005002088796879
1005002302120981
4001298780501
1005002333564437
1005001864205754
4000464011362
1005002438798969
1005002406679886
1005001572584562
1005002122382855
32927028865
1005002434118064
33050004301
1005001615481665
1005002204287569
32381798179
4000627134782
1005002428969094
1005002122446738
32809456419
32834232606
4000104264867
32981974498
1005002288048499
4001179636299
1005001559896201
32656526236
1005002475269387
1005001577258829
1005002208031284
1005002365492106
32970630042
4001030324510
1005002309421582
33014313391
32873773232
1005001672325200
32881018276
1005002368233100
1005002420631530
32886292446
1005002319135097
4000151169536
1005002321665915
1005001558404037
4001193488385
1005002323797473
1005002255150981
4001204181934
4000186548268
4001023144645
4000027848191
1005002089748912
4001090865053
1005002318971670
1005001898933018
4001332107487
4000727142675
1005001694891438
4001201413514
4000803862980
1005001511153548
4001034087371
1005002438063367
1005002398914226
1005002485845655
1005002260552642
1005002349206173
1005002357711363
32799087858
1005002300291574
33012086416
1005002427761597
32896718830
1005001553811016
4001005320780
1005002318247675
1005002421321880
1005001367650904
4000257892315
32832478810
32931699343
32951457065
1690771444
1005001665642954
1005001407640891
1005001570601959
1005001511282980
32912309930
32930655241
1005001838258236
1005002303664937
1005002330413786
1005001882065613
1005001894989648
4001227305159
1005002306540158
1005002482241501
1005001525419404
32975867758
33009051330
1005002108695136
4001049287054
32970538005
4000860330713
4001015433751
1005002357491876
1005001791736685
4001010814357
1005002293009504
4001029921474
1005002394542197
1005002282099354
4001104891329
1005001777516259
4000804719095
1005002342148326
10000234530402
32974537950
32964320930
4001165803729
32631548720
32957827440
1005001416768716
4000137199303
4001107931314
1005002323609235
32620960780
1005002460082789
1005001780963183
4001156489100
1005002233857972
1005001466672319
32576809387
1005001482912837
1005001580489829
1005001457223709
1005001433723842
32780862631
1005001952760590
32858329476
32812450691
32981925589
1005002481741914
1005002285742743
32983218768
1005001741390689
33045811868
2031086414
33005371834
1005001898938727
1005001990416739
1005002384751102
4001165625977
1005002182408716
32919921061
1005002276209907
33053150107
32917398526
4001171130854
32774458485
4001131927824
1005002316596983
1005001427176308
4000805326710
33020844633
1005001301970227
1005002290432900
1005001899490762
4001283591998
32906303696
1005001994472796
1005002122382871
33047591296
1005002363150040
1005002305190894
1005002378003619
32855460372
1005001856074433
32838955437
1005002028548557
1005002433918036
32907361443
1005002408416205
1005001965348548
1005001667657057
1005002409405393
1005002303620632
1005002497551689
1005002268929361
4000764299657
10000142552885
1480042114
1005002316425383
1005002333681304
33004743170
1005002322836731
32810835981
32911573729
32975574700
1005001371578674
1005002375954131
1005001997170610
1005002348341704
1005002271333924
33000487399
1005001841856222
32947678514
1005002208250894
4001241064768
4000819363492
1005001657884298
32608150968
1005001525743095
1005002298858799
4000063345923
4000447280045
1005002375511476
1005002311101034
1005002394756834
1005002439496283
4000834386724
4000075232334
1005001515830898
33027521727
4001103948528
1005001942236509
4000956031516
1005002225147960
1005002219794027
32890988571
32821356459
32662855077
33003466644
32745000179
32895749433
4000978924080
33043851640
1005001536900495
1005002191708417
1005002284133721
1005002298161105
1005002344831817
32833980358
1005002040707073
4000409966801
4001116470912
1005002313356804
1005002033731863
1005001441422353
10000011686787
4000137221080
4001066796861
1005002200583316
32763003662
32813737449
1005001436775218
1005002213014663
32837947254
1005002346722048
1005002167942187
1005002253339457
1005001646560643
32970726623
32897917894
1005002085485851
1005002296767774
1005002122461014
1005001587754392
1005001813094690
1005002111600839
32845461588
1970363970
32802783250
10000264649255
1005002357802069
32974676482
33000569981
32726169056
1005002278110661
1005002346048735
1005002429670130
4001160304983
32672590519
32978294527
4000882418969
32373660567
1005001953988869
1005001841626483
1005001526180892
1005001544883604
4001037907115
32959888821
4000925865433
4000285921882
1005002399723399
1005002478016970
1005002344993373
32815138421
4000637352399
32970418153
32948230800
1005001607126500
33052497477
32822912846
1005002357324475
4000324949261
33019261948
4001163776225
1005001890151023
4000469306351
4000166260020
32858825289
1005001637446558
1005001942283236
1005001670980079
1005002427064064
1005002315312828
33023443546
4000854302880
4000296252350
1005001330814947
1005001845606024
32824558777
1005001854475164
1005002443670370
1005001502048053
1005002307477248
1005002353548472
4001130811241
32968094026
32854882623
1005001991987478
4001128493335
4000208106240
1005002210971784
1005001914566266
4000263318440
1005001644904324
4000215840684
32683455563
1005002207664036
32938556890
33046955294
4001015383531
4000793359571
1005002382097360
1005001908390848
1005001602201465
1005001971290778
4000723926680
1005002134682260
33048952104
1005001313971408
32671370876
1000007288576
1005001621215513
4001115901552
4000335600128
33027151243
1005002210291048
1005001878433963
32857918095
32948016707
1005002310886673
1005001899208043
1005002355266579
1005002467660083
4001005012728
32830911060
33009615086
1005002279154463
10000400068323
1005001906943241
1005002454151406
32595817582
32933338938
32738601604
4000926971790
32909053789
4000279061446
1005002264896395
1005002457711516
4000388991171
32880706712
1005001555894436
1005001491848831
32980254240
32934247597
32961716467
4000096319304
1005002011819880
1005002291521723
32978115039
1005001463888211
4000795252861
1005001317070362
1005001563548045
4000935354220
4000251998769
1005001567423851
32983539457
1005002191259042
1005001315084139
1005002239521470
1005001479663264
1005002198995513
1005001948894625
4001027803917
1005001774495627
32871322310
32981073797
4000975058503
4000278583829
33039337032
32836051774
33010115739
32971614852
4000133912033
1005001521333686
1005001627637999
1005001454204674
4000962024255
32915410976
1005002098981724
10000323752547
4001169032130
1005002027549825
33063503751
1005001526893326
1005001417258719
32972560867
1473014931
4000789346824
1005002420438035
32871634811
1005002367990358
1005002403573928
32952575800
1005002462874001
32863522985
4000986089084
4001075260201
1005002206420780
4000960926697
1005002218957327
1005002361777774
32951773381
4001251324357
32838147546
33023867867
4001294144175
32704934122
1005002399061444
1005002492556693
1005002198839349
1005002434966597
33017313535
1005002307755030
4000796181763
1005001521278689
32849613378
1005001929209663
20000004226237
1005002007632618
32983534770
1005001694781272
1005001430533384
4001247319598
1005001525259899
1005002350810560
1005002313118280
32952907847
33060591774
1005002474224840
4000413597276
1005001532152494
4000627491814
4000261934938
32992857696
4001048064009
33012674234
1005002385096317
1005001304777668
4001156171314
33007883316
1005001999484099
1005002340314635
1005002298789667
32991893998
32975447578
4000272782434
1005002192141190
33016594759
32215621035
32317398499
32622062588
1005001563034824
1005001769208474
33003381773
4000698748100
4000110459245
32960135713
1005001926157594
1005002238382325
4001179129685
33016662287
4000859013209
32839366592
4000278354635
1005002425850904
1005002237401675
1005002394894047
1005002047472288
33028893263
4000777465807
1005002374770367
1005001644349705
1005002167875726
33023789618
1005002025888868
1005001882722130
1005001953454526
1005002313855017
4001179614729
4000462517614
33009598932
1005001354904095
4001168920020
1005001689850591
32982622159
32809520466
1005001515733032
1005002253138250
1005002207860848
4001152183452
1000007902003
32785069479
1005002074766238
1005001602001886
1005002319314140
1005002321216823
1005002190552587
1005002401739529
1005001469317457
1005001368092711
4000426995755
32965810283
1005002316110034
702474903
1005002427900304
1005002436069549
32617666916
1707732513
1005002395663165
1005001498815915
32308709866
1005002060194486
4001164385855
32946949561
1005002395412018
4000139620081
1005001397276344
33012678474
1005001441367000
4001097218045
4000829753545
33004948047
1005002370170672
1005002466953699
33025776214
1005002327044586
32884989039
1005002341209040
1005002313949824
1005001889035287
1005002134405954
1005002427292686
32992170222
32649467545
1005001976113970
1005001380562941
1005001539050903
4000207936596
1005001274831295
1000008018162
1005001563014308
4001273240187
1005002495123821
4000816136198
1005001465371079
32978555562
32900525276
4001314247935
32883020512
1005002447201794
1005002318988790
32968188008
1005001824714312
33041224410
1005002072987096
32639411476
1005002317669283
32920129786
1005002398910847
1005001701547070
32914590969
1005002326769298
1005001890690333
32855327135
32953562643
1005002063674432
1005002358650567
32791139764
32970081530
1005002000084199
32866554301
1005002295326391
1005001287467542
4000553286768
1005002177089041
1005001431573418
1005001586001284
32996035371
1005001290899672
1005001657757870
32968427375
4001073064382
1005002228485344
1005001946527732
4001170739818
1005002401117723
1005001585893686
32886795012
1005002406436155
32956048504
1005001576185750
1005002129721594
4001076221472
32717812995
1005001665275462
1005002298228022
32939776127
1005002397872022
4001279118392
33054574545
1005002276410177
1005002401791365
4001068748039
32992283199
1005001708227398
1005002064752688
4000464017847
1005002222159346
1005002378413359
1005001982913503
1005002267772390
4000842662915
1005002186173581
2053895220
1005001686020823
1005001295325382
1005002087628593
4000475493764
4001108035231
1005002390059264
4001190694475
4000395496688
1005001381110398
1005002326551509
1005002374279876
1005001290447069
4001255608805
1005001704792398
1005001515195492
4001270432866
1005001688252978
1005002014763468
4000926961586
33019189353
1005002283145376
4001298735601
33055294289
1005001639058963
1005002266085159
4001134636384
1005002119250089
32848546432
1005002255778630
1005001853178227
4001135157646
32790563463
10000395851812
32964154217
4000201736010
33023499739
1005002387724432
1005002469570086
1005002367930853
1005001639175333
32840570845
1005001379163924
4001344835871
1005001961602024
1005002372708417
32927265758
4001272430600
1005002311476356
1005001553298662
10000327741710
4001156775456
4001224552247
1005002282919356
1005002228633910
32886021559
1005002352360171
1005002281794855
1005001981672168
1853158646
1005001736453163
1005002314250742
4000378997972
1005001825580075
32876864593
1005001678725428
1005002316249516
4000890386065
1005002317316614
4001275049765
1005002100122326
1005001447410048
4000459197470
32854684364
4000101232163
1005002321145887
1005002241380803
1005001693254406
32735474559
4000181899670
4000093666134
4000552889501
1005002302242492
1005002239839791
33058540035
32796483357
1005002376467965
4000720940438
1005001810953117
32699450245
4001110278764
1005001868905999
4000957663728
4001190709619
32840652779
32845617963
1005001709148841
32861752222
32976298386
1005002288609532
1005001929040250
32827246761
1005002247803001
4000746554133
1005002421048782
4001278941548
1005001833641860
32878957024
32769912298
1005002426563597
4001239056615
4001350509189
32832848336
32375740896
1005001526155319
32984747245
1005001356001376
32878425659
32961798426
1005002334686184
1005001695151212
4001277506437
4000777799108
32719517159
32986423020
32834440534
4001209042630
4001191661669
1005001842981813
1005001930793789
32753448624
1005001999605053
1005002233509653
33008268359
1005001694230404
1005002264574049
1005002304080654
1005001928368099
1005002028766667
4001327410918
1005002443152274
10000192633384
1005001905728250
1005002442385823
32954480709
1005002106790941
4001292963080
1005001326149690
32805147483
1005002393729375
33012564647
32898035674
1005002218256749
10000399953433
1005002272550714
1005002482524018
32819308208
33033413924
1005001604374273
1005002074735554
32938876827
4000668837614
1005002448694351
4000864772978
1005001606380163
1005002471404118
4001124846540
1005002457923977
10000395913820
4000709751898
1005002469207748
4000602642103
1005002095190100
32958341383
4000705784348
1005001665929088
1005001642573394
1005002289052371
32918181178
33042726706
4000819857341
4000124419787
1005001433884435
1005002314238870
1005002252206844
4001316180808
4000157514865
32976972028
1005001611930465
1005002282205545
4001038326372
32298574375
1005002080545122
4000448441687
1005002312337775
32984298667
1005002342246970
1005002133621003
33009063201
32862396018
4000717970440
33045233706
32845110903
1005002303796822
651827668
1005002406822592
1005002382103210
1005001487266749
33013634354
1005001340823037
4001095835623
1005002414785004
4000028963997
1005002266885238
32600118980
1005002220835087
32970198264
32652560404
4000046686287
1005002103828709
32808725081
1005001929220036
1005001844676725
1005002473704330
1005002395663305
4000917702012
1005001652065335
1005002489857045
1005002282303990
1005001667601896
1005002305706487
32929836806
1005002417883815
32796279702
1005002293159636
1005002198693244
1005002468789910
1005002192372365
32493182499
4000859885407
4000623901966
1005002357406247
1005001464045433
1005001994530087
1005001690272980
1005001830698111
32998737653
1005002301488465
1005001972389650
32484029094
1005001698776244
1005001889756602
1005002185472451
1005002069841779
32915834923
1005001734719159
1005001787562525
32889893509
1005002353715021
1005002433982821
1005001422986862
32909169722
1000006297056
1005002358353950
1005001600021915
32845603258
1005001568569126
32880650092
1005001828650631
1005002317501755
1005001824662293
32981243682
32846844258
32994898954
4000472756158
1005001978041176
32828214195
4000548019305
32861117198
1005001957410439
4001059008626
1005001779327147
1005002408340605
1005002292279373
33008692280
4000910382282
4000548334861
4000377631874
1005001704365598
1005002254621928
4000268222644
1005001758437106
4000587133799
1005002260069085
4001205178692
4001270849153
4001277828330
1005001496766943
1005001639903723
1005001846428102
32326908486
32696740542
4000114522335
1005001739677000
1005002193292882
1005002270846060
1005001386171827
32650949520
32732695569
1005001298324984
1005002439453193
32836541723
4001230166533
32927024879
1005002496863367
1005002332655401
1005001588354166
1005002241609484
32998754311
1005002450452231
32565472452
4000113775028
4001166399026
4001103548035
4000543486177
1005001438613166
4000695300709
32996284222
1005001988761027
4000161969334
32826743801
10050021209477391005001559614313
1005002233135016
1005001304092599
1005001416848380
32899151733
1005001815513397
32979825300
32882097877
4000674656091
4001083990884
1005002483949416
33030002621
32823699145
4001254532960
4001103455534
1005001313845127
32995426560
1005002001465017
33048552032
4000471720365
4000640939431
32544771302
1005002327742068
1005002357365032
1005001588130829
4000799722391
1005002291258773
1005002454470391
4000922298365
4000545818048
4001110155716
4000081773142
32856210214
1005002273314089
1005002128729893
4000588376499
1005001838640538
1005001413482650
4001160850718
1005002467030147
1005002105398106
1005002185415020
1005001864648024
1005002470204930
1005002431348139
1005002316149886
1005001388136193
4000220037363
4001208576263
32817916808
1005002382481295
1005001804988004
32991494250
1005001976444387
4001337887955
1005002234756231
32839789471
1005001644057835
4000900540794
1005002426926612
1005001357794633
32953258645
32824625631
33058486610
4000897341538
1005001587308356
4001174850232
1005001999630838
4001201864939
1005002167865830
4000595047785
4001051498457
32800613907
1005002315503063
1005001899054916
32997209265
1005001709925810
1005001675422888
1005001775861063
1005002279124356
1005002371632690
1005001808471059
1005002277295532
1005001355849170
32854548053
1005001685795067
1005002314458361
32915944465
4000993101492
1005001747305510
1005002309163235
1005001988368386
1005002468245649
1005002273080597
4000082871193
32861401425
1005002478382800
32792166248
32918740224
4001139139613
1005002064832442
1005002277229904
32885118878
4000040581657
32964653024
1005001425130351
1005002411615609
1005002301231140
4001201316462
1005001419557315
1005001758787618
1005001667523180
10000022721998
4001105543674
1005002334237874
1005002207843310
32832309215
4000849757581
4001118900121
1005002277967215
32960933751
1005002358008511
1005002328930784
32827314001
1005002246335347
1005001506607574
32959301324
32772691715
1005002002608558
1005002381710850
32831864811
1005002292362103
1005002328074588
1005002300709197
33026237946
1005002294195122
1005002119110819
1005002064518788
1005001525783201
1005002328726057
1005002473352432
32713434917
32888148087
1005001910543891
32983306459
4000731424595
4001145601010
1005002124898324
1005002436619980
4001206152038
4000556488907
1005002369685874
1005001850587674
4000529255890
1005002275366238
1005001520279424
1005001928009253
32827513861
1005001770020530
32860153584
1005002478886645
32980341289
32866211156
32949426419
4000474310589
1005002258205875
1005001450059791
1005002455278254
33000626013
1005002397778335
1005002270780529
4000159839570
1005001313776002
1005002258316895
1005001640417205
1005002265138878
1005002294269146
32663351948
1005001886279458
32816239484
1005001515127746
4001228022404
1005002205844137
1005001639409723
4000479675845
1005002322937577
4001295152590
1005001672256458
4000019144297
4000045966516
4001272325104
32879763965
4000945179758
1005002168245368
1005002471734125
1005001962708334
1005002200482405
33004821287
1005002384339369
1005001414518900
1005002352172590
4001177853978
1005002278352651
1005002323317387
1005001397371591
32975650235
1005002316507023
1005001418105912
4001223373190
4001129797474
32998458628
1005001997542518
33047793556
32911639275
4000196626120
32967724334
1005002492675168
1005002326545606
1005002099194405
1005001933728375
1005001901978176
1005001869154969
1005002402361772
32959584586
32958401680
1005001391704217
1005002453528762
32722916079
1005002315608519
4000326693353
1005001889553656
4000764190690
4000292394594
1005002149272481
32950455126
1005002465708732
4000509178431
32895075092
1005001722686486
1005001950047940
1695101749
1005001354039249
1005001906837175
4000220559885
4000311211282
1005002401329208
1005002071021097
1005001325377730
4000058960338
32899168551
33027513614
1005002298681729
32957889229
32933666508
4000626179379
32889870097
1005002247110753
4000503224932
1005002381656352
33052959053
4001131396636
33031875013
1005002182001873
1005001640292203
32790425976
1005002345175206
1005001577061311
32854866082
1005001877752829
1005002198704984
4001057835414
32899733846
1005002375043704
32867081815
4000710406141
32915186430
32971005318
1005001586649177
4000458303665
33053195001
1005001268725929
32659272655
1005002467062856
1005002272995531
4000925913581
32459610413
1005002288657401
1005001886286465
32850541936
1005002240514911
4001040897338
32861346226
32885002193
4000341964662
1005002119671640
32549768245
1005001905214426
1005002238069580
32964158398
1005001566733952
4000356996252
1005002254462143
33043900692
32584199925
32828704948
1005002468157126
32921180600
4000158814881
4000955251477
32399036151
33001617296
32918779288
32245149851
1005002288632502
4000905668714
1005002105252288
1005001984919699
1005002027241423
33015922585
4000267761626
1005001354986190
32749916928
1005002198407635
1005002390116009
4001230165811
1005002315872726
1005001859930659
1005001370319030
1005001552536858
1005001873888510
32918698440
4000409343044
4000337411166
32862926008
1005002468615614
1005001697742217
4001153795922
4001138783635
32860466733
1005001598733983
33029793424
1005002233757601
1005002292267978
4001350087751
32956126343
32829307532
1005002377328502
1005002312050585
1005001405082139
1005002115351487
1005001678286855
1005002374942839
32840951376
1005002319048709
1005002344468891
1005001527022366
4000221099555
1005001869735066
1005002192789290
32901508025
1005001395249337
1005002382568132
1005001563240714
1005001901104125
1005001617238081
32865071838
32926099220
1005001877872196
32850787349
33046316330
1005001817015525
32906760729
1005001468865224
1005001481887768
1005002309661613
4000539570538
4001290465932
1005002337212393
4000735583540
4000776980705
4000247362496
32977949905
1005002195506730
33005974517
1005001532037114
1005001715532103
32852181711
1005001698720199
1005002113130164
4000369921200
1005002270915046
1005002072440485
4000012152428
4000099753594
1005002408304928
4000333333317
1005001944047584
1005002125340691
4001158950264
4000866461532
1005001834942727
4000506572292
1005001615351042
1005002342465926
32616893857
4001175240388
4001265543166
1005002393065442
1005001606225745
1005001678255196
4001098237012
1005002116781151
1005001638089856
1005001585392171
1005001830087060
32886896016
4000849584681
1005001377385068
32878964876
1005001784500745
32714741518
32880137495
4001077272935
1005002317576862
32844513536
33046067079
4000427058827
1005002404672038
4000597277675
1005001773607038
10000106673628
1005001909215945
4001041332007
1005001562648692
32779793649
32709898990
32953350316
1005002400030150
32697679987
32856009689
1005001567432613
1005002302189934
4001364160984
32929083306
1005001491287241
33002016031
4001279348616
33001768594
4000444480798
998320350
32926000552
4000396620326
1005001975270071
1005001456312124
4000310238058
1005002192126334
1005002297888592
4000203578933
4000304664550
4000850628771
1005002371590563
33041264712
1005002382795862
32889719210
1005002476544568
4001098638208
32855510484
4000630215431
1005002171481208
1005002386914607
1005002443070751
32851031083
33032113599
1005001878929709
4000006594694
1005001894014277
1005002089270525
1005001840472186
32863031391
1005002168045981
4000586254015
1005002474713697
1005001717904177
1005002276689915
4000070611780
32954237826
1005001413122012
1005001369935435
1005001386657031
4000205294068
4000912752970
4000793029435
4001090412615
1005002362815858
32859953011
1005002271563090
1005001849422596
1005001965790221
1005002312175944
1005001845772539
32955490913
1005001286870541
1005002233541897
1005002454588631
4001230334482
1005001590457142
1005002456517466
1005002366554807
4001251944737
32757505335
32995928494
32923935890
33011140651
4001128357093
4001307687043
1005001570380834
32848679310
1005002046825718
1005001288076832
1005001646776735
32842243608
32854935265
4000709370737
1005001781440280
32984167452
32994345404
4001050617559
32370384787
1005001300342775
4000344391268
1005001629167764
1005002239996746
32865707454
4001242636667
1005002165981233
4000225001012
1005002319193237
1005002279579081
1005002322965987
4001358930734
32999931855
1005001382836100
1000007374467
33000117376
4000506856819
4000303129134
1005002315664095
1005002298443891
1005002073934229
1005002316033548
4000978910308
1005002480114535
33003946950
1005002377803762
1005001265584894
32591200426
4001360761102
32979249086
32947711199
4000627329371
1005002101461320
4000220691093
4001218077395
1005002144120623
1005002320411485
1005002469545300
1005002258248180
1005002450064192
32878773667
1005001359614974
1005002453359999
4001250979035
32835179096
1005002253150452
10000289270602
1005001457299357
1005002241936081
32843498183
1005002144991228
1005001571349381
1005002341578853
4001271670963
1005002408366697
1005002293102948
1005001620806155
4000777539558
1005001862479030
1005001770665264
1005002304951030
1005001686261218
4000013017982
1005002196496625
32844547704
33012780135
1005001412712207
32868752472
1005002321586924
4000417031546
1005002305488065
32985391132
1005002279081739
32840235347
1005002275980889
1005002072334313
1005002341318420
4001214852590
32996196330
4001065946311
4000237047133
1005001758079849
4001132033217
4000082559920
4000314178592
1005002408518567
1005002126955480
1005002314470072
32910790077
1005001727263683
1005001436636269
1005001853058428
1005002288460521
1005001737023960
1005001785077593
1005001581032760
1005002449318676
1005001836897896
1005002367510889
33032430963
4001262096390
1005002236297976
1005002425894906
1005002459911868
1005001755852562
1005002011339887
1005002277938898
1005002319209331
4000666197346
4000990870070
4001324319410
10000352517006
1005001749919032
4000371339060
1005001504138657
1005001833549213
1005002408874982
4000274650514
4000479194459
32891920089
1005002393722646
32892013307
32868546484
1005001883780391
4000096497473
32752708219
4001278909512
32842115439
32990942762
4001267220826
32409811479
1005001774463799
32851887040
10000332302438
4001289289062
1005002481526113
1005002292164779
1005002370471322
1005002310436970
1005001391136826
4000179196213
10000342507571
1005002263468842
1005001352101781
4000849786962
1005002340721485
4001071834596
32982923950
4000873675724
1005002333838815
1005001908698860
1005001921927388
32997447396
32961312198
1005001614846208
33046166351
1005001864673499
1005001411609456
10000388597751
1005002096799587
1005002454284425
1005001270020460
4000993875264
4000058897847
32827523785
1005001512440448
4000345789111
1005002363784060
4001287468395
1005002466104542
1005002312657058
1005001726053254
32825751394
1005002091610319
1005002314690731
1005001916217043
32914177444
32908552263
4001274124831
4000060036677
10000039200144
4000944538924
4001180471055
1005002070764362
1005002450998786
1005002281968200
1005002454409464
1005002063281860
32627699196
4001110812239
32945205436
32814610449
1005002327475187
1895418666
1005001877258060
1005001877857890
1005002283613591
4000936362276
32773571649
1005001425227224
4001010734047
1005001714106063
32937645123
4001080859879
1005002347252456
32948154287
1005001761826431
1005002293104746
1005002278782426
1005002286382949
4000925901284
1005001659683963
1005002328396563
1005002060915744
1005002469746946
1005002435158495
1005002327618689
1005001516725387
1005002306574140
32933940197
1005002304903660
1005001813065906
32853940291
1005001842829521
4000628050613
32947793431
32891727907
1005002238817964
32969299528
4001238556854
32991799655
32958513494
1005002362720588
1005002326014786
1005001889732947
33008034258
1005002273268469
4000238958633
33044858513
1005001515918574
4000074605662
32806975232
1005002122354456
33030010501
4000711507025
1005002317015005
1005002403995121
10000400005389
4000415619870
32819207041
4000452537216
4001364274965
1005002443648623
33002878816
1005002310213657
4001076075600
1005002268560389
32951030394
32903039038
1005002291231608
1005002259397256
32844234627
4000766050825
1005002098953156
32867267730
1005001459919372
4001104380052
1005002122428615
1005001515882680
1005002454305644
32804758929
1005001875855591
32988799804
1005002466150531
4000758034006
4000072521135
4001122437604
1005001528639863
4001203414253
1005002221856952
32861084955
32985716752
32905546832
32770638126
32899553347
10000184149216
1005002304727428
4001360578815
4000813111551
4000206994212
4001263934398
33034699874
10000063947674
4000039815887
1005002443238086
1005002018979099
32838315863
1005002061568517
33051859680
1005002219566035
1005002340487460
1005001807616634
10000404293290
4000126411045
4000124509737
1005001321696984
32829971610
32888349057
1005002303573019
4001038916762
32905160279
4000307549520
1005002074196313
1005002171864974
33048435848
1005002198232926
4000609658794
1005002347577292
1005002461689394
32903930520
1005001639519547
33004893447
32902527728
4000386952662
1005001678433009
32831159974
1005001774953461
10000384308371
32880898721
4000104285591
32711731504
32965327852
32864123950
33025511089
32809671765
1005001560447820
1005001769992359
32986191587
4000640978828
32911164219
4001111765607
1005002435446980
1005001314114027
32886160116
4000709308854
1005001524929325
4001068440012
1005001702602519
1005001757872983
4001236013053
1005001573689218
1005002491608613
4001201190779
4001338071264
1005002250567502
1005002310949681
1682556021
4000668011049
1005002431962232
1005001393669733
1005002246035067
4001166612108
4000408972532
4000964852468
1005002420178381
1005001839443646
1005002418343471
4001111884467
1005002347532377
4001014823000
4000527792049
1005002491815532
1005001748766704
1005002315557629
32881080847
33016062047
32951811753
4000364696108
1005001840159124
1005001790815979
1005001284477638
4000910340092
1005002484640110
490755593
4000088471243
1005002294245811
4000772379839
1005002233490935
4000592853373
1005002049004895
4000788874348
32929403948
1005002372327152
1005001587051930
1005002306556744
1005001332049376
32998526156
4001089715667
1005002494644140
1005002319561928
4001195370973
1005002359235838
32694139470
1005002388567515
4000558853234
1005002356692616
1309017423
1005001736562977
1123521716
32924383679
1005001285049592
1005001402436657
1005001590591208
1005001531150251
1005001408132538
1342405816
32959870747
1005002175477814
1005002364023441
32972652730
32894581849
4001236414150
4001262549334
1005002260810223
32441967672
1005002258946860
32472547791
4001062886603
1005002427417072
1005002350683999
4000507475388
33042022187
1005001830951035
4001226331744
32912511168
32922933791
32789750573
4001253242677
4000077670585
32965487067
32861316847
32919382736
1005002259852477
1005002270716828
1005002351518456
1005002225333487
4000079636342
1005001757775224
1005001301634103
1005001748749379
4001218886589
32580208951
4000387720385
1005002344847073
4001163371820
33028706651
1005001695440413
1005002368097420
1005002244016999
32843822948
4001132664696
32914328084
1005002294915064
32911182222
4000369827707
4000117102948
33044290744
32961500967
32854699697
32859046780
1005001592428904
10050022665316844000890509002
4000268586524
4001048547401
1005002033240665
32983145012
1005002234940706
4001161834096
32627289703
1005002139637961
1005002003684395
1005001302552294
1005001949249786
1005001829638135
4000941069833
1005002372193889
1005002465082234
32918157305
32797837374
1005001659979847
1005001762027447
1005002313839530
1005002229183621
4000956200162
32996725950
32974185779
1005002340258546
1005002298435840
1005002265419049
4001160121657
1005002099109706
1005001741739920
1005002446860138
4000104733410
1005002168119560
1005002359096674
1005001937156532
4001189595029
1005002392938882
32831611155
4000531653485
1005002303301823
1005002438229116
1005001696479927
1005002416770538
32960778530
1005002500519188
1005002349045581
1005001807127600
4001226487681
4001039021912
1005002359797930
1005001625453700
32514693523
1005002433688895
1005002453667625
1005002386670433
32918200504
4000777154072
1005001775235855
33054879871
1005002492787851
1005002205947050
32835436514
1005001651020673
1005001407022797
1005001678667023
1005002314872928
33036166470
33047322344
1005001937753944
32873447444
32949439321
33042491742
1005001679457548
1005002271927800
32790137419
1005002354477429
4001010535658
4000229759576
4001275900194
32699369705
1005001910299732
32926075614
33032155404
1005002167812829
4000322511880
1005002307053492
1005001801219966
33013394722
4001076994468
32899760693
1005002399620816
4001225193751
1005001425805576
4000198783938
1005002172688607
32964637305
1005002136460891
32955422630
32860619156
1005002361505742
1005002224034340
1005001680404894
1005002408357551
32969018093
32861248656
1005002304034468
1005002115083160
1005001567868439
1005002126747104
1000008424585
1005001551601904
1005001321063965
1005002319045531
1005001599512592
32825871543
1005002336212164
1005002430601498
4000296520690
33046914029
1005001917219274
1005002242646582
4001250760616
4000850615208
1005001646175698
1005002408146187
1005001769360974
1005002025714419
32867936209
1005002245963998
10000012903377
1005002426457460
4000207912397
4000569180884
4000936241197
1005002394301563
32988050379
1005001406488146
32979540092
32853947224
4000996626222
1005002347074064
1005002277579177
32920331401
32868484918
33024175356
1005001445075050
32970733011
1005001689203510
32960464169
1005002418694334
1005001652407629
4000483573783
33006055577
32793387750
4000072196028
4001231461318
1005002343430123
1005001831064082
1005002282813248
1005002350763092
32940202362
4001085599821
4000669954529
4000786523921
1430337199
32847734367
1005002376939599
1005002423680197
32808965596
1005002393685024
1005002046961172
33059488934
1005002239111699
1005002317197810
33036753474
4001172122713
1005001738407229
1005001874568079
1005001451188030
33045290551
4001069636240
32960676803
1005001679793883
33002003954
1005002334315029
32826381341
1005002348252045
4000267090202
1005002296461626
32829482570
4000435765581
4000225674329
10000314443324
1005002352949921
1005002056628930
1005002348368294
32651221982
32377236176
4001365142000
1005001763008466
1005002417064341
4001065363259
32880244646
4000960063474
4000041231397
1005002314491708
1005002365328784
32975090350
1005002302675787
32947149143
1005001961069908
1005002423020201
1005001844123433
4001272222840
1005002212339206
1005002324292357
4000469319352
4000156128776
4000969187960
1005002012018786
1005002321177870
1005001721711123
4000026322370
4000000886190
1005001650906133
1005001883969053
1005002271461934
1005002371578018
1005001731860580
1005002316335768
4000043075151
1005002289575930
1005002384597158
1005002311691777
4000819812318
33056830959
1005002513552010
1005002362932896
1005001325368013
33013605547
32842989385
4001201636620
32888746461
4001105098663
32872403825
4000852306324
1005002348031107
32303349498
32918581404
4000610878716
4000410346025
4000865718569
32813906715
1005002344830039
1005001774327501
1005002494667582
32804282028
4001110842974
32871963382
4001212094508
32694751396
1005002258429801
32958575155
4000007767407
1005002000092576
1005002070785625
33017358750
4000307597642
32850205986
4001204434413
1005001960109343
32666761264
1005002088727376
1005002380507397
1005002500537056
32848364070
33034128170
32980038058
1005002371891318
4001278738512
32954075056
1005002144817644
4000922515159
1005002304630494
32913496511
1005001431345812
1005001438360432
1005002339965826
4001037331442
4000005914597
1005002454235695
1005002343505608
4001267839206
1005002332159067
4001200482498
1005001845506683
33004005794
1005001661525282
32440276642
1005002010900970
32461705831
4000014944498
32848256193
32753302717
1005002342508969
4001290598432
1005002368165204
4001349648504
1005001731487155
4001153342707
1005002060827288
33012626262
1005002466194174
1005001695480600
4001192926957
4001269239577
4001165712523
32694781084
32894343582
32970629988
4000223375021
4000734291494
4000955846826
1005001961226543
4001090052801
1005001867341463
1005002314813314
1005002343250066
1005002264152614
1005001731033960
1005001972317402
32666949490
32646862765
32913243993
32407710591
33054279440
1005002368819876
1005002483029111
4000032683823
4000120625182
1005002074041003
33013412454
1005002266927607
1005002389789915
1005002324000726
4001190635536
1005002491995352
1005002416258339
33023720315
33041749959
1005001706851044
32779545446
4000955578690
1005002317381998
1005001615097144
32795073255
1005001933392500
1005002229571272
1005001288172825
1005001744590174
1005001515918326
1005002472953401
1005002297234210
1005002431924723
33009945496
4001173233952
4001243930985
1005002363362903
1005002460402913
4000012626594
4000986553146
1005002004987033
4000206140658
32790046759
32836112081
1005001812649913
32862376308
32837271345
4000955229433
33010187363
4000160223956
1005001975866313
32739674006
32637150445
1005001360096053
1005001622352929
1387903476
4000955373693
1005002219153764
