1005001875787784
1005002089297157
4000893575109
1005002457108462
1005001481355641
4000997020753
1005002277765367
32968804425
4001050924308
1005002207494923
32876190507
1005001475212409
1005002311416663
4001013011393
1005001795210628
4000989068680
1005002287700141
1005001882353466
1005001676435597
4001214020346
33058756771
1005002245866228
1005001267015045
1512239088
4001270448037
10000022818964
4000296396804
4001018617187
4001006863213
4001275274165
32858069604
1005002277701457
32826683455
1005002253821765
1005001677475697
4001261236461
1005002318807732
4000054124678
4000821840013
1005002424168902
32805065192
32939454834
1005002167795448
32803032627
1005002313933629
1005001780566694
33010752643
1005002311485031
4000267835388
33021972302
1005001999309092
1005002319243068
1005001560689133
4001337509943
4001107744391
4000863771145
1005001419343333
1005002286349809
32961203297
1005002372237310
1005002315928074
4001146409050
4000037048414
1005002423703595
32719274188
1005001507683025
4001044365211
1005001711176126
1005002454264556
32914875337
1005002386983577
32911705570
1778858167
1005002454887467
1005001935898697
1005002065655398
1005002250520558
1005002356742333
32986671697
1005001511032263
33008936737
1005002060746197
1005002295190134
1005002453394325
1005001601900768
1005002256754266
1005001776402773
4001053042281
33006208143
32851931235
1005002054485824
1005001588156562
32766976320
4001214166937
4000788238407
1005001644485231
1005002059048301
33011732799
32808780161
1005002181488340
1005002250377682
1005002249540379
4001207279019
1005001364257801
4001052726674
32979969605
4000534778293
4000503288163
1005001834474637
1005002329257183
1005002396431349
1005002283345072
4001328732114
4001340712776
1005002312716513
1005001966510118
1005002330392419
1005001666758166
4000426729267
1005001867736854
1005002450769110
32946145270
33025729961
1005002410952133
4000782077958
32836986215
4000152526004
1005002102167201
4001245875714
32908132022
1000001118870
32795964636
4001047240328
1005002027813746
32826006005
1005002394861409
1005002381500350
33020715809
1005002262419717
1005002240661384
1005001525378672
1005001291306061
1005001361522730
4000842684065
1000008649916
1005002295508076
1005001563262490
1005001710032250
1005002441883674
1005001998717876
1005001623797046
1005002214980550
4001014327888
32954342916
4001212505970
32862773614
1005002427847653
33046760585
1005002418227139
1005002313629700
4000186765112
1005001508054587
1005002250201440
32788302869
1005001848619986
1005002368227931
32662988837
4001068957286
4000453656143
4000037459068
32564721156
1005002187734846
1005002236055388
32970084193
32348852791
32884324857
4000727067070
1005001418128935
32857725230
1005001525347705
32950233962
4000685434965
1005001852137413
32841351980
4001077826136
4000758609248
1005002201076256
4000116191411
32964021297
1005002220520721
4000002449391
32858167232
1005001763681404
32898866192
33003681418
1005002220373175
1005001714084062
1005002474054123
1005002240346759
1005002291008345
4001104194010
4000373386906
1005002212249179
4001235058647
1005002412046956
1005002224775034
1005002308675331
32957490422
4000102163161
33011788556
1005001423428319
4000322934767
32844821278
1005002432820224
674350170
33029229424
33041454864
1005002273417684
32378270631
1005001891865814
1005002172393008
1005001541035973
1005002186098360
1005001610432300
1005002275411369
1005002221787072
1005002317705760
32984262951
32976124058
1005001330814063
1005001566911808
32949458566
32997558998
32918742280
32864963282
4000388080568
32822872014
1005001541781286
32374918224
4000713594565
1005002339633602
4000020270383
4001021688501
32694987307
4001038153827
4000298360151
4001110873578
4000988373828
1005002495546910
32963882833
1005002141014896
1005001303995265
1005001333548788
32843066615
33018335556
33030860477
32814414333
1005001713756388
32960001156
32799408471
1005002021184899
1005001302209891
4001179820989
32970131492
33046274756
1005001597588523
1005002034343184
4000386914608
1005001274361387
1005002395954533
1005002357479439
32223132164
32774261375
32954619944
32739955460
32839433061
32844742902
4000193183051
1005002332699624
4001146735759
32951098771
33039303583
1005001694477318
1005002350852380
4001271200527
1005001888269089
1005002043033747
4000930649529
1005002315791424
1005002373265460
33042703883
1005001525363545
33040669008
32947550060
1005002181273622
1005002491884441
1005002334289685
32822853747
1005001699081811
1005002321676406
1005001594932767
4000115522170
1005002372618616
4001224873130
1005002381030680
4000097383236
4000463701503
4001251586882
32978763440
4000186258967
1005002317579778
1005002468931516
1005002184421421
1005002375204722
32285070208
4001015756420
4000546590751
32668182853
1005002413516138
1005001958202732
1005002348867940
1005002192222193
4000141472009
33025270468
32872901414
4001228604957
1005001700637885
1005001414075315
33009873158
4001181077913
4000313391948
1005002314011921
32230996847
4000148495340
1005002258969057
4001146337674
1005002353110720
1005001738565616
4000720237162
1005002125339440
1005002287969103
1005002285611959
1005002248847733
1005001290755254
1005001975797161
1005002384153047
1005002001771957
33001543104
1005002273882403
32763355793
1005001399836960
4000331799383
1005001418668156
4000117689022
1005002322346176
1005002320433608
4000747043885
4001235154146
32934647484
33005801089
32695337585
32865087604
32952933049
32918357833
4000339719050
32874968556
4000963973461
1005002377694094
32880907274
4001324349388
1005001813488498
32965529275
1005001398996685
32656516864
1005002110239066
4000688759589
32986679380
33060590573
1005002167749901
4001349845806
1005002282900087
4000038753348
32987950534
1005002358077573
1005002314214814
32679959892
4001015358278
647961585
1005001921949325
1005002321923233
4001314790923
4001014712413
33007311592
1005002068511584
1005002397736280
4000427112293
1005001670462351
1005002132966097
1005002487561256
4000549155993
1005001515896641
1005002289567953
4000764863687
4000913213960
1005001614499195
4000900467388
1005002316784308
32556911630
1005002412087212
1005002326831572
4000741832765
1005001609216680
1005002378831161
32866595312
4001361357590
4001333500345
1005002351886056
4000399659804
1005001299133255
1005001394026593
4000279760226
1005002168004126
1005001756159320
32885416929
1005002416039596
32837751063
32716314650
1005001432314461
4000053246825
4000991114674
1005002400075753
32991115088
32910254210
33041065903
4001189976545
4000960177164
1005001860502202
1005002260900073
33040500058
1005002258341588
32861672393
1005001757754582
1005002494312675
1005001940122357
1005002254766789
1005002398028627
1005001465448743
1005002101899979
1005002386971425
1005001541586236
4001043698987
4001278707167
1005002277893233
1005001329848342
4001221337024
1005002313215871
32947608464
4000713901692
4001041963866
1005002311981811
1005002282444070
1005002008982118
1005002032958912
1005002001648549
1005002293313215
4001274225416
1005001281848920
1005001584771476
1005001753016596
4000001016649
1005001971957438
32947110303
1005001394261269
1005001568000442
1005002315901111
4000473286031
1005001887886294
1005001834554975
1005001486763597
1005002488180129
1005002443738081
1000005575521
4001005424740
1005002491962885
1005002342508949
1005002271709636
32946209092
33030989119
33030859564
1005002460856569
1005002015336801
4001019574885
4000960903651
4001038812263
1005002395457093
32814174950
4000727386043
1005002317953652
1005001582599809
1005002361922068
32808999988
4000860882361
32956549367
4001217954293
32999011527
1005001992224027
1005002315209421
32958134338
1005002130467043
4000941422498
1005002046650980
1358747927
4001285068455
4001132261646
1005002430450038
4000883932399
1005002080660608
1005001540865584
1005002355359605
1005002040635445
1005002020180715
32609184242
33045721150
4001138343955
4000347114297
1005002426845348
32851491360
1005002167839720
32694936873
1005002328639203
4000989538590
33005532353
32424550003
32952634225
4001218854784
1005002136550122
1005002037367896
33027537391
1005001670875468
32905918928
32920951340
1005002316913658
1005002377664331
1005001640002992
4001138102967
10000146546720
32608072065
1005001705735235
1005002219814543
32880004128
4000553343503
1005002494922985
1005002288904936
1005002413266600
32891191167
1005001940010866
1005001812486833
33012950488
1005001454295819
1005002477694229
4001124229604
1005001954985143
4000318033789
1000005451480
1005001511599089
32723991328
1005002012275365
4001221013387
32463315980
32965626537
32696078542
32851578621
4000767718811
32813419667
4000884950365
32866586278
1005001556359667
33051936867
32853346852
1005001888881375
1005002260713477
1005002357685363
4000234730412
1005002476315166
4001167982961
32818742761
4000161392528
32931682796
32384392184
4001172451325
1005002358824761
1005002353405907
4001042544117
1005001670705535
1005002341100573
1005001638459737
4000866556853
1005001993656049
32957518467
32758436290
33002951568
1005002363684336
1005002488512785
32992395002
1005002238427627
1005002357927016
1005002229641424
32890670557
1005002477492939
400004099772732954161269
33026327945
1005002341782888
1005002478750240
4000313482814
1005001670689835
4000801362604
1005001681841649
1005002289686485
33037952869
1005001511867688
32956806058
1005002220341785
32855635207
4000516242748
33034309894
1005001857274494
1005002283339901
4000561954786
1005002292697309
32994472171
32971529937
4001262427749
32529716087
4001150632297
32901644285
4001138527585
32949103120
4000033388267
1005002398838071
4000318255328
4001336408302
1005002338619637
4001130514811
1005002318051083
32869484820
4000667787735
1005002497326962
1005001717427200
4000497257624
33019565347
32953980017
1005002333681525
32915106299
4000849878415
1005001315963280
32678459099
1005002386230671
1005001585392324
4000729984034
1005001284607762
33050710903
4001220506178
32778473377
33011194729
4000005206965
1005001775373024
1005001731184397
1005001596698605
1005002112398325
1005002256613189
32818996831
33048254042
32970007868
1005002190477285
1005002287837328
4000598126712
4000660982654
32961186977
1005002423756369
1005002488019689
1005002322947286
33056822869
32365812980
4001063132288
1005002139720937
1005002266496148
1005002267656272
1005002357759047
1005001842745511
32867276067
1005002377374081
4000321473590
1005002122980314
4000460203952
1005001536661467
33037108569
1005002022296385
1005002489001717
1005002166968985
4000003488705
1005002238124115
4000960729174
1005002509878904
4000292700715
1005002448979760
32770990636
32931418701
1005002443051925
1005002317831022
1005002418007616
32984187268
32974763951
32839921948
4000778003044
33041341480
32995670478
4000491317038
1005001432105414
1005001671166038
4000318329128
1005001652726296
1005002496180803
1005002105765997
1005001669755395
33014647098
1005002338232705
1005002226018516
1005002222015706
1005001691078591
32884612169
1005001870108898
4000539573741
1005002360067572
1005001999131826
4001197114804
32991821493
1005001976426283
33038218078
1005002384856844
4000800840141
1005001500645823
4000549689641
32955608358
1005002306578654
1005001853472733
32888907292
32975127792
4001228984329
10000314627099
1005002111360466
32991446953
4000209567755
1005001792828974
32991183108
1005002492510065
1005001478114734
1540703041
1005002258269479
1005001530460684
4001322083130
4000860549629
4000961118023
1005002116545588
1005001375410016
1005002252191322
1005002350732729
1005001725884499
32952272221
4000317674165
4001053419074
1005001715474216
4001219169697
1005002337775600
4000846938530
4000586435378
1005002328465215
1005001525389485
32847799779
4001038292278
4000533828859
32857261684
1005002291741295
1005002401105573
1005001767796832
4000594637541
1005002350103404
1005002434158894
33055508387
1005001927605049
32326922845
4000710039391
1005001430016026
1005001458302122
4000179137672
1005002430772033
4000282382766
32827865509
33049701149
1005002122312866
1005001392579188
1005002270173663
4000955060367
1005002365510871
1005001561949817
1005001758049037
32906933511
1005002168162416
32747974530
4001141800637
1005002322502663
32823000100
32968203935
1005002327353771
32890577433
1005001488860518
1005001631386748
33040416609
1005002073055068
1005001867361306
4000443842336
4000720595476
1005001848961016
1005001344030162
4001039390625
32989288799
4001256005332
1005002475644644
1005002468134547
4000055963393
1005002157607929
4000735959112
4000533617892
32893723112
32546145606
32962822361
1005001286286527
32993201556
1005002331193406
10000321933721
4001267647704
1005002278372322
32608461026
1005001582650837
1005002340855089
33007795183
32722903468
33006944885
33048760345
33035685825
4001052670989
1005001878364667
4001227211622
4001350753399
1005001567237202
33014115810
4000094356638
1005001648522519
4000140438468
33042919846
32917457712
1005001675494111
1005002134581149
1005001302897349
32980961016
4001239018927
1005001560281095
32835089503
1005002381813957
1005002050438741
1005002408662185
1005002260631221
1005001516990641
1005001525286924
1005002406252761
1005002422791996
4000597889445
1005002312656880
1005002243273594
1005002299804643
4001254706685
32924755953
32964307539
32892450605
1005002357000706
4001218212514
1005001374160711
4000711822243
4000268128329
1005001943009071
4001185815677
4000570449116
4001064981921
4001000605579
4001334050770
1005002418358460
4000044673849
1005001996466811
32885984762
1005001638514302
4000049485954
1005002412230355
1005001942858963
1005001374469082
33053153342
2043443811
1005001838788227
32921442498
1005001588090893
1005002139346445
1005002052459805
4001234065958
32893559872
33001020467
32980598702
1005002318902573
1005001345480548
4001076920984
32717873689
1005001821991112
1005002122379697
1005001869713024
1005001587921883
1005002246156673
1005002342498681
32846339119
1005001500821227
33008897131
32848369347
33029389810
1005001466083301
32964805388
32978259731
1005002345987142
1005001616766564
4001034418903
32746683294
4000662638755
1005001694546352
4000664926268
1005001884078870
32707423394
1005001863668003
4000937494063
1005001445817520
4001118539328
4001221332629
32968496543
32896927820
4001014176045
1005002498767554
32789098402
10000152627834
1005002319037941
4001110876556
4001226691803
32848004529
1005002448144008
32685001655
1005001380409484
4001284539097
4000110217368
4000604416959
32630779764
4001042541630
1005001775940809
1005002314312812
32789494338
1005002356021555
1000007822452
32651229851
1005002441870755
32959819011
1005001406713222
32973924247
1005001297868138
32945103724
32890690208
32627432461
32701255490
1005001781497265
32965805123
1005001525055178
33002211070
1005001469005323
1005001935655504
4000571226160
1005002259347037
1005002198823481
1005001505828995
1005002167346032
1005001947327850
1005002072450541
4000003265754
4001351191103
32820584235
4000076208823
32904552995
1005002370427587
33012350831
1005002358360002
1005001986309474
1005002329311046
4000280972925
1005001626743403
1005002287531387
4000415279278
1005002350399176
4001167546753
32967189029
1005002428625081
1005002027936969
4000757975230
4001175696834
1005002238221239
32466540920
33004888544
1005002122501558
1005002050344025
1891704293
32911345173
32919989721
1005001650568916
1005001599874475
4001223221133
32820675190
1005002122342390
4000899012693
1005002288783919
10000219902662
1005002316463904
1005002080369702
1005002394096383
32881773905
1005002357884137
4000048286197
32804842892
1005002330247996
32954276577
1005002475213480
4000846495070
32951540170
32899115365
1005001479916901
1005002475628777
1005001339135835
32890737939
4000037521193
4000237054195
1005002364587448
1005002289271316
1005001518363343
1005001927984728
32915788896
4001150111934
1005002294014403
1005001830420094
1005002368648397
1005002254393167
32976042823
32897399585
33004221019
4001217984965
1005002277325641
1005001817496520
1005001860511803
1005002100866321
1005001485886187
1005001505725853
4000996150542
32880655426
1005002401829723
1005002348670349
1005001703677103
1005002203913210
4000981557873
1005002371881917
1005001680592490
32976743827
4000226451703
1005002314082115
4000092371236
1005001785523565
1005002358249375
1005001809924093
4001095429286
1005002304214699
1005002101201061
1005002039660418
4000675103104
32881546584
32957731564
32861301286
32909818038
1005001927961379
1005001762957856
1005001894540466
1005002386525201
1005001914967015
1005002280581882
32979991331
4000527816701
1005002125207266
32936287728
4000811198016
1005002350739512
4000433473333
1005002039616503
1005002369518370
32720278598
32890995415
32967210166
1005002389348774
32860202744
32800385909
1005002283171948
32823696649
4000281437118
32929369763
4001306582512
1005001686274331
1005001304164072
32663863009
32644189268
1005002264708573
4000356914616
1005001441423568
1005002246784163
1005002448987030
32879133042
32962418803
1005001999727388
32887555097
1005001792284103
32970928725
4000059560368
4000666359868
1005002284672084
1005001597378806
1005002227430082
4000956172793
32992979922
4000774016148
1005001539272678
4000002636252
32878892598
4000185241630
33021514669
33018976570
4000472731127
4000955877503
1005002450392998
1005001731366825
33000883705
4000484545345
1005001676451457
32809399379
1005002396252604
10000127452351
4000063686101
32998757525
1005001493015112
1005002406387276
4000163573549
1005001850335243
1005002182513211
32579925212
1005002260782545
1005002355669896
1005002318041744
32801032408
32861699536
1005002285607990
1005001907162434
1005002323710389
32814674000
1005002358755762
1005001884007418
1005002438619014
4000865401187
1005002342290160
32909732111
1005002292447195
1005002247710212
4000622775703
4001096411100
1005002458143405
1005002223789750
32911019400
1005002427634330
32971535858
4000546686153
4001042504164
33019403415
4000204704933
32957111689
1005002283687355
1005001743467338
1005002283509161
32882225524
1005002240847318
4000997014928
4000210873993
1005002348711882
32828668300
4000048158363
1005002425778385
4000080927398
1005001818756612
4001111515980
1005002468025960
4000515842993
1005002057889667
1005001318907324
4001240177442
4001021523276
32991307952
4000139723750
32970762812
32955467402
1005002165907001
1005001511433084
1005002295389194
33042175797
32811776474
1005002398350228
1005002246779997
1005002182366826
1005002348586983
4000229320966
1005001856240428
32957010672
32978547625
1005002414183587
1005002428733432
32981778799
4000089718956
32365597684
1005002327679603
1005001859240681
32952045961
32715394018
33034035018
1753737742
32987150763
32995873695
1005001657622283
32863276424
1005002244785505
4000043940774
1005001935179838
1005002028573835
1005002199245038
1005002288917815
32987769731
4000430300480
1005002424102339
1005002271681092
32738595295
32609012972
32967139163
1005001789858179
32851985601
1005002246619440
1005002356767813
1005002413193879
33056869540
1005001409364884
1005002210000117
1005001694905515
1005001646569582
4000238404405
4000409430607
1005002314038748
4001003245746
4001171794238
4000230354949
4000971483849
32683861325
1005002259369778
1005002359911043
33024442746
1005002293392129
1005002328440831
1005001787744659
32389680352
32887170316
4000549904611
4000437374497
1005002388692551
1005001347078214
4000344570871
1005001286478506
32824918888
1005001982324394
4001248019231
1005002239314701
1005002260217014
1005002304975947
32955694201
1005002495856479
33001799206
4000837312224
1005002282705808
4001268687661
4001271457246
1005002354706062
1005002313463899
1005001694280201
1005002023536800
4000317390482
1005002369372412
1005002128542548
1005002299893361
1005001808782538
32812347520
4000699926124
32825752852
32893868039
33045300716
32863436112
32806687687
4000829302379
1005002198769420
1005002444469102
1005001731083980
4000884919725
1005002420392131
1005002039886684
1005002087883357
1005002413469590
1005001659447754
1005001567088358
32982508352
33041131279
1005001827087983
32957785611
1005001657085864
4000136883530
4000183693706
1005002472740429
1005002246844529
32843744890
1005001451938929
1005002398570789
1005001791967563
4000387381763
4000024116594
1005001992442442
1005002401255378
1005001866971605
1005002316981585
1005002305396024
4000385061783
32955032613
32926819388
1005002365318920
1005001973184273
1005001741967245
1005001368789754
4001244690377
33037481208
1005002425357731
1005001611199908
4000392629021
1005002453779068
1005002312481119
1005002459267588
1005002281614128
32746615800
1005002103030765
1005002425025550
33031458836
1005002304379245
1005001898646994
4000774673144
4000714950879
4001300103857
32864967863
32889128944
32967992224
1005002032501908
1005001558170193
32808625967
1005002371388677
1005002268808520
1005002256395670
1005001802741869
4000879052718
32974977497
4000895019495
32606551546
33002801722
4000219055151
1005002261277459
1005001592636275
4000264480435
4000224915555
1005001705514256
1005002483900917
1005002134229442
1005001280620684
1005002289157085
32959603166
1005002443456846
32962852822
32252281170
1005002130047879
33050202096
1005001402374019
1005001875464858
33046274480
1005002423394620
1005002348154848
4001334909053
1005001670859907
32826679649
4000249858372
1005001966682690
32850288211
1005002321769991
1005001468949088
1005002250557010
1902938147
4000904221121
1462336667
1005002223979213
32993553688
32810388724
1005001797954905
1005002443096582
32988914582
1005002228075331
1005002186291085
1005001353824991
1005002296440306
1005002221611428
1005002292481507
1005001962257231
1005001908923217
32976278085
1005002353873327
1005001732771559
1005002073767949
1005001947703997
4001300084042
32559170430
1005001745500065
4001191957989
1005002400130320
1005002363588001
1005002312679619
32964226106
32910394072
1005002281787837
1005002282039933
4000777698685
1005002295020186
4000254143777
32960909088
1005002400768721
1005001703534036
1005002386512450
1005002034027927
1005001632818530
1005002346821486
1005001989426147
32820881240
1005002359048574
1005001280689772
32799512040
1005001603317021
4001239010595
32954613088
10000032383988
1005001699746104
4001212313020
1005002032762896
1005002008117179
1005001457773654
1005002315371182
1005002287276220
33063391269
1005002340388131
1005002394373853
33037110966
10000138625352
32838892350
1005001603434957
4000751163265
1005001884481917
1005001531668905
1005001790033758
1005001351700884
4000154193409
1005001354439235
4000143911961
32968715624
32903818647
1005001762942160
33018567073
4000932674241
32980345017
4000314243061
32853818448
4000694251410
1005002256640248
4000771134812
1005002295596812
1005002276873832
1005002218110751
4000255380930
1005001700051516
1005002305650159
4001225347771
1005001584697793
4000472732477
4000480541052
4000986445606
1005002197185670
1005002406348334
1005002226907402
4001139128247
4001252490039
1005002309536736
1005002006458909
1005002352696698
33046018840
4000019644105
1005001931163405
1005001824717584
4001134143110
1005002066564074
1005001813189736
4000644475917
32967530769
1005002345363604
1005001447475291
32529896774
1005002289434836
1005002470083091
32815628819
32316602456
33059611644
1005002177891220
1005002352758069
1005002438816216
32345965387
1005002085006298
4000291421526
1005002358713237
1005002054995519
2052304286
4000126012063
4000448883839
4000300324552
4001230453050
4000075503285
4000921024792
1005001604880208
1005002376484897
1005001717409188
1005001895725504
1005002321471442
32820792911
32819752862
1005002279112706
4000027386175
4001141989684
1005002285890589
33043792822
1005001975153290
1005002187110810
32962557997
33017873869
4001361075988
4001234257533
33007898389
32981533748
4001054551965
1005002217949980
4001121836331
1005001791781265
1005002220290322
32883834430
32892495016
1005001762255122
32250310109
1005002186106655
1005002332342187
32765486487
1005001728442772
32957372675
4000338850144
1005002324057364
4001064279665
4000054643393
1005001756653514
1005002326531155
1005001763001000
32916342110
32521127620
4000465853977
1005001307590728
1005002329338857
32883687477
4000196634057
1005001567759890
32956327935
10050016376718841005002319005516
1005002001090935
32920049720
33045579130
1005002219427172
32608154908
1005002283466785
1005001877459040
33033915498
4000381089914
1005001458393276
4001226925525
32790221539
32815566202
1005002483888225
4001069090760
1005002245181534
1005001525546773
1005001928649040
10000112773424
1005002293553584
1005002084643063
4001153496419
1005001626118808
4001178701155
1005001398644661
1005002293929723
4000781165280
4001039201895
32848978730
4000202410162
1005002234976383
1005002425852886
2035506505
32962193488
32851976832
1005002004870041
1005001525079755
1005002329637868
1005002452878113
32956220471
4000953675363
32674362370
1005002363378902
32970216451
32970478687
1005002256474244
1005002286956515
1005002314279560
4001278817845
1005002059267250
32965398532
32904294586
4000064655237
4000509122972
1005002413289347
1005002334836527
1005002323495755
10000001380486
1005002447714250
4001327175089
10000000399247
4000500774232
4000403032730
1005002281788833
1005002048910063
4000717327794
4001338401500
4001217505727
1005002447127912
1005002323490475
32617737500
1005002192532127
4000798115173
1005002301401764
33023563948
1005002461091751
1005002215089267
32974476207
1005001515986082
4000249275717
4000089904196
1005001999237810
1005002447001401
4000507175004
32949890712
1005001657843039
1005002049036189
4000366845601
1005002394420089
4000558730721
1005002371739400
1005001756578102
32882604768
32897881901
32919717961
1005002206456442
32923103415
1005002167041713
1005002303927760
1005001415249418
1005002319053522
32846856655
1005002312778975
1005002324539650
1005001453581331
1005001963606813
1005001482924706
1005002313481716
1005002350811383
32994864950
32954311399
1005001398531670
1005001781017214
4000786957590
2018577400
32972993798
4001312925807
1005002313763762
32648099099
32924929908
33016011112
1005002342742038
1005001265311297
1005002400824865
32733657420
4001149706398
1005002311225216
4000546607395
1005002370177050
4001133062742
1005001451769201
1005001659150074
33041326727
32987338731
1005002352553015
4000319403867
32800674260
1005002232768669
1005002289220891
32978530097
1005002380885843
1005002460748806
1005001763555036
4000414543912
1005002364078336
33051104731
33024488673
1000005708088
4001121817282
33031279166
1005001439076716
1005001731411683
4000816892860
32827034114
1005001922794293
1005001411379418
32919267991
1005002167383203
1005002282009043
32818261513
32885832094
1005002302358734
4000219373662
1005002260104808
1005001687951245
1005002423199209
1005001451636609
4000184012605
1005002392630300
1005002353119522
4000437886287
32853388825
32841236544
1005002356832496
32453983677
32706061752
1005001972035794
4001175404385
1005002489334825
1005001637870479
1005002413886645
4001268281885
1005001864375527
4001176014732
1005001961812869
32900529135
1005002418051124
1005002394890052
1005002120569693
1005002006164958
1005002314398549
1005002317042052
1005002234025146
1005001527503846
1005002316965521
1005002438282063
1005001467370493
32986539555
4000895730179
4001364094560
1005002260134727
32832528327
1005002406964379
1005001839933393
4000307198310
1005002305267098
1005001417549203
4000903029764
1005002314297618
4000594741623
33004382915
1005002220129699
32814372820
10000171864985
1005002298927146
1005001617838305
1005001810789836
1005002336529207
4000763788050
4001264446505
4001211678128
4000713843922
32830384335
1005001861025055
1005001846841188
4001282510815
32926023777
1005001882173743
1005002247158287
1005002498449115
32965651791
32924696704
4000808465471
1005001765520264
4001350040051
515999977
1005001680385871
1005001397202104
1005002475916432
1005001633126113
4001220260412
1005001355274896
10000146390159
4000737790677
4000958817691
1005002421031659
33021930933
32961890439
4000393376037
1005001765784209
1005001320938978
32831297711
1005002190843040
4000418963266
32857303029
1005001345682920
32842941219
1005002398733822
1005001959557026
4001123264619
1005002030449073
4001317586949
4000985108968
4000934411681
1005002230091008
4001228795569
1005001692359344
4000433811823
1005001374506629
4000007680884
4000309732120
4000494661365
32889205415
32835167211
1005002349599902
1005002475616271
1005002490708062
1005001288165455
1005002210878247
32848028634
32961568112
32847647945
1005002454048806
4000309483832
1005001519404473
33043087167
1005002388463127
32881507862
32941139515
33021794944
1005002211529434
1005001803565287
1005001730675587
1005002248125552
1005001470804815
1005001572668634
1005002322038210
1005002424906820
1005001596784334
1005002322498433
1005002043068345
4001027437111
1005002438738560
4000630937913
32833648413
4001029763684
1005002394204730
1005002314276856
1005001973561439
4000099026685
1005002205227778
1005002055017440
1005001335986488
1005002348147700
4000795083596
32942074305
1005002238199036
33041960282
4001263285209
4001120070568
1005002318862268
1005001314299023
1005002500705691
1005001636638091
1005002283891024
1005001388375496
1005002381566714
1005001360809538
1005002495185854
32667049387
4001053021415
1005001587990920
1005001703910904
1005002426549482
1005001485511135
1005002364155226
4000758403993
1005002090131781
32915249381
1005001559891448
32347090795
1005002353677747
1005001552167151
32658672849
1005002242223276
32824251264
1005002386712466
1005001948846636
1005002317494945
1005001870779470
1005001755979908
1005002280661731
1005002345001271
1005001701167700
1005002000378049
1005002489196098
1005001485775328
1005002069153679
1005002432798160
32794923621
1005002354010493
1005002327750610
32880581255
1005002332998054
32997426439
1005002379165321
4000982996544
4000083491763
1005002355255228
4001237292251
1005002319218813
1935794924
1005002323080365
33030678455
33024681932
4000285399104
32867282387
1005001580833923
4000828390525
1005002431560907
32440106698
32959450243
1005001914046167
1005002348232593
1005001960483156
1005002288058510
4000926689905
4001274084620
1005002016856717
4001299160740
33020652303
1005002313847287
32990817916
4001103455486
1005001907092144
32898296519
4000091155520
1005001527595734
33003016188
1005001855872181
32898941318
1005002374794714
1005001737488861
1005001731138509
1005002253700231
1005002346445239
1005001591049129
1005001466658364
32918821468
4001210814306
4000501658748
1005002381945593
33029662205
1005002309682455
4001005065775
1005002388089969
33036070367
1005001590969576
1005002353360208
32867513060
4001260092138
1005002028148403
1005002362414497
4000313728895
1005001612635234
2027478291
1005002495641304
32975542095
1005001387174742
10000190147192
1005001958316730
1005002453632507
32926711133
32967800693
1005002431583356
1005002247020067
4000157560733
1005001761597969
4000161915258
1005002457985177
343021380
4001195477225
32955052004
4000706478536
32950589291
1005002032210420
4001080796535
1005002314316597
32996112216
1005002290252117
1005001782422604
33027549056
32907036945
32844760314
1005001593242153
4000212069816
1005002331189717
32994537360
1005002114688461
1005002462051961
1005001485496106
1005001681222352
1005001882400583
1005001348076144
1005001594814043
1005002044314387
1005001800739190
1005002321895466
1005002337444106
1005002070448945
1005001873844895
4000640987398
4001054511623
32693876699
4001094038464
32877212534
1005002362396683
33039157272
1864098062
1005002356221831
1005002304738241
32871363588
1005002193963021
4000905907678
4001259766301
1005002438746912
4000823422718
1005002449567943
1005001616974204
1005001895606485
32664200882
4000032494170
32956375521
1005002323078625
1005002422961687
32962623487
1005002100495122
32720434290
1005002338061395
32884974442
1005002488877209
1005002165839369
1005001966463044
32916651810
1005002425239827
1005002257918930
1005002338090475
1005002385648854
1005001685866387
4001274370430
32993879276
33045392728
4000869286637
4000441511347
4001214190779
4001284262557
1005002270807119
1005001773365513
1005002119675888
32836291201
1005002355615359
1005002389810314
4000559112846
1005001615561313
1005002024836897
1005002198834368
1005001688805810
32810852984
1005002344960680
1005002314339465
1005002330087118
32948180861
4000926112528
1005001398642659
32965894692
4000966189536
32973362770
32812975030
1005001620969502
1005002287167632
4000028858766
4001259011768
1005002271540659
32976807207
4001162089398
1005002351297258
4000331964604
1005002436560546
1005002251935028
32874338075
4001272237000
1005001380555378
4000308857724
4000833592809
1005001340199185
1005002129901078
1005002392041832
32665636394
1005002323557329
1005002258256341
32980466372
1005001620560527
1005001584444686
1005002219562007
32818981203
33057056521
32911694832
4000414278273
4001200348125
32610101106
1005002136342020
1005002362383797
32972507275
32922479152
1005002364624323
1005002348515383
1005002186306609
4000320263760
1005002359835426
32861439422
1005001278408482
1005002246724711
33021226077
4001179721296
1005002342044058
1005001424938789
4000689626366
32864899950
10000274693496
32886481734
4000109032148
1005001792397526
1005002381155187
1005001839575329
4000284184847
33064511206
1005002459079712
1005001518244677
1005002329041891
1005002234497016
1005002221382319
1005001304073821
1005002395480646
32816768163
4001060626541
1005002494800623
32905735192
32651179723
1005001387968531
1005001291681609
4000200811865
4001127797277
4001065980250
1005001762861603
32822678555
1005002294377923
1005002273851581
1005002495216766
1005002309269445
32975480474
1005001511192201
1005002024098040
1005002090595401
32613939681
1005002256135602
4000945185821
4001318512086
4000773014126
32793202164
1005001723928509
33059259688
32961412654
4000955174546
1005002399083524
1005001438824529
1005002492672465
1005001693451268
32959207332
1005002129057814
1005002282277399
1005002290205010
4000528159972
1005001970882045
32951049238
10000027916410
32802600170
1005001445773182
1000007237556
4000884969213
32899811925
1005002217661899
4001054540879
1005001648706287
33054395487
4001083821731
1005002277376031
32594605857
1005002482998778
4001028724042
1005002496413753
33062407478
32685745408
4000808980664
1005002094104142
33015866400
32872591022
32840836798
32933038651
4001107580204
32912451796
1005002288580972
32857285513
32891390091
1005002377665107
1005002254448237
1005001967248299
4000486730120
2052471553
1005001322084003
32831829309
1005001731542223
1005002326262749
1005002079078668
1005002350546076
32866737084
4000666526683
4000869015063
1005002222754198
32964636105
1005001962825670
32915312743
4000333065931
4000200427659
1005002047241692
4001111858252
1005001593542746
1005002300618701
4001321382274
1005002309247862
1005001910261189
1005001445148469
32817184824
1005001733161287
33000721008
1005002315357172
33024815844
32858441769
1005001982919718
1005001726685878
32913987529
1005002304422178
33043211644
1005002140318522
4001159910145
4000607257125
32788895562
4001134715797
32991804361
4000270333904
1005001978861059
1005001609610829
32865467697
4000781576219
1005002381446963
4000114612541
1005002386264958
32956610476
1005002476149001
1005002065905221
1005002363083578
4001263678264
1005002340931554
32885413420
1005001739453970
1005001612515124
1005002012392378
32867029393
4000100767462
4000846699695
1005001408020592
4000927946343
32812193396
1005002255226593
1005001587673781
1005002328737304
1005001680391927
1005001648984466
1005001780540609
4000018102185
1005002175002200
1005002086531173
33008464021
4000785032598
1005001515782914
1005001463995967
33010653227
1005002053957012
1005002379566170
1005002401053231
1005001698643043
1005002438668158
4000816156399
1005002453273039
32839467122
1005001914306551
4000544041018
1005002454329174
32957454990
1005001708702909
1005002280635955
1005001872550764
4001108467778
32703454662
1005001290949096
32861275601
4000181294954
4000902165871
1005001510541694
1005002248501939
4001306653176
1005002352615670
1005002206372285
33029564647
33035239814
1005001863691473
32955366530
33003815001
32982297517
32870108036
4000833865335
32847188772
4000249624380
1005002006423628
33024201890
4000787028078
1005002367028033
4000964215077
1005001948307214
1005002313055391
33004704815
4000500389560
1005001460601487
1005002460037404
1005001736295911
1005001638019416
4000390390427
1005002309888313
32877614695
1005002005933802
1005002340295124
32970370564
1005002122298609
1005002488474020
32611703129
1005002240563934
4001131438749
1005002313262342
32721208349
4000206807645
32969641557
1005002296324450
32970755021
4001095440724
4001057569097
1005001392984932
32806224340
4000702182165
1005002246818905
4000836223394
1005002445889427
32891438672
33027517537
4000796788355
4001138569566
4000911028514
1005001685100659
4000845618205
1005002448610099
1005001450080953
4001062238334
1005001764783399
1005002319548925
32918872135
10000395863794
32799296805
32727815432
1005001844007780
1005002186188295
4000049650223
4000368161340
4000397493801
1005002378450501
1005002346941227
1005002477806403
4000459274525
1005001290333738
4001001918996
1005001468030428
1005002171860327
32926839305
32829159208
1005002242330409
4000012417654
32427082136
1005001326026507
1005002204095966
1005001732873394
32923995761
1005001633384122
4000903011851
1005002454168363
1005002266561687
1005002335314208
1005001367688434
1005002449885389
1005001652426041
32991458255
33020016099
32958422700
32961292675
4001175977088
4000498063661
4000190138203
32982388911
32889370566
1005002266395110
32952708327
1005001332641108
1005001804237176
1005001596727181
1005001862607256
32967686125
4000018849675
1005001580408363
1005002375364332
32972231293
32883597110
33040954661
32786349941
1005002252465040
1005002361722311
1005002383740496
32919318163
33046697906
32804081973
32789424467
4000014912496
1005002234485514
1005001704139183
1005002267541948
4001314817031
32988993499
32968241426
32883970563
4000054353746
4000229883429
1005002423613946
1005001671113290
4000642248466
32976131247
1005002329031569
1005001763319863
32888987403
1005001818888627
1005002224604118
1005002319327276
1005002198933932
1005002342410614
1005002318729934
10000181113399
1005001989488228
1005001988114069
32981345848
1005002241604649
4000829418273
1005002331924584
32997474891
4001193148074
1005001998023848
1005001425212986
1005001529326939
4000074153817
1005002252928301
1005001515891762
1005002358720226
32847139790
1005002381004202
1005002378139966
33003431573
1005002414408403
4001206073147
33040747976
32852982184
1005001963558019
32991296337
33001558696
1549625804
4001098310865
1005002250310748
1005001971459384
4001274618047
1005002453529858
1005002396498029
32865640256
1005002468351604
1005001780387818
32995794281
1005001693589866
4000258404578
1005002314188492
4001212006537
32784604085
33049089027
1005002347254042
4001228598965
1005001698107527
32849833884
32885765934
32911561334
1005002309667646
32634375723
1005001439124482
1005002024909087
4000409294312
1005001570709778
1005002007738694
32736686458
33042536236
1005001405244854
1005001407528066
1005001677241834
32910548113
1005002285923513
1005001711749206
32854524701
32435425196
1005002485297899
33063154575
3282017001133019863746
32870394605
1005002314414897
1005002190038731
32789306754
32950025245
33051974619
1005001329271573
1005002076596662
32968253663
1005002023666279
32907837788
1005001287030247
1005001820955207
1005001274909420
32529439369
1005002205762109
4001146572051
33024938141
4000611458840
1005001559865404
1005001946845439
1005002339464550
1005002332402385
32975384500
1005001851411645
32948179842
4001315775171
1005002235938102
1005002315354597
1005002267534596
4000140517065
4000086772637
1005002182486569
1005002344742199
1005001887843789
33044612807
1005001672000117
1005002418120211
4000264143159
32734204158
32968590647
32983310532
4001037710573
4001317685654
1005002314909389
32759823255
33046320367
1005002357890814
32801034826
1005001366582298
32982177628
1005001929078558
1005002375413653
32878624040
4001082916425
4000261680689
32990030088
1005001942858314
1005002292512134
4001287043398
1005001567937680
4000449806498
32660064268
1005001609180830
32950376092
1005002387916892
32809631905
10000395933761
1005002302643486
32655345337
4000606128508
32722184863
4001279767828
1005001501533314
1005002191361899
4001052950508
32855325947
1005002157268953
32989046077
33014249752
1005001345862283
4001252118546
1005002395716761
1005002351795499
1005001839650344
32948994557
1005001571306032
4001162285393
32879635962
32806136423
4000321715393
1005001961013859
32983564941
4001333072244
33008609857
1005001764277492
33027513937
1005001782996847
1005001525367782
4000360089498
4001192092810
1005002240702551
4001016212431
33046691731
1005001861520550
4000354025305
1005001286939217
1005002350708628
1005002500332354
4001360165969
1005002003179693
1005001442797029
1005002225304487
1005001500539239
1000007379462
1005002413336051
32957351448
1005001618250161
1005001388882800
1005002038701697
32826526921
33009492247
1005001781455854
1005002483145448
1005002334272098
32920744927
1005002198260757
32844091683
32964166715
1005002433075820
1005002288096299
4000785748442
1005002375118550
1005002398490775
1005002483081056
4000036016340
1814455985
1005001566278025
1005002035619612
32630086465
4000711502316
32728986128
1005002346461144
1005002266181825
4000336625243
1005001620687924
33055241331
4000317031171
32437004735
4000533456715
1005002473989040
1005001566263838
1005001316376405
32571750439
1005002314304276
4000929807004
1005001992120451
4000443847223
1005002364469790
4001235189958
32948515214
32954432213
1005002238460206
32859418463
1005001728255836
1005002357882637
4001275288734
1005002277582230
1005002100693529
33055698522
1005002428524116
4001108202489
1005001709996198
4000924297488
4001104497802
1005001296188698
32797133954
4000035665077
32704694590
1005002061618555
1005002490978589
4000045433075
1005002388790714
32803027754
1005002082650788
1005002167901059
32948394870
32997151984
1005001804041638
32976694880
32887654272
4000595583633
32859926894
1005002389660480
1005002478799131
1005002457393883
1005002137359212
4000773655315
33000808611
32960640597
1005001533879665
33044468859
32999153347
1005001914412687
32956149800
1005002283075760
4000162081235
32716046803
32880248740
32994896069
1005002475099449
32931497871
4000635989140
1005001501777642
1005002212609563
1005002341861045
32967482194
4000786093217
1005001863970973
4000333574432
1005001588146582
10000152860000
32850745305
1005001356054154
1005001710284291
1005001356701524
1005002321437781
32744958553
1005002052655470
4000413595698
32462567273
32848770899
4001270856573
1005001503373205
4000955844139
1005002371947138
4000325768471
4000356105348
1005001593702218
1005002314322214
1005002327721447
4000720164777
1005002495666703
32991301613
32418302565
1005002166165673
1005002276643487
4000114184805
33024596444
32923708243
1005001507474596
1005002341268581
32824649913
32408949518
32687169651
32926054474
1005001893301995
1005002227481962
32351841607
4001298429833
32616793712
1005001689112093
1005002122612014
4001102845444
1005002156350013
4001130017880
1005002134770994
1005002314333269
32954843318
1005002211542707
4000534524422
1005002123494727
1005002283089923
33027405248
33041077300
32949226455
1005002393174604
1005002490394607
1005002490356654
4000820837867
4000469309444
1005001726403502
4000888595375
4001168840715
1005002286059322
4000545956670
1005002410188857
32871798925
4001131972775
1005002179631109
32836409538
1005001462062439
1005002439123183
4000164208003
1005001295746207
1005002381285388
1005002433804854
4000561785763
1005002382188905
1005001542553789
1005002115697496
32847542033
33008722749
32994170520
32845486134
32837221906
4001076442828
32730368043
1005002426426073
1005002223826798
32512886340
32919453930
1005002394389112
1005002167945068
4000120951584
32873359840
1005002350506298
1005001603571469
1005002009702212
32612651734
1005002398941694
32968386094
4000970582010
32961164929
4000207311078
32962857364
1005002376148095
1005002319393191
1005002387127181
4000898568676
1005001847078033
1005002248630692
1005002318771760
1005002302382380
1005001906774903
4001059550642
10000209705566
4000956231215
32993122770
1774127527
1005001591706516
32993209291
4000065874033
1005001335616410
32854697043
32917783132
4001156322587
4000998949638
4000219063133
1005002239053614
1005002342982856
1005002459943149
4001061965765
4000819730652
32945586836
1005001856719870
10000402405465
1005002021936922
1005002107856248
4001225284320
32818310139
4001064853275
1005001468837948
1005002362333103
4000460396061
1005001680013386
32958094132
33038855089
1005002241421667
32627880847
32800802366
1005002177371674
33000276235
32801602744
1005001315517336
32949722444
1005002314657113
1005001530140473
32962238244
32230038891
1005002186044084
4000087866364
1005002228405395
1005002364224463
1005002342253970
1005002400846835
4000770941047
635367959
1005001626397283
1005001525427305
32308391543
4000123062570
1005001493744682
4000168001100
4000491965177
4000162863934
1005002198251113
1005002342058564
1005002116567388
1005002331958551
1005002332998741
1005002287609536
1005002454360734
1005001858502354
32845668251
33044813266
32546529083
32865026325
1005002282007421
1005002388023967
32842012591
32906370856
1005002274179085
33031445067
1005002319236922
4000363179339
32724380064
1005002363061870
32971002805
32893891068
1005002318745641
1005002206236228
32885041249
1005001470145143
32858222865
1005001417544670
4001034464864
32909770267
1005002357778783
1005001320514289
1005002471134729
1005002388437009
1005001792456721
32330335725
1005001803729295
4001331096330
1005001882775050
1005002399049137
33052540635
32993285493
4000459581517
1005002470588526
1005002341612143
1005001483394266
1005002341676013
1005001596982074
4000820516286
32902296199
4000808676192
4000540026579
1005002401635435
1005002242750770
1005001701363561
32852369328
1005002467608138
32836872480
10000220903853
4000431257924
4000981195383
1005001577589334
1005002304305726
1005001706459948
32834757383
32829445819
4000921850329
4001313561380
4001180690058
4000078748561
32822498501
1005002337255240
1005001948150071
4000580069304
32988242333
1005001412855708
1005001386965125
4000661354858
1005002289044258
32840783821
1005002234995297
1005001607632769
1005002166538866
1005002367722205
33045120600
4000576506931
32511174434
1005002115200790
1005001628680043
1005002408584150
1005002352952312
4001094633502
4000927286379
32723228378
1005002246290642
4001080897598
32974291064
1005001441571943
1005002060607915
1005002255114518
32891200882
1005001756737882
33024636622
32856552011
1005002365892993
33058197317
32859320664
33016695768
1005001934578365
4000184185370
1005001764811623
1005001391929374
4000358163170
1005001836314079
32988336130
1005001584657883
1005001793968141
4000438242775
4001214275259
1005002263438299
1005002430209388
1005002367932596
1005001368116046
4000268870842
1005001525474391
1005002323803089
1005001500712385
1005001489999062
1834584899
32582567628
32882085584
1005002386653214
1005001856852468
1005002394192122
32974128805
4001088068484
32970408289
33024189710
32855347729
32829931191
1005001762394057
33040848844
1005002337539415
1005002083612697
1005001494770443
4001224122606
1005001859830853
32370564753
4001228502774
33046062551
1005001652926550
1005001571304182
1005002484808292
32902058745
1005001722962666
1005002247783435
32912235321
4000521616563
1005001847015955
32848958900
4000531116873
4001130859919
1005002374604198
4001189697286
4000097382737
4000624172688
33031361280
1005001893819474
32976687823
1005002035176712
4001263861635
1005002421449568
10000395935689
1005002222077013
32919373267
4000822156342
1005001648149130
1005002310305561
1005002122274845
1005001426583980
32810196307
1005002310759334
1005002296681640
1005001834921695
1005001953081446
33016466575
1005002146263068
32653643120
1005002305098588
4000095922383
32975483477
33005592143
32843869983
32948130436
1005002332352575
1005002386965223
1005002342348851
32697879718
32848988433
4000231652034
10000395942979
32974057327
4000628231623
32960291244
4001228699057
32897458208
32396317840
1005002261564220
4001220805110
32993964301
4001316748648
1005002286196838
32973433541
32900329605
1005002476255849
33006293780
4001101272993
32974909523
1005002331234316
32889098124
1005002293950621
1005002466508903
32890296174
32851135991
4000959205064
1005002012195105
1005001327173959
1005001884551740
4000076780212
1005001831992766
4001360704253
4000072288202
1005002308832696
1005002235924501
4001093472614
32899642696
4001188333186
32802476141
1005002143704254
32846340937
32948085472
1005002314182718
1005002500520170
1005002419167656
4000524417163
4001143631065
32638668311
1005002376482110
1005002211414910
4000212076073
4000828312411
32903827887
32924552829
32913440519
1005002116047044
1005001928705306
4000822331343
4000794922462
4000287601249
1005002224075671
4001147995167
32879016371
32425035338
4001290177172
32831223884
1005002253576251
1005002388764802
4000679999922
1005002323651726
1005001861213474
1005002309166231
1005002239685365
1005002099315695
32858153098
1005001597166099
1005002346475989
1005002388116342
1005002490282050
33038813207
1005002364692105
32993150981
1005002392021705
32869085775
1005002288423914
32883810007
32955386720
32914311032
1005002443068889
1005002347089261
1005002327327055
1005002212005625
1005002312122568
1005001835195384
4001260483381
1005002327799947
4000381008878
33015687414
32608134470
1005002404797322
1005002336198872
1005002321809427
4001158996327
33027102490
1005002234889597
32767161906
1005002299702593
4000755441247
4000589193399
4000414089160
32959643230
32826381860
4000715005457
32918017304
1005001860294593
4000542721924
1005002454310467
1005002330699642
4000742586867
1005001666001158
4001365689666
1005001607647582
33006095708
1005002453567915
4000767460865
1005002123895788
32972383366
10000320509889
1005001439638770
4000190291620
4000499040500
1005002037111741
4001065979182
32785912993
4000411618596
1005001483612911
1005002449740706
33041670352
1005001518746604
1005001383362948
1005001616399477
4001221433774
1005002363035035
1005002172346042
1005002430920724
4001190606782
1005001646560016
32971999323
32999763388
4000344273324
1005002021767853
1005001737493995
1005002114586651
4001204938223
1005002375790681
1005002490220078
4001236521429
1005002400557353
32895861675
32965118153
1005001648801295
1005001309068697
1005002324029510
32705911875
32684487721
32981509376
1005001588170637
1005002365188961
1005001701133568
4000609045869
1005002401454405
32917879958
4000149126404
4000511377283
4001203861520
1005001875228494
4001160469003
1005001593172623
1005002375291903
4001047734439
1005002312097573
1005001921252913
1005001874033276
1005002004233107
1005001934483061
33056332183
4000246582739
1005002326794689
1005001878933914
4001250812386
32751944292
32920883242
32773714460
1005001621209307
33057152642
4000309574202
1005002367623538
32890193430
32650398420
4000681460055
1005001752885907
32990122387
32962396890
33001830161
33008241348
1005001436281348
1005001518274503
33004765401
1005002334012557
1005002419307154
1005002458250612
32944136221
32990978701
1005001412732135
1005002418584062
1005002168097891
1005001367988311
1005001763045842
32964716248
1005002360034601
1005002350181104
1005001503314150
1005001998528555
1005002236170539
1005001727327422
32873391595
1005002387404711
4000085502958
1005002268460658
4001251434150
32836465473
1005002223268236
32896591310
32762949433
32954037513
1005002426493382
1005002357461675
4000610262971
4001040065680
1005002129339694
1005002400485270
1005002352275741
1005002454367573
32655196120
32862946038
32704962338
32930492968
1005001552678283
1005002286932407
1005001930280939
1005002311581473
4000699581313
1000001838384
1005001756177473
4001118222792
4000070384985
4000083564661
32830228810
32846399189
32927140591
4000181127547
4000931868748
1005002253170526
32837331433
1005002350170877
1005002259971807
32981343206
1005002362992102
32980520329
32250513257
1005002245410932
1005002128469074
1005002383212307
4001256452173
1005002175098328
4001276004408
32974192402
32366574444
1005001847942237
1005001705468151
4001260449062
1005002433811519
1005001687792745
1005002413540636
4000802186952
1005002328408773
1005001860949066
32814699141
1005002482192711
1005001447126482
1005002244126416
1005002206606227
1005002357569551
32961994654
1005002049328991
1005001461707919
32962499868
1005001890117268
32958933248
4001014715517
32655238695
4000808287840
4000545818139
32364522784
32966630720
1005002431963524
1005002301378307
32992781785
4000382127112
4000483815319
1005002124419520
1005002431564130
4001062063593
4001260102376
1005001623349327
1005002064081209
4001287242258
4000974976082
32963766298
32989956936
32965454107
4001279007085
1005002357709492
1005002405670357
1005002303901304
1005001359973581
32843723994
1005002295364680
32780259320
33041779754
4001107627915
1005001965445568
1005001966316444
33021048091
1005002437877069
1005001888032071
32844815064
1005002064662956
1005001983617138
10000055720317
1005001736728498
4000016497010
32891622630
4001093964107
1005002404293490
1005002142986775
32976252573
4000630842156
32636715750
1005001453392175
4000124914730
32616256763
1005002266374138
32808966850
1005001679060392
32962013409
4000213256121
32369187259
4000322043580
32791454674
1005001386266782
1005001297265297
1005001893907744
1005002314462070
33010884668
1005002377040555
1005002206476853
1005001377353351
1005002198722727
1005001498906603
10000400063506
1005001540907472
4000807905932
32831976552
4000974422052
1005002001515550
1005002238811107
32674122836
1005002080620613
1005002185265682
4000015695031
1005002294178887
1005002438384257
1005002390227718
32967441019
1005001973295029
4000122455361
4000990042478
1005002468149998
1005001494214332
1005002314800373
4000123074046
1005002423905713
4000934245640
1005001350443495
1005002291040003
1005002332970794
1005002384941593
33016254736
4000090024461
1005002286111459
40005051088041005002305331609
33047067665
33020617004
33002747207
1005002262293459
32954489776
1005001371757149
32745688554
33012443945
1005002322705078
1005002289003017
1005002499690220
1005001555068293
4000097495168
33008324024
1005002295381786
4001230466714
1005001516038002
1005002376718394
1005002301781596
1005002094990831
1005001665820762
1005001727087901
1005002319314059
1895387093
1391650219
4000842969740
1005002423227274
1005002312077764
4000831923635
32888811526
33044682539
4001008065318
32352823923
1005002212453833
1005001946336099
1005001998348457
1005001679543032
32969010724
32719405651
4001228608342
32860374177
1005002123855526
1005002376496362
32717405089
4000808539465
32829580679
32917457032
1005001495785519
32869009572
32427741657
1005002292297336
1005001960371444
4000582338029
1005001957539854
1005001501342577
4000150208469
32968867916
1005002149208855
4001237762470
4001164128144
32816781967
32984062293
10000355120117
4000997017888
1005001865121077
1005002052737225
1005001518492238
1005001576740562
32873451572
1005002124252673
4000493018337
1005001899997719
32945976770
32952408145
1005001834537561
32850239455
4001055226189
1005002287667030
33046340419
4001182467375
10000395846050
33004553888
4000182571742
1005002179640931
32971870316
1005001376365298
4001133957785
32901268862
32976042805
32793620042
1005001415746673
1005002143864599
1005002305016079
1971701286
32977599320
32756629189
1005001927668793
1005002235648517
4001085476066
4001206782533
4000317185844
1005002396288305
1005001382062683
1005002375463457
4000823491721
10000026899062
33030005000
32909866835
1005001821453043
32787923599
4000850417834
1005001368619979
1005001559304372
1005002104379897
4000028648288
1005002305010756
32413812587
4000258544355
4000589440433
1005001731140580
32948170457
1005001603773121
4000909500574
1005002224629268
4000899281327
1005001405068540
1005002314246122
1005001851095694
33001882984
4001270392380
1005002311057791
1005002329031369
4000199785433
32859377504
10000395932242
1995416768
32956200642
1005002317141452
32908671964
1005001626045423
1005001793175435
1005002482264633
4000781346510
32945651681
4000306752630
1005001446813543
1005002064726112
1005001845680215
4000404792428
32826683270
1005002295532192
1005002258105029
32818768747
1005002294302340
32995473638
32953579846
4001213255031
32637568701
1005002051278326
1391662552
4000017776273
1005002166437801
1005002274309278
32762231896
32835546668
1005001598070757
32840131258
32959995089
1005001869478759
4000203386165
32983806640
1005002312975830
1005002222746566
1005002105453965
4000519868696
4001093398554
1005002359335504
32861924091
1005001892304009
32957887747
32787359174
32850963928
1005002254044681
4000542640817
1005002392483460
4001257637126
4001297702551
4000178196640
32947776807
32957639490
32768349711
4001253078336
32330666906
1005001469357623
10000198984173
32967852066
4001226158070
1005001354253470
1005002369545164
4000283648319
32832422110
1005002431086564
1005002400317347
33012503624
32995430982
32604681262
4000910748234
1005002288603275
1005002398908406
1005001530075833
1005002228143032
1005001961490805
1005001419136909
1005002360550673
4000850636825
1005001670848514
1005002474987258
1005002313605080
1005001332601563
4000384873863
1005002301831969
4000960610435
1005002283436391
32924078744
1005002283293980
32606862588
1005001765931910
1005002478412742
32987529953
1005001686001460
1005002054726452
32934269475
1005002314405558
1005002356461133
1005001510739751
1005002376247386
33035869879
1005001810964728
1005002293398499
1005002253879779
32917088574
4001228688566
1005002228184673
1005002386751583
4001327775281
4000237880730
32683641931
32854206604
4000831206161
1005002225863529
4000698584080
4001286857630
1005001844388442
32897859833
4001189534598
1005002270264747
10000335693143
1005001518870045
32956049092
1005001496319743
1005002275625857
32489900034
1005002318559015
32915978707
32975705273
4000460741398
1005002028764180
1005001795345456
1005001923984586
1005002091691724
4000901945749
1005002401743791
1005001797802452
1005002281888353
4000766680804
32970306249
33023238786
32482628723
4001115951184
32250945692
32847689065
1005001763429612
32884959698
1005001971646320
32697767049
1005002280606048
1005001340275901
32850628501
32461765408
32997442977
1005002320012488
1005002488699503
4001199807605
4001113359573
1005002314307598
1005001953772057
1005001685260742
32887655184
1005002292214941
1005002465844733
33006134543
1005002313813658
33000432072
1005002264918777
1005002367514189
33019585648
1005002317670024
33035863491
1005002116064478
1005002253009571
4000785144759
4000099480886
1005001864800148
33015079680
1005002174655861
4001262549268
1005002335213085
32933602561
4001041511309
1005002386894839
32815420494
32910667898
1005002084642408
4001228699230
1005001774635570
1005002226080327
32928359848
4000346140940
4001335369586
4000047805001
32919921937
1005002243952480
32852516119
4000879129424
1005001677704143
1005002092278540
1005001962091772
1005002133435230
4000162708274
1005002390670832
4000832045932
4000275121166
32837663787
1005002213320179
1005001671083501
4000717391447
1005002314575886
4000498208813
4000387334044
1005002384797974
1005002185889760
1005001923091282
1005002483807544
32386942662
32745113044
1005002434815002
4000362725758
4001124775961
1005001286532623
32996025248
1005002333327884
4000626954992
32813822777
1005002307628986
32818810056
4001262970015
1005002263298241
1005001930531226
1005002085638367
1005002239233342
1005002392811682
33052867550
1005002315748526
32984138226
32919070356
1005002314490045
32450555103
1005001725892466
1005001431571653
1005002273514117
32366275949
1005001880020635
32909724240
1005002447545229
4000483672725
1005002400332652
4001023187329
32901608353
1005002386108252
32677635199
32299437933
1005002233385152
4001227258447
1005001599164101
32958407663
1005002438634858
1005001739345920
1005001816552534
33012226809
1005001763735304
32846776536
4000039679332
4000794365810
32772451217
1005002413350798
33049639054
1005001862665768
32952126848
1005001333118258
1005002023916518
2013219732
1005001444648823
1005002427985464
1005002370089195
1005001380125316
32796380064
4001276346436
32876051004
4001251994312
33055616263
32732648822
1005001326267082
1005001530300461
1005002347203503
4001226080914
1005002375307637
10000333256335
33048486625
10000420581871
1005001939333020
4001269706108
1005002326126244
1005001340029134
4000076931615
1005002494698142
1005001431567980
32670111854
33042892254
1005002367318738
4000540558114
1005002286320319
32941462605
1005002432977691
4000850479942
1005002301514906
1005001999395831
4000627534599
1005001444473743
32920185844
1005001525013761
1005002370433336
1005002454446888
1005001822401241
1005001413306121
4001145883189
1005001656847470
1005001645507571
4001320537747
4001102769159
4001365008810
4001077269827
1005002513599295
1005001405158341
33004260351
1005001485595837
1005001430723815
1005001736194889
1005001808112192
1005001510075626
1005002483773079
1005001324853026
1005002323061813
1005002399238233
33021396979
1005002049950437
32931417312
1005001789172824
1005001441380026
1005002146588058
33007086132
32897184606
4000927179403
1005002200702821
10000149128687
1005002193932783
1005001501225698
1005002305000629
1005002470892038
1977534624
1005001604862343
1005002270581963
32588986258
1005002448939715
1005002086210987
4000960559730
1005002381099862
32856709502
4000121330294
4000927823646
4000401272573
4000796420629
1005002485020692
1005002340855819
1005002074613378
4000076997737
1005002360051022
1005002336447874
1005002347955802
1005002394826902
4001175618268
1005002393129049
1005002279198137
1005002364663857
1005001984463788
10000089270793
1005001607813323
1005002275543407
32830845922
4000096208826
1005002319663061
1005002362858993
4001102955561
4000938680539
1005002310996290
32805467608
32852514668
1005001451365971
32856218106
1005002316849397
1005002157141969
1005002314450391
1005002073683911
32950190399
1005002448712913
32904130230
1005001445988821
1005002304243578
1763776454
1005001321003617
1005001935230727
1005002129381418
33028555310
32609785525
1005002410011863
33034607808
1005001355301932
4000231556708
32822883119
1005002275093809
1005001425403330
4000781783119
32989677373
1005002239503220
4000462723108
4000916898162
4000426276746
4000551688933
1005002191055462
4000429536994
1005001792145577
1005001418540971
4001259812875
4000630464855
1005002402510623
4001031709985
4001177214199
32942133588
1005002377475327
4000204789993
1005001398557632
1005001341121819
32813270976
1005002267545168
1005002318406715
32849836437
1005002358526034
32986200842
1005002375023159
1005002108636347
32889672076
32841776339
4000846824807
1005001797072602
10000414029015
4001236945051
1005002449038617
4000711894844
4000768415667
32389373859
4000122116371
1005001984351621
32859412545
4001311111720
4000696294788
1005002383705050
1005001519386034
1005002359271439
1005002266424965
1005001821050825
4000941518053
4001326655052
4000959301129
1005002132413908
32688354698
1005002282689583
10000001310591
32938264585
1005001844635265
32967613744
32997466427
32997425776
1005002311674476
1005002416495050
4001338155636
1005001758588540
4000731005530
1005002259782560
1005001349026136
1005002314306545
4000783841662
32964259420
32953077186
1005001473778343
32369063535
1005001860837546
1005002466207001
1005002065947939
1005002423306484
1005001901363856
4000289778093
32803327074
32955072910
4000243615212
1005002413793552
1005002065502576
1005002330775429
1005001444915884
1005002268799426
1005001705044383
1005001751898809
4000546161072
1005002344014911
32830854242
1005002310951269
4000429607569
1005002314322516
1005002231839163
4001090439770
1005002342761427
1005001630732660
32800051003
1005002341365107
4000317435403
1005002212099845
4000865469303
32811870306
32966483552
1005001931132996
32960772558
4001005589222
1005002401997002
1005002377216227
4001275936250
32957254117
1005001441210961
32973876691
32850083139
4000232393091
32859032245
1005001351586010
32852162925
1005001611392182
4000626603604
4001322181034
1005001411808328
1005001638284561
1005002363337523
1005002458997278
1005002488978428
1005002388882400
1005001458328549
32960687439
4001076620978
32891180085
1005002324964406
1005002359017663
4000693494846
4001313862289
1005002432638931
4000547931879
1005002321231423
1005001573633645
1005002167749920
4001344856787
1005002180898543
1005001575589309
4000898689003
1005002314351455
33058509963
32982257201
1005001998104460
32819740227
1005002227702918
1005001959763820
10000354548965
4000340166333
32892659583
4001305517060
4001184837974
1005001292229596
32826373289
4000060808217
4000345225797
4001178531558
32950989601
32989530199
32859382566
32845447261
4001103934474
1005002353253315
32993457326
1005001438909370
4001066145940
1005001689523537
1000007838924
1005002019147235
1005001922949180
32970098610
4000267617720
4000253731568
1506292428
32862447335
1005002244183457
1005002322036526
32987134455
1005002288714457
4000333438914
32970565227
1005002146330683
4000203671847
1005001441466486
32897019178
1005002375517613
4001130965382
4000400524178
32813431241
32846563576
4000842958847
32919615099
33002803667
1005001795496631
1005002484506163
1005001826843554
1005001627356568
32407156350
4001062035947
1005001702677480
1005002312531791
4000324774339
1005002318899147
4001176372839
4000686849282
32745665635
10000395829335
32824196268
4000419927132
32948984333
1005001562647898
1005001680475752
1005002338024801
1005001638523826
1005001594779937
1005002410073359
32984043225
1005001602530594
1005001888811319
4000121190523
1005002327748256
32969408370
1005002328503511
32911887138
32976966779
1005002307322038
1005001993258649
4001096031815
1005001380913759
1005002098674342
32994326800
1005002224553305
33040397275
1005002201981251
1005001869251484
1005001474721032
4000692134208
32799673142
4001174753934
4000480056958
4000186340674
1005001920698976
1005002460782399
1005002258579792
1005002183583726
1005002460993130
32996749660
4000257589402
1005002398819971
1005001701165504
4000661090267
1005002281791889
1005002099086792
1005001863911321
1005002388376861
32995445961
32888754481
32854005631
33056986482
1005001730812100
1005002311861420
1005002262295532
32843347740
4001200579772
4000874581350
1005001419302051
1005002004953453
1005002034691796
1005001774072047
32848125810
4000814931980
1005001597166811
32836409981
1005002347094795
1005002480734835
1005002304611897
4001010645148
1005002304438430
1005002401809450
1005002428364822
1005002206184755
1005001293418044
1005002116274478
1005001489085379
1005002023723092
1005001676430682
1005002366543189
4001178931992
4000911848302
33011915136
32966229394
1005002378904385
4000899387116
4001290211843
32909424283
33009598192
1005002393706934
32881883240
1005002281328513
32869535060
1005002390130352
1005001466017146
1005002409681956
1005002277875679
2035870566
4000332447973
32846189441
1005001834837726
1005002017587013
1005001321014406
1005002389707347
1005002227899410
32983161653
4000217023281
32809939427
1005002051528167
1005002368916733
32945028188
4001174582669
4000861396926
1005002436494050
4000322314594
1005002394113045
1005002309328567
1005002260613507
1005001994623008
32957633040
1005001953787824
1005002400231615
4001165686880
1005002436492425
32835480264
1005002072192773
1005002392845729
32920964127
4000682747704
1005002316344252
32897778716
33039340781
32879648209
4001228756062
1005001743130437
32756701293
4000729971213
4001203834404
1005001920781977
32864730377
1005001284655613
32649428026
33007254204
1005001955699433
4000178201983
4000865355673
1005001587397589
4000545585131
1005002461353681
4000426972410
4000179378579
1005002412844197
32880720004
1005002246202150
1005002359673463
33019964428
1005001657022871
4001144507467
1005001315122598
32921104218
33012042850
32729612734
32910150797
32878716519
1005001682144535
4001125642646
4000281156652
33043419642
1005001997767609
4001061445337
1005001387356185
32950981052
4000674921185
32833741929
1005001593237737
32908736124
1005002476597549
32849707042
1005002469837133
4000641974003
1005001885455608
4000921101512
32867576119
1005002389434397
1005001940192939
1005002443618772
1005002258069977
1005002266027414
1005002369094497
1005001295809057
33040791476
32907995522
1005001845567390
1005002206420913
4000480592988
32884425179
1005001782479497
33056004831
1005002280705453
4000789606723
4001225207100
32814593005
4001255585354
32743839765
33032733946
4000830320027
4000311809264
1005002217538267
32620180553
1005002330638599
1005002006293940
33039496655
1005001670716940
33029662712
1005001267691075
1005001845209040
1005002307370391
4001174433590
4000433638543
1005001804717983
4000031405489
1005002405250430
1005001462646929
4000219000857
32579897376
1005002197090251
32949940262
4001104622382
1005001670920081
1005002313801653
4000317992606
32985329283
1005002381308959
4000559150622
10050019331087561005002312467969
1005002024521563
1005002350272996
1005002293835963
1005001846403295
4000302994902
1005002394357480
1005001586162631
4001053830560
1005002196917309
1005001981860854
10000306548309
4000535598477
32867888163
4001017311639
33041549146
1005002421558171
1005001621671285
1005002462962085
32974042719
1005001468492922
1005002320818229
1005002359791329
1005002281428078
33040709677
4001014338720
1005002487767909
1005002428266474
32718889737
4000010481361
1005002301754119
32983129834
1005002480910921
32833390045
32856450778
4000228944082
1005002401788311
4000945617210
1005002416475123
1005002459684277
1005001441296638
4001053056586
1005001763109999
1005001847705458
33014298511
33025615445
32890208895
1005002255642472
4001157062709
32946017280
32971288067
33031892257
1005002254307559
1005002353145917
32890113943
32824320474
32817176576
32859763151
32895469338
1005002344990993
1005001395343115
32837545676
1005002115284565
1005001852105287
32908593633
1005002480831451
4001256212241
32802967710
33041997571
1005002279030571
32335495075
4000444704688
1005002388100718
1005002339655275
1005002001705911
1005002085690798
4001167906886
1005002398700604
4001044413852
1005002324468948
32947157629
33053992892
1005001341212223
32851997474
1005001738582606
4001361670915
1005001314402368
4000808964317
32851779667
4000032735222
1005001996712639
1005001592942129
4000899618365
4001307574389
1005001764562303
1005001727106937
1005002219571301
1005002197743635
1005002438450352
4001255029991
4001188466350
1005002314495175
4000227957028
1005002301292143
32839823611
4001176889623
32755974230
32998571732
32559311349
32966502641
4001266800663
4001159608309
1005002305362803
1005002425862237
1005002004645041
4000065073677
4001139172803
32953721600
4001208367986
4000964605320
32840238944
32966281878
33013428917
10000025551112
1005001667893033
32442755448
32994015092
1005001997969030
4000755956386
32885385933
1005001925001179
4000091807881
32810870595
32268643583
32955038573
1005001640188874
32789479863
4000016391986
4000955775650
33007509767
1005001608720035
32860100658
32396690964
1005001377616709
32996310719
1005001580455278
32620200489
1005002293374663
4000526664100
33012788031
1005002316661831
1005002315525885
1005002257793701
1005001810836341
1005002231331816
1005002285683620
32884329100
4000031718810
4000960411152
1005002427800967
2045507655
1005002011923817
32771761342
4000102103608
1005002328754272
1005002017310033
1005002439639605
1005002211466669
4001189202688
4000955876386
32719063337
4001148733071
32736996226
32808844326
33037630648
1005002011293419
1005002378663304
32868495262
4000025756348
1005002343848869
1005001734411913
4000072942010
4001130948088
4000784888583
32885275615
1005001960359287
1005002362551754
4001330297987
4000480303247
1005002440983191
32948982335
4000429572574
32656060182
1005002371743677
1005002500715317
4000555744615
1005001447013494
1005002347383449
1005002381223181
32965348192
4001314877500
32945081492
4001345734472
1005001273949206
4001038918343
33041593482
4000626744928
1005001615973340
4001274071072
1005002469951386
4001113992110
4000309426345
4001235669596
32903749440
1005001556482994
32876492941
4000972025456
32885413872
10000025580228
1005002104340159
4000706089863
4000050368845
1005001274359524
4000926501533
1005001961642871
1005001983442602
1005002482381775
4001089154637
1005002284522465
4000129146068
1005001381202642
1005002254131117
32625531562
4000173706700
4000180370684
33005548169
1005001882392843
1005002368513320
1005002364979846
4001238188717
1005002349852837
1005002351475951
32944613134
4000764430935
1005002454425794
32903495794
1005001571046754
33002993028
1005002266296175
10000146663021
1005001488901676
32949460561
1005001336105392
4000694461927
4001220507399
1005002382982453
33059836522
1005001640267331
1005002055621773
32843919298
1005002314853824
4001308803164
1005002220669906
1005001374776324
4000268251099
1005002332832948
1005002397656681
1005002225190170
1005001588155937
4000124645902
33001885716
32870288819
1005001930317546
1005001681962200
1005002212035228
1005002318959053
4000895027570
1005001611658752
1005001901114364
32952200710
1005001712127046
4000504016039
4000558565544
1005001765334482
1005001646644873
32993674808
32936220899
32779180238
1005002352193467
1005001586434782
1005001525579081
32965010628
33022133343
1005002219306557
4000707214947
1005001683326153
33033267026
32963203380
1005002408342642
1005002313832221
32849489059
1005001864910980
1005001774523209
1005002453417872
1005002472891046
1005001650074969
1005001700525910
1005002321243562
33015170074
4000317313656
1005001349023753
1005002368724714
4000493007505
4000076335393
4001304605821
32857246126
10000374581001
4000039205498
1005002342676137
1005001670569555
32915143437
33010968509
32928251972
1005001325133100
1005002247123711
1005001566220117
1005001350213514
1005002492848133
4000737974569
4001331815567
1005001310991609
1005002046913429
4000375482279
1005001369400662
4001283557174
32842436167
1005001838180690
33008153388
1005001393369829
4001175398379
4000170761031
1005001725871802
32840312802
1005002492963015
32889400517
1005002351391865
1005001521829199
1005002474085918
32930909543
4000434939518
1005002334394076
32906637300
1005001303898342
33008455762
4001287820549
4001366526798
1005002301768874
32988539411
4000954586656
4000849894928
32955557595
32968057093
1005002055815110
4000064933857
4000734062863
4000462744881
1005001266033754
1005001838599347
4000941760377
4001207649978
4001075393322
4000857163776
4001263812331
1005002265376509
1005001608056319
1005002179315404
32969627508
1005002303267392
1005002226889775
4000063153564
32941175642
4000953644503
4001122960527
32946405624
32850945545
1005001772840422
4000373109737
1005001364660742
10000395160457
4001162639886
32539324685
33027732103
1005001551238374
1005001487759509
33005234039
