1005001567247072
1005002311871477
1005002413301937
32956043581
32792806691
1005002412083963
1005001460194340
4000836892109
32955256815
1005001450915425
1005001683883061
1005002238322339
32970486511
1005002401105123
4000832515314
4000168048444
1005001906032206
1005002318850014
4000586148295
1005002266142991
1005001850678764
4001209322202
32955619972
4000324622482
4000548884078
1005002302152618
1005002192479874
1005002287783543
1005001993852503
32949550029
1005002171937930
4000638185954
1005001816964724
32971549390
1005002038856271
1005002296992985
1005002166537638
1005002305731159
4000309851259
4001264162711
1005002482877318
32633023618
1005001672470261
1005002261014169
32840459961
32952397978
1005002264667565
4001167392518
32838128169
1005002346138772
4000397580045
32310704563
4001218236793
439702479
1005002495657943
1005002305288584
1005002418333407
4000783814358
1005002454344183
32825633783
4001115648113
4000726718702
1005001678964279
1005001403956074
32835810877
4000116177490
1005002357650707
1005001289932136
1005002394034912
4000627628470
1005001671379630
32910482002
4001270349739
4001193629071
4001039344724
4001083554739
4001219865650
1005001458534085
4000468985965
4000738583953
32509949163
1005002176497979
32851835338
32460325767
1005002439647211
4001300730635
4001091360981
1005001812412684
32912249359
1005001955033854
4000941374215
2055068442
1005001889972490
1005002064667161
33002868945
1005002254531881
4001230717471
32983084059
1005002377665345
32958353310
4001027003318
4001049210977
1005002311788678
4001161733133
1005002235704942
4000893918553
4001080844701
10000027096139
1005002420539909
4000788088068
4001203084515
32990066440
32960064891
32867321655
4001131818357
32978306397
32992433947
1005001732097069
1005002007647597
1005001431545936
32775506811
4001190555076
32717318940
4000295909001
1005001541588277
1005002312184186
4000799482635
1005002393652828
1005002322155250
1005001449963702
33001952927
32881253169
1005002418190880
1005002027860278
1005002282167358
4000084294180
1005002263520460
1005001625339695
1005002384079765
1005002320512453
1005002433905063
1005002054721418
1005001526397080
4000591575823
4000214607419
32725089167
1005001998357142
1005002322355716
32979807072
1005002112102358
1005002382215336
1005002329604792
1005002324183237
1005001939947968
1005002228610381
1005002263509634
4000749699814
1005001488373141
1005002323853159
4001154172407
1005002386514317
4001229433721
32918045395
1005002482690808
32812177914
32968799262
4001228577372
1005001779553842
1005002318783745
1005002165215750
1005001549134526
33025717228
32989882284
1005002494716253
1005001881226275
1005002409990449
10000223156500
33043486720
1005002428969305
4000050467209
1005002449948995
1005002492342533
1005001874507534
32925759811
1005002317589403
1005002132785319
1005002448510986
1005002313758672
4001066665039
33001549551
4001177674960
1005002023746244
32420033209
1005002319441045
1005002349540726
32402549357
1005002438083192
4001216709338
32948512733
1005001714656025
32924080016
32809460297
1005002129618958
1005001692814754
4000789759020
1005001882906033
1005002460435608
32628845644
4001230398218
1005001905529321
4000100078540
1005001590650957
1005002389136204
1005001856048180
1005002224462000
1005002436057217
1005001507433921
32793776940
1005002389855132
4000890532528
1005002177345987
32746412014
1005001493272165
1005002233383757
1005001329840533
4000935420017
1005002362230849
4000383063486
1005002453185619
1005002306581762
1005002101160508
1005001446536579
33027832038
32917387275
1005001632882040
32824255925
1005002322578656
1005002251080337
1005001838781139
1005002462344450
1005002423706869
32626848514
4001220704393
1005002461335485
1005002066187697
32831659248
4001163107589
1005002322125699
1005002328052233
1005001641245033
32633418949
1005001664333781
4001079205620
32998176920
32845583141
1005001586840265
1005002172977295
33027246962
4000538458470
32790204595
1005002432336316
1005001855724582
1005002272860261
1005002168272558
1005002329011477
32672174101
4001322641029
1005001981256270
1005002346546472
32889680636
1005001794500257
4001047697120
32700447309
1005002417708492
1005002314341276
1005002474063578
1005001270685245
1005001843043603
1005001809460717
1005001838420472
32888193073
32834033353
4000406777482
4000930461466
1005002286701462
4000817897766
1005002065535429
4001258909719
1005002377627761
4000743980166
1005002253496474
1005001900184070
32998764284
1005001423991599
4001061026129
1005002305549004
32874666345
4000065184135
4001350301280
32969431263
1005002359661928
4000793476025
1005001355167266
4000738941890
33023874751
1005002459269264
1005001605079637
33037302629
1005002263462463
4000237897062
1005001842896003
33029828543
872268947
1005002337222568
4000299876139
4000803436663
4000940588128
1005001863672344
1005001505930666
33022756151
1005001807657397
1005001976044495
32993789078
4000793992660
1005001955124098
1005002192200818
32957324246
1005001834727483
1005002379744974
4001275660518
1005001419324928
32856467513
1005002386844582
1005001744126155
32831583733
33022674039
1005002264690902
1005001878340125
1005001585702425
1005001541363075
1005001790638143
32959737989
32687631046
32226353721
1005001309346453
4000504987615
4000288215461
1005001297343306
32963776113
1005001707528600
1005001670438317
1005002245857036
4000263086488
1005002400840956
1005002173012244
4000856242925
4001040751072
4000599379235
1005002148747711
1005002387873763
32360909284
32901033619
32828710339
1005001683769339
4001057046470
1005001935082357
1005001424356303
4001103055614
4001212381519
1005001670833865
1005002474266651
1005002176418117
1005002286843036
32854261237
33030517824
1005001361027910
689407453
4001362510054
1005002379264821
32907177053
1005002453637658
1005002094903387
1005001998870800
4001360521952
32829653471
4000412291836
1005002315352177
1005002375298123
32812672985
4000009031415
4000056299038
33012792725
1005001927038319
1005002264165325
1005002372228493
32374335212
32967254953
4000548534755
1005002017542464
4000850170944
4000172921710
32918185097
1005002427802947
1005001930113623
4000320808457
33022110504
1005001797856504
32848783604
4001264453325
1005002243516821
32977187721
1005001727589492
1005002303023134
4001241134125
1005001672655033
1005002167741801
4000064663712
33027198023
32861287489
1005001780643973
4000073714591
4001317813803
1005001569604761
1005001970037805
1005002275101115
4000955910260
1005001415583769
33057567724
33032580468
1005002464917613
1005002433163045
1005002253109416
1005002323754119
32813021451
4001272247691
1005002022005522
32811131849
4001155740775
1005002055584072
1005002381606513
33013596515
1005001821199277
4000185499280
4000598476553
1005002313987529
1005002122231911
1005002292664186
1005002391035758
32647666080
1005002448067551
4001160718269
4000833865552
4001270674225
1005001624671369
1005002096457353
1005001682303983
1005002240254824
4000545187640
1005001879600916
1005002218779779
1005002377576937
1005001927745481
4000957856666
10000420063949
4001204071245
32899963952
1005001450626089
32953088665
1005001971617013
1005002164883874
4000375358443
4000979737806
33000391855
1005002322812770
1005002107502858
32395282208
32909418958
4001288877134
4001218123590
33053276054
1005002340260547
4000097779264
4000695086165
4000459801593
1005002266353285
1005002398857790
32921261891
4001110341972
1005001857291169
1005002363959837
4000215034179
1005001380886436
1005002388732085
32890986755
1005001762349936
4000286987187
4001248085537
1005001303837791
32692712694
1005001966414686
1005002358688048
1005002423602482
4000848341538
4000023150080
1005001523472181
1005002312215023
1005002324153051
32301050648
32961619099
4001287872868
1005001510254200
1358224034
1005001707749805
4000725726264
4000392909935
1005002395268849
4001191663360
1005001697629908
33016227316
4000426713673
4000444492774
32951099650
1005001864733499
4000165668294
4001021353158
4001018325579
4000335816005
1005002355534188
4000031898903
1005002309315893
1005001705569825
1005002186257604
4000921315808
32913843234
4001038458818
4000235567344
1005001884475740
33025070262
1005001619742152
1005002086260955
1005002159522224
1005001500135811
4001050394301
1005002039028874
33060273121
32620081455
32960157092
4000040752036
1005002381086342
32765359013
1005002007027864
1005002304387321
1005002041673413
1005002340821372
1005001926080580
32856426087
1005002115058526
1005002397729352
1005001625102078
33058069054
4000852973948
4000784769333
1005002259673907
32805680008
32720894656
4000144139735
1005001828573973
4000219681417
32702798820
32808918147
4001147785103
32849957387
1005001456612847
1005002265373820
1005001965537894
1005001521663467
1005001973150174
1005001637593681
1005002423025752
4000523729070
4000907701788
1005002289685494
1005001353932444
4000224976458
32891688551
1005001391068748
1005001781411233
32907004473
1005002490905528
1005002219418865
4000798716661
1005001845803992
4000712963661
4001230886947
1005001499027529
1005002467537803
1005001953977648
10000098463394
33050471119
100500224021065432795293230
1005002363145067
32828950221
32911160956
32993892773
1005002421612522
4000418458300
1005002417812308
1005001797195950
1005001287407630
33027363192
32632939105
1005001606452009
4000349800092
4000663925065
4001150581727
4001203149853
32967126524
4000945222419
1005001438893589
32929481836
599122233
10000404578122
4001321273155
1005001290600994
1005001793906853
32864633231
1005001699179387
1005001377226033
1005001546601675
1005002352014827
33038658450
1005002224320266
4000529251513
4000936405747
1005002314405052
1005001781111294
1005001929284665
1005001288273442
1005002239006088
1005002418063163
1005001809599439
32957718794
1005002255974551
1005002214992690
32965082884
1005001425788968
32921736536
32908812225
32827527792
1005002217193831
1005002115554293
33055630073
1005001344357482
33000327537
32893593800
1005002100722813
1005002417912482
1005001986260120
1005001631251813
1005002346486315
1005001626702574
32887583189
1005001561996760
4001079417693
1005001919437369
1005002358150214
32849010339
1005002266666032
33014474062
1005002203676870
32637755124
4000227527774
32960808802
4000419732716
1005002322806764
1005002277632638
32896919092
4000429804642
4000593200525
1005002328149197
33007527811
4000471328133
4000079406922
32788733178
1005002212034724
1005001639333152
1005001873118098
10000002536813
4000641045089
4001350080610
4001241561393
32974911764
32916945975
4000144768332
1005001392682440
4000519733172
1005002281805866
32888653866
32923447982
32899329856
1005002275694620
4001256136611
1005002241646309
1005002420728800
32918974947
1005001304192586
1005001933330716
4000960135533
33013184937
32669315220
4001027624804
1005002351867144
4001090410533
32955923151
1005002379299716
4000883998124
32856015058
1005002291991060
32820462871
32959743737
1005002311174181
4000058100547
4000996443620
1005002415794605
4001119339552
1005001370298471
4000849884151
32967742652
4000986152496
1005001786760269
1005002240420263
1005002033850052
1005002104190786
1005001391325831
1005002319035841
1005002458014344
1005001671868831
4000217414001
1005001506687467
1005002386762207
4000510243965
32808587645
33055536111
4000665791697
1005001608329300
4000981891384
1005002004350478
32954670845
4000148495049
1005002353484468
4000359806571
1005002352104490
32963007865
4001264071894
1005002171562358
1005002465902508
33022642265
1005001515641164
4000706571316
1005002327947502
1005002296330862
10000405267181
1005001703277240
32920320347
4001263699306
4000469337651
32816066163
1005001889691688
1005001717741678
1005002013132305
1005002388062142
32823831128
32849763790
32894276574
1005001872025154
1005002063964518
1005001507422059
4000850617373
4000112130249
32799901225
1005001588817668
33059062839
1005001778942704
32621799005
32613213599
1005002288978220
32974249586
1005002416269620
1005001648228019
32880615574
4000269694327
4001264155402
4001297165802
32995788044
32849710355
1005002450224200
32920764608
1005002423833884
4000064744892
1005001917675445
32838067522
1005001691192058
4000393873768
32954462507
4001214222657
1005002125019702
32808969083
4000554542619
1005001587103887
4000076392224
32996910738
33056257326
1005002375164145
4001352861908
1005002026949231
32883713083
1005002290906935
4000099170033
4000383495243
32932894873
1005002353789514
32808361379
32346008748
4000757539646
4000983050645
4000982448244
32861633384
32733420116
1005002064941538
1005002322970322
4000944036285
1005002307528135
1005002325129225
1005002336296908
4001030680369
1005001315205799
1339367492
32843479015
32821319105
1005001992522994
4001165060234
1005002379184720
1005001721010555
4000077077688
1005002386673337
1005002270822749
32851017311
1005002493309490
32469405087
1005002313822094
1005002085850035
4000344651172
33000562833
32804493955
4000741735804
32888024351
1005002288618711
4000708501804
32882726139
33041999427
33018693781
1005001698265975
1005002302432940
32951126424
1005002263626707
4000673262709
32843739874
1005002292632034
32901904902
32955575146
32863456816
1005002099108016
1005002449400562
1005001287976788
1005002329872816
1005002381467795
4000480271479
1005001605368014
4000661080337
33001936446
1005002220325588
1005001946541604
1005002165166307
2048254482
32963873988
1005001621492148
4000459733510
4000987084116
32300858769
1005001397774563
4001277798250
1005002398972123
1005002186490128
4001038961078
4001302201701
1005002136164071
33009593712
1005001758415594
33015150575
1005002388009377
1005001878848697
1005001354730709
4000528579284
1005001976273877
32621899488
4000181930620
4000982399498
10000001349094
1005002238104153
1005002099074908
32894826491
1005001695454562
1005001792986821
4000714692566
4001359356480
4001271226996
1005001622473577
1005001913611137
1005002333637275
1005001590896998
1005002224203704
1005002424229317
1005001498512488
1005002388072399
1005002458168245
1005002282830431
1005001727385960
1005002290830992
1005002229848572
4001184422472
1005002288123668
1005002288218634
33049125188
32856318556
1005002333536255
1005002242973873
32974356498
1005001332742848
4000595713040
1005001873580970
1005002291011331
4001293094196
32826931437
4000430047006
1005002293648759
1005001877906073
33001329490
33014991928
4000879393779
4001227788404
1005002280500890
32954057141
32854005453
1005002235508321
4000058322212
4001014666190
1005002425591624
1005002177275723
1005002395782281
32838521840
1005002341255064
1005001912847543
1005002358637985
1005002377223223
4001230967873
1005001265319193
1005002322681719
32827814986
1005002275794884
4000236572278
1005002409411359
1005002318511902
32899456894
1005002274576274
4001323379673
1005002035242939
4000064789871
1005002120880812
32877009697
1005001370562484
32942888569
4000839431249
1005002375249629
1005001633800717
4001052497267
32895135139
4000429638371
1005002494701078
33040733129
1005002241635869
32951146873
1005002240446493
1005002309368301
1005001515888599
1005002268382800
1005002339562135
4000981284387
4000777738893
1005002033896013
32369174096
1005002442305549
1005002319019968
1005002386936590
4001097986413
1005001621563700
4001003813506
1005001961922297
1005002426573435
1005001920464742
1005002465564398
4000113287762
33055807959
32990139819
33000108619
1005001470049927
1005002488669179
4000523948916
1005001525442247
32605965550
1005001859614022
4001217313725
4000199506436
1005002461113170
32822182651
1005002341508830
1005002329459095
32881266723
1005002095672862
4000107715658
1005002170992374
1005002469522235
1005002354381112
4001300097982
32845090272
1005001513095200
1005001506490924
4001278812381
1005001988157344
1005002085790350
32835076732
1005001729448154
4001169840403
4000244382370
32674947697
1005002072289479
1005002094443405
32958691829
1005002398661527
32912519129
32999800256
1005001273946714
1005001736336612
4000405331156
4000544009872
32998729814
4000546637383
10000131321099
1005002318075213
4001174940662
1005002323428384
1005002428278920
32985993199
4001203315812
1005001958720125
1005002384123778
32919698381
1005002408328776
1005002401616483
1005001393029627
1005002018831168
32993145626
32929597706
1005002256908010
33028881259
1005002028046858
4000712214866
4000466057142
4001195561257
1005002091241516
32791727035
1005002315389027
1005001478815455
1005002122458057
1005001779843369
1005002410965323
1005002365864583
32946108768
4000909684326
1005001547652655
4001188609025
32809792157
32681566077
1005002279261005
1005002428424370
1005002369064663
1005002199992103
33010391659
4000848862280
1005001859043550
1005002384712727
32917925606
1000008006259
1005001268482582
1005001370749515
1005001792852050
1005002267944881
1005002454282418
4000843281125
32462747376
32958706306
32700665499
1005002344816728
1005002302640337
32914917033
4000335577320
1005002430534120
4000994165785
4001316063918
1005002432196711
1005001837221305
1005002350480815
1005002268842648
1005001317054764
32812583689
1005002287727568
4000057754626
32901343473
1005001441255897
1005002324153308
4001056098266
1005002345493019
1005001940830996
4000291330847
1005002258158324
1005001964994852
1005002332359203
32985403039
4000435202136
4000979525641
4001259061456
32891680664
1005002330695590
32842302036
1005001519139807
32983504553
4000136060444
1005001432915725
1005002428407994
1005002394313534
1005002273821764
32865881326
1005001869843236
1005002468451397
32962142346
4001228616243
32920932450
32920739066
4000491910863
32720812854
1005001831503347
32806003091
4001110647223
1005002341544700
1005002038762142
1005002281441013
1005001642524003
32996078034
1005001748698898
32978833424
1005002395890655
1005001423129572
1005002301467786
1005002017749197
4000306879234
4001278811838
4001260446694
1005001487816112
1005001686187246
1005001572869073
1005002210587913
33014859594
1005002367636745
32804406596
32971076315
10000018162300
1005002447230785
4000868508465
4000785698469
1005002405982374
4000268124138
4000089574736
1005002033922721
1005002172817663
32888839825
1005001622250065
1005002180824107
1005001779810863
1005002484530651
1005002264128185
1005001980436842
1005001883928430
1005001922189695
1005002273878730
4000946043580
32867581758
32857747165
32730123690
1005002350931042
1005001572125709
32856632913
1005002413340036
1005001845598480
1005001821665655
1005001531994115
4000966096871
1005001441393950
4001253675082
1005001821068263
32257026806
1005001478257675
1005002268295886
4000932477512
1005001708566214
10000088377412
1005002371361019
1005002396702058
4000557591605
4000084822347
33008963968
1005002253026468
1005002316314079
1005002018677788
1005002271599731
1005001407801805
1005001567228497
1005001565391322
1005002125005129
1005002413331060
1005001964583373
32868843624
32923034339
1005001581087737
32847321909
1005001678695754
32814400583
1005001403475262
33047529701
4000229206400
4000897894403
1005001698018506
32789641484
4001206063370
32980192665
4000525319626
1005001896951699
1005001429366122
1005002279487892
4001195056964
32979043893
1778685253
32902769663
1005002467388666
4000910388626
1005001899721413
4001145316208
4000917408903
1005002462028370
1005002323596308
33010343849
32653729659
1005001860595033
1005001949816279
32959582226
4000817476869
1005002162729426
4000214787741
1005001622015952
1005002015328416
1005001450382287
32970278712
1005002232936253
1005001483658470
1005001556665592
33016702899
1005002440636392
1005002137279992
1005002451239407
33038197749
1005002290092080
32852634946
1005002441498023
1005001698416145
1005002420059782
4000253356131
4001301630964
32789006385
32784091101
1005002305323636
32806740607
1005002009434436
1005002364440750
32876517921
1005001967602827
4000968117081
1005002276416465
32889067082
32971181697
4000344002975
1005001702411697
4000873666882
1005002096593131
32923385366
1005002206106720
1005002293152834
1005002359864273
32992798461
4000631341211
1005002443092640
1005001614679047
4000198726027
1005002320720900
1005002101849403
1005002455157170
32834201520
1005001708612265
1005002347210804
32492049297
32854054271
1005002076540117
4000927688274
1005002298929653
1005002301195495
1005002372234547
1005002477120840
1767687781
1005001943119043
4000152001963
33011190953
1005002466049209
4000676748195
4001126971016
1005002089393726
1005001310139274
32649330269
1005002428514714
1005002339448703
1005002358981613
1005002439887912
32847544572
1005001660517385
4001275426572
4000709873177
32318432570
4000918686423
1005002477139561
4000455457980
32794391844
1005002339054046
1005002353302410
4001159005105
4000767277724
1005002093624780
1005002293049367
32963586971
1005002333940836
1005001759004789
32884557400
33010416841
32849316700
1005002321123128
32896524791
1005002254457968
1005001524547937
32866407301
32972047751
1005001780808336
1005002368978737
1005001525390499
1005002337728911
33043957514
1005001886854929
1005002377947197
1005002362018204
1005002443209197
4000771907973
4000739732653
1005002273547079
10000423002514
1005001698715879
32986077205
32907415990
4000546630167
1005001680495793
32994092095
32885591067
4001102759059
33007321431
1005001808225128
1005002010623955
1005002210125008
33018769973
4001175637137
4001035553590
1005001786543816
1005001962670509
1005002301693015
1005001489864549
4000849773941
1005001536831627
1005001975127476
1005002346461693
1005002363718152
33054381466
4000836983583
33001389307
1005001955200076
1005001807975282
4000156782074
33034292378
4000117646473
4001015902220
1005002282393436
1005002262579040
1005002378770548
1005001588547474
33043549698
1005001682077836
1005001990682816
4000240615239
32968536328
4000715793049
1005001770000076
1005002428922360
4000141596107
1005001587858844
1005002276106853
32952289502
4000074268233
1005001468757072
32954043342
4000542537492
1005001930609167
10000291684582
4000023648706
32766921724
1005001780796320
32646149744
1005001645055692
1005001399360860
32611039836
32847155784
4000937711236
1005002280951424
1005001495078761
1005001859285399
1005002305493688
32974301459
32837829771
1005001506471037
1005002483112088
1005002017789024
4001054105664
1005002430226833
1005002408647043
4001040907670
1005001779775494
4001058214630
1005001970851683
1005002497445138
4001260882359
4000095921489
32978019277
1005001694880331
4000808270519
1005001558430790
32964240699
1005002186127628
33001940149
1005001321765102
1005002369005849
1005002116327118
32853810265
1005002257835881
1005002332647541
1005002417155120
4000534231993
2051711678
1005002297432024
1005002301585568
10000023325188
1005002103171333
1005002041120882
32996766666
1005001447174929
4000157663343
4000854228115
32894765946
4000277073179
1005002395200806
1005002263792101
1005002454773185
1005001424928520
1005002068066986
1005001910431979
32824887215
4000859492927
4001208413875
32972602672
10000000978805
4001228481624
4001015157781
1005002387949008
1274727776
4001153546652
1005002185180905
4001229267552
4001053754224
4000910511912
1005001878179058
1005002278574585
4000863469327
1005002220098649
32961067923
32876520254
1005002328821110
33005175479
1005001727612102
4001223070913
32930165398
1005002303005800
32956841091
1005001987022421
32813573804
1005001653075242
1005001386870263
4001211113006
4000865457267
4000614997525
1005002347088529
1005002286776058
1005002087496375
1005002068578326
32931478126
1005001869625550
32801914323
32824431139
4000509837507
32882272243
1005002206380564
1005001785307092
1005002252978782
1005002301318652
4000614274592
1005002174796865
4000147929612
1005001582810659
33032484611
1005002377423931
4000282186042
4001105691794
4001270466670
32972816278
33010465176
4001214308063
4001130940122
32896430277
33063110759
1005001597514870
1005002363496961
1005002263848778
1005002218966502
4001221919416
1005001483506209
4001282581095
33010708243
4000519347661
4001174479952
4001345706965
1005001603757770
1005002006457478
1005001894828664
1005001476035314
1005002428224788
32874584441
1005002003927935
1005002450799967
32979680378
32806287928
1005001970599207
1005001670986098
1005002022967411
4001275750594
33039965970
1005002025277547
1005001809776735
32976281900
1005002405030859
1005001604797760
10050014843462321005001291636421
1005001392402293
1005002232085119
1005001652826505
4000313376552
4000601584799
32892083755
4001221421971
33010094762
1005002260633880
10000221765910
4000100291257
1005002289756372
1005002065753193
1005002068819385
1005002263486401
32856731453
32973651367
1005001972484376
1005002326470984
33043483322
32881397120
4001105070928
32810509273
4001214603870
1005001917697511
1005001851484221
1005002323247484
1005002276292487
4001294520920
1005001525513092
1005001705555710
1005001693479741
1005001620580203
33015418560
32637490135
32806343157
1005001497684338
1005001587204931
1005002490481485
1005002064490992
4000384304375
1005001575522020
4001080847065
33009379940
1005002393930269
10000002734908
1005001333561572
1005002378084004
1005001472253083
4000678265882
1005002219431464
1005001552777295
4000407233056
1005001285605867
4000465035233
4001036416138
4000781958598
4001223480651
1005002331502472
1005002380517944
1005002490834322
32983802145
33036735859
32871191383
1005001511657032
4001273173862
32953224070
1788383429
10000153961096
1005001338601060
1005001493259200
1005001633156518
1005002294009093
1005002231420663
1005002356748329
4000723409015
1005002390542375
1005002343122579
1005001598473410
32657162873
4001325855608
1005001942766887
32535950846
599157951
4001149572280
32975556350
1000004665882
4001037758617
1005001493364525
4001189138153
32334411900
1005001348830402
1005002289474474
32986568248
1005001913758821
32744812972
1005002168323071
2027562999
10000116423740
32966533457
10000116396753
32949669113
1005002359548896
32949235687
1005002304105252
32742453509
1005002388869132
4000247024306
32986100134
4000114522347
32970123855
32819662824
1005001430923357
4001238439734
4001051008143
33005460693
1005001506398684
1005002357502125
4001037636865
1005001393279075
1005002337028558
1005001741616511
1005002447342743
1005001505509768
1005002052622312
32286092300
1005002410827762
1005002319219006
1005002256780077
1005001530670223
1005002490275120
4000384732659
1005001616161854
1005001942347121
1005001819392182
1005002332034317
33026286566
1005002246258067
32915836859
1005001834461830
32995928508
1005001850147856
33034265878
4000765236095
32990372162
1005002359948675
32655068310
1005002474890108
4000024612403
1005002491807411
1005002279129250
1005002065502315
33000773470
32901804565
1005002395471145
1005001561981421
4001078765893
4000627022247
32977862158
1005001818283900
1005002305933712
4000465915944
1005002467397314
4001123718178
1005002403897271
1005001708383784
1005002297029765
1005002279049672
1005002315252644
1005001758448670
1005002317735305
1005001688829665
32891216431
1005001690527875
1005002261152187
32969148675
1005002299145395
1005001833551735
32988887598
33049733056
1005002011019340
1005002269037216
4000990805941
4000590732351
4000023460776
32922115797
1005002399338955
1005002381325450
1005002394837559
1005002270609881
32958631248
1005002264788690
1005001692520800
32829763975
33012886848
1005002281656983
1005002374253758
1005001699763574
4000714537294
32946701482
32841824336
32848579340
1005002360161751
1005001850789447
1005002450470378
1005002304137918
1005002299811447
33016834446
1005002345326687
1005002305827539
1005001912405858
32890850542
1005002258958266
1005001411624154
1005002398467313
1005002466570199
1005002275573615
1005002397712413
4000345130065
1005001957282217
4000764422998
4000551844102
33039651478
1005001915184700
32956822345
1005002275471569
1005001821309437
1005002312974198
1005002287448140
32958551442
1005002269892035
32893636723
1005002426760067
4000044925647
1005002059464341
1005002276748696
1005002425057878
1005002258194639
1005002315719230
4001338434423
4000997040639
1005001445035413
1005002198741021
1005001444193950
1005002359513075
1005002207451926
1005002467583057
1005001463310633
1005001588030999
1005001614663850
4000668775086
1005002334975194
1005001506266118
32645797211
1005001624721144
1005002316518620
32851400343
1005001343651870
1005002204884767
1005002344798901
1005002375141312
33019488406
1005001519033200
32851125463
4000953835391
4001248544685
1005002034783116
4000764332417
1005002247283466
4001291658560
1005001873162682
1005002306156321
1005002319071578
1005001518149085
1005001858574880
32973393347
4000105724011
1005002350643855
4000833649930
32666613619
1005002381439201
32869417684
1005001989505787
4000991273319
1005002246550042
1005002028997448
33009212549
32985087201
1005001872483698
32972393789
1005001440862436
4000597927361
4001032527339
32959400576
1005001556780697
1005002442834755
4001134602206
32999485103
1005002383956346
1005001730647717
4001013841646
1005002077908354
1005001297171182
1005002287024871
32947311027
1215164914
1005001855549178
1005002110815514
1005001933243632
4000641307228
4001356160998
32590363535
1005001632231030
33047608986
4000996235097
4000103383661
1005001509989281
1005002111100194
32793131796
1005002333309907
1005002317747347
33056937804
1005002367344856
32810918086
33043383220
4001302873629
1005002275508716
1005001572064101
4001301698618
32672976823
4000892156825
1005001599445415
1005001431131531
32996052822
4000136096932
1005002347813752
1005001415490082
1005002281917200
4001010811289
32973442081
4000198262833
1005002439652891
1005002375997176
32635798436
4000064828003
1005001605875814
1005002165782428
32930696501
33055105974
33004357460
1005001639699614
1005001890734241
33053284638
1005002119007721
33017622869
1005002322554388
32651162516
33027835609
4000889357990
1005001845342864
4000086641444
4001287964561
4001061753073
4000747236073
1005002300309428
1005002190611228
1005002210546478
1005002037438244
1005001622943515
1005002258736183
32954336454
1005002133874177
4000989907446
4001334159563
32865922437
4001055026182
32676774223
1005002305215505
32620948140
1005002376331018
32919167430
32878457539
1005001364345366
4000255741991
1005002179732014
1005002382485022
32976726077
1005002390855001
32944192005
4000878785008
4001225142651
32559639552
4000159893018
32850289224
4000074319371
1005001592610990
32956014013
4000505987895
33046464243
1005002338921710
1005001392858880
32615310521
1005001412634640
4000207528215
1005002289871855
1005002092276634
1005001828062183
4000246165079
1005002384995432
4000682712210
32805993689
1005002315062028
1005001971827451
1005002286334566
4000050202258
33047674409
4000863743702
32820533564
1005002313987614
32903221917
33034672958
1005002096059850
4000183051578
1005002288703712
4000723223110
4000283338807
1005002285983597
32945660737
1005002082071855
4000449409962
32901259917
4001068525244
1005002089025239
33010067716
1685014898
1005001465041846
32961274496
1005002396572951
1005002412057920
32315053641
4000433918882
32681550970
4001191473634
4001005012002
1005002405300897
4000600037501
4000336971762
1005001890188941
4001133920275
1005002400446857
32821705577
4000303418170
32871327110
1005001635140451
2006071511
32851158473
1005001660208624
4000311903724
1005001332238890
1005002372378257
4001268467496
4000018958374
4001177758671
1005001882345458
4001063777787
33005528220
4000662743310
1005002279138326
32845792199
32796081474
4001167925521
1005002400136623
1005002368975515
1005002337794173
1005002458968840
1005002280673200
32425883938
1005002383325677
1005002288297940
32618466119
1005002207789894
32889680357
1005002313609541
32820575494
4000312418591
32217910421
1900292264
32916084796
1005002361524487
1005002459330835
1005002193090102
32877034437
4001060471569
1005002130970153
1005002458175222
1005001957197025
1005001682390209
33020102649
1005001630889426
1005001515932248
4001039077521
1005002306898492
1005001556475343
1005002309541693
1005002348459709
1005002350528180
1005001839707573
1005002377512440
4000856234274
4000569446598
32863311227
1005001305769076
1005002246710640
32949169751
1000005378433
4001181077762
1005002328010056
1005002311763711
1005001841605440
32966300044
33009497631
33058396607
4000561756806
1005001836291569
4000341277368
1005002281308248
32986039430
1005001921702475
1005002389920548
4001002518000
4000173533988
33004297820
1005002050496784
1005002322600774
4001270296639
1005002130428212
4001205161798
32972579055
4000810896819
33035894197
32811192815
33042416048
1005001814885695
4000790168367
1005002385315410
32949956583
1005002054293093
4001195485188
1005001559918384
32878482889
1005001720672228
1005002280803103
32897177600
1005001677898260
1005002289219387
896440495
1005002234773307
1005001714441788
10000054073991
32812251623
4001291830819
1005002227841925
1005001958941321
4000460237803
32978200985
32790457685
4000439962187
33013422874
1005002346483437
1005002134455868
4001128785649
32908696620
1005002121765976
1005001366331242
32885882082
1005002358766461
4000760693476
1005002258447129
4000210550716
1005001516581877
32994880417
1005002244064061
1005002329626609
1005001940313246
1005002316530977
1005002064382364
32704586457
4001011416335
1005001913498794
32610819082
1005001441443604
1005001495681428
33037280430
32928344794
4001155517428
1005001530076632
33010697838
10000101781602
32948500423
1005002090953595
1005002189980181
32848771748
1005002482913852
1005002215617015
1005002390849835
1005001635587450
32826276930
32911052348
1005002327533338
1005001930719026
1005002338924925
1005002339734766
33048242739
32705982353
1005002219330874
32871311484
1005001732425631
1005001361348473
32921223602
1005001495993542
1005001325393771
1005001656962132
32356830509
1005001530193654
32851563418
1005002353652381
1005002486117113
1005002289344412
4000760901162
1005001988062563
33050332858
1005001681930655
32622679227
1005001463907947
1005002352088394
32976923079
1005001793026709
1005002344963533
1005002240525774
4000305402225
1005002434081743
1005002271658044
1005002291592704
4001033505928
1005001641374503
1005002332113244
1005002291663535
1005002166925928
4001280384037
4001273070937
1005002352110466
33002483121
32853536047
32709410342
4000824097778
1005002307143482
4000808828372
1005001943044037
1005002355597201
4000087544351
1005002318900554
4001240690012
4001131925960
618087348
1005002281857665
32824083105
32820406576
32832091983
1005002340903539
1005001599198078
4000943256179
1005002413172217
2038288231
1005002446158646
4001066472114
32672425447
4000200486149
1005002318737413
4000959815582
1005002352568825
4001288849310
1005002368576310
32657217282
4000462694037
1005002448763412
1005002413786097
32856148362
32855865226
32966548821
1005002450299290
1005002399804180
32758178343
33018678854
1005001774458138
1005002182290258
1005002319081603
1005002303701113
1005001804391678
1005001612441275
4000478915395
4001340476359
1005002310573334
1005002294100047
1005002313423405
1005002314024889
32841977527
32926666130
1005002048639946
32888089632
1005002327823752
1005002120047813
33052929295
4000667045447
4000036309413
32953359390
1997204178
4000405625592
4000083011053
1005001470165311
4001181491008
1005001586114775
32983478634
1005001781496330
1005001936285964
32952546244
4000163060776
4000791509182
1005001703355714
4000098989863
4000893519882
32905334337
4000086474035
33044555980
1005002330876037
4001199388677
1005001636191623
4000105439486
32374068121
1005002297936101
33034532074
1005002087144359
32964810544
32858137831
32663941328
4001159904669
32839345080
1005001922619359
4001252864263
1005001328865607
1005002459688882
32811704399
1308396240
32852287542
32791078782
4001226814757
4000459305692
4001179640663
32798356466
1005001719073574
1326942542
4001179519999
4000441975344
1005001677486798
32590295797
32776082741
1005002324022382
32804515709
4001248232269
1005002198670938
1005001314536771
1005002329123329
32893621648
1005001895330726
32536120266
1005001608800645
32808141217
1005001428915071
1005002313274856
1005001847204302
1005002466908629
4000186156599
4000853280740
1005002313698679
32954379921
4001201941294
1005001587036050
1005001789036643
1005002404859691
1005001602360698
4001206003257
1005001882489218
4000295633236
1005001557347776
1005002098658046
1005002314042114
1005002112068275
32801900588
4001042572453
1005001272987023
4000103858415
1005001792665785
1005002378792470
1005001546828085
32957591876
4000216230481
1005002254530134
32887403412
4001290069995
1005002174691907
1005001369278002
1005001957832996
1005001957896308
1005002306586949
1005001386360634
1005001773184765
33015131789
4001294105268
1005001967817157
1005002459069833
33004334027
32980632571
1005001692500925
32853153048
1005001792101451
32977555956
32808336766
1005001824768149
1005001986207791
4001196568297
4001107452549
1005002197522280
32723838181
4000475960398
4000287227295
4000433241552
1005001489825407
4001139311178
1005002317922518
1005002348305221
1005002321761472
1005002448637060
1005001305516559
4000179701057
1005001441140861
32823128483
1005002334192565
1005002289810024
4000099096661
1005001768455650
1005001408178271
1005002315945137
1005001723369594
1005002458454863
1005002453446744
32845544146
4001119739390
1005002320522500
4001202017492
32904403131
1005001590918305
4000025922986
4000833300790
32715523511
4000850704164
4000743238901
1005002369187302
4001279885833
1005001355333289
4000341750227
1005002368931180
1005001971600568
1005002352655938
4001001192751
1656268703
1005001588062879
4000584611047
4001309531393
4000672038451
32977347429
33019775322
1005002362816447
1005002399092690
1005002496414832
32834004157
1005001369312132
1005002243301547
33051664409
4000259632903
32948573470
1005002090469626
4001290968009
4000284405744
1005002304815750
4001209172492
4000987544062
32867008562
1005002468064052
1005001413781568
1005002277001350
32852490663
4000112059804
32563672160
4001286266718
1005002388129096
1005002383493051
4000404844356
32947991452
32838504524
32700832202
1005002053671761
1005002291672955
4000464155724
4000900376721
32965830160
1005001858881993
1005001922968751
1005001307336415
1005001300408948
1005002111926543
1005002456578047
32831488052
1005002488993196
1005002028100487
1005002314271802
1005001288087617
32770062486
4001192547659
32306472546
32817352670
4001130893602
4001175872741
4001108618784
4000718586864
32886411342
1005001458813582
1005001893627146
1005002291999440
1005001717526115
1005002462757768
1005001375680505
1005002263610130
1005001560580769
4000202102067
1625234314
32457618723
32785904079
1005002323157467
1005001848431456
32972166964
1005002290931814
1005002284271958
1005001394728126
1005001884628999
32301442428
4000808530170
32431131346
32962963523
4000703782664
1005001436166649
1005001863516925
1005001586963097
1005001439145326
10000146300239
4001124381154
32345654389
1005001510489066
32800691693
1005001856089290
4001339206736
1005002204716698
32978268185
1005002273009975
1005002282492001
32969160737
1005002314015560
4000324938262
1005001681944763
1005002465714420
32711834804
32843277796
1005002323529417
4000233015520
32573129804
1005001789247414
1005001514887008
32848905693
32988200071
32977278816
1005002433974763
1005002295263575
32461536418
4000280227753
1005002291656967
4001237655523
4000394416205
1005001990540939
1005001564958000
1005002064121857
100500194680399732710927873
1005002306251712
1005002306191139
4001233281295
32848086838
1005002464872828
4001271193921
1005001303679532
1005002317866436
32979439381
1005001468998462
1005002077344773
32961431594
1000006069357
33008356371
1005001957413105
33031331018
32855615326
32692529969
4001170116920
1005002311019208
1005001810113123
1005002367119169
1005002497508151
1005002289060990
1005001820439282
4000241922032
4000478506640
1005002157329666
1005002312334765
1005001909857609
1005001860563821
10000032753339
1005002059720972
4001155107976
1005002040551014
1005002328963512
32821609238
1005001775532789
10000044965750
1005002052460786
4001111649627
32974175755
1005002408393270
33005323408
32964833499
1005002464912815
1005002298508805
1005002401957253
1005001516999568
1814160233
4000859978050
4001183258508
4000335604055
1005002481946235
33000601820
4000108752888
4000099934257
32995436262
32900567969
32825134244
1005002276422097
1005002383215344
4000561416200
1005002348598081
1005001564367845
32853154492
4001230304859
4001269614416
4001338360580
1005002490318220
32850180033
1005001883826473
1005002359702282
32658432344
1005001988743745
4000398075025
1005002368676046
1005002006068516
1005001405350513
32902014109
4000293582727
1005002316906424
4001103658421
32805584471
4000855722499
32999838288
4000480570865
1005002394261081
32899627893
4000918044575
32832800809
32850028514
1005001416975755
1005002427016224
32979525187
1005002307213745
4001057539747
1005002405710863
4001317332343
1005002443715032
32960183309
32370854345
1005001488213862
32811620227
1005002398321296
1005002467687735
32620725279
4000719851694
4001115459068
1005002490300309
4000982884797
1935587803
10000395923701
32891105004
4000179229084
4000290389592
4000990445093
1005002336368713
4000954704369
4000033717536
1005002397796274
1005001717429316
4000110457082
32788641294
1005002213826707
32547399426
4001219437131
32973437449
32853267767
1005002266163995
4001251906307
1005001695494406
4000524672680
32900273512
1005002275773166
1005001728294698
1005002124394054
4000709290132
1005002337431908
1005001631108511
1005001429788241
1005001268872476
1005002381596846
1005002350865484
4000936250538
1005002301493330
33003285121
32844281036
1005002446947638
4000182273089
1005002100008077
1005002443054770
4000318619766
1005001666737126
1005001895429902
4001036614607
1005001918231801
1005001682606177
1005002321800345
1005002382445857
1005001326415009
32916113763
1005002353567407
33010168622
1005002442463625
1005002443480484
1005001622252040
4001052172598
4001266693829
1005001839448126
33055502973
4000215741352
32463295009
4000118756411
4000626043113
32970825041
1005001955050188
32826626839
4000043087932
1005002299465626
1005002126695120
1005001321130197
32928427177
1005002120582130
1005001949673528
4001226090785
1005002370065904
32901803179
33013788691
4001037489424
32683047204
4000611693455
1005002441457966
1005002223522594
32816930099
1005001813067319
4000427084585
1005002388382212
32960186853
1005002461287011
1005001660350249
1005001366138435
33043454163
32824273277
1005002329951067
4000538551619
1005002273871595
1005001320792970
1005002339490513
1005001780800654
1005002340018658
1005002140836398
1005002320644061
1005001329877200
32847123293
1005002468864927
33003383838
1005001655172788
32890978802
4000008097927
32841148397
1005001975042781
32917807741
1005002319331279
4000060184956
1005001505603149
4000065859581
10000314430617
4001042461754
1005002387153105
1005002312164220
4000178246698
32950600247
1005002476627273
1005002198808264
4001146649482
4000048923170
4000064940671
1005002311772504
33033823875
32348061373
1005002316796372
1005002076681062
33043751861
1005001447195758
1005002467515240
32966738574
4001145178232
1005001999547079
4000833763538
1005001456539720
32889096674
1005002321533626
1005001576505922
32907937366
1005002362409453
1005002368466400
4000484040157
1005001285674568
1005002400170173
32868073065
32991948484
32262517183
4001063965258
1005001326404338
1005001399406373
1005002232137791
1005002298996159
32843016786
1005002411729721
1005002277498931
32697043065
1005002310528823
1005001417711170
1005002481646421
1005001732066056
32585624903
32971766984
33041794850
32952637255
32839536005
4000631553880
4000444143718
1005002393964327
32839356877
1005002379259388
1005002257674791
1005001611412064
32981721674
1015784621
1005002310981491
1005002393825328
4000545885247
1005002424376713
32894316912
10000009579916
1005002386602302
4000561820455
32603217304
4000978916971
32890761412
1005001313361647
32982936436
1005002373084142
1005001475774018
1005002396677173
1005002407775336
1005002382737344
1005002187393355
4000891590968
4001225181381
32779200573
32996787826
4001323133083
1005002150551154
4001041380071
1005001744450308
1083007929
1005001313524349
1005001947488439
1005001374120570
4001299208334
32255309762
1005002441054716
1005002314225835
4000169896271
1005002065927998
4000918330926
1005002413618322
4000261674620
1005002197699049
1005002310945808
4001288226484
1005002320811816
1005002180436844
1005002349924191
4001278874820
1005002340863139
1005002281926224
33019383827
1005001698892798
1005002037808253
32880188863
1005002219677011
1005002080264134
1005001804694723
4000832681081
32837236662
10000181579261
1005002487547678
1005001810561682
1005002051069523
4001247589547
32841850298
1005001943067061
4000964022826
4001237001189
32796498617
33022049433
32254967666
4001159819081
1005001783363436
4001360512295
1005001359685305
1005001541551629
32919608353
32279054953
1005001268520828
32958589345
1005002393010018
1005001615449751
4000115139427
4000920406313
1005002333141358
4001040717426
32749246458
4000922373255
1005002345753395
4000778441497
32932472505
1005001607523249
32829697314
4000204666988
1005001733062328
2048910821
33046891842
32432752250
4000130864900
32930792926
1005002147894369
4001227192179
1005002043503599
4000955194926
32924398305
1005002434343917
32960178688
32811572647
4000688757793
1005002314258699
33062599585
4000849926207
1005001352089996
1005002108702104
1005001711288071
1005002139214221
1005001532216185
10000399942945
1005002117712564
32989178493
4000298539398
32828206811
33020087769
1005001474517264
33033193339
1005001592314454
32538907207
32888732901
32826310976
1005002122311892
1005001612877364
33042434375
4000013845307
33015881847
1005002270824101
1005002442039284
1005001506510172
4000238748817
1005001593409567
32911676707
4001084092571
1005001997135315
1005002447510062
1005002161875983
4001038423036
1005002301359351
1005001867984545
1005002221816400
32700905601
1005002369006399
4000499111938
32839740470
4000198756811
4001110409137
1005001502676327
4000068543888
1005002261096349
1005001878791402
1005002378375207
4000127546339
1005001370319810
1005001442739797
32441773338
1005001639455974
1005002390187530
4000205348157
1005002467182561
32369436419
4000212945440
1005001411751134
1005001859166070
32808063693
32503629171
4001224405213
1005002420366785
32620764439
4000687371201
32993939867
1005002434766760
1005001884253078
32418942270
1005002346713318
4000289315079
32897760406
1005001356217431
33004384121
1005001831313555
1005001593230149
32853942914
4001036824079
32934405779
1005002332586842
32819317709
32806214027
1005002231971431
1005001565167379
4001272024034
1005001552988130
1005002347150236
33016785035
32757895787
4000911611573
1005002372082943
4001008969080
32994896077
1005002345874240
10000027810591
4000219603196
4000908326009
4000453523420
4000902915788
33025421734
32849805331
1005002241250560
4000990983313
4001036659329
32751043877
4000348718373
32930716288
32833537513
33005236429
1902506502
32874794577
1005001857048178
32822477067
1005002055701376
1005002309314102
1005002376656284
1005001383753335
4000016999097
32966987565
4001214099841
1005001975121833
1005001387394264
32493093664
4001228590970
1005002388202853
1005002287930792
1005002245328038
32834340305
33013216348
32888623508
32870512872
1005001822839918
10000273375093
4001046235036
1005001402276440
1005001926881163
1005002319035082
1761220598
1005002312219530
4001093750468
4000693474173
1005002005121431
1005002334195596
4000216902887
1005002350208541
1005001714777086
32735101148
32898126908
32993276681
32967970902
4000218260795
1005002313277145
1005002153143249
1005002383854078
1005002034169804
1005002322513535
1005002039144339
1005002405002072
4001194372995
1005002305869197
1005002200970316
1005002459404587
33035814328
4000875474391
32979982906
32662268156
1005001669982571
1005001990728903
32898837931
32851130459
1005002180398862
32811650629
1005002082288284
1005002358164901
1005002069313491
4000282650462
1005002413483361
1005001626702336
4000203797523
4000383641762
1005002385038057
32989659441
4000469213518
32810848709
1005002181344872
33048030548
4000206995831
1005002326906875
1005002122930371
1005001678898517
1005001325453346
32965132919
4000497975969
4001270706222
1005002473522690
32440969397
32861525314
1005002354433768
4000077024508
1005002334924200
1005001424506979
1005002081663297
1005002394960517
32873511973
1005001882510098
33056380918
1005002317475006
33002039725
4000209772820
32925903893
32959847309
32227070223
33048522053
4000283365527
4000974957995
1005002462492921
4000322338908
4001294036788
1005001879982229
1005002341086745
4000381990782
1005001310030195
32995975205
1005001860104167
1005001680498631
4000404712732
32890932779
4000188500460
32272155209
1005002111626443
1005001727110710
4000194062965
4001237667128
1005001724431088
1005001587567273
4001220641019
1005002372986893
1005001456604493
1005002434026221
32834572453
1005001677433713
4000790064232
32516606754
1005002339236098
4000167132760
32589260587
1005002086003555
33049140821
33044124785
1005002359866428
1005002318235256
1005002290023096
4000393046919
4000077138922
1005001899060917
32945521208
1005002377162171
1005002458740672
4000758334226
33047958764
4001325736862
4000384806178
1005001882992833
32877071561
1005001441627929
1005002450509934
1005002377783672
1005001700075118
1005001267248148
1005002362651419
1005002190752854
1005001626388470
1005002327145108
4001298770101
1005002346163152
1005002426071337
1005002345387283
32924182031
4001182057235
1005002319251337
1005001830302744
4000458297220
32858408988
1005002341356896
4000092778701
32968160714
1005002350005726
1889380657
32983692236
1005001830725666
1005001426659869
32337584140
1005001338037267
1005001618123202
4001058740206
1005002060620768
32950589210
1005002317186921
1005002136186393
32819214945
4000169433255
32379918312
4000734801687
1005002128342948
4000542425171
1005002345585216
1005001437018005
1005001274973663
1005002258623105
32885942385
4000700773132
1005001958489815
1005002283823398
32770603674
32834783506
1005002265881494
1005001869723234
1005002449184981
4001079973275
33019474704
4000328010399
1005002238291460
4001174056609
4000068072415
1005002357702204
1005001638067582
33003419813
1005001364450164
1005001612975437
32846784473
1005002340070783
4000133794302
32974894569
32796674146
4000279145233
32739222583
1005001521120089
32805367140
4000249428208
1005002334875412
1005002298763119
1005002318448319
1005002308602793
32889208310
4000841818581
1005001300515831
1005002264897665
1005001667931340
32863707079
4000036396777
1005002490265311
4001278927148
4000394424845
1005001786310606
4000900559806
1005002294299735
32700084710
1005002319097944
1005002401578311
32951173691
4001168949567
4001082841444
1005002449790299
1005002388224017
32615271231
1005002090173755
33016403660
32973199205
32658299355
1005002133897537
32808172045
1005002332362633
1005002308207001
1005002377312176
1005002180993195
1005002339823881
32975427189
32896705406
1005001622200196
1005002428576067
1005001988875567
4000758254720
4001181370698
1005002454329450
32823711061
4000527468249
1005001620121721
1005002369521341
4000967738944
4000344208142
32851210915
4001044126999
1005002167729622
1005002382063846
33042691747
32393736541
4000021457144
32669158358
1005002313555835
32844244667
4000546096689
32913138429
33061775162
1005002387190583
4000849872401
1005002495311659
4001287135485
1005001818105966
1005002467164243
1005002254162043
32618752382
1005002191929866
32717616901
4000983610824
33036121837
1005002377092168
1005002019293252
1005001633559247
1005001348973185
4000970147143
1005002022474063
1005002315724227
33027021981
4001277020888
1005001430298008
1005001309208452
1005002123918355
32959256655
32961988527
1005001978174285
1005002423802761
4000166973473
4000287112257
1005001423210935
1005002065098523
1005001515446129
32881602434
1005002365066089
4000516559547
1005002492572160
33010149270
1005002289790762
1005001814238324
1005001769394996
1005001333156533
32965615647
4000891769504
1005002181424557
1005001469185588
1005001631091760
33038885862
1000006995326
32997221692
1005002476930047
1005002423702201
1005002266524572
1005002279989471
32915978053
33064507857
4000880150818
33052695391
1005002258316623
4001217141240
1005002466103541
4000038552947
1005002076484887
1005002027232509
1005002293837355
1005002454379199
1005001889873439
32821356138
1005001908459797
1005001792090027
32962854218
32913617351
1005002449830979
1005002233110160
32949029134
1005001682190961
1005001762796580
1005002273332974
1005002043502036
32963563632
4001267888781
1005001994046060
32792544686
1005002409750061
32989847262
1005002181403306
1005002421464803
4001286866115
1005001847772073
32982443290
1005002378190028
4000045741870
1005002307231684
4000803588525
1005002305066553
32962003132
1005002496242316
1005001780330405
33057579838
33005617122
32966398769
32963905627
1005002458563269
1005001733051751
1005002346344489
1005001297977724
4000381039729
32646439617
1005002488726306
1005002191596468
1005002175191397
1005002399416858
4001045393899
4000280231603
32999942855
1005001788637762
32916002189
1005002438100070
1005001900636647
32860380449
4000021407490
4001244766879
1000004743561
1005001899114251
1005001834798401
4000034903060
32889878712
4001345030260
1005002416776757
1005002318894978
1005002288969662
4001293928419
4000170941631
1005001350781204
1005001883050806
33014418250
1005002416718679
1005001807394266
1005002337190660
1005002192351315
1005002340578813
1005001445678233
1005002223352762
1005001492901492
4000775865969
33048131392
1005002443188044
32921358038
1005002357662506
1005001551460946
32780020960
4000138487642
1005001948686790
32890305103
4001250405838
4001156009072
32952902049
32903317051
1875542212
1005002206518654
33049927222
1005002395733911
1005002426613458
32683320165
4001154174618
1005001697495548
368146304
1005001798441223
32967500220
32837493280
1005001994188590
1005002316163986
32837081839
1005001530343960
32636893763
33054621869
32859353092
4001275013583
32817942905
1005001764131339
33054717903
1005002260233209
1005001380725023
1005002340372895
1005001773772002
1005002419161668
32965927220
4001177621887
1005002291450444
4000960411162
4000314229011
32804416774
1005001786248068
1005002307102369
100500141767952633022406448
1005001831160018
32799782857
1005002332348253
33002871564
1005001381088606
4000369777595
853088537
1005001411605748
4001223089988
1005001505359320
4000519722389
1005002212190147
1005002454123369
32796175539
1005002262576455
32834077036
10000406239215
33047079091
1005002108594489
1005002247085158
1005001846325950
32953621652
32907804945
1005002007956532
32829016422
32827712020
32762253522
1005001488290384
4000267625340
33025430738
1005002350723337
1005002001642424
33006299485
1005002054074953
4001343408986
32703305339
1005001630861112
1005002375420403
10000186979501
32608194809
32783497412
1005001350035051
1005001873584513
1005001575532667
32949699346
1005002482682649
1005001453490627
1005001458056435
32952885527
1005002337674348
1005002322617208
4000857430330
1005002229063874
32496982486
32275050979
32998208347
32892531112
1005001549151232
4000819765909
1005002053962861
1005002388247440
1005001450604748
32832559802
1005002476100998
1005001437800943
4001227060722
4000110424234
1005001548332471
4000193550700
1005002282405364
1005002346675212
1005001797381837
32952790552
1005001518688129
32922649278
32902898411
4001233168047
1005002332484276
1005002253145190
1005002365490919
1005002201857744
32887430879
33006442581
32762759021
4000067956262
1005001671012135
1005002131006246
4001345341250
32862776867
1005002168284119
4000722815490
1005002334669858
4000986019404
4001347404357
1005001867296682
1005002421290553
4000143901970
32850989388
4001125534122
1005001982379247
1005002454346541
1005001640937685
4001145327195
4000545762304
1005002454872280
1005002164868250
33031867613
1005001508443837
1005002251677670
32832025257
1005002461009317
1005001606473991
1005002388711905
4001170478273
1005002315628260
1005001758406269
1005002370121706
32951555267
33010786451
33054454381
4000244941884
4001321958279
1005001989325257
1005002046431318
1005002398847295
1005001511175954
1005001491502530
32812709736
32888202283
1005002498657280
1005001998422275
32910615117
4001246299016
1005001664584944
1005002316019529
4001190877493
1005002337807501
4000505182588
1005001835361912
32974269056
1005001888585640
1005001609612376
1005002481305597
32850204513
1005001677320807
33028390449
1005002368477889
1005002490503307
4000652750810
1005002453374759
1005001636533583
32998857790
1005002358293014
1005001525247987
32681943882
1005002255072357
32920852795
1005002245004921
32975585268
1005001597498655
4000853282207
1005002344660066
4000850490912
1005001439159295
10000334066160
1005002350652781
1005001804570536
33043601867
4000071178214
1005002363379023
32991639835
4001230661736
1005001487630357
1005001299057043
1005002286818936
33041239072
4001331186845
1005001750634883
4000587442464
32835655619
1005002246533615
1005001385790510
32982572119
1005001500142294
32837869259
4001227997124
33014680648
1005001404929251
4000163969752
4001041562836
4001224391054
4000857284887
33059169570
1005002278640870
1005002482806203
33015990586
1005001689004151
1005001972716178
1005001907557749
33028596343
2054472837
1005002457616056
1005001810882094
1005002380680352
1005002323680302
4000390892349
1005002384518197
1005001906347490
32861719166
1005001839939370
32827482503
4000148481104
32725520284
32967560603
1005002341771025
1005002346214698
1005002394358610
1005002147169716
33007311610
1005002476880089
32859971918
4001274632426
32973042864
32952124953
1005002400516043
1005002198843079
1005001972134452
4000342549280
4000857260077
4000394810359
1005002123976397
32612075196
4001165675060
4001038360574
1005002329448898
32727976421
1005001901797102
4000129459240
32884903393
1005002125215972
1005002297437886
1005002448134038
1005002342772823
1005002465645606
4000228594251
32601341493
32737197778
32957479273
32988969328
32697659862
1005002309301581
1005001907444622
4001307411683
1005002326799402
1005002331882143
32956663147
1005002293837853
1005002332741534
1005001814564570
1005002357650083
32873990600
1005002129441899
4001214667931
1005001429648605
1005001835494200
1005001728438394
32962996088
32547206382
1005002419131939
1005002341052598
4001281808420
4000974335309
4000583134970
1005001495185896
4000902891096
32921805081
32848513917
32982888811
1005002457972465
33034840403
1005002482442469
1005001680453741
1005001576111786
1005002129543311
32785173188
1005002072523384
1005002318702840
32793451487
32400230250
1005002388270481
4001161538224
1005002362169866
1005002359044970
1005002342239160
1005002466924112
4001282670719
1005002166484852
32880798053
33059677322
1005001595176587
1005001664239809
4001313240622
32966686759
1005001731410684
32876384478
1005002344991649
1005002397802439
4001038414007
1005001877097676
1005002278654385
1005001906997317
4001230896200
1005002288224983
32982317814
10000029307344
1005002143248868
10000028424474
1005001693519453
4000429747411
32918719675
4000039466263
32771666764
32798809801
32855833230
1005002467407894
1005002281802439
1005002012644124
1005001570917153
32849644167
32868392290
4000267623090
4000023419763
4000640018603
1005002116600552
4000198734083
4001126536957
4000356955426
4001097604756
1005002100033774
1005002352084586
32887757525
4000199869027
32820858684
32690555794
1005002426189358
32846533650
32824434647
1005002399748213
1005001486657361
1005001872428593
1005002282823580
4001047699539
4000226161201
33001292029
33044321489
1005001863956027
4001327236513
1005002320015461
33026368653
1005002438205890
1005001984907539
1005001850122999
1005001455751982
1005002244773718
1005002167961597
32967948099
32801168792
1005001483430683
4000195987629
32947176392
32997593834
1005002252077818
1005001343784759
32858926045
4000252797476
4000252982256
1005001890554042
4000168762281
33057671689
32858108551
4001014812869
32972678986
4001058157041
32977463766
1005002134050248
4000184432805
4000614803786
1005002220076000
1005002276061072
1005002372885880
32890313244
1005002395122438
32944057858
4000257420539
1005002351379172
33004553760
4000829895001
1005002440722692
32951242517
1005001890451035
4001008693719
32917127994
32963525058
1005002108336749
4000123634416
32637304046
32347606902
1005002140346917
4001224065724
1005002318232643
32709939748
32805746249
1005002394458647
1005001804565652
4000453949201
1005002310462082
4000562556523
4000084622836
1005002244109349
1005002268601100
1005001950321108
1005001773296806
32959520958
32818557876
32736215982
33010477845
4001334827565
32854174674
33002264468
1005002356365513
1005002325029177
32934623903
1005002336381590
4000332896497
1005002293715324
1005001851074490
1005002094023352
4000877827130
1005002449092402
32920538759
32868568068
4000150250433
4000971093476
33011671759
1005001526231206
1005002301449909
1005002315242216
32848839972
1005001548637691
4000947837752
4000050316938
1005002373166966
1005002310821135
4001145765631
1005002202416868
32895553113
1005001863105437
4000542588800
1005002388318159
1005001768641749
1005002247514337
32243270208
32967324134
32773957048
4001224994251
1005002392842690
1005001810942637
1005002332377597
1005001762500461
1005001862670223
1005002436173580
1005001273886472
1005001810865223
4000468182055
4000297986218
1005002424035618
1005001585069296
1005002222621879
1005001435833130
1005002346039897
1005001948925112
4000272140972
1005002329152077
4001237614543
32361869944
1005002234029391
4000218498144
1005001903962831
4000084276726
4000948851426
1005002375417237
32986483704
4001239953633
1005002447589908
33004156896
1005002167217183
32775421549
1005001593131384
32972446060
10000022837644
1005001451800880
4001225124703
1005002314382205
32631416989
4000602817102
1005001474127558
32895458359
4000945512610
4000419066969
1005002477046170
4000052133865
33027367336
4001236020582
4000860002017
1005002462643621
1005002399474553
1005002329291113
32863963161
4001248123356
32997578498
32919312204
1005001677918928
33052578510
32672115893
32844717762
4000823141991
4000887184739
4000357651639
1005002323915293
4000041098690
4001154179824
1005001405321820
1005001706572030
33014428761
1005001971516425
1005002338859006
1005001808089811
1005002342334561
1005002026854672
32843528395
32832960034
33030002748
32797931883
1005001570789010
32685555957
32788345353
4000067517239
1005002362950878
32821488941
1005002161770975
4000274579934
1005002459293085
33057010022
4001279256089
1005002481129199
32851141193
1005001586757550
1005002235755177
1005002244568462
1005001966870072
4001268412570
4000571233132
32948310021
1005002255901378
4001251475497
1005002253927854
4001284402064
1005002329426819
32859857532
1005001447101374
32907257413
33021123962
1005001620985411
1005001322092616
32813066005
32844869306
4001303029134
1614622283
1005001836069096
4000096450865
32950187030
1005002243492001
1005001512263060
33027869134
32839306270
1005001786160557
1005001566236430
1005002277740725
1005001335686615
32964233577
32862303738
4000282426444
1005001344390096
1005002096019639
1005002333788409
1005001656826943
32989025928
32974921790
1005002500542634
32865063094
1005001570406621
1005002311800250
1005001838695353
1005001656746193
1005002310888976
4001365393342
1005001579348459
1005001392171786
1005001645972126
1005001639811150
32849469835
4001333699420
1005001645764419
32949812981
32967082708
32824337836
1005002241250944
1005002122455662
33029658343
32848483767
32674495272
1005002467115039
1005001440998854
1005001805688835
1005002473241058
1005002006184565
1005002330832399
32975476416
4000282027973
1005002314425609
32940078826
4000262227692
1005002231904934
1005001627654732
1005002433816480
1005002319190198
1005001329875127
4001000070796
1005001709698599
32421076938
32999713048
4000834004305
1005002354045850
1005001963010556
32887695362
32793370267
4000023920133
4000175940095
1005002000255656
1005002357533979
1005002159410592
32580193852
1005002314347050
1005002205958469
4000106620097
4000767876724
1005002493794551
1005002273926363
1005001870400710
4000012397704
4001227130667
4000717358089
32817976235
32842953119
32947372549
1005002314534234
4000800844563
4000833492992
1005002324423871
1005001999308272
1005002418675064
33001509914
1005002284672051
1005002227827999
32856690229
32770476615
4000281467337
1005002333273445
1005002051707548
1005001475426943
1005002321807494
32881169661
1005002115567054
33033293693
1005002327694720
32854378176
4000854975284
1005002371490741
33008224718
1005002350597328
4001256643265
4001222762533
32301393808
4000147914784
4000458386145
1005001928841904
1005002398787937
1005002454874639
32580779138
1005002358117989
33046758187
32959756939
1005002298940640
4000717330232
1005001870572094
33045412970
1005002363283479
1005001664236616
1005001461153250
33001206124
32890605882
1005002469353104
4001058538312
1005001495034318
1005001559825406
1005002274281505
1005001994083492
33043793034
1005001950566255
32929990986
1005001715470847
1005001868575416
1005001619282980
32481776788
4000571245087
1005001806111803
1005002315986746
1005001341260526
4000132255429
4000155444835
1005002114653431
1005002294866864
33001596607
1005001825348087
4000074011596
1005002494166607
1005002060749506
1005002368646873
4001313617231
10000328953531
1005002223721886
4000274542149
32824509610
1005002394813390
4000896411278
1005001794617829
1005002052680243
32729656385
32326432916
1005002265091111
32992113919
33039582430
1005001890296423
4000982513952
32883491462
32734755249
32846963160
4001289967159
32870703690
1005001613229097
1005001656706924
1005002168328296
1005001990818894
1005001953401165
1005002293258420
1005002112480320
32407344327
1005001773385867
1005002287834792
1005002495926155
1005001800688126
1005002374705897
1005002454248574
1005001947437173
33029614667
4001054418942
1005001998593398
1005002336021485
1005001830066604
32906062172
1005002409526278
1005001870313635
33038585708
10000402333834
32960506121
1005001657631908
4001217838237
4001037561342
32655190301
32967702184
1005002240636980
1005001271535039
4000223275853
32886296764
4000248571635
1005002495466721
1005001579009243
1005001830615282
1005002323696375
1005001505130646
32998974864
32968116401
33004066317
1005002246363827
1005002286680334
1005001850726386
1005002383204644
4001063634770
1005001961188017
4001252281273
1005001638038702
1005002279799358
1005002304382553
32978151002
4001167554261
1005002314260482
4001143084797
32791056218
4001299424171
1005002090438083
4001031117271
4000215400124
1005002283276033
1005001326066569
1005002388775763
4001135834299
4000830775880
1005002168036028
33001677362
4001054104581
1005001336903928
32960857367
1005002206511341
1005001275184542
1000007395020
4000368736497
1005002402667178
1005002359215908
4000220319249
1005002500448760
1005001988121659
1005002404330225
1005002008699754
4000598039965
1005002421335019
32438901731
1005002231313416
4001230413212
4000509196206
1005002340141190
32967805122
1005002350712582
1005002219421404
4000585913443
1005002426062502
4000623931289
32718486368
32996829765
32522546201
1005002351104843
4000970803637
4001270489434
1005002459986474
32859492356
32767145762
1005002233021397
32916783708
4000564654646
1005002316515229
4000222302981
1005001520317686
1005002382785746
4001013063116
1005002380472554
1005001692978314
1005002402586077
4000929476187
1005002458162028
4001168111843
4000955858576
4000756312720
32577061385
32945304443
1005002007228751
4000384772283
32886962637
32640518794
4000433325335
32668991395
4000137567051
33026514989
4001130840707
32953112281
1005002264987702
32848510278
1005002305029430
1005002466265025
32982733056
4000623436935
32977938635
32890010027
4000120343749
4000842976708
4000800854614
1005001513398371
1005001984767577
33001183021
1005001863876834
4001064400166
33055480916
4000917846316
1005002449212897
1005002122400235
4000859816800
1005002359391944
4000015576195
1005001555420696
1005002297075578
1005002357781338
32820043238
4000260371565
32958866361
4000804521962
1005002406401535
1005002364188785
4000385054996
4001100059458
1005001829868037
1005001696153256
32960486109
1005002459945164
1005002211061984
1005002103421234
1005001670905315
1005002197352396
1005001638457851
1005002490983299
1005001996444919
1005002259731627
4000554817145
1005002305375637
1005002032288412
4000959679432
32749237744
1005001935879944
1005002000024109
32322737080
1005001444723863
4001165203338
1005001718052903
4000177554449
32965715909
33046956435
32967079739
1005002259064607
32962516670
1005001801078183
1005001375688903
682998334
32904945143
4001338431591
4000811463215
1005001337606101
1005001441629427
1005002238036332
4000738970383
1005001934222747
1005002392713826
1005001824008971
1005002242245169
1005002310890029
1005002489238094
1005002313791921
4001128323024
33043626627
33055543983
1005001465225526
1005002319412495
1005002222767182
4001178064451
1005001722172081
1005002285850521
1005002053178795
4001050347124
1005002177582073
1005002488707759
4001038512787
4000990272961
1791217586
4001276629780
32965734564
1005001736704575
10000395820201
32955938962
32864520690
32972225060
1005002053665435
1005002322162457
10050021111115811005002231769500
4000044582342
1005002437868309
1005001795302361
4001287282271
1005002285809597
1005002430371594
1005002447833783
4000929602250
1005002029367399
1005001425614718
1005001903339487
1005002265742614
4001248092429
1000008561920
4000221239670
1005001883795285
4000598287254
32980208474
4000706653188
4000359060049
32682848651
1005002007764176
32249785173
32551001409
4001278930075
32838109972
32980220308
1005002330302904
4001145653013
4001046196064
4001021667568
4001272063311
33009763345
1005002420858432
4000854190576
1005002262007609
32678650047
32816918850
32922606235
1005001515843674
32904777946
32990228898
1005002081085402
32956404097
1005001402208800
1005002169144351
1005002280630355
32975973882
32998362034
1005002206213889
1005001763414270
32972682948
1005002099596069
1005002289116182
4000776148181
33044736357
33013870958
1005002179655675
1005002318136785
1005002205855570
4000445723132
1005002393210292
33040054957
4001031016012
4001201542062
1005002039346013
1005001736561890
4000259518052
1005002248167634
1005001971027119
1005001958605425
32801407710
4001226785917
1005001833899491
32971375535
32793003115
1005001816987697
1005001405412771
1005001602555254
32966861145
32752282084
33004523442
32814920935
1005002341830175
32914080069
32625579480
4000990777488
1005001573248693
1005002310431135
32804564640
1005001965737299
32676249572
1005002272493870
32791903584
1005002077324819
4000095992086
4000177747143
4000811577783
1005001688857075
1005002468640793
1005001840536154
1005002282654565
32587654586
1005002342028856
1005002415699000
1005002205399933
33038740866
33006983784
33004300912
1005002239233702
1005002322929650
4000023729923
1005001688257856
1005002282688601
32896677570
33046044564
1005002433273966
4000539768129
33044589173
725727963
32988064115
4001193752810
1005002298081454
1005002245603670
1005002289029832
1005002226261579
1005002498733218
1005001412578232
32834300088
32852898241
1005002392833030
1005002315529296
1005001715029079
32833711483
1005001632439703
32841518771
32643449213
4000583693925
1005002217118440
1005002397795563
1005001329894077
1005002354265231
1005002017436300
1005002388750974
1005002392359353
1005002425120178
1005002336920466
32968548143
1005002297831962
4000748615563
1005002167812876
1005002016482788
4000191277054
32818682575
4000864118634
4000035286578
1005001406499817
1005002221578010
1005002229094721
4000281664648
1005002492822420
1005002136110432
32857882743
1005001659063658
1005001738610499
4001081946757
4000114875197
32798743815
1005001440980687
33006017481
1005002377424882
32947967725
4000197004164
1005001364511768
1005002389309583
4000490307385
1005002379846493
582858435
4000469307624
1005002335315346
1005001673368051
1005001793225311
33023876002
4000693241595
4000297635345
1005001667555326
32822598929
32982706651
1005001771053502
32938599257
1005001640268902
1005001961169026
1005001778295534
32889476286
32963827165
1005001343157737
1005002404528093
1005001781596040
4000128536790
1005001957576750
32924112757
32703379438
4000012722089
1005001439155236
1005001728520360
4000648750606
1005002094233036
4000852681617
4000855962994
1005001278129576
1005002090330355
32554338307
1005001709754227
10000214682799
32775633739
4001102214217
32999703639
1005001841351283
4000258061466
1005001954940285
1005002305893128
1005002211588909
1005002301182151
1005002209970343
4001287986614
32845831221
1005001425668044
32993274653
33017725508
32878628369
4000429797286
32830159656
4000574812585
1005001900719688
4000546121411
4001191456923
32821203165
33017711599
1005001307673598
1005002418660765
1005002492384947
32824566793
4000808261570
32971431417
1005001815164148
4000044054745
1005002099420184
1005001341655864
4000293071474
4001041704062
1005001979356399
32829699443
1005002312951483
4001314954380
32816360977
32848379788
33016424060
1005002233966969
1005001927729472
1005001817581171
4000684578894
1005001576806670
4000925541980
4000960606729
32893073303
32948705623
33035365853
1005001885303524
1005001727946249
4000523594783
1005002122447344
1005002350754148
1005002035928107
4001225385236
1005002413219925
32962789069
33049944700
1005002237758973
4001290163398
1005001781339766
1005002396762511
4000408836482
4001282865826
1005002201049061
32842448828
1005001611899357
1005002228986762
1005002241301457
1005001386311830
4000985638580
1005001793453514
1005001638190514
32970753612
1005002213844879
32891123338
32378669459
33007689784
1005001570063638
1005002205674414
1005002088756457
32972402595
32852574787
32430065934
1005001494783722
33056010953
1005002197569533
4000837423379
4001097237655
1005002073719305
32954356374
32787612408
1005002185786957
1005001717202932
1005001948708106
32975600369
1005002249527604
1005002281937227
1005002064639584
1005002271271466
1005001918167716
32973802504
33036425607
4001217827650
1005001756593043
32376800530
1005002480444351
4000485592487
32808625909
1005001873496939
32989799269
1005002495771337
4001062466955
1005001984890818
1005002351309121
4001227616850
4001315157698
4001143410493
1005001557402410
1005002292474937
1005002206304813
4000837120336
1005002276503894
32951892392
1005001341099098
1005002265533703
1005002275515042
1005002313530982
1005002367966939
1005002177564410
1005002339803951
1005002023242775
1005002338855289
32995976836
4001061027895
1005002170790502
1005002147796520
32836380547
1005002496356024
1005002404996673
4000083335190
33008152187
32906917736
1005001844851796
1005001731255183
33031645325
1005001901729765
1005001563048019
32908280294
1005002056322269
1005002489980871
1005002305990785
1005002482874435
1005002287611042
1005002260675159
1005002278766842
4000715193969
1005001961916885
1005001373661830
32724792640
32515001885
32828892784
4000096272813
4001099554517
33032688519
1005002317328461
1005002466250027
33009761768
32567819312
1005001425612559
4000343035022
1005002454396603
4000017450238
1005002267730018
1005001447265269
33016412271
4001147754420
32912720297
1005001671565863
1005001985406560
32911100812
32918912745
32957033043
1005002373467770
1005002357670545
