4001286679524
32820703721
32915002737
4000843286006
32958621679
1005002477256780
4000396054169
4000087387917
1005002409257973
4000438352912
4000081514252
4001078630558
4001040786527
4001296328036
1005001406523663
4001210735895
1005001279153863
32843511453
1005001745305391
1005002309466450
4001038301824
1005001864874319
32563522833
1005002317083211
4001224503567
1005002353658123
32461042505
32967769160
1005002262418179
4000109463147
32969240172
33002672924
1005002287769116
1005001889070034
1005002270657054
32970638574
4000185300648
1005002265337050
4001063981116
32848134229
1005002314246452
4000818241295
1005002444511154
32896389481
1005002288316756
1005001302283561
4000860915551
32785292130
32818563181
32847365446
1005002048580674
4000917565399
1005002427117792
4001173035537
4001095361298
1005002428613523
4000283940527
1005002259079561
32752377502
1005002240354191
32954534070
4001282528665
4000146413062
32885888714
1005001439048992
1005002439205537
1005001381176636
4001240009095
4000960201306
1005001859150977
4000858889922
1005002451020926
1000004994157
1005002238041146
1005002418120956
1005002460383438
1005001484221268
4000688756139
32919069140
32420195497
1005002060213334
4001225171914
32969355536
1005002226134817
32981291806
32225193599
1005002426883548
1005001371917615
1005002350704336
1005002275809426
4001083464169
1005002357315681
1005002398787944
4000741979596
1005002337426113
4001278918166
1005002340321063
33000139340
1005001671454852
1005001937664198
32953146256
1005001835393853
1005002387817837
32838916230
1005002198239863
32542167050
1005002359536362
4001088886575
4001164266006
32828140637
1005001340163241
4000285345677
1005002181066061
32764022479
33031476090
1005002475349628
1005002351938058
1005001525476149
10000004566402
32876339605
4000966152389
1005002327661921
1005002327485794
32837061476
1005002302774093
32875828589
4000956222924
4000154608217
32879900778
1005002342569466
1005002261381879
4000262631010
1005001452926847
1005001714738149
1005002003741097
32923025149
1005001924404310
32865219495
10000397734937
32379934031
1005001391141433
33011182986
1005001825105309
1005002318946407
32888118115
4001049849137
1005002362461548
1005002447326307
32264386625
1005002165768059
32813276788
1005001529307188
1005002444473159
32953598054
1005001588218550
32958705777
1005002441251692
1005001840566990
1005001360427196
1005002310911845
32951109091
32971175034
1005002348182295
1005002453511810
1005002055319243
1005002433367147
1005001374996659
1005001914203055
1005002485184411
10000402421284
32965596147
4001196860068
32881181837
4000109435712
1005001873520730
4001066414586
1005001993420750
4001179378721
4000859345335
1005002334743442
591194484
1005002424510722
1005002314359187
32974420363
32868517153
1005001732495214
1005001370317781
4001267192904
1005001561680208
1005002070222609
32913706975
1005001702712483
1005002064512401
1005002101859137
1005002496034371
32949211855
32858037015
1005002166695068
1005001295821718
1005001631400214
32731427487
32921101037
32916116145
1005002337237368
32907557815
1005002282274326
1005002081822002
1005001767942616
1005002012436488
1005001882197974
1005001620157901
1005001676754821
32951921458
32959495430
1005002346370013
32929545842
4001335684100
4000849836328
4001339877304
4000884978035
4001294026810
1005002317707050
33051782674
4000700800263
1005002292769026
1005001763074548
1005002089515282
33055247911
4000134581240
32991768601
33020098201
1005002313932713
1005002363902922
32906134077
1005001839828115
1005002288285072
4001326113249
1005002027238397
10000283929870
1005002386806378
4001179736878
1005001632586786
1005001611275585
4000724289972
4000317720149
1005001475772067
1005001515972462
4000020405600
32846366656
32856536513
1005002462558464
32743196741
1005002263474961
1005001831584408
32896995764
1005002489998984
1005001974829890
1005002426929815
1005002346571262
1005002046756027
1005001657237037
1005002469092587
1005002399848578
1005001457979833
32916507327
1005002346420274
4001166406828
32953219744
1005001984589035
1005002473914789
1005002346650018
1005001515836768
33003066922
4000850492776
1005002337115228
4001300058292
10000012909613
1005002398545332
1005002306296316
1005001357106290
1000006050705
1005002334040723
32965656510
1005001800790311
4000934607409
32820521164
1005002243835947
1005002325086929
4000427425254
1005001612219431
32806665490
4000256713028
4001222560276
32854247147
32570120471
1005001903342374
1005001483242087
4000029704017
1005001445361434
1005001761718066
1005001918563389
1005001671557172
32809527642
1005002340293136
4000976519752
4000193087715
1005002287787490
33000788576
1005002111037996
1005001557223986
4000626316241
1005002087233061
1005002138327288
1005002314542386
1005002333552367
32949704392
4001317671579
1005002232639344
4000773227215
4000353249819
1005002324112427
1005002352527168
1005002342106868
4001079876739
4000172543048
32829264507
32798820489
32834451582
32859672766
4000110196258
32869170797
4000588823745
1005001984451287
32690123205
32868433813
10000384995564
4000906389879
32802329605
4001275145008
4001115244658
33007470359
1005001682935979
32363955046
1005001441240965
32756045954
1005001791977623
32650867459
4000941138715
1005002457395833
4000662589176
4000206873184
1005002361800827
4000030800788
4000185506441
1005001616191904
1005002381467174
1005001731353035
1005001278479750
1005001840642307
1731982822
1005002381108421
32630373767
4000561973929
1005001364795287
32809808945
32843075847
1005001648146902
4001095253904
4000187966925
33025253640
1005002018742105
32990339050
4000655855583
32548087290
32848112357
4001215038916
33064519467
1005002393405215
32942959484
32828664911
4000324559758
1005002465577369
1005001838683042
1005001361762125
32981568742
4000504506776
4000054970660
1005002457801645
1005002228266289
1005002022479443
4000009106776
1005001615742744
4001152761468
32968896909
614795256
32416313256
4000410902408
32710837799
1005001998567208
1005002262799378
1005002342716391
32957164368
1005001608598758
10000047413724
33048497977
4001061529632
32917983403
32969418665
32814618367
1005002039925061
4001214310072
32364711982
1005002484642288
32727365488
4000307504797
1005002268858871
32835516791
2006058234
1005002369653571
1005002039233091
1005001958547543
1005002334196991
1005001510411585
1005001381790610
1005002357819685
32971847405
1005001933534583
1005001946660297
1005002058472128
32770276891
1005002366071387
1005002323320593
1005001818207591
33057514123
32643800562
33009914359
4001207075718
33007339450
1005002293318792
4001197701378
1005002293911226
4001351052661
1005002287238564
32888715852
1005002260372423
1005002289352154
4001150268140
1005001789450530
1000004852746
1005001705151728
4001317561569
4001237952064
1005002265117695
1005002406122571
32818764505
4001203133143
4001083374785
33056322369
4001204435762
4000644782811
1005002137600327
1005001488704513
4001145173274
32872477831
32992206024
32833021978
32900808568
32973924767
1005002341322809
4000998931169
1005001972026452
32855348101
1005001753665326
1005001685728779
1005002328950783
1005001892016360
1005002212207349
1005002460585451
33009601598
33027664044
1005002398469813
1005001686191446
1005001469817297
1005002442765727
1005002081828120
1005001727910217
32996125269
1005002278766662
32634475240
1005002496993007
32968602210
32747739672
4001014424487
4000445597791
1005002115341826
1005002296875614
32602897967
1005002398881950
4000104391489
1005002409512227
1005002288804724
4001258878491
33031859440
4000251462680
4001119816272
1434668145
32826820067
1005002252848197
4001219578365
32947355380
4001175010612
1005002043553174
32898265741
1005001929041655
32982924714
1005002122405253
1005001770671727
33002592695
32805555049
1005002317600654
1005002169131060
32798105137
4001156429727
4000105850172
32970611744
1005002409686949
1005002180273810
32386827342
1005001537266596
1005001805382190
32948759749
33010639441
4000281757987
4001031154928
1005002326816624
1005001393727757
1005002407220198
32623098723
4000186606570
32792577108
10000316369212
32800712487
1005001512014303
1005002258846329
1005002345524687
4000121650394
1005002241609176
1005002429053757
32723538552
1005002212375547
1005002329498172
4000555976487
1005002470451790
1005002206790522
1005001887563609
4001228045081
32978127558
1005001880256213
32953398840
32959280493
32829866584
4001217779297
4001035698875
4000198666949
1005002298196409
32820515667
1005001579990307
1005002240625594
1005001874171217
1005001686134559
1005001929197869
1005002075011214
33061826284
32875157636
1005002072845086
1005002393156852
32541327049
1005001705574051
1005001973759816
33032461480
1005002312072009
1005001867832181
1005002226135077
1005001659024682
32686700400
1005002038674472
32512326114
1005002357233022
1005001838648325
328334491854000060411518
1005002265142776
32843445620
1005001451924146
1005002438710548
4000365183894
1005002345460749
4000864631004
1005001605226648
32988898066
1005002419043245
4001042505335
4000760957019
1005002342616619
4001251820683
4001208479646
1005001677726930
4001247224564
1722774272
1005001465376695
32298012458
4000257919420
1005002326202583
4000641199187
1005001868641337
1005002390270835
1005001678817160
4001247693302
1005002393288162
1005002469943682
32954046165
33014340779
1005001855565282
1005001619955660
1005001426039564
1005001998937329
33040996984
4000625932876
1005002254221989
1005001590716288
1005001510156108
4001184015818
32987857993
1005001882359570
33026404254
4000167320425
1005001599964301
1005002430632464
1005002242090984
4000245742420
32913043354
33016853387
32961397621
4001005178604
1005002141000316
4001224968263
4001021354399
32810572816
32900451598
32831494967
1005002294882042
1005002247565752
1005002121211258
4001178553023
4001061663689
32919798456
1005002239032640
4000068958673
1005002271471632
32941023383
32672244970
4000135550880
1005001386260134
1005002476524779
32845782839
1005002233533428
1005002035755338
4000698266506
1005002300208925
4001225372019
1005002061917793
1005002254891994
4001227890492
32764256312
33001108870
4001231719473
1005002356633246
33052960270
1005002413495302
1005001495908679
4001084058283
32421028536
4001326055840
4000927020923
1005002344752403
1005001640841048
4000253191223
1005002460096865
1005001860672092
1005001718645788
1005001462153825
4001018978116
32811907576
4000317902309
32910626941
32847403985
1005001998323182
1005001291487451
32809938985
1005002315170689
32953841061
1005001923812215
1005001783082881
32998373532
4000189225084
4000050399425
4000151656855
1005002295235261
4000858846736
1005001997874061
4000112080655
32855060916
32863097791
32890326460
1005002410821865
1005001762617206
1005002364641899
1005001878664342
32850895518
1005001843368915
4001244227222
33025689340
4000792642164
1005001664810502
32776090985
32975349846
32640872897
1005002314392729
1005001561487583
1005002354162685
4001290450721
1005002298741357
4000019142995
4000032852272
1005001466562699
1005002266549293
4000960564613
4001237334777
1005002361335993
1005001519553636
33018067510
1005002413331812
1005001816863067
1005002253126938
1005001811998942
1005002224116824
32960113406
10000084911632
1005002376760532
32917098943
33056403966
4000351504686
1005002063402109
4000171427108
1005001639711834
1005001495827479
32894447264
32809464957
32889854222
4000358120157
1005001648166998
1005001825349964
4000849973230
1005001567364842
1005002281753478
10000045012923
4001138442001
1005002262401876
4000124896083
1005001942775555
33027993013
32833866947
1005002459397469
1005002263221314
1005001408527964
1005002240827781
10000386619995
4000585573208
1005002062859954
32843688554
32920014144
32998517302
4000960605961
1005002500318524
32952262209
1005001878420459
33008432184
4001014511430
1005002259000968
1005001681791131
4001321495870
1005002257862619
4001050213627
4000775512437
1005002364444607
1005001644965745
1005002362652705
1005001970334139
4000222792033
1005001678852188
32984594511
1005001463053655
4000231854092
1005002054489922
1005001967313495
1005002288627764
4001032466394
33004581676
1005001561101219
32770549447
1005001282469814
33034792322
32993557667
4001086453884
32934483593
33045638282
33001140605
1005002016942387
1005002319241413
32969095785
1005002332543189
32822561367
32799019237
1005001799451340
32781476848
1005002377254642
1005001381282932
1005001495695558
33010705788
4000868865053
4000335597163
32994653200
1005002493620922
1005002458805941
1005002254868988
1005002352431843
32614800664
1005001980219601
32698998489
1005002440373276
1005002329900998
32999364897
1005001939827394
1005002274996489
1005001651817561
1005001834758933
1005001286634133
1005002223721167
1005001489007564
1005002357556104
32784920116
1005002204081222
1005002090047298
1005002310348854
32270018710
4000202635406
1005002089381994
1005002282425206
4001108778954
1443936623
1005001458935574
32995871125
1005001885184613
1005001705942418
1005002039623507
1005002116650281
33045092479
1005002273939957
1005001913036055
4000140610591
1005002352789235
4001215159381
4000162965993
4001115685415
1966032354
33002837566
32818766416
32981072860
1005002021831787
33031198255
1005001949029021
1005001375688206
4000812458759
32858691954
1005002417714885
32961207706
10000395911044
1005002392418059
32953573235
1005002241134114
1005001764745015
1005002129530679
4001130187501
4001330886880
4001221420834
4000183233789
1005001720162716
32876069913
1005002212324788
32804911735
4000319459955
1005002343255519
32988765467
4001172320387
1005002276851545
4000125830105
4000173538110
1005001804045001
32805212750
1005001483278253
4000155719350
4000186344629
1005001949202374
4000995315687
1005002197517501
1005001887994006
4000086257203
1005002346495482
4000001690492
32973895263
32815818036
1005002408279902
32973789596
1005001586786540
4000388130211
1005001572457822
32730684798
32956553259
4001093430925
4001143471510
4000853754192
1005001876722762
33033543834
1005001431733131
4001078799003
1005002035021562
4000034035861
1005001891872516
1005001999102733
1005002315310711
1005002240050839
1005001422996301
32788891984
1005001915210655
1005001871141337
1005002002356626
1005002371409538
4001244434392
1005002434940465
4001194188655
33058991731
4000723439630
1005002446470168
33026003974
1005002377932155
1005002395031160
32975682132
4000759645437
32977927904
4000351987174
32847713309
1005002134476024
1005001433092454
1005002313612064
4000437644115
1005002443177040
1005002229563306
32233337160
4000843216733
4000058122162
1005001481813583
4000183740120
1005002179347595
1005001808962689
4001222676743
1005002277137726
1005001683791656
1005001872316785
1005002454176572
4001237760134
1005002286438608
33051124261
32919945599
1005001774620628
1005002411751598
1005002347253436
1005001909885488
4000775015044
33000155979
4000991184927
1005002314702012
4000195374715
1005001598791610
1005002339812204
1005002288645209
1005002351556825
32322350512
4001106912766
1005001304590380
1005001368903001
32932128843
1005002095390374
4000293851040
4001226442986
32831257751
33002891756
32826127366
1005002286470876
1005001882455901
1005001830112653
1005002333300813
33048857584
32897080166
1005002275863596
4001356470437
1005001688233673
1005001589174159
1005001800459920
2019185534
32921862173
32810762388
32990140624
4000389923361
32982708274
32709459493
1005001756066387
32843095655
32651737162
1005001523689224
4000041921497
1005001874400675
32905406762
32896599080
1005002307732468
1005001470292660
1005001966232091
4000583082603
1005001909025306
32984950097
1005002104415945
4000519764289
1005002319263839
4000850439500
1005002450325320
4000825871850
32851888310
1005001593103404
32850235246
1005002314439200
4001132020666
4001228696399
32851556669
32882558218
1005002303531235
1005001971287837
33060502170
1005001501715405
1005001680497438
4000378369230
32877443588
1005002235270270
4001263968914
1005002440367904
4001200483014
32951720527
4000595624605
1005001867866062
4000240779440
1005001598221591
32900544078
1005002125427290
32978434272
4000043580616
4000713885092
4001153684354
1005001903260109
1005001369194661
4001149184903
32908566322
4000777547041
32788097557
4000405366520
4000803210407
1005002240323088
32978277392
4001058794879
4001046291611
1005001329767663
1005001728152874
1005002375760097
1005001284909119
4001207497622
1005001705268537
32994008947
4001314215417
1005002248909929
4000793852407
32710675533
1005002217396386
1005002279089545
4001060722808
1005002015387152
4001364913215
4001252994716
1005001736759781
32850087761
32305632689
1005001493171443
32994685391
32592127015
1005001514460948
1005002328916958
1005002318331972
4000134705323
1005002466157262
1005002260614625
4001165881085
1005001603160519
4001045504023
4001365491586
32815023657
4000082810907
1005002359422000
1005002468463822
4000082201983
1005001859465602
1005001664385681
1005002351256280
4000549148551
1005002347576503
4000850528384
1005002276661917
1000001549460
32905848219
32833880956
32957533139
32974653934
1005001507769320
4000836850154
32906649146
32955667905
1005001856382881
4000212755196
32705164769
1005001296360762
32920759663
4001196693463
1005001544391240
4000357430386
32662831074
4001290040909
4000285317198
4000991753275
1005002336832956
32885950217
1005001894682370
32819028446
4000307181041
4000976110154
4001061080808
32995877361
4000314876400
4000529357304
4000795211408
32999802966
4001252748947
1005001825545237
4001358055248
1005002406248744
4000197040606
32857619429
1005002448158240
1005002288691126
1005001495232919
4000673232846
1005002255140958
1005002312561334
33027077111
1645524950
4001154056927
1005002323919362
32834741689
1005001631108102
4001275744026
1005001770927447
1005002309691673
1005002122499055
33008071343
1005002313449118
32978839022
4000828885210
1005002091665779
32775677660
4000828348182
4000844774761
1005001714060158
32858498166
4001230957120
4000433463096
32993924741
32813352130
32969205121
4000843240474
4000539289501
1005001874802067
32620737666
32813379809
10000046678366
1005001678666854
4001031178473
1005001641262334
1005001955120712
1005002253414479
1223230546
1005002376965479
1005002420476788
4000058734233
32914887879
4001361138004
1005002346282522
1005002241198268
4000769823564
32974513315
4000898586676
1005002495390051
4000231541851
1005002325075655
32886166167
4001289545210
33016867626
32624899877
1005001568770500
32664822064
33011355439
1005002245450864
33000669263
4000133800683
32965473330
32781632659
1005002434739314
1005001918141294
1005002427834686
1005002112526433
1005002099206647
1000006818709
1005001814373699
1005002255023062
1005002358311004
32927662712
32536895198
32909477886
1005001382569107
4001364185775
4001057365667
4001049098839
1005001835383266
4000007293870
1005002333058583
4001294698989
4000833962852
1005001393133892
32983156795
4001029026809
32400656169
1005002394403554
4000175505774
1005002395895034
32923655738
33027808765
1005002288742006
4001171359002
4000067229206
1005001570697405
1005001456128539
33022674411
4000532098824
32662631221
1005002313732527
32742058754
1005001785197480
1005001392803351
33026495485
1005002426519538
1005002307497241
4000731221774
33039432449
1005002448846608
1005001978197470
4000126913493
1005002320330343
32909042590
4000542985941
1005002224444589
32953607407
1005002304056341
4000896361528
4000377180920
10000393681267
1005001855301795
1005001763707928
4001170859323
1005002321751654
1005001717129643
1005002271897426
32719579546
32858519698
1005001686146387
1005002340263219
1005001732387197
4000978763563
1005002323570897
4001049531362
32825611462
1005002402550015
32915236411
1005001848533922
1005002327881730
32654281411
1005002461549539
4000036508007
32886350311
32811599497
32962611094
32578881266
1005002329024812
1005002372743862
32951920688
1005002499994614
1005002435040480
1005001611502441
1005001633057760
1005002440536115
1005001704883595
1005001360936194
1005002082909142
1005001392131032
1005001588201753
32884781727
1005002377063789
1005002070551914
4000592165282
32933063494
32856474276
1005002458249114
1005002314539349
4001323635855
1005002327011913
1005001437273301
1005002318884852
1005002167782341
1005002449283993
32728261551
1005002388897890
1005001438897398
32959513450
1005001424266868
1005002203642173
32838814925
1005002353607165
1005002213613635
1005002024617128
1005002373032049
4001197267161
4000026393391
32947392129
1005002229448836
4000988068844
4000828408226
4000162830011
1005001917226460
1005002399100448
1000001393965
1005002473157004
4000313646853
4000963966548
1005002235876839
1005002469170215
10000295238070
1000008133157
33041275917
1005002219480226
1005002372594336
32631761535
1005002017115888
1005001512849296
1005002363053380
33004209759
32990549432
33058451710
4000035827861
1005001658373854
32958635113
4000794156051
1005001349729681
1005002239987716
32672088793
4001127921043
32946865120
33026913370
32882294960
32844782756
1005002290091665
32842692746
4000176793286
1005001750141254
1005002246146779
1005002288955574
4000181211804
4000121108171
1005002382760993
1005002316062456
1005001966587646
32958138603
32927770087
1005001577297927
10000350849157
1005002357722158
32919673016
1005001478809857
1005002000420116
1005002483281573
1005001649579184
1005002190978049
33059391878
1005001714438891
1005002264825387
32894296528
33011967913
4001152090280
4000059038790
1005001992134636
4000756815020
1005002099257798
1005002272263131
32613492005
1005001608677837
1005002281188644
4000225528705
32884944461
1005001303440580
1005002231611505
1005001292951248
1005002336841250
1005002351699296
1005002272050504
4000511012120
1005002353326062
32812057970
4000193057624
1005001520924411
32754753016
1005001857177209
1005001365946042
32857532744
1005001515951524
32789258921
4001155487933
1005001296383470
4000294485623
1005001997039316
1005002293706070
32972534355
32970503981
4000960958273
32991478904
1005002153741997
1005002329572804
4001005100654
1005001864338106
32968481233
1005001504578661
4000943231286
1005001504690181
1005002393072604
32798969684
10000033599772
32852346945
4001277977999
4001361461314
4000780650704
1005002035355327
32848405144
4001228681026
1005001923568252
4000829304014
32824226989
1005002038736383
4000329954534
1005001441445237
4001037804436
1005001586299467
32880848788
1005002357027094
1005002454309313
4000967091520
4000044150567
1005002452441814
32565042190
32962106388
33028422871
1005002462586199
1005002400337372
32829345470
32796940713
1005002289647765
1005002339623137
1005002244170066
1005002281833579
1005002196423970
4001294970200
4001130041283
32839681181
1005002428756052
4001279009160
32954011490
4001116451654
1005001315433234
4001170402069
1005002323538430
1005001719181185
1005002210168993
1005002393134746
32845016214
1005002283478613
4000857271547
1005001883694704
33051338820
4000378015375
1005002363105214
1005002218290918
1005002253933236
32994516764
4001225551112
1005001474271093
32365284111
1005002279787839
32822908054
32628745280
4000781115723
32919909693
10000314262774
32948346887
1005002219732066
4001247881751
1005001287265532
4000176401494
4000930455564
4000873571752
1005001417585378
32883127190
4000281239254
33016497549
32838379683
32975314858
32993920843
4001011029295
1005002304449622
1005001656944341
4000259825712
4000146220034
1005002261034285
1005002310158306
1005002058005808
33006618060
32842864830
1005002344670036
32594795934
1005001803958189
32903292706
1005001901941302
1005002357531105
33009721126
1005002315603455
1005002316900763
1005002321968916
4001285417156
32697821487
32990492353
1005002333444498
32951287354
1005002304426318
32670687580
4000962623756
1005002418364770
1005002312169225
1005002393898414
4001334995783
1005002499418934
32898539835
100500238924124632744787371
4001146720881
4001286696893
1005002338907096
32970614575
4001272775991
1005002323896993
1005002192182870
1005001525433697
1005001346684116
1005001545292547
4000468321718
4001117052446
1005001525272836
1005002491035373
32850833581
32854951378
33002823293
1005001477981157
32975178880
1005001980450381
4000183134850
1005001571859206
4000089892322
1005001873433265
4001176634169
4000136062720
1005001427554386
33019748825
10000229775052
32890152475
32809797590
1005002322184392
1005002401740843
1005001621441478
4001218129028
32965156101
1005002405520512
4000849849810
1005002270826038
1005001597454525
32918874885
1005002367113106
1005002332233840
32847469112
4001180475039
1005001585730996
1005002347267319
4000895115863
1005002388343673
1005001779791990
1005002454407081
4001300628333
1005002398441654
1005001850491544
1005001677281423
1005002276972703
32838033661
4000139725552
1005001682725313
1005002264722962
1005002287065821
4000922316657
1005002427851566
1005001470680096
4001106303707
4001040723335
1005002336575238
1005002182135200
1005002261468095
1005001727717279
1005001392995762
4000894302907
1005002364250633
1005002407734001
33039059291
32972673018
1005002389686058
1005002312498429
4001309340141
1005001501867165
32693575806
4001250613325
1005002376372791
1005002402312323
4001289472521
1005001929153247
4000714678423
1005001505512996
1005002147419884
1005001411011954
4000722233085
1005002234422594
32832955037
1005001794911944
1005002099589529
1005002268757657
4000863071889
4000072863831
1005002344828078
33058045003
32914840463
4000595878070
1005001284893981
1005002342546652
4001347972684
1005001469541447
32779806989
1005002165748840
4000212340941
32873101409
32948934353
1005002268291513
32910717603
32855972648
1005002400777605
1005002370001932
1005001869204000
32998132883
1005001282586087
32662706759
32822395261
4000773019586
1005001844048514
4000091848616
1005002363873020
4000543672195
1005002330318510
1005001525927427
4000156498542
32741797650
1005002386859647
1005001793982124
4000926523281
33021968916
4001268356164
32812881420
4000849034460
4000622863597
32811924639
1005001859331563
613349036
1005002265553890
1005002265856444
32920819257
1005001398434311
1005002024007178
32867437521
33055524127
33027804915
1005001848996025
1005002285702843
1005002006901670
1005002265471297
4000286216570
1000005549090
728098810
1005001590782233
4001139322651
1005002240738962
1005002291992477
32790721698
1005001608884275
4001024939064
32419627823
4001111594292
32861581071
32297780207
1005002382109750
32708319328
32975827537
1005002413263613
4000329047029
4001041072295
1005001559606796
32957020539
1005002358875983
1005001309874716
1005002291946262
4000504921554
4001130534238
4000534749191
32816963798
1005002392810463
4000103287947
10000012077581
4001226272957
33034297231
1005002298500988
1005002049495112
1005001813605852
1005001736797229
1005002239955183
1005002387160102
32862349880
1005001443192959
1005001640485114
1005002256321528
4000930862116
4001364143953
1005001726733174
4001284509535
32997906674
32995603901
33003917654
4000510322683
32995076418
1005002311700780
1005002192299636
32456365642
1005002309883333
1005002449599705
1005002398564405
1005002328700851
32883574062
1005001595082664
1005002306912397
32846918555
1005001468362724
1005001692297685
1005002379077770
1005001929779863
32870536976
1005002483108252
32888444374
1005002281492138
4001294216967
32972577393
32907126191
1005002075161271
4001154653946
32967542084
1005001424996927
1005002252475810
4000035728873
32964169352
1005001930791306
1005002353980196
33046791779
4001193016060
1005002440921763
1005001862892557
1005001794051450
1005002431815261
1005002382825676
32797694200
32529709977
32988286839
1005002351789622
1005001683341454
32862564024
32982991232
1005001664589388
32975962496
32956096274
4001086299544
32958578747
1005001402278182
32727737133
32958683264
1005001490627096
1005002361310868
1005002289778190
1005001626045055
1005002362735304
4000019013802
32818287076
4001006798621
1005001321286653
4001356118508
4000797251882
1005001608556826
1005002352306910
1005002369535223
32952925234
1005001354671516
1005002247508505
1005001851206108
1005001698560208
1005001622172768
4000375232219
32840714931
1005002420361524
1005001639489240
1005002314581349
4001023367242
32360719599
1005001628996555
32892194194
1005001552671672
1005001851945003
1005002400495337
4000344331068
1005001618380305
1005001670897239
4000355801666
1000008085436
1005001296780202
32912629949
1005002019107378
1005001722079813
32792991192
4000381760652
1005002024784089
1005002454600744
1005002458186094
1005002191360210
4000108234680
1005002354513086
1005002258923823
4001175241929
1005002403955284
1005002466156588
4000323023464
1005001929170021
1005001506553327
33046263187
4001139699683
4000308066507
10000332584955
1005001393010753
1005002268446467
1005001325163229
32796463731
1005002306851261
4001321844434
32975557613
4001268814067
33048142262
32988841001
1005001831606364
1005001493504746
4000790883350
4000543051465
1005001644999917
1005002181418179
1005001966319330
1005001935774517
32753913015
33002320772
32942923447
4000529644195
1005001425082259
4000345026623
32979628013
1005002442924316
4000922152997
33063026208
4001015931417
1005002079758720
32504915830
32799482118
4000626127736
32923455689
1005002064058563
1005002380248910
1005001829480573
1005002264784531
32990179956
32332441343
4000007357037
1005001957596185
1005002177683184
32973857308
1005002323504640
1005002029278750
32882116799
32963546018
1005001914598511
1005002255191788
32353896023
1005001494144654
32979456546
32718519256
1005001731813813
32989946528
32959991991
1005002400803638
1005001560796904
1005002379053991
32909975394
4000202691232
1005001567862508
4000148446321
4000990791879
1005001816870503
1005001498913299
1005002384700377
1005002231682321
1005002298887036
1005002261139576
1005001984236983
4000833909666
4001352564383
1005002439148344
1005002310291796
1005002201531154
1005002122244894
4001298438912
1005002389498441
1005001450105842
4000850540828
4001295976943
4000480305248
4001317321537
4000433910015
32736893351
1005002007409404
1005002335416544
32991096536
4000570084497
1005002398392137
32974252760
1005002007432144
1005002419060914
4000339974747
4000531993413
32981882030
4001228783157
4001344757557
33003910015
1005001803972152
4001313447700
1005002418687410
4000052739583
32505047214
1005001530358874
1005001829065073
4000408065018
32819807372
4001104556561
32852167780
1005002399741630
4000205428430
1005002413306952
4000782119113
32789278269
4001179490823
4001175526057
1005002479256854
4000943464386
4001127562561
32798256239
1005002237375242
4001061705591
1005001977886773
32481178039
1005001567309105
4001057084407
1005001895961509
4000816431309
32829851805
1005002438670262
1005002118664798
1005002316435121
1005001518921833
32954010099
4000335535935
1005002444046747
1005002334356792
32889964660
1005002167866369
1005001452205060
4001276024221
4001282494718
1005002337232889
32374217633
1005002312468125
32542818894
1005001639359081
4001178204033
4000572985592
1005002488584514
1005001469628636
4001220582429
1005002425152582
1005001995347395
32611009490
4000618907207
1005001952116574
32651739270
32792445259
32840053336
4000917249027
32980016404
32347106901
1005002323285596
1005001858546173
1005001731409390
1005002496030661
1005002411428647
32974697017
1005002416161078
1005002333313100
33007873460
1005002256832386
32965277283
1005001901000647
4001298811496
33060439752
32800647643
4000025229997
1005001682123194
32737875382
1005001321099511
1005002461920816
1005002316929699
32795297969
32967365104
4000640045123
32994544694
4001362247505
4000967867815
1005002358598706
33049788673
4000889983651
1005002475728206
32844071042
32969622454
32896972850
1005002341954087
1005002314272634
1005001720723604
1005002390920493
1005001557385503
1005002218971451
1005001444658752
4000557978204
4000426990458
32948880944
1005002134738013
1005002049208641
1005001985684868
1005001915726634
1005001851015047
1005002305580182
1005002275491696
4001227447191
1005001867253810
1005002231478056
1005002362942960
1005002305361351
32977646150
4000088952401
1005002369958424
4001309755772
1005001910291759
32925667382
1005002080783910
1005002258622396
33019023054
1005002176450908
1005002004202383
32638511705
1005002334155042
32912467167
1005002304481705
1005002175147927
1005001469768483
4000480238524
1005001883452551
1005002468366720
1005002378736269
1005002389857204
1005002439295676
1005001367712192
1005001621706275
1005002430418799
1005002004956541
1005001961701953
4000503215389
1005001271527618
32940972590
1005001648687216
1005002405007008
1005002352669585
1005002499205684
1005002460455056
4001274401648
1005002167004445
1005002316881482
32970598330
4001253540955
32823515455
1005002442225988
32820907892
4000203338858
1005001429498533
1005002368928489
1005002010960127
1005002347892702
1005002378289819
1005002066669115
1005001728047602
1542926529
32776792529
1005001742597465
4001252316420
1005002443366321
4000018895015
1005002282443274
32979815398
1005001505629530
1005002316251808
33006117011
1005002122385621
33049623993
1005002081196002
4001013472409
1005002275047290
33008334729
4001282289408
1005002111625201
4000995083890
4000966678666
1005001940012642
1005002259257805
32996440767
33000754852
1005002332963052
32801915628
1005001660156677
1005001770180033
32881127866
10000319574842
32805238913
1005001789616092
4001268816277
4001293362591
33012682047
1005002406500879
32838395441
33027549008
4000466055382
1005001893496204
32835478053
1005002498602638
4000160636539
4001196661307
1005002433538869
4001053012270
4000714600499
1005002261654308
1005002177513203
1005002254200101
1005002006791200
1005001703885377
4000728419441
32977000277
1005002294800120
1005002437854143
1005002282284570
4000563783947
1005002123896075
1005002433547291
4000550403479
4001196611524
1005002374331155
32948237129
32699009647
1005002384885188
4000600459476
32779269870
1005002190895364
1005002413423704
1005001784995476
1005001853488115
4000730658400
1005002223202495
33004731535
32856563968
32603245068
1005002326180699
1005002433781725
1005002242051167
33038156003
32254424063
4000812713271
1005002400620514
32925011270
4000674937012
4001210026162
33056916976
32929419935
1005002409544904
1005002242502173
1005001279596829
1005002432120049
1005001889242631
1005002419237153
4001196068688
33001290413
1988704644
1005001999929821
1005002477760421
1005002314161425
32903229598
4000632818920
33012188961
1005001607557107
1005002269268825
1005002167065341
4000792906255
4000849719700
4001038266817
32858798932
1005002377755227
1005001368786791
4001283595984
33057025639
1005002283491517
1005001761473956
32845632065
1005002378783475
1005001864561043
1005001874033827
32894806851
4001270391637
32855144073
4000165732721
4001112149648
4001297600402
4000375638658
1005001953376870
4000726573184
32804440459
1005002408453133
1005002318811097
4001273284159
32904743432
1005002359779786
4001302908611
32993854189
1005001666603269
10000323544607
1005001345419053
33026715746
33023688872
1005002353518318
4000735371892
33017523444
33001225708
4000995035710
1005002462656633
1005002125423152
1005002481827535
4000451081859
1005001495268785
1005002262375230
32887399995
32528449509
1005002268738403
1005001928062898
1005001999740213
32888036920
32965286607
32856072955
1005001284805634
1005001466155630
32887519195
4001073587071
33001306623
1005002304191854
1005002428519186
1005002384250716
1005002377708835
4001039336359
1005002124912556
1005002293915707
1005001974945179
1005002289064361
4001021227016
1005002433564900
32859986132
4000979861991
1005002396011043
4000933412063
1005002287582598
4000479510674
4001112070318
4000709795200
4001194148091
32907244912
32847899609
4001160268147
4001347074325
1005002218993810
1005001792964000
1005002316253860
1005002394815537
4000881813247
1005002369870298
32979357165
33057908392
32794406074
1005001606735343
4000178327615
4000103417117
32842908902
1005002443483278
1005002448017908
4001015094723
1005002144822984
1005002312008614
1005001930707810
1005001329893763
32728086808
1005001695767501
1005001482869547
1645144451
32818631426
4000595836102
32268723222
1691280477
1005002345863101
32687557563
1005001596639065
1005001921892940
32288960883
1005001615395293
1005002304799657
4001244987781
32920879830
4000085198125
1005002373112357
1005002342891741
32821592250
33001429374
4000314992719
32914278462
1005001556391418
1005002263572131
1005001268113798
1005001670915237
4000623436577
32964235575
4000709402633
1005002335241138
1005001631331207
33012443138
1005002128119687
1005002383268587
1005002351917005
4001321798850
1005002272133200
32437606198
4000176704761
1005002414043950
1005001915112750
1005002495836758
1005001304220621
1005001946451808
1005001319632022
1005002366532035
1005002314428102
4000507162187
32970037158
4001154308786
1005002170604914
1005002442305377
1005001999796831
1005001337923004
1005002324550326
1005001382229776
33017915430
1005002322759542
1005001626795107
4000966503852
1005002491096012
32894467026
1005001843455245
32960224824
1005002291586828
1005002196818791
4000182860392
1005001565823838
4001308111682
33027533351
1005002295887579
4000408932293
32809247866
1005001918668959
1005002085926769
4001299539469
32922519901
1005001369676785
32869216820
32679529807
4001314378730
32865448815
1005001978159309
4000453551051
1005002305101042
1005001442247047
4001218472382
1005001307188137
1005002251982608
4000774464173
1005001357431733
1005002321034020
1005001489466741
1005001771207047
1005001541111280
1000007296513
1005002270929328
2025997114
1005002317445481
1005002350510988
1005002109920362
1005001835561608
32430373018
32996781436
4001038325387
1005002420414855
1005001489670322
32968622005
1005001658430593
1005002381384286
4000132457093
4001114858611
4001167664119
4000709096039
33027525789
4000987521359
4000278158469
1005002339978963
1005001523387716
32889654798
1005001765926443
33042667844
1005001560257899
1005002277058355
1005001838584356
33009475130
32858629110
1005001444679231
1005002361125274
32961386170
1005001813220621
1005002294123442
1005002314734844
1005001807236879
1000000910022
32835622385
4001281998347
1005002247604543
33047832967
1005001544025400
1005001350245796
33002868055
1005001873647931
32954250603
4000258155029
1005002405067701
33038425056
4000760615996
1005001666300914
1005001762297177
1005001983583923
1005001628608089
1005002060516999
1005002309719820
33045032292
1005001463942271
4001027792273
1005002475595765
1005002448109045
1005001763204576
4001142235166
33027127672
32904895198
1005002047037817
1005002224482023
1005001666586923
32921271166
1005002108569759
1005001888663056
32823231324
4000406328733
1005001997265381
32806505875
1005001414337796
4000846582680
4000090947147
1005002301214767
1005002413237756
1005002112737738
32906871486
1005002369328966
1005002313157407
1005002310751120
1005002327961484
32974022268
33005471215
33021095275
4000192206498
4001140070055
1005001317453052
4001270495918
3301565357332859194440
1005002356719265
1005001639104442
1005002377552850
1005002393961059
4000158555085
1005002372262485
1005002298488463
1005001557132462
32961537443
1005002309609433
4001089785056
1005001741425895
1005001722864165
1005001493022869
1005001583009694
1005002425355529
1005001787359609
1005002433986099
4000149397042
4000555668378
1005001519657009
4000166305594
4001322012159
1005002033090878
1005002289083525
1005001856444804
32462316780
33019952859
32863819307
1005002457566262
1005001992959733
1005001709372338
4000945640130
1005002206094588
1005002382196722
1005002336387175
1005001580367552
32806706005
4000253620339
33001472767
1005002205493705
1768109334
1005002351207398
33007291639
1005002433282868
10000050508223
32278458110
1005001472023035
1005002282386664
1005002025598436
4000799937020
1005001975739059
4000969538492
33015578443
4001230630714
1005002046128737
1005002369521889
1005002315897347
1005002383089845
1005001418684057
1005002406523106
32722491544
10000121240872
1005002317760572
4001308882630
1005002467395877
10000339399783
4001243813070
1005001952738323
1005001915838066
1005002007960550
1005001608781352
32900921994
4001217860710
1005002399663948
32841756833
1005002395545087
4000993996013
1005001967728314
32864339611
4000666236374
4001294645350
1005002387455257
4000076754160
32864343900
1005001978145936
4000402353868
1005001867386194
33018720437
1005002313247999
1005002287796509
1005002247888334
1005001983065432
1005001632248610
4001294110519
32884939468
32961298938
32838485947
1005001274097343
32623784550
32969588879
32875262222
32945484476
4001201899386
1005002375441193
4001042581087
1005002331784779
1005002316340971
4000704994252
1005002339315338
1005001862976100
1005002281991879
1005002359019931
32757534298
1005002322372565
1005002256261094
4000272159090
33001938937
1005002340689838
32999593405
1005001671986011
1005002473549093
1005002364304191
1005001682317856
32872295531
4001313945096
4001053827914
4001218484012
1005001728879974
4000187203551
1005001292671110
32815710934
1005002393650701
1005002396457388
32692564780
1005002265603267
32889599067
4000170665309
1005002499304809
32976465656
1005002470856554
4001155744635
1005001625217866
4000408264902
1005001670898290
4001295375525
32858169540
4001077693646
4001327395334
1005002320392852
1005002466950859
4000857295003
1005002372830063
32706417216
32977159739
1005002315298641
1005002011399752
33041212850
1005002238234446
32995276543
1005002353617321
4000824777314
4000850439401
1005001464742346
4000039367405
1005002099303608
1005001834560527
1005001858501500
4001053703483
32837754577
1005002192258212
1005002277281394
32863040269
32804085812
1005001288275202
32966024980
1005002347911831
1005002342803341
1005001846572944
32844485620
4000782039021
4000266882914
1005001840277498
1005002416221914
4001057648038
32892645937
1005002490074455
33012977556
32867459728
32761241747
1005001288242160
1005002336153380
1005001466335291
1005002417510091
1005002402279124
4000717320171
1005002031919396
4000997075508
1005002380592243
660570289
4000926939102
1005002383066995
4000205821082
1005002319134814
33035303974
1005002185275459
1005002307625736
1005001992362270
1005002335964207
4001204423759
32820546284
1005001504303068
4000040132934
1005002286951364
1005001371237430
1005002447714376
4000105687674
4000804875502
1005002357718816
1005002352446896
33023711270
32681662307
32811161896
4001256280023
1005002265080363
2020860737
1005001446159132
1005002244771452
32932560944
1005002376191504
4001294309461
1005001325766608
1005001695207066
1005001457174671
1005001447195959
1005001407989858
32916061090
1005002492194419
1005002350700580
33025527666
32948701436
32966135514
32950779658
1005002116847446
1005002322226862
32793223868
4001304304459
33013814725
1005002500285625
1005001798411149
32420612553
4001195752916
1005002347734530
4000401981964
1005002454571814
1005001325470987
1005002277685075
1005001305454273
1005001789528943
1005002267269937
4000684839857
1005002282617154
1005001692515823
4000427631220
33006837339
1005002457676471
4000532968201
1005002204029200
1005002355566795
1005001630529825
1170386562
1005002426443561
4000001958011
4001100668784
32964470813
1005002232678629
1005002315261315
1005001621496982
33010888957
1005002252986883
1005001367921942
1005001736650803
1005002304430524
1005001685173438
4001143689773
4001121295396
1005002491064375
4000943201007
1005002233619504
4001207506655
1005001843922143
32701080821
32897563886
1005002316319369
1005002334004214
1005002319275646
4000099340102
32945857921
1005001690377276
4000060878870
4000396199382
1005001894227223
1005002280499971
1005001687724421
1005002383734493
4000986182248
33055814354
1005002106929857
32951431781
32881966132
1005002095118949
4000850697207
1005001592386091
32998987452
4001256279025
1005001997089920
1005001652518637
4000515907213
4000990809898
1005002265266124
4001036657084
4000406641625
1005001859250708
32968923236
32821412627
1005002086959184
1005002094695620
32962570952
4000884641213
1005002367247159
1005002273297856
4000308943171
4000180647253
32951166120
1005002466473844
1005002302529735
1005002317313743
1005001597275247
32818989365
1005002166293205
33000021765
4000901570790
1005001430418361
1005002092612109
32480936613
1005002266818969
1005002073554750
1005002332771919
1005002423502946
1005002266222655
4001066977576
1005002254672972
32975448327
1005001974970798
1005002265163571
32866474867
1005002264022884
32608675368
4000782046983
32826397953
4001252753170
1005002276913218
4001285155534
1005001388127440
1005002092395512
32968432341
4001320333619
4001086625124
1005001336230581
1005002474988585
1005001421228128
1005002328227548
4001076259303
4000024658309
1005002114756551
32835879638
33022108753
32967709045
1005002330586467
1005002347687614
4000723408754
33046869198
1005002427870415
1005002315667919
33002747781
1005002176688440
1005002301510267
1005002383610755
32502378093
1005001722244555
1005001304006296
1005001393029715
32960897036
4000860595342
1005002037135994
32608133223
32659654129
1005002386874196
4000796741733
1005002362460310
4001085606241
32969415226
1680262345
4000360519926
32871104020
1005001941613944
32359499894
1005002470812916
1005002301191446
1005001361022424
32677822996
1005002453521927
4001080251866
1005001426452374
4001158806384
32825974623
1005002413123539
33047850474
33032307043
4000407721840
4001302523871
4001115113061
32588437016
32758730239
32974336965
4000401375891
1005002145925037
4000049586856
32919929492
32886958856
1005002241622448
4000068032964
32811874407
4000579450019
1005001571803294
1005002328845657
32854904894
4000708393811
1005001435916326
4000340208675
1005001450140637
33019196689
32617922159
32433497608
1005002349824428
1005002365094322
4001155699998
32959076693
32824801878
1005002377864298
33021856648
32870359736
32901192880
4000490232739
32784031890
32964977982
1005002358354576
1005002443793430
1005002459020360
32891780304
32857267853
1005002329342265
1005002467189006
32953795543
1005002345841378
4000833133950
4001307334181
4000259721337
1005002310908669
32729557017
32862581542
1005002377602354
1005002225471328
1005002014128702
1005002500636012
1005001692282030
1005002394227293
1005002136368255
4001214213584
1005002019712531
1005002238144623
1005001685618651
4001289625928
1005002462560555
1005001659885893
32812483703
4000410363583
32886172165
4001130601661
32887973775
1005002235215722
1005001586256088
33027549016
1005002317791924
4000310347605
1005002258984560
1005001594764124
1005002027021477
4001156280327
1005002378477835
32263767104
1005001702980659
1005002312250792
32730283079
1005002290245120
32907763173
33003850114
1005001882527240
1005001942284071
1005001648343579
4000636018662
1005001656798984
32595453763
32918942111
1005001667701331
4000718324346
1005002481623078
32675331642
1005001885286312
4001293877880
1005002257223962
1005001762929795
32957020490
32922936268
1005002165972526
4000844228634
1005002085304768
1005002282345392
4000926824552
4000823718851
1005002413669205
1005002336883320
1005002453028402
32758626600
1005002387953157
1005001464265280
1005001515924435
1005002303564884
32729654696
33051876638
1005001349896353
32923911022
32948952067
1005002327642819
4001034149731
1005002283497319
4000553603513
33006482816
1005001933094882
1005001609227547
4000998076794
32830428475
1005001355383599
1005002263096636
1005001494574435
1005002340300142
4001015335780
4001327984339
4000893137146
32593251102
32786860231
1005001880578029
4001234795113
32921472683
4000360981588
1005002482997993
4000473538799
4000777504981
4001211098964
1005001942755938
32811580413
1005001997924549
4000385673078
33027529424
32830367162
1005002291343887
32753754881
1005002384326890
32974390110
1005001270261131
32863802683
1005002193921690
4000829714625
1005001896018812
1005001597191129
1005002087843419
32959247614
1005002304240446
32860047361
1005002076703600
32927568016
4000894857238
32388434469
1005002346547433
32966716515
1005001981706573
1005002315569777
4001280477005
4001310170856
4001270425389
4000607591615
32690555676
4000097361351
4000506449808
1005001335811598
4000931865101
1005002382557403
1005001763865562
4000289779839
4000100172319
32847023258
1005002001883060
2020613691
4000954439723
1005002218205775
1005002347076608
32888371718
32903924400
1005001454630637
1005002072507954
4001005232151
4000689069312
33053330029
32974448023
32557638487
1005001858399988
1005001693371528
4000628728925
32696070675
32860075571
32967085716
1005002383512719
1005001844235990
32854987614
1005001596006587
1005002198936101
4000465892542
1005002474184305
1005002196019673
1005002404041749
1005002460241406
32272508040
1005002367954866
32860076981
1005002234023719
32997129518
1005002387342499
1005001670879401
1005001780922189
32975452333
4000038711022
1005001864158627
33036497932
32838910055
4000224183423
1005002258924787
1005002313809839
1005002426973414
1005002494117374
1005002265047530
1005001731273579
4000812262143
1005002475518759
4001235519120
4001094511916
4001045642489
1005002344748033
1005002233143737
1005002355835687
4000876976742
4001267977782
32814014805
1005001436193904
4000121456845
1005002448424235
1005002210332934
4000988884451
1005002070971274
1005002382638208
33034045146
33047771448
1005002024078079
32861057804
4000192514245
1005002379358724
1005002352199749
1005002051892000
1005002003911236
1005002306349535
32860611982
32866822433
32810277692
32857842862
32855254265
1005002410065182
32872667466
4001289170197
1005002358343411
1005002037804025
33002593104
4001285866905
1005001374568031
4001358515922
32824054890
32948084758
1005001577240124
1005002395166005
1005002194377081
1005002198828225
1005002482687639
32372314085
32907257283
4000112568186
1005002264914247
4000209448185
1005001889728961
32743210651
4000190808723
32303828750
1005002453552202
10000149889976
1005001580321078
32911455640
32858958352
4000444498312
4001287305743
1005002336025430
1005001902051686
32664031103
32789468774
4000459463249
32892532360
1005002349865881
4001278872588
1005002272085531
1005001698610748
32841942983
4001020237947
32891778204
32859127225
4000863374884
1005002347578756
1005001958827148
1005001921794155
32809366034
33054559096
1005002221477007
4001066638247
32687748507
32844622723
1005002257011005
4001289859395
1005002235909870
1005001988920223
1005001931211224
32998877879
32898197415
1005002348838812
4001056456275
4001259134888
1005002027988562
1005001933731128
1005001822992399
1005001405434513
4000546092044
32821677262
1005001435949791
32804733732
1005002326946712
32881953395
1005002316572466
1005002306458960
32974453682
1005002362871693
32780706566
32888515865
33038696353
1005001977587598
4000077722478
1005001948723285
1005001438745843
1005001482068104
32741868483
4001034815190
1005001449650181
32959331005
1005002262764329
1005002358028234
1005001655170704
4000939905220
33032246041
1005001971434190
32608511954
1005001984658893
1005002490535403
1005001762189666
4000817391915
1005001424122815
1005001547404682
32995204361
33043724696
32499236369
32855061583
4000183660374
1005002316070655
1005002405533462
1335350392
32945285715
32746648218
10000319870566
1005001971648197
4001053385418
1005002095361717
1005002094703161
32933598564
4000842618998
1005002394051481
1005001935932480
1005001529028168
1005001950184762
1005002111719962
1005001899482472
1005002142852509
1005001686107637
1005002190622832
32970584181
4000200488895
32803135798
1005001586890331
32754188898
1005002281930296
32725700169
33008145256
4000179062168
4001224291250
1005001446496673
32821786727
1000007374464
1005002358279877
1005002395541379
1005001884541039
1005001349651023
1005001609593099
4001050661379
1005002170154053
1005002214798155
32916185613
32999262978
32958251615
1005001423857024
1005001971852210
32921962240
1005001402485139
1005002260094171
4000283070407
4000693834538
32907676569
4000249829187
4000744636975
1005002356807756
1005002378963321
32788848649
4000067336240
4001030175128
1005002367638506
1005001680545458
1005002394547753
1005002412368597
1005002364613710
1005002267579026
1005002294212990
33012861740
1005002385811060
1005002231735188
4000579457501
1005002258403919
1005002125245970
4000028716145
4001191474716
33053499564
1005002126517441
4000248670239
32532668823
1005001609101460
32917017401
33058137860
1005001515417697
1005002054870774
1005002350743893
1005002277461479
1005002285697635
32858893521
1005002044563085
1005002228725310
4000253229009
32858495885
1005002086135378
32849240224
32993924605
32806395540
4001194551565
4000685762238
32921777250
1005002297786585
1005002327600712
1005001329846041
32788476134
1005001641217410
4000979186383
4000337399015
4001069694987
4000874231792
32921798189
1005002167870752
32979015756
1005001609559837
1005002240097851
1005001880366089
32927220140
1005002345003228
4000108484614
32782801078
1005001835800490
1005001821170081
4000277300223
32958354498
32832909347
4001314675722
1005002222429009
1005002260211616
4001297185429
32861117500
1005002261502687
1005001437527666
1005001667061024
1005002239259686
1005002341461448
33001231160
1005001902889916
1005002348684326
4000848879059
1005001695836911
32854855329
1005001708899066
1005002286217584
1005002337690273
1005001417437425
1005001515625266
1005002344115338
4000825927577
1005002426532325
4000865379672
32590245494
32873822200
32976071634
1005001299441038
33059957559
1005002407834439
1005002317990049
1005002069426856
1005002301868660
4000903734992
1005002066891017
32824108533
32956071234
1005001580529122
1005001466073600
32950470366
4001332234886
1005001282516030
1005001752467721
1005002339248200
1005001337832728
33018793017
4000805653384
32829742835
32858902490
32275803517
1005002322770461
4001084520218
1005002133858341
1005002265969735
1005002224593815
1005001989198443
1005001525813528
4000535132864
1005001666237660
4000944569867
4001290933542
4000608506421
4000335542737
1005002317225384
4001111790667
32851061160
1005001992147501
32719138931
1005001645427696
1005002206326370
3286713405732857941783
32811507692
4001171008895
32810991050
1005002365980944
4000466175738
32948170305
4001312850866
33004742138
1005002498479905
1005002081126922
1005001510492979
4001103243231
32480624111
1005002443549569
1005001880602468
1005002029047220
1005001864258341
1005002306382465
33016647430
1005001625152685
1005002247001704
1005001307990467
32917994800
4000990945917
1005002338921727
1005001961646905
33060088631
1005002223778199
1005002090889087
1005001997644744
32862591621
4001220800539
32976239324
4000982340095
1005001848604811
32956761611
4000980133277
32962633280
32977038073
4000472883938
1005002382031878
1005002334180170
1005002300873551
33016210828
1005002396532882
4000894446372
33046064837
1005001823753021
33031316315
1005002492273769
1000001282061
32956545766
4001177915508
32981920407
4000047647652
32834342208
32860251048
32805386556
32808882168
1005001956872537
1005002307463483
1005001953328490
1005002341683007
1005002442872466
1005002279054240
1005002307280431
1005002477881304
1005002323158923
1005002126125143
1005002267464913
1005001803189838
1005002347146873
4000699053970
1005002468993578
32949498494
1005002040511869
1005001530117945
1005001987545938
1005002417826666
1005002468336746
4000090440188
32827694451
1005002477086929
32569010842
33010331624
1005002298426507
32971287800
1005002337032708
1005001637619789
1005001586864572
4000829663780
33046146615
33013851819
4001234090966
1005002261018164
1005002475775326
1005001470974732
4000095842806
1005001381688657
1459795747
4001211486387
1005001732572277
1005002362837178
1005002280483466
32751051246
1005002252275974
4001173928861
1005002339173675
1005001334582824
32984951231
32888424775
32893667215
33014964355
32975577577
1005002341744766
4000955974962
32921488370
4001302673014
4001248295588
33047704694
32867174133
1005001640052178
4000774693977
4000642393492
1005001764970905
1005001517520580
1005002198369538
1005002105415009
1005001941690904
1005002181589161
1005002259297881
2012125007
1005002357726301
1005002080237133
10000344794690
32993109791
1005002411986775
32871431974
4000727533847
32797253356
1005002421282473
1005001970376060
1005002235594442
4000019789688
32843692438
32888939023
1005002288317649
1005002306478772
4000310583121
32831849386
1005001840312875
1005001762186687
32979745915
4000770215659
1005002454101959
32925899857
1005002363178928
32800082613
4000080411306
4001077999973
4001262510991
32888588147
10000395897971
1005001860834602
1005002281991072
1005001514236189
1005002130312268
1005001749008432
1351727253
1005002408198477
1005002418641665
33012056368
32976940291
4000186822427
1005002314328979
4001218168235
1724872960
1005002443424562
1005002176687766
33011019075
1005001728367250
1005002304477015
32711985042
4000269010067
4000555636633
1005001923042508
4001289734940
1005002453982220
1005001280627769
32928381096
1005001441395789
1005001586128734
1005002184916705
4001037480897
1005002276074357
4001152415732
1005002105252692
4001157132547
32973193473
4000088257227
1005001806311528
32921772254
4000053570338
32723500197
32482631889
4001283226786
32756895718
1005002293913790
33028618312
4000801330702
32952334940
1005002288861258
1005002363641472
1005001966011516
32824636200
1005002454213909
1005002232570697
4000011737358
1005002143338898
1005001825856122
4001194037617
1005002092205921
1005002481966740
4000301269531
33004038444
1005002250364302
4001225207840
4000983104376
1005002022120622
4000348571456
1005002291384301
1005002313308045
1005002319216495
1005001894814180
4000152552056
33039561086
1005002150080977
32901569270
1005002351237162
4000709161580
4000478100013
33051631388
1005002490092927
32773526529
32794386251
32888573000
1005002110342856
1005001298939684
32971060193
4000321839601
32871288341
1005002167703929
1005001731981615
32811465279
4001235025779
4000170318132
32390371375
1005002333392546
1005002102945996
32953537541
1005002102956938
1005001934998479
1005001505246939
33036821876
1005002284441259
1005002395793419
32997916326
4000954434657
1005002288120327
1005002347238163
1005002167665988
32744232689
4000585799409
1005001515836658
1005002386933960
1005001722711754
1000001524376
1005001812941924
1005002373379231
32262374843
1005001776697175
1005002483519000
1005002481499189
4001270365408
32389453217
4000361980043
1005002320307271
1000008440553
33023248134
32783327204
4001296708153
4001267347022
4000309832938
1005002133747666
32967713028
1005002239881952
1005002167918964
1005002058306871
528643905
1005002318831109
1005002128337826
1005002278687941
4000853092088
4001017783700
1005001507025961
1005001928489541
32881682259
1005002297102879
4001075681120
1005001930724877
1005002308644718
1005002360453188
4000755091943
1000008139153
32867089200
32957272355
10000360111946
1005001597961124
1005001836136126
1005002240552142
33038082472
1005002390947286
32846395649
1005002324104505
4000128325244
32853925568
32619799405
1005001726798105
1005001722768746
32852940646
1005001531192828
1005001987713484
4000269992996
4000900121821
32794215466
1005002400537011
1005001913699904
4000250092102
4000311583592
4000461247536
1005001802123103
32847855976
1719721823
1005001669283813
33052177324
1005002310668998
1005001402257459
1005001780001230
4000179327092
32972711215
32956985290
32631602092
4000066892946
4000834689006
32998286783
1005002386521829
1005001592760505
1005002313168947
4001193888967
1005002313981692
32411220522
1005002352266550
1005002264134218
1005001360011819
1005001831006593
1005002457566502
4000043894859
1005001899342350
4000461115882
1005002346101402
1005001905773417
1005001790578730
1005001279964612
32998094094
1005001882328706
1005002314527136
32841495738
1005001692455911
4001306012439
4000844017877
32742208728
32592972224
1005002364338564
1005001871969545
1005002340886786
4000173474559
4000916399366
1005002361500591
4000162798130
1005001762184915
1005002038324744
32957211424
32915190591
4000549354798
1005001338347423
4000169998409
1005001516044390
1005001441251853
4000594093401
4001138698441
4000134346808
1005002301139626
1005002180518143
4001050073288
1005001713444167
1005001482508242
32639603593
32388769023
1005002080499251
1005002480663897
1005001361290392
4001150235454
32889544578
4000552701738
1005002306695343
32974150155
1005002404767928
1005002247838298
1005001834536742
4001241545271
4001013054020
1005001406766822
4000680264911
1005002318042822
1005001833557489
4000653719467
1005002207637694
4001020926959
4001217336267
1005002357163445
32885244219
1005002378586488
32817065110
4000113191370
4000868910761
32931405464
32913925895
1005001626027084
32975403897
32886649621
1005002421571213
4000850547215
1005001571424876
32830334886
1005001446556524
32816795509
1005002277678175
1005002012714606
32964333101
1005002336382315
1005002338592177
4000372648932
33062279710
33010670963
1005001511331264
1005001902141119
1005002408014664
32963642418
1005001882451373
1005002351642482
1005001520544902
1005002049603734
1005002165874669
32844772701
1005002013990866
1005001828575756
1005002276910183
1005002363199789
1005002281840718
1005002340010603
4000894738090
1005002122413148
32829862218
4000802295572
1005002019620932
1005001863054003
4000245396813
1005001674958785
1005001975113255
4000620781616
1005002451100346
1005001831067057
4000292661099
4001291032781
4001226395939
4001334712194
4000362567550
1005001965600247
1005001987744691
32414216452
1005002383093873
32998049986
4001144915216
4000698503130
1005001998479744
1005001695401688
1005001833418775
4001041379751
2038592023
1005002235674417
32784179751
32856293112
4001220605936
10000050307094
4000675076564
4001333481219
33048322486
1005001864481698
1005002324637035
4000673227938
4000047319212
4000402835760
1005001834795371
32791227341
1005001518705135
32609525836
1005002420883080
1005002356119202
4000659193536
4001237610363
1005001550510959
33036844488
1005001611560267
4000585905261
32795825388
1005002443641675
4001108316149
1005002388134222
32797456585
1005002399755984
1005001584259601
1005002434225472
1005002166922904
1005001913796781
32981533229
4000068672861
1005002328594046
32962770588
1005001722529913
4001351445654
33002177969
4000704364534
1005002283086043
1005002304259444
1005002300005812
1005002398687143
32719116918
1005001780497572
1005001717517097
4000574677778
1005001509318999
32612914599
1005002061473205
1005001972282814
4000909271299
1005001770946494
4001268658424
1005002388546567
4000466064785
4001238425095
1005002405473388
1005002194007982
1005002427854518
1005001574655989
1005001765911042
32851815927
1005002028023000
1005002459528710
32976216881
1005002302740373
32963755795
1005002361123951
1005002449257612
1005001449904726
32807138575
1005002318596207
32983258308
4000396446218
1005002316969916
1005002007669876
1005002309411654
1005002318903516
1005002410052131
4000143927620
4000407776647
1005002324617792
1005001821150290
1005001588348870
4000294615182
1005002467019188
1005001870074192
1005002393286735
1005002319152402
1005001398516781
1005002286917799
1005001399164177
33057000412
1005002422114738
1005002362403402
1005002064955981
4001264179268
4000816829315
4000953458725
1005002233072817
4000227871780
4000896180816
1005001575072991
32775925577
4000722790271
4000530826744
1005001446278767
1005002310930484
1005002089718230
4000288246045
32883782842
4000266204680
33003070753
1005002393746872
4000163498801
1005002368386056
4000090058020
4000887565681
32571939594
1005001671138220
33027302231
4000661056349
1005002291968393
1005001387081175
32829157845
1005001301978078
4000625572201
1005002427837991
4000209630776
32996067871
1005002342132432
33021199172
32967793230
1005002267505095
1005001741888997
4000356005356
1005001458108605
1005001685382855
4000545819811
32382474869
1005002212949796
1005001952744599
4000966921339
32977210383
1005002252014416
1005002434936656
32856482470
1005001696111427
1005002319278222
1005002317648385
1005002381322525
32979375142
33020942458
1005001333584716
32928528839
1005001579264040
1005002308883558
33006817824
4000761940243
1005002314415433
1005001482835040
32827721629
4000081570860
32842572950
4000764604631
4000124692890
1005002363442842
4001187900758
1005001682630094
1005002357175914
1005001857833975
1005001942951631
4000874283965
1005002044169717
32825984939
1005001943781394
1005001864127881
32958906035
4001247338470
33026179475
1005002368320860
1005002292317326
4000679722276
33008263189
1005002388798850
1005002318304639
4000177151792
32883268556
32979235946
1005002386906006
1005002276417566
32859392361
4000493017276
32963312187
1005001993439506
1005001868878479
32974377370
1005002301445642
4001198082937
4001043508610
1005002200045253
1005002288791329
4000267911173
32545916683
4000418048263
32913541233
1005001999543598
1005002395231393
1005002421169343
32982659349
32850863461
32882683808
1005002276095750
1005002410838558
1005001490715413
1005002372339246
4001095444393
1005001640632626
33000481338
33040869542
1005002306110242
32618017557
1005002120995006
32751478044
1005001727438774
1005002384198704
1005001858841243
32917835447
4000808162734
4001175418450
1005002277021023
1005002299841524
1005001856910522
1005002061567089
32969329551
33047287513
33009961267
4001286857015
1005001690258447
33009723733
4001224490071
32829595361
4000027960456
4000385956700
4001355394873
32965825944
1005001303982571
4001240763325
32993220358
4000322012039
32934919874
32386759772
1005002033274187
32661045279
32381826288
32851209845
32958333105
1005002298963586
1005002049683580
4001221409172
1005001996827321
4001167986809
1005002265406676
4000333112843
32841374543
4000806470958
1005002084214399
32608081001
32888104551
1005001950417775
1005002428593158
4001273300059
1005002340916979
4001238982243
4001313127352
4001023585156
1005002406399020
32614034318
33036923437
4000133436086
4001201269445
4000300244782
1005002314697662
1005002235984363
32973151478
1005001280604743
32668560038
4000543757824
32990407136
1005001998615247
32944702452
1005002212699587
4000318214733
4000118965833
4000592838726
32790067195
1005002058832331
1005001935890676
32986415606
4001244889250
32615110162
1005002361428951
1005002339807095
4001193016106
4000693235139
1005002433881532
1005001602909110
1005002435496924
1005002122314523
4000818050056
1005002294614846
1906615149
33020236494
32965242336
32881869734
32856749993
1005002322913533
1005001623320150
4000041360362
33010272860
1005002340385849
33054697215
1005002074509844
32967964362
4000935111821
4000933711746
4000663967851
1005002224076143
1005001733043148
1005002198293929
4000825706518
1005002281069066
32255132427
1005001515993011
1005002352898608
32498856263
1005001982851528
4000320032357
4000832987918
32858696178
1005002310991146
4001345858359
1005001912585162
33059666859
1005002292995058
4001139214683
1005002281811719
1005002314371920
1005002437786566
1005002365038234
4001229883921
1005002314360794
1005001942627866
4000491353887
1005002394998110
32903738771
4001108491818
4001021648708
1005002433723325
32919906692
1005002292855955
1005001299425755
32973568559
1005001816970732
1005001717836489
1005002326097461
1005001808887489
1005002125023560
1005002363716154
4001271462493
32966884475
32849464708
4000865433341
1005001686018804
32596857397
1005002050613019
1005001534698023
1005002495945597
32815957256
4000982450933
1005002418416987
1005002315997857
32858147554
32848057491
1005001628695285
32909566735
1005002292600610
1005001402833611
4000955388169
32893436871
1005002334266304
1005002460320149
1005002186978394
4000156087720
1005002325414273
32870346803
32944753288
1005002291550622
32741416435
1005002280985719
32923914700
32854815327
4000495355256
1005002337654865
4000551996923
1005002451048325
4000902259342
32619852241
4001217956673
1005001483417731
10000000293857
32994787542
1005001947950736
4001088922967
4000109768648
32780998263
4001236108123
1005002303463964
32875791873
1005001645558219
1005002371803786
4000819691131
32921179788
1005002367856450
1005001373843209
1005002341623105
4001128262180
32967721511
1005002046531623
32574451174
4000287903649
1005002281664685
1005001630615256
1005001819550610
1005001802597344
1005002350391859
1005002399888081
1005002132653971
1005002440271134
1005001905759578
1005001446593741
1005002281961195
32991463704
1005002345369085
1005001509709144
1005002281340326
1005001834924960
1005001268250822
4000170968442
32638944937
4000696802516
1005001894457146
1005002089188876
32770513638
1005001625765283
32990345870
1005002369368474
1005001509802675
1005002278714796
1005002241938311
32856088605
1005002388838846
4001156860465
1005002204770379
1005002165095083
1005002337314522
1005002373530297
1005002287129670
1005001849788071
1005002339616668
1005002454305855
4000539734007
1005002287826485
4000990933946
1005001821411197
32960313639
1005002346922025
32920859497
32962118319
1005001792217570
1005002395408435
1005001502765104
1005001575967386
1005002382407945
1005001445524506
1000008316331
4000989694435
1005002311003370
33047234232
4000640023847
4000717897587
1005001452104457
32912365280
1005002379185836
328564535821005001843462134
4000690783011
32963307508
1005001495550526
32801625388
1005001519046160
1005002414537334
1005002297901176
1005002055571328
32999465381
1005002267971836
1005002027411951
4000593697190
4000586371282
33039926409
4000944664927
1005001632528472
4001280595556
4001190623566
4000421467418
1005001389098352
1005001604606662
4000740717914
33033338620
1005001624650892
1005001551399170
32694902118
1005002268286345
1005002233447331
1005002363459179
1005002281563356
1005002191937273
4000955112309
4000848872281
1005001849509180
4000693106510
1005002090633393
1005002124881414
1005002217871296
4001293311159
1005002055486915
32913929145
1005001706261266
1005002333859313
1005001296448922
32990938978
1005002381523698
32738460180
1005001393178530
1005001851265661
1005001452634123
1005001441425392
1005001823274212
32957572442
1005001344544497
4000852869113
1005002483251838
1005001722537880
1005002389054417
1005002238070152
4000830873271
1005002022978942
1005001565803025
1005001921616866
4001270999192
4000203178518
10000400046512
1005002388653225
1005001962483022
4000466397414
32819625682
1005002278029025
1005002071273538
32881257087
32963506053
1005002363184985
1005002002913548
1005001639218334
4001268068171
33022824420
4000461262848
4000641350858
4000226516837
1005001393206214
4001278949413
1005002400861639
32862101706
4001027605751
1005002362153344
32489738015
1005001425362272
1005002293910059
4000060734461
1005001914701315
1005001457955255
1005002204276620
1005002335768707
32983321338
1005002377579913
1005001280898488
4000942004819
32988485657
1005001928763886
4001260490862
33050409078
4000624308040
1005002270643312
32610360257
1005002324098778
1005002301149213
33034250763
4000119257461
4001175239411
1005002490687505
32975122342
4001067878058
1005002200035806
32998549426
1005002392783722
1005001495319427
33019370818
1005002419563962
33028849319
1005002333489003
4001240436297
1005002215486085
1005002324532699
4001025968681
1005001564868699
1005001556360542
33034946831
32747364084
4001332041558
32279303243
1005002027862612
1005001942861672
1005002350238129
1005002309035544
32359704845
4000195590294
32961978988
1005001276154965
1005001824872871
32858864542
4001175028142
32868049837
4000981723899
32857824672
32703548419
4001178044885
32799994583
1005002347232711
1005002167166384
4001032745494
33036821605
1005002326716302
1005001930852685
1005002443148252
4000078625441
4000210029597
32888515867
32869089511
33048658520
1005001482179394
4001120485182
1139966717
1005001652362332
32992558208
4000987488079
4000674939540
1005002293712325
1005002348454566
4000081393723
1005002401472355
1005001645183402
4000242554895
1005001576556167
1005002492809946
32853365821
1005002492844396
33004018744
1005001479679731
1005002182023623
4000608566068
32971420930
1005002333213272
4001119534421
1005002491960484
1005001570434462
32835244227
4001365394869
32901238949
1005002387679178
4001240038971
10000355363546
1005002342757988
1005002311939451
1005001501127271
1005001368233082
1005001381549586
4000221127781
1005002277836158
32959874769
1005002378151544
4000215717582
1005002377392862
1005001780133596
1005001887890358
1005002287885824
32954764710
4001217952131
1005001868554137
32841031713
32789631935
1005002085638122
32916949229
4000244402901
32849877106
1005002305544198
4000801028819
1005002451891803
4000112902120
1005002477245337
4000287767037
32907477785
1005001988510222
4001093483699
1005002381398781
4001209871355
4001338602692
1005001646869872
32792675863
1005001699663526
1005002103908259
32971175928
4001362147097
1005002307201806
32718096858
1005002335010572
1005001514874035
1005002231699549
32727368764
32584549277
1005002476073387
1005002301574067
32841752721
32948558290
32948442542
1005002430509683
1005001776782030
1005002314479095
1005002375898870
1005002030344046
4001005713680
1005002090544508
1005001296892321
4000960611444
32975918881
32934439762
4000056588069
1005002281680844
1005002194220626
1005001598489438
1005001826019984
32829349543
1005002068931633
1005001606350294
1005001302571851
4000429742410
33006192256
1005001836417106
1005002262341478
32924929071
32586219944
1005002017118931
1005001609186645
1005002313772262
32920961439
1005002356987679
1005002264103023
32917376737
1005002372373947
1005002305125633
1005001859781346
1005002184547509
32887395909
4000882146433
4000967863542
4000396608069
32654207208
1005002108095451
1005002345750213
32816059952
4000277243961
4000081856650
32863338300
1005001877330120
1005002288467733
1005002051228813
1005002080290195
32718024890
1005002420160128
4000859044741
1005001422880317
1005001694081388
32980172797
32863088789
1005001807759750
1005002292181983
1005001666866164
1005002386362733
4000283615225
1005001350845563
32814043230
4001273226559
4001119674980
1005002268982238
4001145353251
1005001834504662
32820321835
1005001665230395
1005002392970837
33021338714
32699795605
33014796161
4001179983202
4001297557351
32954577642
4000234075556
1005001989064444
4001062536528
1005001792224190
1005001405570420
1005002065050718
1005001324727337
4000203960075
1005002197268045
4001247520808
1005002077276296
1005001803634052
4000335548678
32850377198
4001365852220
4000415109312
1005002337827370
1005001890979450
1005002484936064
1005002350299459
1005002329692454
1005002429217175
4000901746750
1005001441504092
4001207936484
32667150286
1005002192783111
1005002041041947
1005001941433877
4001253790334
32848990423
1005001759045288
32980357472
1005002283197534
4001034556154
4001064430223
4000049196074
4001061783252
32843373739
1005002069899977
1005002290600290
32952374090
1005001446514649
1005002038514418
1005002321177867
1005001305671998
32842197674
33034177643
32861398508
32520260004
1005001445050078
1005002288386978
4000332468117
1005001798335904
32847865115
32973391415
1005001284911261
1005002073677521
1005002105781272
4001153298144
33001766028
1005001411160216
32840053571
4001350162266
4000453999182
33006574118
4000549488639
4001350906595
32789562977
1005002289561551
1005001921702914
1005001445274333
1005002308852707
1005001644777007
1005001476689000
1005002408307600
1005002314228970
33050782578
1005001514905062
32729720258
4001195559239
4001011283182
4000492250803
32231178408
4001077647901
1005002400464182
1005001588214612
