10000395930319
1005002268953657
32915178331
1005001485533714
4000250796602
1005002476483048
32872381100
32661317601
33024951123
1005002248535896
32968580153
4000095725096
1005001430419838
1005002339994758
4000828374744
4001341857774
32962708469
1005001680528455
1005001731598372
1005001504364934
4001333348092
4000804055430
4000160425299
1005002314428383
1586294006
32796045287
1005002264212629
4000845262673
1005002323885722
1005002260598979
1005001461675889
1005001658478732
1005001721993281
4000424549067
4001276310765
32984046791
32990247636
32757642866
4000168647963
4001273346840
1005002416042704
4001291595777
4000670972376
1005002480407112
1005002312909473
32957358063
4000041501655
1005002304900017
1005002307391506
1005002321851093
1005001612490120
32987801370
4001115188290
33050570293
10000395920959
1005002389832614
4001135684515
1005001362297050
4000112005209
4000472448342
1005002305319784
4000326723176
1005001458644229
32857019412
4001178579546
32904771129
1005001877721589
33045631381
4001189815925
1005002459909993
1005001890768512
1005001343107930
1005002073812745
32981987674
1005002362596992
1005001308521158
1005002367349452
1005001685734920
1005002447087801
32813755385
4001189967955
4000271189250
32980055938
32974938095
33012058534
1005002245251706
32972643117
1005002032850549
1005002459001010
4000221809580
1005002097283078
32855416443
32947297047
4000515951079
1005002392334609
32904812450
1005002333924500
32709615497
32810481969
4001208440806
32870257741
1005002353242079
1005001894898700
4000820023986
32979948086
1005002268361530
1005002413677557
1005002039114387
1005002314012613
4000599057077
4000744908201
33022843566
1005002009276499
1005001941755017
1005002342772283
1005001670841642
1005002176921472
1005001853200737
1005001731055240
32976864809
1005002457711672
1005002108643113
4000404605284
32993324123
1005002464993266
4001149206134
32956428096
1005002484745505
1005002319123868
32822330542
1005002253739910
4000829791926
32845613137
1005002419241476
1005002357759259
1005001359481223
1005002341207945
1005001544831458
4000912489935
1005002233202875
1005002048949839
1005001418596924
32955395340
1005001910411410
4000784951378
32826191505
1005002016822778
32891192406
32811012421
32910034734
1005001639559225
32919481529
32810006870
1005001899454602
32528265420
392741053
33007359341
32962613276
32550361454
1005001599371318
4000443820444
32943553268
32937133029
4001255283624
32604937612
33040074055
1005001993581263
4001149842526
1005002481388848
4000905654923
1005001624791052
32898333502
1005002128632988
32923862359
1005001503266657
4000586811589
1005002235749826
1005002276533982
4000456164907
1005002369532018
1005002381630291
1005002322600305
4000013926837
1005002405081620
1005001592062511
1005002346080182
32923483486
1005002361731624
32890611764
1005001915190719
4001322772904
1005002170883027
32910566315
32862981884
4000824112743
1005001354969125
4000505064527
1005002447428599
1005002323544700
1005001586343327
33060714044
1005001603710115
1005002311530845
4000911128131
32667784884
1005002337267441
4001098613005
1005002270394337
1005001987590259
4000031570332
1005001411144988
32967688571
1005002402392237
32827040981
32674518092
32821361992
1005002382025437
1005002294788326
1005001895900392
1005002424114334
4000764868830
32917394506
1005002358235168
4001230864861
32647151318
4000990127607
32987192361
1005001830288307
10000023164882
4000853092114
4001260470049
1005002165006829
32896359352
32828609039
32663727580
1005001913356036
4000086068657
1005001287793013
32880989065
1005002396162425
33027820492
4000221423269
1005002305259316
1005001953038642
32790927414
1005001817963236
1005002239237454
1005002472776869
32870722715
1005002121347029
32961284368
1005002311622818
1005001339548858
1005002387218196
1005002378629559
32965537369
1005001950364143
1005002308956065
4001002898688
32917735211
1005002424207774
1005002328145573
1005001869473965
32917112374
1005002489619132
1005001695357258
1005001484038456
4000414834173
4000802064584
1005002122267695
4001298223602
32792163261
4000399151567
1005002125383476
4001041240266
32977953479
4001321721103
1005002283011032
1005002242326485
32916552803
1005001308417895
4001220668839
1005001446349678
4000058595112
32953225706
1005002413328035
4001123634401
1005001628589787
32849655294
4001314567795
4000429727076
32928527778
32949623143
1005001879921966
1005001393259162
1005001808913824
32510521855
32796498228
33050164363
4000111938417
1005002286113339
4000491646452
32981017864
33011562598
4000663860134
32999970435
32570408909
32950671936
1005002423704263
4000298622654
32953831442
1005001988202261
4001302514504
4000743188103
1005002074058103
1005002166773540
10000002745024
1005002322113335
4000086622446
1005001340020687
4000686923772
32740680909
1005002287333647
1005002462306440
1005002424955166
32919526104
1005002357459191
1005002264504603
4001066469495
1005001854024602
1005002314530956
4000090119044
32833844413
1005001862633637
4001220712706
32910109999
4001327419060
4000760847676
1005001860823570
33037782091
4001226586608
1005002439793204
4001064922192
1005002293142156
32993774022
1005002359836360
1005002177970927
1005002317922053
4001198045036
32585025671
32798867054
1005002248737763
33004613163
4001165217937
1005002288105378
4000314083836
32904760398
4000850865580
33001614490
1005002265396718
32657676757
1005001728224573
1005001652215070
1005002413536022
4000770265250
32915744926
1005002129713390
1005002284634439
4000850553536
32822443279
4000980753918
1005002433751033
1005002394291162
4000684956283
1005002500126327
1005002368845958
1005001817126781
1005002375228291
1005001664362335
1005002432174369
1005001562053439
1005002394811897
1005001389467661
4000129568499
1005002277675658
1005002242683296
1005001773569950
32845185063
1005002374632684
4000663614395
1005001575480046
4001054383122
1005002074892333
1005002393663380
1005002350708698
1005001814392641
1005002024156046
1005001821413531
1005001494026638
1005002417015336
32922737712
1005001670859253
32706475248
1005002190508946
1005001775694154
1005001950360595
1005002314373389
32561929450
1005001922167158
10000002519944
1005001692548793
1005002273569791
4001095524165
1005002358672632
1005002405370308
4000722783356
1005002377062360
1005001271597703
1005001329460445
1005002198767617
4000842693009
4000883914649
1005001924084701
1005002421533201
32983302484
1005002360291802
1005002475591762
1005002272141783
33036941552
32718429527
1005002276920601
4000844946675
1005002120502657
1005002345301776
1005001994891444
1005002337777454
32995873382
1005002404017326
32980273236
1005002362516733
1005002219500684
32825543315
1005002378197051
32959874717
32981525749
1005002244296086
1005002447684070
1005001452814755
32885741891
4000065615460
1005002234189371
32830021977
1005001730883120
4001312793995
32960380450
1005002399502646
4000148174184
4001326458736
1005002358424273
1005002488708638
1005001567247728
32977124965
10000319956758
1005002280930584
1005001963668765
1005001875019188
32911497279
1005001615058683
1005002320717091
1005002374567658
1005002276259837
4001023351238
4001321705174
1005001993347596
1005001698993545
32984282474
4001097927838
1005002352665736
1005002242098209
4001286195854
1005002007097228
1005002147095750
1005002168004929
33021242025
1005002105356133
10000395819639
1005001592619034
1005002212015587
1005002364570788
1005001529293639
4000842953931
1005002086335883
33048766058
4000795308174
33062999673
4000021938759
33010357106
4000526388077
4000168928994
1005001476475549
1005002028773522
1005002317660843
1005001758574947
32945781795
32921922964
1005001453343496
32881231565
1005002297662111
1005001693533590
1005002459886603
4001211858233
4000384496051
1005001650393361
1005002289760835
32805269226
1005001491235104
1005002310681032
4000823595747
1005001585861243
1005002491302660
32821421416
1005001471216598
32678860451
4001327496955
32896252315
1005001997286780
32953851636
32959170482
1005002260023408
32877216143
1005002476346355
1005002358680390
1005001545201809
1005001993927812
1005002430214687
4001192898226
1005001407376464
4001135274985
4000934448400
1005002317631808
1005001880221856
1005002119342185
4000401882161
4001207940565
1005002213723754
1359053633
1005002167852931
1005002244446649
4001080830368
1005002199542089
32946240458
32817999135
33012086469
1005002499311288
1005002321698469
4000037030500
4000978939925
1005001938066080
1005002347328669
32790982315
1005002322545877
32239194853
4001115526203
4001270691267
4001228551664
4000057744677
32880289784
4000927734258
1005002059871516
1005001894781855
1005002281037550
1005002288628999
1005002300334333
4001021015875
4000901765633
1005002447564917
4000668510820
4000074693527
4001039182231
1978732054
1005001689415531
4000192582213
1005002312548571
4001261069465
40012180406831005002314237000
1005002008514571
1005002012296846
10000393894035
32791002823
4000969928131
1005001279720918
4000236204738
1005002427933354
32906804648
32925774898
1005002433125516
1005001825621527
1005001456822446
1005001920924097
1005002405336503
32925627771
4001189107446
1005001869085882
32969788161
4000801212575
1005001947900797
1005001947491341
4001127117500
4000768868185
1005002400403377
1005002280896101
1005002224804662
32813034860
32965349113
4000299381495
33026315663
1005001531181022
1005002240622302
1005002231401470
1005002394994917
4001212162530
1005002433552602
4000847960892
1005002264462321
1005002313785607
1005002369644094
1913966477
4001051079335
1005001391309820
1005001310836606
1005002350787770
1005001618312058
4000375082060
4000133036276
33000761676
1005002328499476
1005002345727980
32954639696
1005001666015420
1005002425579901
32963865350
32834134565
4000993947037
32955814663
1005002254267988
1005001708566565
1005002459917762
1005001702630062
1005001864695212
1005001631091230
1005001525765961
1005002318743309
1005002352688806
1005001509796335
4001017371338
33021012637
1005001514147321
4000464374818
4000443293619
32982924298
1005001808828164
1005002304859691
1005002454248537
1005001915078468
32951525780
32985908477
1005001894440186
32881824126
1005001808500077
32865826608
1005002255650568
4001350409896
1005002363265183
1005002211979101
1005001446073309
4000959727156
1005002427962605
32975783233
1005002357814322
4000336602375
32845467209
4000222159124
1578857372
1005002462359530
1005002396776052
1005002424244619
4000636451718
1979640185
33045119872
32827586081
1005001728355407
1005001288657618
32670244405
1005001973783905
32978781672
33001165537
1005001447256841
32804737952
32948270233
32760407521
1005001439041802
4000177223918
32899343717
32862208477
1005001274643040
4000382155606
4000491948352
1005002055488408
4001081170518
1005002084342358
1005002322701929
33026392433
1005001531514323
4000965782459
4001055015886
32974957102
1005001403914724
32931457814
1005002309814398
1005002295216176
4000990008285
4000978966760
32916342231
32346239441
4000642280906
1005001381603113
1005001626063283
1005002270387710
1005002027801150
1005001934979431
1005001826814785
4000197195356
4000828497098
32860748308
32884546152
32909100953
32962561064
10000000599987
1005001968353591
32936144428
1005001315336445
10000334032355
32884514090
1005001442027203
32835794150
1005001521413329
1005002257836909
1005002319377225
1005001630444565
1005001345676823
4001333312281
32567954181
4000832877911
4001343352545
1005001349525329
32891269265
32853155779
33008011571
1005001775034194
1005002132435593
4001042450047
33001703018
4000109242857
32965793987
32865014091
32960196378
4001022553686
1005002383971971
32805919268
1005001431294880
32793608321
1005002337298013
1005001287034322
1005001797584426
33029638472
1005002440847563
1005002327822243
1005001779762758
1005001975495336
4000168045337
32911531310
1005001548355605
4000223523086
32956989090
1005001815280510
4000120741605
4000842987466
1005002302238935
1005001594053249
1005002344151168
33020128188
1005001835530601
1005002457167993
1005002304905602
1005001803863991
1005001322138468
1005001337652213
1005001419559717
1005001349998879
1005002273604061
4001026626796
32970258886
32822261967
32893894759
1005002364494266
4001160875989
1005002208240092
1005001736701308
32973422969
1005002059741921
33028094683
1005002194185915
4000093617268
1005002488183085
1005002346588151
4000876521666
1005002241333695
1005002433189810
1005002269277487
4000017916764
32899178743
1005002351641277
4001221514328
32825142988
1005001971307904
32874674637
33055536043
4000280734864
32961705169
1005002206843457
32864665604
1005002291537375
1005001804830232
1005001332532620
4001280344702
1005002363045664
1005002315751892
1005001520214193
32843198557
1005002273669500
4001057196391
1005001419162502
1005002199862767
1005001500215657
1005001728330852
1005002427794909
1005001658051833
4001270545118
4001069087682
1005002234172951
32823038755
33021237054
1005002182452132
4000170291440
4000032748768
1005001869296759
1005002292606914
1005001670906724
1005001787604061
32974302067
1005002293055573
33002703247
1005001792869718
1005002265313642
32810140974
1005002327582414
1005002481148695
4000544572392
1005002323953753
1005001935612307
1005001882301470
32967057724
32915475714
1005001928023277
1005002496681251
32977655494
1005002419240488
4001148182593
33003397192
1005001824252628
1005002036104220
1005002304545810
32549512728
4000237022087
32958798272
1005001943015044
1005001398581227
4001074932642
4000756162654
1005001706257260
4001038356538
1005002414167796
32965430667
32624160476
1005001823337811
4001078324584
4000608595897
1005002457502019
4001199215279
4001095613456
1005002386758484
32655124297
1005002247670013
1005002311553986
4001108085845
1005002382722165
32948530598
33027328823
1005001741034966
32997054035
4000204129957
1005001698285203
4000043913581
1005001317530378
1005002413453624
1005002399178173
1005001642874321
1005002394083647
33010974842
32997205011
1005002449706970
1005002184150610
898857576
1005002229893337
4001038662418
1005001391929974
32901069456
32946901669
1005002114218994
1005002490897024
32707636064
4000532498727
1005002475808647
4000051197150
1005001997193089
1005002331937727
4001257623837
4000850516973
1005002436165132
32659385108
1005002204682187
4000921254997
1005002356080165
32974414607
4001013282701
1005002454316224
4000885615280
1005002400062992
1005002272210590
1005002206805030
1005001773149569
1005002159852026
1005002321639203
4000854331101
32668365702
10000321560412
4000549240767
32630018541
1005001525350870
32662665755
32933794582
32963837902
1005001942632397
32990158320
4000920912428
1005001823542407
32970196026
1005001830458094
1005002135863701
33048301731
32724396455
1005002316607311
32886515383
32507840507
32855575923
32903148172
4000550039492
1005002258694294
1005001797759963
1005001629460680
33056679799
32854664705
1492633620
4001065538210
32747366547
32932951398
1005001617893784
1005002306154116
1005002456598256
4001192188052
4000551675532
4000112736867
1005001763615464
4001153526892
1005002329901263
1005002047425539
1005002049469788
1005002363387037
1005002332064559
32854691050
1005002381014617
1005002341444563
1005001274405885
32827508972
32993100521
1005002284832212
32862431785
4001226506284
32805208512
4001039004324
10000400058906
1005001348723370
1005001828735114
32831046012
32899560746
4000370566794
1005001588025278
32706791613
1005001881887856
1000001544366
1005002319636227
1005002286253810
1005002391067335
1005002424131041
32794913203
32976824638
1005001304271812
32969841618
4000663071599
1005002470638839
1005002061723105
32583306685
1005001767057599
1005002272151359
4001068586672
1005002369553040
32955029139
33012451341
4000850218056
1005001345483474
4000614757756
4001240465296
32533916297
4001134836500
33051388066
4001193287187
4001180982770
4000683056541
4000853158044
1005002430817398
1005002320631701
33011086203
32949325915
1005002346165334
4000106172889
1005002394977618
1005002393951850
33024553034
32621103660
1005002421007777
32834003040
32972604140
1005001846850366
1005002498611980
4000960941470
33046155203
1005002246279379
1005001288187192
32836108416
33003444216
1005001452944744
1005002396918003
32824829520
32867776252
1005002271559230
1005001273720654
1005001418609526
4000537217924
32961827121
1005002323332792
4001048944935
1005002297741152
33015490130
4000176083943
1005002413387950
1005002096212848
1005001383822121
4000815266185
1005002040188721
32955637612
4000915636769
1005001638953161
1005001519625818
1005002315732802
1005002039781242
1005002002757140
4001021478950
32901482231
4001117451815
1005001501292051
1005002256983440
4001207560690
1005001853948262
4001338852329
1005001727634276
1005001586517056
32530360910
1005002449784646
1005002224821743
1005002171695248
1005001302672978
1005001475811338
1005002402438842
1005001606275946
1005001388723512
1005002405976961
32833975390
1005002424071283
1005001985883837
1005001750585595
32983790252
1005001868743171
32843517970
4000943248789
1005002337071696
1005002244820727
32861422499
32672796209
1005002317352405
33006811846
32920916832
4001187780783
32896705213
1005001859957884
1005002284747702
32966024611
1005001638935272
4000157638619
4000922693109
32867304734
32800449185
4000216863468
1005002401807260
32618476370
1005002266287568
32961321998
32867551138
1005001936535365
32914161232
1005002239118295
1005001749265169
1005002340741004
1005002165984502
1005002089418647
32919151708
1005001418587771
32995260171
32887073632
33050943066
32328069986
1005001344699591
1005001793810301
4000955019420
32795821554
33016395059
32937563371
33042690648
1005001753534846
1005002236016830
32831643389
4000479135803
1005001272905854
32888386117
32700583670
32876031573
32896454151
32960534233
1005002101657363
1005002226453788
1005002181090921
1005001671115805
4000099117121
32616623798
1005002396599919
32901663528
32857100793
4000599975989
1005001966287663
4000971876020
33064043443
32708483115
1005002274916573
4000067749850
4001054052828
1005002060891662
4001339536245
1005002227657117
4000185467842
4000269258191
1005002284961382
1005002050847478
1005001639106252
1005001839610334
1005002388796220
1005001818690663
1005001921120293
1005002275845263
1005002287213227
1005002063709724
32952249796
32999679410
1005001955035177
1005002241862934
4000368463772
1005001321669624
32810042416
32903713411
1005002402365506
4000457013913
32856522866
4001036565353
1005001275671680
1005002059245827
4000580213259
32871030102
4000929483472
1005002315995637
1005002480305728
32787435195
1005001355044046
4001015167922
4001054688848
1005002312648605
1005002382919861
1005001332354063
1005001525264993
32358815892
4001175318062
1005002330256246
1005001287975785
4000982818665
32879966633
1005002253680853
4001036653210
1005002297692838
1005001670846488
1005001900713558
4000865390938
4000193563318
4001358975279
32838254586
32930988110
1005001496832677
1005002414110420
4001207402468
32953835977
32869024834
1005002182844762
1005002213608404
4000960589670
1005001507836990
1005001921934518
1005002272122300
32898169061
33030612447
1005001923261447
33028296965
32957951313
33027816415
32920698655
4001151863422
1005002271826554
4000310674309
1005001287831536
4000668587143
4000558414776
1005002024752817
10000022557702
1005001686184826
4001293557105
32811323181
4000676218038
4001005167573
4000154075097
33017467770
4001077659625
4000186452441
32822490532
1005001939768354
1005001524013110
32663271972
1005001502849272
32945801300
4000406120627
1005001848728340
1005002418153708
4000234555590
32723100713
33007518405
32832391321
1005001709326301
1005001412868285
1005001734457597
4000163933041
32857796633
32953651095
1005002311347913
33053888185
1005001582608515
4000662457840
1005002326227635
1005001878301370
4000066509000
32977706179
32363654071
1005002115789112
4000032226874
32318770368
1005001739343455
32828199516
32857745593
1005001830447142
32889841909
1005002298163481
1005002352147863
1005002001551746
1005001914286125
1005002436184527
1005002276195753
33045139184
4000685031759
1005002157228420
32979396461
1005002432152222
32944039507
32984363690
33044217571
4000672276932
1005001723363297
1005001870365302
1005002184963494
4000990748505
1005002291417588
1005001556954153
4000468876082
1005002474828453
1005001961241580
1005001845151490
32935019343
1005002388236776
1005001393447033
1005002319037374
4001307881687
1005002177887681
1005001899684431
1005002312655388
4000941031375
1005001593803189
32791819101
1005002003841023
4000406420381
4001191348006
1005002263062536
32902586655
1005002339490661
1005001807304814
1005001864742250
32868282875
33047115238
1005002290763018
1005002426371961
1005002170614913
1005001878724514
32992808528
4001226354332
1005002475101477
1005002425268308
4000850530479
1005001669928692
32842485617
1005002427939077
32853039915
1005002076294754
1005002172820734
1005001597429598
1005002393205089
4001128713892
1005002304375377
1005001483190346
1005001946807235
32842369885
32858410550
1005002114201557
10000399951782
1005001580863165
4001270397336
4001240394765
32992095867
1005001997589431
1005001994562617
4000314718495
1005001693337352
32946482391
1005001948040266
4001285418040
4000966249547
1005002318430439
1005001525310866
1005001524992609
4000031768399
32952415564
33008811211
32879604010
1005002246777459
32379019881
4000765367331
4000094409663
1005002151726785
33028700953
10000404282050
32904153284
1005002218688278
1005002364560451
1160134762
1005002192635746
1005002314031741
1005002346026630
1005002316659461
1005002212851364
1005002086348786
1005001566614699
32891780806
4001170089975
32998312817
1005002500477589
4001223999270
1005001593588544
4000023720687
1005002230093385
4000926755359
4001298189346
1005001678679127
33049707872
32868704123
1005002114698001
4000545830140
1005002282026006
32884959870
1005002499325521
32842089951
1005001386203171
32821077308
1005002005033067
1005001995707199
4001231193640
1005001971825121
1005001607562392
1005002387631423
1005002280372919
32849793479
1005002417191543
1005002264015321
1005001354937742
33046267814
1005001493327740
1005002400059053
4001273237416
32975408897
4000625964803
4001250892627
32833133180
1005002367687858
32956728441
1005002474226675
1005002305977484
32954921527
1005002484554835
1005001349604170
1005002398563287
32995661273
1005002434655018
4000955073763
32849266392
1005001397072072
1005002454219835
32960262600
1005002423892353
32589525354
1005002467045815
1005001604738997
4001309576306
32797546539
32964938364
2046470740
32698126683
32869385270
1005002212123011
4000666048554
4000730871682
1005002375549081
1005002369324275
1005001966564250
1935880226
4000560841534
1005001546780366
1005002350734813
32263711976
1005002394814196
1005002457819621
4000735181883
1005002350385023
1005001436086367
32913519846
1005001383856075
1005002468033186
32973763213
1005002245562218
33011650323
10000002731709
32968320390
32612021894
32964523362
1005001464423354
32461281637
33040512263
4000038310936
1005002400787862
1005001525671452
4001258614146
4000387158327
32728736658
4001339241292
4000786217951
1005002487365803
1005002434702781
1005002218818060
1005002409990163
1005002490521021
1005001710168907
4000920033532
1005002176384817
32783510526
32909030874
1005001850725596
1005002250890084
1005002346208477
1005002346572512
1005001771722013
10000152670900
1005001976188287
32522042981
32831453970
1005002326886296
4000720165528
1005002450635062
4001228626124
4000668981667
1005002363541928
1005001555425590
33000228164
1005002468174156
1005002467440999
32852132961
32313852169
32620114871
1005002210764618
1005002260964196
32888516279
1005001748238701
4000909317328
4000850539856
4000052061454
4000298762163
1005002306248728
4000235172636
1005001495784146
32858494896
1005002262254353
1005002332485091
4000837123553
1005002277993667
1005001341094539
1005001993698044
10050024203478621005001665644589
1005002130145040
33047017680
1005001625802960
4000262660980
32997333995
4000493367437
1005001833717481
4000239047177
1005002488111334
32984021760
1005002277887482
1005001785091283
32803143613
1005001319914493
1005001902312578
4000041420919
4000330907533
32878973570
1005001833484837
4001237269993
4000138018367
4001197614635
32934219768
32638944133
4000203170557
4000093567671
1005001630864841
32852255879
4000626981237
1005002466074140
4001209851904
33003784167
33030335850
1005002115372889
4001005327982
4000469877806
32979788129
1005002327261878
1005001948098656
4000688803058
4001225430199
33055798743
4000201777448
1005002432157200
32857410362
1005001489041620
1005001557930308
33002509869
1005001718932166
1005002250308682
32781984030
1005002373395253
1005001812549614
1005002094743966
1005001990170390
4000559371472
1005001627438949
1005002459314187
1005002363376427
1005002333373090
4000664008781
4000873176903
4000975727908
1005001616312937
4001296034902
4000987372079
4001180382540
33048265753
4001261414428
32975323519
32800325329
32920964989
1005001872426586
10000395847689
1005002387688450
1005002166303441
1005002242086978
1005002310926436
4000382050030
1005001518429492
1005001640427123
1005001793678036
32953550792
1005002469189277
32879906066
1005002434131407
4001022897510
1005002372811564
32921407722
4001271042621
4000812004213
4000850451264
32945285649
32946325428
4000860128590
4000549368726
33002147716
1005001347018702
1005002451081518
1005002256168734
32903077473
1005002253878791
1005002064118900
1005002288875733
1005002119146693
4001091019829
1005002300844536
32891342698
4001346494087
4001132850127
33021105510
32918725369
1005001984356716
1005001986099849
33048070386
4000112119922
33046227501
1005001345350401
32747076223
32924831079
1005002314132102
4000469639321
32856539399
1005002450445136
1005001878900709
32956968948
1005001307191344
33057027720
4000022074500
1005002124763873
4001211981076
1005001741914932
32593572444
4000199878273
32997520354
33028555703
32995274515
1005001514601745
1005002286140987
4000990954804
1005002242517365
1005002261570149
1005001540140969
32964019061
4001202489801
4001308288413
32957656336
4001044564429
1005002288700122
1005002352156628
1005002165787992
1005002193458859
1005002393072287
4000832158410
1005002318864405
1005001915957614
1005002316390885
4001281821343
4001272057641
32966420857
32874754537
33031883004
32964332446
1005001429558287
4001230730580
1005001804328498
4001255953603
1005001391750174
1005001868556624
4001244767049
32881538144
1005001780152921
1005001863548954
32917224435
1005002314239822
1005001935431283
1005002341698294
1005001779991065
1005001490787786
32956220506
1005001713037279
4000349287684
1005002326204423
32985691794
1005002279574908
32890021238
33006918766
4001176140757
32848986117
1005001571974255
1005001458044795
4001000558108
1005001941471866
4001084831441
4000747281395
4000629036384
4001093942382
1005002360851168
32943272524
1005002008753966
1005002398899394
10000198919543
1005002275989938
1005001714993923
1005002491209241
1005001884942621
32693907649
1005002352050143
33003349341
1005002218100069
33045386583
1005002428053131
1005002403885879
32882954151
32893333938
4000543820212
32834995242
4001094746407
4000960899921
10000000310521
32629943519
1005001848661829
1005002390741065
1005001874439415
1005001454273653
1005001791967435
4001261357403
32986000771
1005002457640334
1005001773409295
32947435294
32851378469
4000023430391
1005002444061732
4000317614611
4001230387370
1005002179608924
32989516377
32807855408
4001306016350
1005002274399421
32968895373
1005002424634036
4001246089166
1005002466020289
1005001602746700
33032776502
4000023062462
1005002399404441
1005002206309700
4001276863019
1000001175133
1005002358423424
4000437816950
4000955873307
32811592460
32921223306
4001251147694
1005002001599651
32266157495
1005002199504027
1005001793559809
1869572762
1005001874437506
4001211674756
4001232756371
32849807140
1005001591672326
1005001546862743
32993772604
1005002260766588
1005001865233267
1005001340915811
1005001381900587
1005001833759473
4000266785203
1005002404856541
1005001872740468
1005002467361553
1005001952079832
1005001561903081
1005002341053152
4001200439417
4000834983386
1005002314365099
1005001663979765
1005001770371305
1005001789588869
1005002272965012
1005002441828664
32863049507
1005002297891098
1005002337740975
4000126262065
32941997875
32967653246
1005001671358056
1005002315634996
32696604378
1005001349943122
32965264894
1005001863881111
1005002450431986
4001244226932
4001274960919
32410147167
32920529419
33002494267
1005002457889969
4000736787604
1005001618190169
32393409400
1005001876641260
32963561745
1005002316640418
33058786299
1005002400840671
4000274095940
1005001703245294
1005002298537210
1005002261230285
1005002235937968
32450605382
1005002218104490
4001270504050
4001220233846
32919012158
32793505561
4000472723921
1005001303847098
4000511235940
4000427886731
1005002399944521
33034199869
1005001317109242
1005001756298145
4001147134164
1005001621809039
32913629213
32846654992
32950769778
32890129686
32829402773
1005002260416840
4001023294738
32967687999
1005002467588127
4000764984665
1005001783020262
32927916874
33005252032
32890120584
1005001980372616
1005001405326936
4001162303624
4000276022440
32701064395
33017905561
4000981490430
32973046902
4000223945982
32881090533
32849006521
1005001928703760
32825675641
32888981499
1005002288531709
4001053785392
1005002082302034
4001260382100
4001271548135
1005002314210064
4001296706114
33049943624
1005002245240605
32832905856
4000706571746
32820582529
32813514096
4001154592769
1005002352007829
1005001871099313
1005002401099820
4001340581725
32994046372
1005001700977977
4001041162116
4000772098304
32913888220
4001278089441
32833921034
32952762497
32968470719
4000290359686
1005002284335477
32871899341
1005002440720507
1005002333795567
1005001706228469
4001231579301
1005002366231610
1005001844872153
1005001864385260
1005001607797361
4001220053822
1005001992117841
1005001680395725
1005002489949278
1005001869874228
1005001743126223
4001176732531
4001271566399
1005001644566814
32917933441
32759269654
4000505360521
1005001945960780
32860974593
32985050649
4000233536993
33048849960
32948213308
1005002309478841
32564594929
1005002323213689
4000598468346
32282235285
1005002311443608
1005002319083007
33002365382
32778681264
32725356392
1005001715104826
32957267861
4000025585648
1005002227850954
4001099378705
1005002287914801
4000246086647
1005001519987868
32969619886
32799182248
32838240710
1005001622949854
4000140112061
1005002322586830
1005001329823270
4001202794126
32746763768
4000802361004
1005002413608568
32880621213
4000056445753
10000351382286
1005002181688052
1005002359422485
4001013664697
1005001437593130
4000805666526
1098472347
4000072496738
4000210147677
4000240860487
32674143505
1005001596532180
1005001369309639
1005002490483523
32853019256
1005002203575112
32970565478
32873785746
1005001346996742
1005002204144901
32854571689
32987673799
33005267427
1986272229
32881741728
4001247394762
32898648648
1005002277525063
4001157798545
4000003094397
4000859014278
1005002129607165
1005002053890236
1005001906980026
4000462602490
32879865665
1005001525583192
32972250343
32975701240
1005002443430865
1005001835461316
1005002473706348
1005002340079354
1005001346543681
33001356878
32917713945
1005001966951878
1005002427425219
1005001627179302
4000899465361
1005002264023583
1005002278830512
32856462275
4001146071209
1005001340310699
32847516997
1005001303681377
1005002365375826
1005002001348349
4000493016634
1005001805898610
1005002450203025
4001021008589
32853520630
1005002477032050
1005002424985767
32887956109
32814020748
33011399782
1005001783619276
33036045355
1005001398413650
1005002287447255
1005002350748586
1005002490892037
4000690988288
1005002279737193
1005002386873327
1005002423615051
1005002306624731
4001019475456
4000395646127
1005002167763465
1005002239484046
1005002332267545
32992513357
1005002394443475
1005001573729790
4000624718698
1005001433059108
1005002240107515
32977526426
1005001884835423
32898027406
1005001487507614
4000957568158
4000069263117
33010895174
4000321779825
1005001685027528
4000321521614
33052668823
32965607855
1005002295738001
1005002423250918
32693901142
1005001591892025
1005001864609746
32893515528
1005002130871785
32914314067
32637518098
33035483395
4000292429582
32849402724
1005002266495813
1005001949555646
32844254013
1005001889848836
1005002412740700
33055480989
1005001398559236
4000314083243
32904503564
4000193061187
32922224141
32950459622
1005001966263835
1005001845163004
1005002459071466
1005001791905297
1005002348230937
4000237958443
4001227771930
32973634569
4001265564002
1005002278426299
32838125844
32566053514
32896579044
1005002434648589
32960126938
1005002049858466
1005001874110886
32923772689
32838041998
32858812694
4000292928592
4000337153897
1005002399761707
1005002496196305
1005002389600357
10000310539157
4001031681462
4001352449487
32906607301
32670882720
1005002381037671
32752829503
33055465715
32859384388
1005002035860863
1005002370518856
4000207245303
32946574907
1005002254201886
1005001954953810
1005001482892157
32230253599
1005001631581190
4000012208150
1005001835652763
4001012099205
4000771118352
4000246950250
4000752205951
1005001826417118
1005001798429410
1005001616313661
1005002168077775
4000030947324
32975729914
1005002426095086
1005001592545386
4000027361398
1005002363095544
1005002467646663
1005002417071659
1005001439852388
1005002432610234
1000004642289
33041142867
1005001557300166
32938590299
1005001581427139
1005002272764388
1005002459649322
33017513841
1005002264779261
32857923889
1005002353670120
32948448828
33047703899
1005002260392819
1005001376294279
32855378259
1005002351605060
1005001370252576
32843405636
10000399986905
4000051877726
4000404965422
1005002247460880
32855524684
4000381785119
4000005100141
1005002256538352
32907130107
1005001570222931
1005002390738518
1005001774688836
4000320122572
1005001279359418
1005002211746742
4001363776041
1005002346616943
1005002306198823
1005002068860060
4001057447997
4000064413276
1005002329925047
1005002235573063
1005002310295217
1005002492465994
32955711744
1005001425586870
4000850214487
1005001906933756
1005002352989305
4000040361232
32954489756
1005002316780786
32989653731
1005002386577786
4000301421074
1005001412415813
1005002127072417
1005001419279516
1005001430090637
1005002089322689
1005002380493674
32858279302
32989081387
1005002318335340
1005002342423197
1005001982326457
4000844949882
1005002326942398
1005001630845787
1005001984242206
32911863990
1005001304201306
1005002467503138
1005001659118935
1000001528267
1005001953085376
1005002341274763
1005001942041296
4000143926586
32862886437
1687917682
32962121313
1005001725532214
4000315256227
1005002347658601
1005001748757041
32849193964
1005001761987835
1005002296606359
1005001774133980
4000458199808
1005001302970542
4000811539894
1005002433694356
1005002319051022
4001123064123
1005002314878565
32955873028
4001316108163
4000849855718
4001269694195
1005002273832542
32891307301
1005002212652488
4001134654996
1005002448366560
1005002484591912
32954073550
4000981199207
4000994229683
1005001756453217
1005002099796452
32946596922
1005002314255885
1005002383776741
4001328912437
32823670602
4000228753614
1005002129701061
32793601023
1005002346874763
32992221713
32967144006
1005002040685070
1005001269711993
32945060636
1005002405065285
1005002176573272
1005001898203601
1005002382176565
32938896590
1005002012251494
1005002301862588
32803027216
1005002455132975
4001175266218
32976092537
32993398547
1005001821966782
33006348542
1005001716595325
1005001924015926
32901395143
33007726390
1005002363927001
1005002277772372
1005001604397290
32477252397
4001021710638
1005002035825666
4000112154245
32675810681
32820117129
1005002268487702
32952734607
1005002469359023
1005001942065404
1005002316707868
1005001770238207
4001281512964
1005001670597525
32802698575
1005002298868078
1005002346843685
1005002315324364
1005001736288805
32540373417
1005001339212065
32919416039
33029654485
1005002099065135
1005001860078403
1005002477500554
4000070450514
4001156497972
4001122740922
1005001529073559
1005001495029363
4001271363051
1005001709350683
1005001669587958
1005002245121066
4000986615716
4001106532095
1005002318345361
32811290697
1005002065128861
4001294151709
32862725604
4001072195641
1005001452079628
32988955557
4001032073543
4001115161454
4001252206141
1005002008624855
1005002262593170
1005002357132387
4000505390473
1005001726483532
33015879352
1005001973310632
32943649223
32982913320
32893141587
33050634982
1005002091677678
4001211908692
4001180468281
1005001762794509
32777525735
1005001279799674
1005002413136835
1005002238966229
1005002347019667
1005002284252956
33029428419
4001200290085
1005001988319154
32827022424
1005002376900956
1005002341454053
1005001896936670
1005001841480941
32855799577
1005001714472537
1005002304526573
32872563516
1005002283916115
4000258599651
1005001495087241
4000334009840
1005001621408549
4001223417648
1005001305283718
1005001385650220
32370144664
4001294569304
1005002027734266
10000352870055
1005002313960549
32878852460
1005002443740457
4001085622241
1005001808546657
1005001474687619
32896099350
4000237817702
4000182004631
1005002254371691
32880955801
32681129244
4001035762558
1005002213507194
1005002027575729
1005001774736512
32982992322
32951359774
1005001884101106
1005001529198312
1005002394080086
1005001338117939
1005001928937541
4000580369402
4001032320567
4000898440314
32841098730
1005002167950339
32936919969
1005001337469120
1005002314430558
4001195136036
32874614160
1005002382502717
4000163005615
1005002369463502
1005002074985312
1005001686241087
4000829282803
1005002284002509
32869736564
1005002387095418
1005001608342912
1005002177546277
4000655885314
32878963975
32802241779
1005001901111048
33025186864
4000647076153
32848138528
32972576149
4001282383513
1005002206133151
32965481087
4001272936694
32902842846
32832212985
4000445050369
1005002467618735
1005001678951240
1005001487490909
32971799074
4000554620695
4000207896557
4000314842687
1005002294001817
1005001714297135
4000034824409
1005002371867994
1005002314250880
1005002475368866
1005001580836703
1005002009425896
32796410275
33009965608
1005001480080419
1005002221705746
4000741726186
1005002494556260
4000894954063
32823573923
1005002388788909
4000190132862
1005001929849680
4000585626467
1005002388965971
4000793346527
32875245069
1005002491847963
32958794829
4001359191723
4000039028815
10000411403158
4000956416525
33011927999
1005001994586555
4001283250153
10000152035025
32921952602
1005002423633524
1005002000145723
32791974689
1005002320451963
1005002362890745
32872287263
4000129717607
1005002206535011
32996209513
4001116579943
32793009672
32839150244
1005002487716972
4000562337508
4000964116483
400012441747632924915690
1005002461060513
32843112008
32826528927
1005002398210683
1005002115593535
33032378170
32570382358
1005002275446121
1005002443120367
32919172202
32791305026
4001169735700
1005001524360208
4000627518726
1005001808311666
32664573114
1005001343090358
1005001386630588
4000272402249
4000086982536
32857443007
32952152686
1005001934576629
32882101130
1005002378636747
1005002447063476
1005002459811128
1005001356176303
1005002331390839
1005001335123831
4001220335037
1005002220379535
1005002299052293
1005001357116521
1005002312563448
1005002337329021
4000786943736
1005002493878987
1005002271588928
4000453167081
4000554670573
4000836261915
32858563070
4000756366566
10000352428779
1005001332846677
4001209158358
32915917953
32914836297
32887419402
32725824003
1005002284401474
1005002096062343
32251899693
1005002439103897
4001292297938
1005001689332710
4000234943754
1005002251787863
4000185922671
32909337521
4000226046949
1005001510595815
4001319788037
32849201747
1005001525530137
1005001437201178
1005002332101585
4000402332929
4000196581032
33025749445
1005002346228680
32280359194
32953705798
1005002378841577
4001248043166
4001177946516
1005002281564817
4000990724421
32917037028
1005002410179044
4000725836630
1005001664389056
33053413466
1005001686193258
4001062319600
1005001339116248
1005002323838693
1005002052399929
33005540215
4000150831928
1005001308624722
32966839543
1005002268211796
32975401973
32919213564
1005001841714723
1005001687681376
1005002475439678
1005001438838752
32979008312
32843852580
1005002225015472
1005002301848580
1005002320948610
1005002363857803
32771751242
1005001304419470
32690232658
1005002259544289
4000682748932
32856328998
1005002305812277
32825549544
1005001587262223
4000214520274
1005002042029987
1005001712108810
32783098968
32988831220
1005002274200100
4000907329667
1000006732267
1005001645967664
1005002327196742
32850301568
4001365651120
1005001748249407
33005959675
32836852817
4000322417195
32789334220
33021103583
4000032153129
32717635199
1005001947538071
10000402349822
1005002261306763
1005001524734729
4001354610246
32853398734
4001231169611
33013626197
1005001507478557
32882667094
4001177949453
1005002203791372
1005001693772460
32807956558
1005002160484124
1005002454369122
1005002033426903
33049797515
4000969512249
1005001420217520
1005002301926783
4001350588901
4001137055661
32849765312
32825991508
32881574651
32353837341
32897945014
1005002388274532
1005002389918262
32962750304
4001042419326
32986688344
1005001692369558
4000183951604
1005001850750025
1005001873172510
4001298777754
1005001512110766
4000655903077
1005001516946131
32903281259
4001239106046
1005002443697222
4000934574230
32812346665
1005002322049591
1005002272854365
1005002162699933
10000000943575
32804533704
1005001761879350
1005001994278760
32756118213
32994516447
1005002398846438
32815648877
32967004329
32855193933
1005002378100178
32853735946
33018578547
1005001677406332
1005002461474325
1005001632815862
1005002316247006
4000801107923
1005001589163146
1005002490935518
32809480363
1005002428425958
1005001844440719
1005002439773896
32998934676
4001166200896
1005002278828596
1005002228344860
1005002261313760
1005001829620689
1005002279252830
32976417451
4001267781112
1005002395504542
32806044358
1005002242321618
32889038352
1005002304355507
32964368732
1005002269085127
1005001848594463
32923632857
4000280802158
4000506445843
32812900722
1005001468903013
1005001999605216
4000774863213
1005002390780452
1005002352168614
1005002306010925
1005002016461053
1981595079
32919200082
1005002354259738
1005002388509395
32711269256
32869218357
32914344751
1005002314624015
1005001464670459
1005001604950049
1005001343435074
4000966222312
1005002169101323
4000768863437
1005001488375085
32470804454
4000249104167
1005002261296801
1005001495378964
4000642330224
32735350876
4001247990339
4000910558038
1005001756297783
1005002341441020
32932272015
4000370300445
32863953115
32811827056
4000987512271
4000772748045
32854191299
4001165677083
33016981751
32643393543
1005002263800899
1005002056285307
1005002272838853
4000881533451
4000107876569
1005002355331273
4000381624158
1005002429590765
1005002090457130
1005002340799079
32824226169
1005001469314014
1005001831415250
1005002298248240
1005002117467141
4000148009048
1005002154504387
4000813335271
1005002436078104
4000190162430
1005001656950439
32500864867
1005002279381453
1005002470667569
1005001698722584
1005002301130238
1005001397344381
33037722800
1005002415883725
32862629822
4000460260901
10000259831105
1005002302593569
32951914027
32967230838
1005002289816195
4000087178491
32981301002
1005001666715799
1005002059425135
4000437962778
1005001302524043
1005002469088109
32572353054
32947562990
4001064150866
32333191418
4001196269814
1005002329099822
32982240658
32696553806
4001274789837
1005001810857922
1005002490716034
1005001976102589
1005002453908970
1005001990269041
1005002264106521
1005002465043695
1005002272679546
1005001930872532
4000466520107
32979829343
4000208031565
1005002420453156
4000071898938
1005001747886013
1005001792643552
33003566879
1005001966932331
1005002232646702
32894398398
10000060587367
1005002317798271
1005002405022528
1005002347438076
1005002333116945
1005002254499779
1005001953560954
1005002066256470
32957562983
1005002037323688
32872615619
4000975915771
1005002304101022
4000349287870
32907295377
1005002399469088
1005001490461731
1005001873503722
32833690245
1005001989016151
1005001990468404
1005001602690399
32790126691
33030151944
33045323892
32803029923
1005001723170732
1005002329246396
1005001776747564
33040101934
32919626165
1005002122390901
4001215642894
1005002433440626
32908208071
1005001868905460
33010599494
33051794942
1005001636390981
1005002225707868
1005002351412150
1005002306272823
1005002465502270
32852502010
1005002117084835
32974154081
4001366055013
1005002247919459
32930596303
32915086069
1005002015091898
1005002314480267
1786924346
32923788079
1005001897777069
32903074946
1005001767580785
4000857674122
33028780668
1005001713104281
1005001687576741
1005001466714225
1005002341132590
4000537520859
4000812327440
32877103288
32856957879
4000677416734
1005002442668469
1005001813556877
4001214295150
1005002176040985
1005001413325863
1005001552330991
1005002330097008
32980348760
1005001664167398
2020960422
32918556765
1005002276640391
32969209717
1005001890123963
1005002307169702
1005001883949092
4000519750012
33024300780
32639603190
4000546014676
1005002309742784
32856650769
1005002313043924
32811564783
1005002358193921
4001045882595
1005002315198746
1005001814126556
1005001672004145
1005002313216140
1005001804196106
33018753068
32596992888
1005001510800314
33004364494
4000024606202
4000718137585
1005001334139299
32889789664
1005002117376379
32897112073
4000752415481
1005002314371071
32576910948
32662004502
1005001314006949
352037072
1005002413405651
4001142174305
1005001625958322
32999555647
1005002350823598
4000607978235
1005002391459163
32662072708
1005001563315241
1005002100401067
1005002364008120
1005001953361069
1005001961225715
4000706574777
4001317237246
32868537947
1005001286570752
1005002113178024
4001134140597
1005002466064146
1005001941438208
32985214405
32736213872
4000922631782
1005002316074962
1005001499874958
4001127869170
1005001996915765
1005002322632277
1005001915140227
1005002444246514
1005002351085003
4000077623338
1005002044602310
1005002027609203
1005002311074264
1005001424358288
4001135613839
32985155354
32813593461
4000768853606
32812160963
1005002315465299
32871971919
32969504293
33034014094
33061642976
4000990852515
1005002327767271
4001306646111
1005001586530637
4000828323964
4000824830383
33036304102
32840878863
1005002489857127
4000497372157
33002867716
1005001498865578
33054527850
1005002447606726
1005002310250170
1005002460060455
1005002281924642
4000955765570
1005002364396194
32996510858
1005002495020335
32917705756
4001276004068
1005002033959137
1005002282849904
1005001546973805
4000882685916
33054889480
4001295936184
33008365385
1005002311401616
32981125280
1005002278155235
1005001646583450
1005001473865255
1005002363292346
1005002392500674
32828275583
1005002467941326
4001040979107
1005002467144961
1005002375892275
32980257493
32920339819
32964119837
4000928170160
4001309932602
4000429506869
1005002175281668
4000216986842
32833677287
10000400045424
1005002002014158
1005002214609405
32989097323
1005001582071454
1005001638084860
33012901128
33038015664
33007728180
33028319010
1005001419257267
32895141563
4001263068229
1005002232666501
1005002268294887
1005002323111132
1005001369089325
4000894879480
4000780934149
1005002454351339
32702243301
4001099445570
32913040815
1005002454293659
1005002314218405
1005001448355879
1005001983019609
1005001867207842
4000868265993
1005001400403795
1005002284763131
4000908328969
1005002326969196
33055680808
32843768193
32885692723
1005001609189846
4000297261067
32887622640
32848234738
1005002326841789
1005002015470901
32614405630
4001056744492
1005001999255594
32357191716
32849805817
1005001700697030
4000448393161
33012678952
32354962811
1005002226146343
32990858746
4001241804717
1005001353885829
33030659950
1005001620169385
4000818816549
1005002399841128
32843852371
4001054134880
32712584242
1005001450449748
4000850073919
1005002413239085
4000828827953
32877058658
32969997572
4001259878419
1005001857952013
1005001997984711
32670675442
1005001940011619
1005002315683957
1005002217842296
1005002115051850
4000493175246
32907436693
1005001825272189
1005002302436060
1005002054611585
1005002348575360
1005001687958083
1005002473946371
32933230804
32547407957
1005002206618041
32712870065
1005002333824020
1005001839934479
4000226674407
32381212871
32870634397
1005001989495265
32995160641
1005001900939925
32893561083
32973843039
1680560546
32984843306
33049971631
1005002168915793
33000555830
32531397137
1005002318331905
1390541922
33044561826
1005001700874814
1005002291809749
32847390364
32884643468
1005001826523239
32375288741
1005002466541467
1005002367329351
32478624976
4000504851778
4000114037931
32988241504
1005001930868762
1005002319200678
32911122774
32870983955
32888121343
1005002287804626
4001165985725
4001310773816
32924356964
4000987296904
1005001802751312
32856471957
1005002084245762
1005001602291936
32350290553
1005001781414207
1005001985412463
4000026115264
32956000430
1005002315909524
1005001591861845
4001144927916
33014264357
4000616902240
32678400967
1005001355018584
1005001680412836
32814269415
1005002352873788
1005002082515491
4000505840040
1005002247346963
1005002388485588
32284848519
1005001375553521
4000713027168
4001327437590
1005001770425521
1005001279542444
1005001826872193
1005001716624666
4000297203231
1005001392665401
1005002167827187
1005002326606537
1005001867977440
1005002004396616
1005002283613631
1005002240528101
32970686376
32893855308
4001031499088
1005002064350621
1005002232672424
1005002421175178
1005002324617904
1005001890666558
1005002318975761
32884140970
4000001904978
1005002371445924
4001216653248
1005002073255525
1005002306056071
1005002218493416
32850171413
1005001779948214
1005002495813751
4001118839954
32994432097
4000509376282
4000631336740
4000741850897
32815819195
32975760404
1005002203282593
1005001563083170
32821051581
1005002372069244
4000041359760
1005002381525961
1005002315812633
1005002380575573
1005001883293730
1005001607381265
1005001540084022
1005002434779896
1005002443183083
1005001728467315
1000005631728
4001219303753
1005002459029625
1005001856997256
1005001900720328
33013634665
1005002281324077
1005002442164001
1005001571779495
1005001468872592
1005001979278774
4000415411217
1005002254596505
32854907576
1005002483630450
1005001628609906
1005002352827732
1005001441593275
1005002400005881
4001051990702
32842029951
32957094943
1005002391081663
32957719632
1005002301510826
4000055001400
1005001565563467
32974462696
33024730408
32932080058
4000118966507
10000055553324
1005001967263666
1005002319077777
32713992814
32660051955
1005001943971958
1005002340890553
1978552394
4001131804474
1005001793183311
32787695199
4000359741482
1005001923073366
32791603736
1005002252582786
1005002167879147
32666989901
32665529337
32894308736
4000434261913
33054442835
1005002304232563
4000007184739
32968936003
4000529136060
1005002482066085
4001121662031
4000108527740
4000901362539
1005001632617609
32881877696
1005001670256652
1005002256464295
1000001533780
1005002476689798
1005001514293672
1005002244595599
1005001326259433
1005001704222618
32915467759
1005001622061552
1005001355575712
4001238270570
4000497874129
1005002346110909
1005002323470555
1005002432445904
4000099818129
32959068081
1005001450119628
32848245368
1005001413261297
4000868864799
32842291701
1005002388281583
4001290478163
32985740656
32922635148
33005416127
4001296761784
4000705067575
1005002130982252
1005002074087355
32482275124
4000021256105
1005002001848190
1005002372233980
1005002419572745
1005002122389913
1005001572178089
1005002308626936
1005002352529937
32853574899
4000832192769
4000479947032
1005001979323856
1005002459165348
4000547417057
4000180751236
1005002358144206
1005001495397999
4000078454585
4001114114875
1005002358737115
1005002324697990
1005002176710944
4000270660830
1005001826990829
1005001633376842
1005002351693930
33010584936
32842860328
32807610099
1005002318744892
1005001994376265
2013251714
1005001468536017
1005001812769778
1005002385120988
4001124376855
4000313475122
1005002409720690
1005002287762298
1005002103230558
32960675262
1005002321955403
32976212539
33053753715
4001214406296
32841597728
1005001884907310
32455306519
4001111369428
33016018393
4000957671884
1005002192495556
1005002489853566
4001249889672
1005002270789080
1005002168153379
32791343127
1005002197452584
4000987466280
1005001769107425
1005002481781112
1005001638594905
1005001469883307
1005002314547095
374904462
1005002219596505
32881810433
4000369749307
1005002344235851
1005002363994817
1005002420000877
32920138390
4000444178957
1005002304273656
32963635683
32379281271
1005001927947829
1005001878788722
4001192658647
1005002408571907
32584060803
1005002442502089
4001327521520
1005002336413324
1005002459784738
1005001598344419
1005002179702262
4001250813632
4000610374951
1005001909033565
4000853716874
1005002255088446
1005002124737616
33057841076
4000933546956
32845628196
32901066249
33047439480
4000169489840
1005002298603342
4001037886308
1005001861349443
4001203346088
32917488162
33015696282
1005002225828074
1005002361628202
32663189425
32979563184
32770888149
1005001770642561
32515551424
32880181909
1005002124703037
1005002381434934
1005002334282233
33052398920
1005001649560829
1005002418110593
32819769386
32919058369
1005002087641895
1005002365495243
1005001908110825
1005001342714139
1005002328683765
1005001528583506
1005002235141417
1005001828585100
1005001736290783
1005002261076498
32986549043
32901657102
1005002178163953
1005001658527296
1005002091913582
1005002197008872
1005001970264699
1005002280585412
100500219654858532906423342
1005002200796123
1005001368113699
1462980791
1005002003940894
4000345080789
32956494863
4000406201864
4000333501430
32896910998
4000655879403
1005001695411971
1005002415906701
4001293437539
32880662805
1005002372526881
1005001786534362
32744619382
1005002443065917
4001236428415
32896638535
1005002313818202
4001259746958
32412237003
1005002386590987
1005002264700296
1005002280964223
32970771612
1005001895759067
4001010735849
32588777438
4001233706945
1005002465807878
1005001519905687
1005002322919207
33059043728
1005002329524280
1005001499789748
4001152136644
1005002377150518
1005002212436566
1005002385026611
1005001403107842
33035869860
32852465822
4000319435864
33000199475
2021856904
1005002242165115
1005001833900439
4000941315772
1005002089636975
1005002275732540
1005002213486445
1005002434045834
1005002228070343
1005002007493425
32820910755
4001041344825
32811314299
1005002406515561
4000272213435
1005001381889763
1005002211080064
10000027536673
10000031112180
1005002263970889
32903558964
4001248963602
1005002392978042
4001292477713
1005002265110802
33003371853
1005002381774957
1005002482336165
1005001769703815
1005002021466404
4001268851793
32570911770
1830623314
33012715553
1005002490492087
33009090035
1005001525347751
33012678078
32824041043
4000097196613
1005001869465048
1005001689926082
4001350407616
4001121179510
4000527616968
32973405621
1005001425728844
4000068468233
1005001314713457
32810412382
4001180092679
1005001998746872
1005001631944625
1005001666477208
1005002206414640
4000165321740
33034059904
1005002101676280
1005002414383198
1005002287638733
1005001454125487
32838357401
33056698763
32980497098
1005002150582675
1005001780019096
1005001731235084
4000318405085
1005002428004946
1005002388018932
4000941959737
32898774551
1005002196963479
32921893514
4000181493818
1005001757290279
1005002059565897
4000026789966
1005001833960811
1005001720820997
1005002461081873
32853883652
1005001744410508
1005001579413067
1005002220048414
1005002347147335
1005002246840220
32880759750
1005002167855247
32793787772
1005001780037700
4000034802984
32996980375
32698524922
1005002143417665
1005001975876317
32994669255
1005002023273083
1005002453316143
4001274482409
1005001855440721
1005002291139449
4000426726274
1005001860860386
1005001844060297
1005002084129878
10000012739593
1005001514293078
4001339578000
32296389338
32963340560
32780257314
1005001339699699
4000077227875
1005002315326345
1005002282393179
4000026495161
1005002359459698
32677522215
1005002300304517
1005002291542778
1005002386506919
4001351121980
33030280966
1005001502839014
1005001701450475
4000110924612
1005001625130612
1005002395707059
4000604284057
32739214267
1005001344716395
1005001859359780
4000922639964
4000989031837
32559470097
1005002284346651
1005001882475287
1005001995655574
1005002397019793
33038862521
1005002144484535
1005001314378638
4000244310838
1005002432873247
1005001709834763
1005002278293977
33057317919
10000275338435
4001261317611
32851715176
4000687475558
1005001835407214
32334506863
1005002280517790
4001296334452
1005002372942219
1005001670958233
1005002250425682
32848507514
1005002478757003
1005002389026646
4000777515705
1005001382365383
32786916396
32972816979
1005002228994830
1005002452873779
1005001824396767
1005001424655000
1005001470314662
1005001487463020
32951320602
1005002339834706
1005001744213453
33039708198
1005002164177809
1005002267995398
1005002466960569
1005002483527362
32961634937
1005001878248991
32986117335
4000719491163
32919940318
1005002453885125
4000756651596
4000876100979
1005002352989823
32866129172
1005002220516841
32837945359
1005001528883389
32229559453
1005002339401953
4000384448681
4000215314533
1005001618405556
32972675643
1005002480457982
1005002034504094
4001272381951
33001600261
1005002368666604
1005002492827053
32512204609
1005001608646131
1005001899259232
33020669965
32969186687
1005001682547542
32887486683
4000753238905
1005001265511553
1005001622623400
1005002314709005
32973164046
33042890779
1005001340084371
1005001703858188
1005001281115377
1005002400360649
1005001763140888
32960827380
1005002328777305
1005002018987419
1005002294975974
1005002467566756
1005001640305081
32958852636
32794396759
32795480003
1005002495077100
1005002396776610
32809224919
4000835156437
1005002337596729
1005001617280625
4000370085208
4000868398860
4000035148067
4000769500783
4000456042484
1005002447791464
32973068706
32960303275
32890581410
1005001980268995
4000200053650
4000028237895
1005001767800417
1005002225228090
1005002278953960
1005002314941237
1005001285280796
1005002346496630
32959121484
33053961385
32864264563
1005002219944259
4000176824753
4000289399958
4000989064300
1005002409974547
1005002318159621
1005002317242484
33005514312
1005002389302372
4000990919137
32983644161
32783482874
4000835281236
32834555525
1005002334389003
1005002022924537
4000032608086
1005001775266827
1005001957095857
1005002330006181
4000313345216
32809508124
1005001578998627
4001294638773
4000257942874
32917750018
32973639349
4001038351186
4001251697416
1005002125299809
1005002238842020
1000008428026
33020734607
1005001456934113
1005002332767603
32809684311
1005001494579101
32895647626
32953336304
32989799872
1005002231515990
1005001998235708
4000023214241
4000506195737
1005002306941676
1005002228366080
32911721331
32932823602
33002969688
33043876170
1005002395091196
1005001762121935
1005001803774685
32791476165
1005002317002853
32905429434
1005001869435358
1005002232806271
32973457850
1005002211726742
32897364439
4000018451456
1005001611433037
1005002316738105
32970224733
32846862012
32957833718
1005001834959851
4000402217485
32743105958
1005002333975567
4000516822948
1005002368569437
4000768821866
32889848183
32838245876
1005002075775915
1005002101997520
10000328922210
1005001555196052
1005002495635160
1005001638344774
32982883303
1005002069591535
1005002328234382
1005001958715466
4000812933630
1005002205869123
1005002398795535
1005002200864701
4000306609749
1005001994603418
1005002323161726
1005002243148277
1005001351269370
1005001586941608
1005001867876024
32623039121
4000642288701
1005001901102923
1005002294378208
4000009950870
4001032161618
1005002468769336
33041220888
1005002432399256
33003289865
1005002413469054
1005001495534071
1005002021877386
1005001461851440
4000375301682
1005002468485464
1005002139204567
1005001681782219
1005002311476046
1005002406736866
33013066116
32807480061
32848044769
1005002400414070
1005002436750743
32827500746
33052740403
1005002460075253
1005001780863795
4000317305981
1005002373037890
1005002353916140
4000180377456
4000654655278
32978960650
4000272922663
1005001483151466
1005001706304049
32907495001
1005001587013639
1005001489476382
1005002393708729
1005002252399016
1005002281949315
4000418777328
4001306493080
1005001966356218
1005001897478359
4001053571402
32966075716
4001166347924
4000315122097
1005002280833989
4001159290987
4000743288659
1005002002284593
1005002442279146
4000517266859
32933033377
1005002457584308
1005002317291879
1005002388534355
4001213827378
1005001284805796
4001261421457
32949059022
1005002475882842
4001190557773
1005002446890267
1005002442828521
32705381714
4000661374420
4000179776250
1005002365377157
4000068384151
32901899465
4000071863206
32973572526
4000044528245
1005002241782639
1005002090544019
33036919015
1005001597861120
1005001784569553
4000483771849
1005001332786265
32989633537
1005002284254109
4000039444758
1005001820309553
1005002303648898
1005002372692734
1005002328232134
1005002279507157
1005001286832851
4000775132191
10000327335285
4000303388955
4001224714197
32991315087
1005002372283281
1005002084485898
32781511474
1005002256682313
1005002254522142
32971779196
1005001780960059
1005001874140148
32806409941
32994844331
32852748524
1005001846095164
32854986224
4000320600665
1005001615346228
1005002440457838
1005001344674929
32944969930
4001049037652
32864154303
1005001779927387
1005002068515567
33041424308
4001227177333
1005001265394799
1005001887624328
1005001445023396
1005002272492936
1005002459084683
32983335961
4000429050547
1005002341111811
1005002024806285
33002111342
4001296113340
4001292844264
32888913258
4000457315730
32839386507
4000174610615
33036832616
4000217556203
32805848943
1005002052132572
4000467453089
1005001640554288
1005002314456027
4000238964391
1005002431366848
4001183311524
32969653600
4001198872484
32616368870
4001216388758
4001015216240
32791498331
1005002237285884
1005002490836415
1005002409819617
4000026087389
1005001460162488
4000037556219
1005002487031257
4001014407465
32406534811
4000103671894
1005002347185573
32250891076
4000625623255
4000147724126
1005002394957547
1005001995408522
4001297172367
1005002363384382
1005002445930214
1005001356981312
4000793617588
1005001438066719
32895909491
1005002314858729
1005002287710584
1005002356313588
1005002318741934
1005001803386265
4001081067647
4000939797940
1005001982236405
1005002386513347
1005002063388459
1005001459411136
4000118014572
1000008327067
1005002323054853
32827642127
4000370977820
1005001672080376
1005001479687668
1005001926274321
32671845682
1005002387589027
32975020948
1005002225977687
1005002069060766
1005002019009766
33007577200
1005002334731138
33029899253
1005001625287360
4000997684582
1005001343722967
1005002259977672
4000956658886
4000230015773
4001027988538
33037065052
4001286396171
33000397102
1005002400329570
4001132016863
1005002122409732
1005002167573492
4000978797972
1005001814672904
1005002448856154
32919692097
1005002377546046
4000538476514
1005002323593103
33034909022
1005002378012273
33048664404
1005001494220732
4000839848296
1005002223545102
32703422608
4000509900446
1005002292600444
4001186976978
1005002197525639
32968469971
1005002424140720
4001257779189
1005002244177447
32810420766
32820739195
1005002472215094
4000655846781
1005001525346944
4000454641136
1005002381386155
1005001561513695
32926035415
1005001737380350
4000934938105
1005001883875500
4001166086436
10000341341732
1005001568664925
1005002346257637
32822853893
1005001702954894
1005001545316279
1005002245733605
1005001304590872
32630859442
32890384024
1005002252200254
32973603324
4000720587266
1005002362975956
1005002348592146
1005002252523947
33005295345
1005002059068728
1005002279067507
10000120632978
32961412503
4001220354554
4001176049249
1005001935859774
1005002336264922
32901485058
4000844292567
32917701182
4001258617942
32556025234
1005001441422399
32870241745
32960979486
4000306431484
1005002301131377
33006977506
1005002265078211
32884824274
32917708551
32956915596
4000202257656
1005001624642983
1005001846440271
33009919314
1005002441700676
1005002206388442
1005002450647155
1005001405446177
2003244421
1005001657715935
1005001628828829
1005001489756343
1005002448239511
1005002288983735
32954000942
1005002288585256
1005001727767534
33053655079
1005001958693178
1005002454843404
1005002233471190
10000418250402
1005002294013095
1005001284512344
33061659142
32864370796
4001166745341
32848480422
4000960430278
1005002245032010
4000975575045
1005002136392110
1005001976023703
1005002430322321
1005002363423351
1005002401356592
1005001304407566
1005002204752002
1005001992395965
1005001779950138
1564173409
1005002357753109
1005001617700046
1005001525171925
32437083508
1005001793648956
4000284185475
1005002074181954
32958868433
1005001333680189
1005001611666897
32961701165
4001267906063
32952409218
4000248530450
1005001586764988
1005001869648704
1005001685687198
1005001279952840
1005002132704328
32859305386
4000249309212
1005002259484187
4000295763559
1005002388805611
1005002347280347
1005002246445660
1005002339451321
1005001968041382
1005002253391334
1005002070781752
32844224580
4001290293603
1005002357860489
32278881765
1005002378344543
32837849306
1005001762083825
32894364039
1005002253819643
1005002298204177
1005002392376498
32977629451
32837413812
4000927975383
32918309806
1005001515830664
1005002452718500
1005002314062403
1005002458021960
1005002265955354
4001247168563
32890900101
1005002453639533
4001075326020
32908052169
4000944076864
1005001417221177
1005001973607812
1005002273269090
1005001862093222
4000036251915
1005002447959989
4001009239382
1005002288394214
4000469336516
1005002309042955
33048605098
32946436528
1005002315001011
1005002339541324
32920532924
32356544926
4000965362937
32828775597
32822003543
33046044667
32537827874
1005002008692935
1005001419545664
4001005223183
32991233374
32961535942
1005002248559692
1005001664323208
4000720962578
4001272831183
1005001809505388
1005002390851476
1005002400399297
4001162112014
32977598136
1005002467809336
1005002409674532
1005002306497452
1005002255379273
1005002349737854
1005001438656196
1005002423075451
1005001781239572
1005002231531293
1005002317510800
1005002283607763
1005001458748517
1005002341747136
4001284239900
1005002399963307
4000662574780
1005002362903965
1005001671328284
32917581250
4000379011309
32937483003
1005002275712211
1005001525334723
4000893188355
1005001666038519
1005002310986266
1005002425913306
4001122777170
1005002297000983
1005001680894071
1005001345677335
32858759299
4000860209546
1005002212387776
1005002431572066
1005001867824856
1005002194787685
4000722195654
1005001511863376
32946984770
1005002454330153
1005002273661592
1005002427927243
1005001521670260
1005002475423409
32819471422
32690575908
1005001704940890
4001156660108
1005002433226641
1005002323485832
32974874336
4000123649006
1005002341273387
1005001726820947
1005002112861457
32816754514
1005002260474119
1005002267352804
10000044007499
33000287020
32802987311
1005001899615660
32827669372
1005002428292331
4000564001174
1005001867299372
1005002380410857
1005001649006960
32962419423
32845963926
4000981742810
33049979072
4000641645820
4001110542781
1005002333266372
1005002495276624
4001233247769
1005002314125161
4000001962583
1005002212730393
4001006702860
32890797263
1005002122500072
4001077139643
1005002314375468
32296067540
1005001889018513
1005001975043646
1005001603899029
1005002449728711
4001207758202
1005001464362331
1005002034461717
32920858466
1005001465339765
1005002329312314
1005001863238238
4001223569829
1005001851087510
1005002385037994
4001215730279
1005002378983852
1005001418774244
1005001834419800
1005002130671300
1005002490920823
1005001520065910
4000999378016
1005002262660865
32627131921
32864994998
4000843155529
4000633256110
1005002378679639
1005002381398726
1005002363947455
32959899382
1005002054650383
1005001589125926
1005001295910046
1005002071495658
1005002251654841
1005001881022574
33015994917
1005001849789647
32808708481
4001121773185
1005002435333702
1005001908687639
4001196120519
1005001728270746
1005002309411861
1005002317885829
32967703268
1005002219479579
497909673
33008140971
1005001824356236
1005001563799362
32946049346
4001278515994
1005002340206816
1005002408922250
1005002287878200
4001173909975
32665156870
32900871509
32791564290
4000033443040
33006447562
4001317947167
4001083769741
32823926089
1005002443485408
32849347092
32770199128
1005002192430049
32818526571
1005002376256281
1005002337846636
32625770303
32813743983
32887015748
32763565090
1005002203693730
32921287845
1005002347421825
10050019588850311005002405477392
1005002315507782
4001024999381
32293591097
4000046372913
4001260953832
1005001483465384
4000031963510
32463721973
1005002378920779
1005001357760426
4000239426974
32749593915
32728358124
33021755236
1005002037720242
1005002316924315
4001365375790
32626960412
1005002413376415
4000865364911
32984598181
32853234130
1005002475588873
1005001905494299
1005001445833426
1005002431455258
32853080419
4000085701292
1005002284546982
4000804777034
4001068100352
32975561522
1005002233377633
32963621543
1005002346361492
1005001821888166
4000837540562
4000849772404
1005002010534866
1005002482851463
4001191679425
1005001793828879
32830619796
1005002273201612
1005002368416588
32976474888
32695422163
1005001814288036
1005002220500407
1005002292683295
32811030311
1005002392480205
32884716756
32884601890
32920841549
1005002409672947
4000849190198
1005002350518738
1005001733181058
1005002348343057
1005001708987385
4000706512399
1005001495547027
4001031102208
1005002434663245
1005002021929275
4000955847510
4000989138653
32830163007
1005002111940760
1005001748684938
1005002402197071
1005002388351259
1005002392565996
32427559461
1005001863545364
4000937705020
1005002253597650
33009792714
4000064420897
4000825955083
32794838281
1005002436095292
1005002413300607
1005001303114823
1005001567025238
1005002357729697
32356204013
1005001985110808
1005001557335071
1005002157256953
33033740068
1005002004438600
32978471612
32626742564
1005002390775973
1005001765984194
1005002432183917
1005002274078312
1005001477888720
1005001423632420
1005002309175680
1005002387096624
1005001370538082
4000580544429
32971584503
32990987236
32834843416
1005001462625197
32890053692
4001299139213
1005002406620729
1005002500375120
4001270352995
1005001622038114
32973137763
4000902848048
32870068204
4000386746831
1005001722337576
32873537512
1005001429289041
1005001698914739
33004071933
32980891366
4000114015485
33024289474
33018569642
1005002352299108
1005002428126702
4001262556880
32798137458
1005002346748691
1005001268543878
1005001884040108
32951033705
32968605012
1005001568351058
32877413706
33035381808
1005001469484297
1005002347338789
1005002167869608
1005001882059617
1005002110951539
4000186718896
1005002399892656
1005002008782960
4001145162241
1005002177716150
1005002453258051
1005001547170093
1005001767682643
4001331638907
4000156725937
1005001966775182
32347215936
4000691588575
1005002283191971
32878805273
4001230423136
1005001960182954
4000013896908
1005002488516052
32820950452
32566790653
1005001279722476
1005002129095456
1005002329274736
32962316419
4000116168160
32917540983
1005002097527133
1005002429070798
32263768235
32925811355
32824118584
1005002448089492
4000280266477
32699217748
33058880966
1005001887999583
4001080956938
1005002426392132
1005002384957433
32729307936
33058531719
1005001341210832
1005001665414123
1005002051694703
32975256510
1005001529871758
1005001392633798
33059965363
1005001977222351
1005002315319116
32821192535
1005002467405965
1005002438682069
1005002340919418
1005001841055112
33037288810
1005002292774542
1005001858701314
4001225201744
4000169640322
33027808772
32839744500
1005002387724983
32478795795
4001197129417
1005002355957274
32975743210
1005001633135954
32913915762
32982838697
32995850266
4000550671931
4000344024445
1005001406903149
32983754517
32716183331
33022082314
4000210245952
4000374753457
1005002356654960
1005002472734819
4001322528331
1005002259855150
4000745223291
1005001820365255
32851879829
33019595138
32357195807
32975532923
1005002300060835
1005001744063861
1005001521482708
1005002354296850
1005001611220784
1005002041041445
32725016884
4000844644442
1005001554984620
1005002073876438
1005002177273381
32958893395
1005001369892530
1005002211760109
33011602123
1005002001559958
1005002334991996
4001038118068
1005002275595157
1005002358611252
32901129092
4001076266687
1005001343224800
4000402731926
4000428065074
4001020054197
32797498843
1005002299474927
4000613209312
33038286522
1005002285480763
1005002055019181
10000402357193
32794632365
1005002314384728
32700212256
32965903821
32671184695
32719604561
1005002108028578
32887622232
1005001274033417
1005001279447537
4000203632819
1005002341572100
1005001425551945
33036168980
32674405043
1005001724152859
33043662792
1005002285601762
32427388982
1005002203558672
4001049087682
1005001638414004
4001230005547
4001010771039
4000960544658
1005002289938495
4000229585018
1005001664726875
1005002304320153
4001124508646
10000314730252
1005001560694260
1005001935944505
1005002119444265
32697752932
32919585521
32758720121
1005002448048434
32950027893
1005002033597028
1005001883369970
1005002070759720
32870688826
32981430119
1005002347288742
1005002067067239
1005002372093550
32706529333
1005002281939295
4000252164361
1005002023846464
1005001519284296
1005002444944437
1005002304306831
1005002358997154
32267266609
4000058902596
1005002462442197
1005001526084787
4000246839571
1005002329262706
1005001560088961
1005001816944831
1005002388095161
4000212461167
4001159569301
4000707388582
1005002314545280
1005001699087480
32778392611
1005001544334434
1005002272365850
1005002323194183
4001005431392
1005001500287325
1005002205939003
1005001889987786
1005002236423482
1005002044804654
1005002333817160
1005001818619441
1005002313407434
1005001628289417
32894379905
1005002193337196
1005002258172805
32971568799
32982538400
1005001360020942
4000793316589
4001228051064
32918918481
1005002461791323
1005002306065263
4000982963086
32887935934
1005002327949467
10000229681270
1005001688556148
1005002060130623
4000409319734
1005002314048098
32989613658
1005002398868481
4001218105470
1005002315969328
1005002075126753
1005001838437863
32981966451
1005001967107306
1005002341904210
1005001709135717
1005002055013850
1005002449828302
1005002110779948
1005002364375486
4000262915812
32975043040
32863360157
1005001489396352
32908109598
4001294431195
1005002490068440
32619651063
1005002381329857
32799267344
4000901353988
1005002416104967
1005002370477486
1005001933134825
32958538829
1005002328406057
1005002485194350
1005001329767885
1005002143178757
4001214248483
1005002478757039
4000876977847
1005002035695990
1005001621768116
1005001631342561
1005002454316618
1005001966552350
4000593872573
1005001511563648
32813341264
4001145168165
4001217174851
1005001406963271
4000241276195
4001149087725
