33038637320
1005001397247001
1005001958721681
1005001799418478
1005002296052748
32481042013
1005001954772893
4000409277682
1005002122360313
1005002428660213
32961299642
33049631905
32959192634
4000235777467
32389533112
33003924754
33044116650
32902090710
4000586267124
1005002358689224
32788812037
1005001558604745
32985863280
4001360680431
4000250369249
1005002358809109
32851079513
32975439673
32970388553
1005002075133392
32982839528
1005001474881245
1005002475937849
1005001761802030
1005002421440480
4001039260550
1005001907883880
1005002198830877
33040796585
33052716668
32851186613
4001290672494
4000601258987
1005002289805875
1005002265646908
4001251798047
1005002428235279
1005002254046488
1005002476890037
4000462883972
32855384308
32972209179
32985935106
1005002405975579
32924102496
1005002288111846
1005002206893366
1005002359311842
32994074984
1005001790677249
32906871517
33034737307
4001199089096
32968529861
4000414883377
33000376404
1005001984721843
32989853164
32670466731
4000859262865
1005002449745135
1005002224495899
4000930441902
1005002459728049
1005002046651678
4000325018924
4000053110311
1005002050374683
1005002325010313
4000994036016
4000860124542
4000696159286
33027425649
32796279200
32662424391
32819607907
1005001570603998
32922276267
32922310087
32872827285
1005001485617660
1005001768246728
1005002323825387
1005002052516499
1005002460244280
1005002122482509
32997791089
1005002233529932
1005001741695298
32915709125
32982832579
4001230369498
1005001915093822
1005002378708335
4000579792150
4000879345448
1005002306334769
1005002076680730
4001360168167
4001203076268
1005002339038971
32997526048
4000800433685
32989447140
1005002350745791
1005002023461460
1005002441337244
32966206132
4000693953020
1005001464769298
1005002442867804
1005001704836675
1005002276346508
1454681640
1005002329164559
32975197908
1868399357
32560701042
1005001865808736
1005002368464445
32854422827
32877145741
1005001564878024
32987014681
1005002076875548
1005002320123373
1005002314106160
32961979589
1005002401441319
32955395938
32810795102
1005001942380290
1005001350027855
4000270017179
32263223235
1005002288512537
1005002370454828
1005001455853674
4001057814758
1005002075088233
32843129912
4001063150152
1005002198355129
4001238175236
1005002321277851
1005002374669706
4001255103441
33044800278
1005001334523208
1005002111304173
1005001736789681
1005002446874721
4000719419101
4000371122909
1005002394556364
4001313122313
1005002383126540
4001164399239
1005002489343693
1005002012254065
1005002258107842
33028778399
1005001699601114
1005002239374823
32819665326
32847835210
33010778466
1005002318024086
1005001586098341
1005001548325037
32841756486
1005002016925895
1005001406060839
33000889280
4001225317154
4001268475459
1005001998579741
1005001362710210
33055914639
32693936026
1005001571255597
1005002323275502
1005002125703024
1005002398956529
4000134023268
1005001698796440
1005001762393619
4001270499263
1005002431104943
4000514039253
1005002387095313
4000312789621
4000641251811
32940185032
1005001576238049
1005002461974673
1005002291719807
1005002293971893
32947280395
4000782226458
4001038773824
33054952879
33010285121
1005002292824817
10000400029989
32658747798
1005002390081746
4000902071977
1005001797607791
1005002315307596
1005002362600804
32954260536
4001172880806
1005002330018028
32863008992
32984659738
1005001417462538
1005001798950596
4000631993367
1005001888156416
32908218147
1005002289075883
4000101901355
1005002332565642
4001038294484
1005001679799367
4000888112012
1005002185241569
32635972601
1005001424923059
1005002319289693
1005002364396711
1005002102048900
1005002312467275
1005001847243658
4000823683906
4001028029446
1005002282081844
4000161129860
1005002294068137
1005002235987692
1005002180356292
1005001763917810
4000805800295
1005001976031660
4001115328664
1005001500556756
32696002915
1005001823597744
4000048540664
4000108197035
1005002317055370
4000876770013
1005001648379951
1005001483864763
32890945946
4000594948229
1005002329137427
4001095063346
4000496996448
32947626771
1005001593820212
1005001299768122
32919135874
1005002326713258
1005001868564394
32953911644
1005002166646946
1005001540561953
4001015788286
1005002467129489
4000785022716
32900537053
1005001924847505
1005001843122525
4000625478033
1005002009136115
1005001604568555
1005002282781211
33028960237
4000205943486
1005001736999529
4001365646385
4000458788455
1005002433792779
1005001340450128
33000301319
1005002221470926
32903897874
1005002396333050
1005002182555459
4000072439867
4000071961778
1005002434779098
4001178801661
32790268888
4001244098294
4000192562006
1005001295483965
33043251739
4000239859776
1005002093822774
4000967012432
1005002012223557
1005002277726150
4000800991230
4000538318941
1005002288135224
1005001615846206
4000206315602
1005002404096888
32878399224
1005002412229344
32819869443
1005002168721146
1005002101145714
32921397853
1005002388845856
4001119713749
4000246953316
1005002319335354
1005001793173135
4000885663904
1005001693903093
1005002468004336
4000875596739
1005001848810754
32808753222
32956001457
1005002475717244
4000078535603
1005002073964486
1005001573087425
32844965161
4000787110575
1005001450225566
1005002283433850
1005002347320833
4000320463069
1005001307272318
1005001553258828
4001245401016
1005002169961725
4000349804101
1005001365954012
1005002323715413
32980616843
32792675589
4001045031654
32919587950
33007677064
1005001678831302
1005001821312613
32888125293
1005002359789334
1005002166126010
1005002304203272
1005001437557630
1005002427015615
1005002011711563
1005002185286400
1000006333029
4001027276751
964917577
4000257297879
1005001967722621
1005001782584748
32981985010
1005002092095466
4000545916170
4000013921134
1005001414068384
1461113154
33001046438
1005002467723353
4001257671885
1005001863947114
4001013562618
4000983015621
1005002394128881
1005001921569216
4001077094068
1005002076542850
1005001562782865
1005001632863294
33053453177
1005001386039256
1005001465536373
1005002199012886
32315723435
32749267023
32848692306
1005001639832248
32995597834
1005001334619175
1005001479914454
1005002334911144
32974522719
4000927872826
32912216355
1005002394202857
2029805420
1005001426387678
4000420870837
1005002176974093
1005002495205808
1005001275622858
1005001453298548
4001272499274
1005001617381537
4001084910126
32273073279
4000885194793
1005001982695344
32885201023
1005002322961511
1005002313644723
4001040926705
32812857666
1005002337742773
4001139107473
1005002341688518
32250882448
1005001552502881
1005001573951012
4000111026751
32831226336
1005002262116741
4000868515486
1005002277898476
4000523266397
4001067333785
33017051986
1005001565523082
1005001489604076
1005002344297151
32823200213
1005001269894096
32950087208
32967548381
1005002319100886
33046841308
32735093242
33010209484
4000558118190
33023593144
32988438918
1005002288806516
1005002279074517
4001114827908
1005002363993272
1005002498861300
1005002428467037
32953971084
32696092717
32749531963
1005002413705930
1005002292489041
1005002077384295
32951613300
1005002049498596
33023027209
1005001965348243
1005002401861228
4000384328634
1005001278346160
1005002150976630
4001059887653
4001284331438
1005002369718620
32880450990
4001086620552
1005001859396001
1005001669759387
32848742749
4000370248084
4000725821053
32960061370
4000296115010
4000983228433
1005002427054510
4001084887245
1005001824559339
4000868275762
1005001594812202
32996272552
1005001688355740
1005002356089574
33001275766
1005002229674318
32862048278
1005002277197799
33013519890
32971240692
4001095456570
32795000256
32799503807
1005001525360704
1005002439699021
1005002327833585
1005001994022120
1005002357416145
4000257981794
4001305192274
1005002130209402
4000715618075
1005001445794441
4001168943835
32565517642
1005002315209593
1005002353160163
1005002384603873
1005001530426898
32742354490
32866908996
4000081516712
4000890320592
1773507685
1005001413179543
1005002313937678
1005001322119169
32957594543
33002177121
1005002363144889
1870389783
1005002252662822
4001294668433
1005001742046334
4001315396915
32959158471
32904488255
33036987142
1005001670729923
1005002317596384
1005001656436883
32918503110
1005001785797034
1005001997839136
4000338725825
1005001907474968
1005002483070985
33043642599
4001083519715
1005001616278603
1005001972137222
32842648866
1005002315226295
4001297922192
32890330962
1005002191463531
32624516533
4000426856135
32853167256
1005002348669105
1005002023619111
4000822934426
32818381906
32907878077
1005002302673610
1005001594129118
1005002053867395
1005001865557640
1005002334712187
4000146043708
40003187682341005001940935912
1005002343730911
1005001479391518
1005002271472866
1005002318444160
1005002315234105
4001167570075
1005002388950103
4000850476444
4000293169023
32216797394
1005002096999863
32803095604
1005001798519525
1005002333832668
32830495730
4000974273736
1005001931003329
4000166259022
1005002292630922
1005002262835570
4001345656712
1005002332861300
33003758986
4001228183949
32815323912
10000423013786
1005001884327625
1005001933675031
1005002461151311
32969816377
32763505062
32908524151
32953253982
1005002364762207
1005001305296967
1005002342555362
32944909508
10000053080550
4001041081556
1005002401271944
1005002298189072
1005002264499272
1005002457630549
32965429108
32658721537
32842714727
1005002324497589
1005001922597088
1005001633390196
33032724085
4000799424832
32399815742
32844876476
1005001721693558
1005001861766302
1005002136047579
4001154116801
4001129487810
4001333100082
4000571117210
4000048950634
32805176541
1005002211476302
4001110229927
32920127635
32965004138
32807733972
1005001580109329
4000630593471
1005002371419690
1005002389611144
1005001619885180
1005002090752622
32869969571
1005002033791240
2045570150
1005002419652058
4000558831451
4001206785232
1005001462229746
1005002345682653
4000420626369
2031482002
1005001793386137
32987441384
1005001311030980
32969406675
1005001926679281
4000296393094
1005001398380936
1005002317639496
4000107056479
1005002313418362
1005001567168076
1005002115757201
4001165295894
1005002252413972
1005001648934861
32984106853
1005002398759579
1005001867372322
1005002072332983
4001119548254
1005002089180595
32988790352
4000158704874
1005001987091073
1005002341554715
1005002402598021
1005001658687825
1005002425677726
1005001954922611
4000263417245
4001218876318
32944481206
32410255360
1005001559146583
1005002428254613
4001031833920
1005002467935207
1005002430679913
1005002396660030
4001093936138
1005001622860907
1005002001824682
32963915296
1005002321547817
4001220765834
4000074673633
4000724336401
1005002057957639
1005001501102059
4000401793721
32900775266
1005001808287414
33002466639
1000007529537
4000830036986
33057212118
32987426862
1005002264318491
1005001954864456
1005002397785321
4000035776301
32730133276
1005002418955616
1005002211676620
1005002287967857
4001217868345
32903272897
1005002374548999
1005002289917099
4000906894109
1005002420442826
1005001640847694
1005002238498132
1005001657213293
1005001887904204
1005002181683127
4001153778504
4001061173601
4001345387292
4001130829039
4001271670687
4001228506410
1005001374263217
1005001355406761
4001039369505
1005001411682158
4000291977185
4000849930310
1005002488679182
1005001720461231
32993344073
1005002434074447
4001086582763
32997700219
1005002256457786
1005001805193907
1005001976820132
32962743269
1005001689879258
4001180687404
4001002596839
1005001483311743
4000168582491
32953956901
1005002335808437
1005002440307542
32794494202
1005001664396966
1005002267582042
32722243642
1005002289114442
33020675271
4001164239506
32467201314
4001260215066
32663762112
1005002437847861
32924549387
1005002273950936
4001148153373
4001138129179
32436260972
10000397772059
32945572051
4000511216675
1005001556026574
1005002357838753
1005001851224751
1005002293981527
4000864274352
1005002442905427
32967215206
32957411352
4001068040876
1005002414603141
32666309916
1005002213604575
32466612459
1005001666782795
1005002312442671
33006482121
1005002179763177
4001034249060
33056531035
1005001320868816
1005002212203996
32949769237
1005002344812819
4001062728490
1005002370075190
1005001409237719
32330007859
1005002371495132
33017263413
1005002339126057
1005001971856141
32974545420
4000087545048
4000207313685
1005002134765773
32668884781
1005002179755298
4000234173434
4001351632362
1005002289851832
1005001670856528
32970470463
1005002315643212
1005002421258706
1005001452637771
1553557114
1005001584486107
1005002378163587
32649488636
4000936528571
4000669259793
32823829316
1005001699277184
4000459389568
1005002300900020
4000735252079
32844795293
1005002405646213
1005002420302557
1005002208504076
1005001921668682
1005002314357079
32834846152
1005002362373110
32907335794
1005002388148459
4001243489206
1005001780577906
32976522932
4001293705750
33029155408
4001364170954
1005001593030674
4001038277599
1005001510040952
1005001450800234
1005001522161125
32950868725
32931589552
1949811452
4000281701831
1005001937197647
32860490209
1005002427602273
32861399227
4000041953879
33037939412
1005002318888759
4001042601191
1005001999337077
1005002438495165
1005002187201031
1005002478357774
1005001799320219
1005002438017818
4000167625972
33056117738
1005002276044075
1005001458152752
4000072260762
1005002315566610
1005001666412621
1005001705792658
1005002399842236
32895318144
4001252244192
33001453251
1005002308401080
32852353780
4001062403773
1005002168089073
1005002023328272
32917208342
32946018668
4001083618774
1005002203509012
1005001604629700
4001214587918
1005001451511858
4001350559215
4001210971997
32979676475
1000007772791
33015815279
32824606417
4000103677871
32826511949
32889999327
1005002257869596
32811490150
1005001771866861
1005002091134008
1005002344930904
32944452647
10000313507135
32862293731
32804357966
1005001544227103
1005001620812916
1005001830133957
1005001332341147
33048904895
32968097852
4000816841811
32882302304
1005001762840270
4001131217250
1005001706206415
1005002304425545
1005002285605375
32994835862
1005002337772387
1005001579551264
32355838758
1005001611897565
32967504792
1005002382639108
1005001435851249
1005002448730055
4000003384618
1005001834220136
1005001678353936
1005002064130140
1005002119988731
32379850740
1005001659245295
4000203181987
32857753573
1005002488135878
1005002386654292
1005002263835674
4001139672509
32757392184
1005002353686105
32531243812
4000211588659
1005001382271494
1005001913437551
4000161648828
4000696655708
33007340163
32967101307
32904431769
2012781085
4000470509857
1005002443090551
4001091127237
32956795821
1005001608235514
1005002462296635
1005001809769353
1005001942783875
1005002402430578
4001068184612
1005002312985286
1005002382781029
1005002028186723
1005002398737797
1005002419319976
1005002288903612
32963186159
1005002350548125
1005002346020570
32554315890
32739323351
1005002258844660
1005002344213579
32920477418
1005002237792392
1005002408786908
33017207991
4000786722616
1005002314287830
1005002388029082
32901552077
4000816210102
33030914372
32833683264
4000138146254
1005002364481334
1005002341747592
1005002239891867
4000085565005
1005002456721658
32796068928
4001226757717
1005002369050400
32972037450
4000858915782
4001234654074
4000987168730
1005002347875509
32877327332
4001304520445
1005002275566963
1005001980905696
4000342919059
4000247782336
1005002334884437
32915798171
1005001427407223
4001124551335
33020189749
32917540230
1005001534344150
4001228791150
1005002323049055
1005001610620831
10000381446781
32360174003
1005001441271928
32999357247
32817898081
1005002048388849
1005001431496085
1005002028090289
1005001968572827
1005001597508659
1005001586062347
1005002443079824
1005001678639804
1005001381207423
4001356642560
1005002432870500
33052314470
1005001858252729
4000178047013
32699018063
1005002297911768
1005002353995718
4000585030345
1005001619309195
1005002313807998
32719135270
1005002028126180
32829295820
32744003115
1005001406819972
1005001520036331
1005002448084653
33041234924
33034361518
1005002297549388
32831964213
1005001518805427
32857517294
4000548035562
1005002333791707
4000079749526
1005002440702980
1005001303091019
1005002460349237
1005002085951826
4001222698251
1005002388295368
4000723214399
1005002476467045
1005002025372479
4000702293228
4001228560423
1005002260548313
4000708415664
1005002378378267
1005001501529775
32885072010
1005001957514498
32855980554
914789499
1005001586759682
1005002357043463
32399117507
32919470218
4001193195443
32993893445
32737206926
1005002053630866
1005002348158400
1005001989033009
30000001605233
1939170434
4000261880224
1005002432530562
32691482134
1005002116717810
1005002302906935
1005002423610736
1005001997277696
32663026351
1005001669880372
10000366991485
2044165536
1005001652186198
1005001697808874
32978725993
1005001412299616
1005002386895056
1005002304462821
32751223516
4000822294077
1005001326511283
1005002213274121
4000769660881
32658665659
4000287580415
4001201138531
1005001298299164
1005001670796588
33056790748
4000902937689
32785363432
1005002242586941
4000184097324
33003068068
4000238174153
1005002319315378
1005002469983668
1005001419811764
32612975375
1005001425095194
1005002323238662
4000049497039
32849591446
32865503087
32871066120
1005001540962011
32987268489
1005002398614324
33007210739
4000945114816
1005002055334998
33001308966
4000448753750
1005001616789453
1005001315302863
4001215621910
4001270733713
1005001618100297
32917130783
1005002302263816
1005001520085735
1005001883837680
1005002301519190
32814182751
1005001720875042
4000755520468
32933338646
1005002073306570
32907687075
32923619441
4000216236490
1005001929261816
1005002319364055
32597819937
4001143295603
1005001879891114
1005002206353990
33044041217
33032952418
32929054356
10000411383745
32949837669
4000979405487
4000375806461
1005002485128866
4000456746775
1005002314402580
32949440702
32773669710
1005001535091738
32999786112
4000209945264
1005002382457405
33035121275
1005002477892523
1005002171164673
1005002060188447
4000979208180
1005002309579573
32946530894
32993159277
32827760861
1005002334290573
1005001883265724
1005001314432788
4001013864277
1005001736572978
4000207228773
1005001597503486
1005001453282042
1005001962301202
1005002314057068
4000525383090
4000166129146
10000069473355
4000569727028
32922418219
1005002475837980
33051872862
1005001795522208
4000708462049
1005002278920975
1005001708003784
1005001345447117
1005002490236771
1005002191747039
1005001297555257
4000259500414
1005002254396150
1005001869933737
4001113944285
1005002413227066
1005001902313532
1005002278988817
32799469346
1005002011296632
1005002433425967
1005002295443094
1005001430932873
1005001603157557
4001111469990
32806574955
1005002400432683
1005001670806686
4000203161636
32946408185
1005002311164379
1005002304339027
32991143186
1005001823834333
1005002287011688
1005002168705298
4000025368305
1005001766181319
32889058619
4000117826292
33022819928
1005001407034385
1005001996938328
1005002477234733
32985106404
1005002362515690
32899556779
1005002317131573
4000472090053
4000799785197
33006076174
4000120523788
4000251583526
32873549123
32959665129
1005002495369625
32222557435
10000088386580
4000469622183
1005002373764058
32425688515
4001313276325
1005001408369835
32854679105
4000068964123
1005001285260027
32833252952
32909480382
1005001891479448
4001337938255
1005001961682387
4001319506557
4001078677501
32846061556
32795522267
1005002213021398
1005002073830849
32908717002
4000393713339
1005002473666016
32985695826
1005002458378492
4000834546575
1005002303878255
32591019437
1005001726112453
32999872621
4001160985923
4000934014247
32868059112
1005002418621586
32949391480
1005001339776375
1005002267608124
4001153972525
1005002346337537
1005001482714277
32675612787
4001171822203
1005002458214277
1005002391454160
32961611637
32976146189
1005002002037932
1005001933525986
4001341444259
1005002271440801
4000349046477
1005002409883535
32812703847
32825603679
1005001665384806
4000033232190
1005001310498675
1005002180957148
4000908609760
33052543179
4000209861166
1005002278015659
4001027949818
4000177822968
32809405612
1005001475218845
4001166762994
32947932620
32466530061
33058901749
1005002334323242
1005001829809829
32983632870
1005001852098705
32516117901
1005002279404304
32822404710
4001146137959
32886218513
32862889254
4001272497255
4001217893835
32963632981
1005001703568719
1005002351508757
1005002158700510
32615402119
32857460580
1005002001420753
1005002411780563
1005001831166882
32896603078
4000599326444
1005002316115158
32921469958
4000813348023
1005001597898680
1005002283814286
4001326188734
4000498657741
1005001305334785
33049224105
1005002306501035
4000085865708
1005001664070129
33032808178
1005001304555835
4000292334001
1005002333700676
1005002288766600
1005002329700113
10000022117576
1005001997874016
1005001966616358
1005002264376905
1778135602
1005002338048933
32920918886
4001145443151
32968457422
33046818742
1005001792892955
1005002312335024
32975572034
1005001960310754
1005002365311831
1005001946762012
1005001699691019
1005001830171814
1005001919058897
1005001797677868
1005002308817943
33005167534
32250555832
1005002406336273
4000104729070
32629921345
4000856898755
1005002412329637
1005002327463192
32855251710
1005002449844072
1005002291789012
1005001562104001
4000575047217
33049981130
33036682802
1005001899754360
4001026782936
32866443740
32968944748
4000384718237
4000443058951
1005002177931688
1005002192034913
32847437381
1005001793000996
1005001467681784
4000959602095
4000378269054
4001215694430
32880970992
1005002494986790
4000772909739
1005001438865428
1005001918751029
1005002183497193
4001257675652
32855243663
1005001333597205
4000790101407
1005002115437842
32963502333
1005001869524430
4000955597740
32972688720
1804857990
32877670512
32817757345
32951318987
4000680249930
4000587004142
4001227796638
1005002467586381
4001223218381
32834313916
4000726152368
1005001439137301
4000793256388
32964907700
4001341385943
33031943190
4000906706091
1005001625192482
1005002430719205
4000371311082
4000032901877
4001279007102
4001165556277
1005002443993191
1005001795428961
1005001622900590
1005002146484827
4000725671532
4000241714580
1005002454207846
32991805650
1005001556047709
32957995479
4000000794380
1005002301702212
375018887
1005002137167252
4000666583100
32962798314
4001358519958
4000437616373
32836465583
4001038597150
1005002220078664
1005002401962317
4000650823064
1005001513910684
1005002295516035
32862970920
32963492585
32847497901
4000538477864
32862301797
4000287740946
1005002315001480
1005002328927210
4001236753360
32970127730
4001046488161
4001294122240
1005001688567850
32649266605
4001125810682
1005002372279056
33040589211
32580018520
1005002457153226
1005001845080140
4000040748764
1005001844552832
1997780712
32381037299
1005002317119843
1005002261030629
1005002256579943
32795675730
1005002433209122
32448782685
4000986119020
1005001848613890
1005002305169808
1005002247324775
1005002291587493
4001296051582
4000552590002
1005002067842852
4000062795243
4000943413390
1005002250548165
1005002201076759
32348575390
1005002287692956
4000041101131
1005001929372509
1005002432781343
1005002459611251
1005002101742638
32996663997
1005001792224591
1005002323269443
1005002212495969
1005002115407387
1005002253734784
32950087804
1000008134545
1005002064745284
10000314469253
32578945560
1005002447269067
1005002205723603
4000698534375
33012658283
4001226640856
33031983896
32800669584
4000201677942
1005001701301601
1005002217376117
32956206473
1005001883697226
1005002395292569
4000136596125
3288129715110000377713428
4001248957691
32922916394
32957929784
33044141944
32958687448
4001345131036
33010529540
1005002296990224
32813825094
1005001995049209
1005002434920421
32817833000
1005002298098411
32879734817
4000256109731
32819684978
4000849844182
32776479137
1005001482487848
32816078879
1005001731240327
4000299944469
1005001966460156
1005002399841384
1005001804355260
4000274503621
1005001447092308
4001096169803
1005002186180468
1005002139978057
1005001893277831
1005002256618872
1005001579475426
4001014604389
1005002211146533
1005002299756529
4000834945145
4000170094943
4001208785828
33057803181
32842157337
1005001627175968
4000093870351
1005001926762877
1005002442562824
1005002278582502
1005002314449437
32481320056
1005002363229436
1005001340001305
1005001764772316
1005002350751483
1005002425832776
1005002347432030
1005001463849473
1005001898785611
4000918072648
4000740046497
1005002371591593
4001183280532
4000905539251
1005002224466998
33038024646
1005001937569731
4000374218473
4000982888681
4000314736505
4000683931858
4001231999602
1005001873090755
4000523629369
1005002024573674
4000803356909
4000416887254
1005001989292947
1005002268748327
32798946954
1005002198702750
32973220187
4000284342878
1005002330860083
1005002283429810
1005001786349285
32706491774
1005002370445392
1005002408399269
1005002085922776
1005001608679057
1005002351689704
4000970807931
1005001836250745
1005001729263024
1005001907377595
1005002428692092
32853800413
4001014989401
1005001671115042
1918874447
33030280438
33026596154
4000778952698
1005001942818759
1005001562588584
1005001844136533
1005001669533304
1005001737889907
1005002376742766
32977242977
1005002382916144
1005002319840613
1005001834722346
32791856210
1005001961001172
4001265842886
4000714658521
4000593104530
32706491223
1005002424440190
32847669857
1005001883960811
32378378835
1005001764111798
4001171124911
32352045549
32924873922
1980989044
1005001704864325
32963104457
1005002357479900
4001313831345
1005002353102818
32859074262
4001221714968
32799075707
4000777266694
1005002352414766
1005001948454506
1005001982311873
1005001862925743
1005002146381513
1005001462885755
32922415690
4000751902241
4001010763094
4000780503587
1005002413435215
4000199892200
32658592786
1005002235710994
4000599405342
1005002258270482
1005002353382424
1005002332080055
1005002377622370
1005002462377936
32805804664
10000395856349
32833363552
4000812910120
1005001802913463
4001150273994
1005002268990988
1005001873683745
1005001910909579
4000585453238
1005002069520556
32846545354
4000140841084
1005002283061495
32902875917
4000696466624
4000126976055
4001128210173
1005002426197599
32803307821
1005001389051423
1005002433053931
1005002333268450
1005002046434159
32948786431
33005986340
33008397444
1005002348652394
1005002261131782
4000907457025
32811046208
1005002281854707
1005002275971909
4000993591702
1005002171707834
1005001454347476
4000865428668
1005002332632980
1005001369789148
4000381757024
4000817859880
32666974267
1005001302676773
4000579692625
1005001834869840
1005002271252868
1005002266671910
4000756284672
1005001506546945
1005002259815263
32964244358
32528211659
1005002230480311
1005001675762006
10000027888986
4000380795711
1005002055463576
33012191587
1005001374778630
1005001770613033
2021030810
4000837252336
1005001310469791
33008774492
4000738818365
4000109375607
4000122030846
33022310091
33039958745
1005001612354337
1005002317100114
1005001269893387
1005001381257651
32841102787
4000219177875
32871050610
1005002443805039
4000990043721
1005002006216885
1005001447634811
1005002367258375
32232153101
1005002367142247
4000374199465
32726259165
1005001836623746
4000382369009
1005001989181054
1005002382857419
32852130999
1005002471722451
1005002311968962
1005001501177529
1005002322738323
1005001930722712
4001196856157
1005001977888122
32858359451
1005001792582511
1005002043589849
1005001645279074
32800313811
32549253171
1005002342768905
32835061260
32299662405
32915354153
1005002329065240
33015381425
1005001560964642
1005002421505670
1005001943004037
4001105147726
1005002319468506
1005001625075413
1005002252882807
33029726662
1005001479741106
1005001313206792
32952193560
1005002381600874
1005001273962933
32803947649
4000235599987
1005002333507028
1005002311001403
1005002334007802
1005002447483573
1692878836
33012938786
4000826625949
1005001616354018
33061747624
1005002353237504
4000865420435
4001191977479
1005001820232303
1005002169624066
1005001730947243
1005001788942089
32852269196
1005001413815804
1005002427934093
1005002466261106
33033268596
4001183378227
32806471750
4000100483302
32888103165
1005001590948525
33059539864
1005002276339477
4000217552341
1005001470341151
1005002481407291
1005002388444613
4001130971618
32699362435
1005002264362619
32959935379
4000857141878
1005001697736577
4000397564131
4001172868832
1005002425634392
32851592476
1005001620841605
32305743728
4000155089233
10000422998733
32796767598
1005001952689206
4001204076417
32975677823
1005002081904361
1005002468166240
1005001623143070
32826570979
4001018861858
33024795549
4000896224210
1005001859234757
4000575111187
1005002386710344
33004076836
33004071297
1005001985715682
4001333359924
1005002345395133
1005002386858780
1005002256642954
1005002282793602
1005001704074803
1005001750015288
32306160067
4000987470203
32871571453
33030818228
4000348847142
32882467310
1005002353324395
33061331378
32942936510
32864978514
4001255056355
1005002394610356
4001188494367
32993289020
1005001397392317
4000543307774
1005002467495681
1005001657712648
4001227372127
1005002434778124
1005002052612195
1005001435627895
4001320444351
1005001987436877
1005002314375754
1005001865409764
4001290077293
1005001770577763
32806456295
4001107689660
1005002352379369
32912357346
32332653964
1005002254696447
1883597637
32891414221
1005001439049975
32912598519
1005001867861420
1005002075091334
1005001795372884
33004343286
1005001491197631
1005001807109588
32998853859
1005001988212990
32582821401
1005002168069035
32857999573
1005002246066610
4001163209675
1005002334280253
33003522125
1005002482743747
1005002314491549
4001238778049
32820819704
1005002441758415
1005002280873173
32546666917
4001123449699
4000604285663
4000808615946
32883980933
1005002288510839
33008034128
1005002004865913
4000738356427
4000535197301
1005002052696015
32946543738
33019974577
1005001645207869
1005002175987848
1005002457025078
32413857190
1005002418533941
1005001909725510
1005002211363364
32763838453
1005001655592561
4000510842931
4001112400363
1005002340147940
32955025970
32825363826
1005002492351312
1005002298776783
1005002393644259
1005001717975278
4000687260632
4000199682310
33012248047
1005001644340298
1005001353636627
1005002396900233
1005001885837304
4001001071533
4001175591018
1005002495904248
32757183772
33026042576
1005001292052821
4001241011592
1005002341690136
4001321493404
4000043431009
1005001394722079
1005002401231810
32722269992
32956835889
1005002286958042
32879904719
1005001700033383
1005001457711801
1005002339320768
1005002122291903
1473294904
32978996270
1005001374476675
1005002272493335
1005001705622450
4000424318765
4000049920909
1005002314256192
1005001273740694
1005002090623465
1005001450136196
4001229527266
32905417044
4001280426914
4000818179909
4000593542851
4001247877407
32824629240
1005001323096196
4001118242330
32880775122
32859791612
1005001681597583
1005002345510857
4000987189061
32999068482
4000189684478
1005002332013565
1005001675873780
1005002074513302
1005002252877752
1005001620612462
32994035138
32985683347
33043526238
1005001603755880
1005001946633382
1005001729351369
1005002011262623
1005002210401538
4000857225258
1005002457515016
32820850720
1005002369643846
1005001840589450
1005002220509040
10000084828786
32842563108
2054442576
4000104561853
1005002337257503
1005001592306904
1005002167956250
33018070005
1005002091751381
1005001307848250
1005001638126466
1005002332857864
1005001487552896
33046962057
1005002223258434
4000124769264
1005002404731799
1005002341952769
1005002162064375
4000768949173
33043944845
4001209205570
1005002353542775
32958589437
1005001966183878
1005002432096093
4000791262826
4001254272115
4000905757338
1005002460033582
4001040891759
1005001612964468
32952170869
32784650254
1005002319611188
1005001832683855
4000316593958
1005001721203096
4001104699244
4001241145162
1005001530183462
4001316051929
32977650998
1005002500404879
1005001958225584
1005001501310993
1005002394113342
4001174426895
1005001751087192
4001284398384
1005001632860602
1005002023480489
4000774346128
1005002224692719
1005002057988839
4001081921008
32847893312
1005001938131554
1005002378535187
32758462864
1005001478227086
4000550425193
4001304649951
1005002364334877
1005002301116763
1005001792951762
32906100259
1005002328211679
4000148872193
4000028376917
4000934764286
1005001671023062
1005002275913162
4000712380073
1005002412279479
1005002172990137
4001285526875
4001131165976
4001172960887
33011782646
4001244030601
4001223701628
4001250668868
1005002321012793
32889469037
1005001971548538
4000404137385
10000056956942
4000035556584
32667189152
1005001824142890
4001143385028
1005002377629574
4000115433800
32830428465
1005001876941045
1005001309344960
32978370649
33008197154
1005001334723285
1005001954837724
32526622668
32869771885
32821869346
1005002327442459
1005002217203872
1005001835315683
4000483474148
1005002433299091
1005002302638045
32875707221
4001201857212
1005002266425716
1005001284713384
4000024264259
1005001835759396
4001038390039
32997256194
1005002398719534
1005002125993574
1005002457167694
1005002347674012
32954506257
1005001927930108
1005002288508276
1005001688065573
4000288852732
1005002204681787
1005002143240561
1005001764881867
4000299173027
1005001922507620
1005001444911085
1005002258689484
1005001393630936
32690482353
1005001731892486
1005002378709392
1005001769610359
32954277553
33042171788
33029519604
32995861942
4000934164523
4000761312308
1005002156770535
33054237454
1005002197526608
33064235086
10000048210427
32819490619
1005002372369237
4000136715511
4000085400009
1005001642550159
4000498705007
4000044792030
1005001631077342
4000412191689
1005002276396499
32383033434
1005002232979004
1005001744295941
1005002089157777
1005002279532525
1005001399248754
32858534212
4000804541466
1005001582701933
1005001894980854
1005002288587703
1005002064538765
1005001905913363
33030936308
32848250127
1005001821167971
1005002191609633
4001278462117
1005002265541212
32601728362
33034111629
32889642044
32957793303
1005001448569465
32904993998
1005001399144950
1005002313875978
1005002337010991
1005002101797553
33005344875
1005002479997674
4000771202241
1005001848714961
1005001632144523
1005002278885066
1005002247686217
32956044976
1005001768445842
32988506770
4001286778375
1005002281430201
1005002213779449
1005001930279508
32861017246
1005002091656352
32995435424
32971144262
32503002316
32883314380
4001229695186
1005002241097666
1005002439152257
1005001523637274
33004898307
33041117529
1005002065585264
1005001756250426
1005001813830704
32946721538
1005002398644989
4000909179842
4001041056959
33042514074
4001286635014
1005002453826107
1005002032384805
1005002117129798
1005002350940583
1005001298951066
32989438865
4000582678383
1005002465816507
1005002286753212
33013876905
1005001607866420
32513857622
1005002274026389
1000007442079
4001113127883
32847130023
1005002329465156
32907539201
1005002347064204
1005002394892249
1005001713431299
33000931083
1005001619804718
1005002378920025
1005001523864567
1005002262467509
1005002248516786
32846715986
1005002213686903
1005001863136551
1005002403363541
32863156781
1005002236242981
1005002341130020
1005001585424268
32860746197
33004858375
4001315727263
4000379298104
1005001644662807
1005002002571047
1005002423899972
4000101173298
32985066034
32363794311
1005002096701865
4000842599712
4001204762796
33056432678
4000502207145
1005002185223645
32917077756
4000028921765
32912392121
32737823238
1005001780208566
1005002311507549
1005001980117403
32903228003
32979791300
32996817216
32747626192
1005001686053634
1005002286343157
32558569143
32833365249
33038885545
33002791331
1005002426094718
4000911154913
32910374526
4001104579416
4001142056391
32868858111
1005001868401587
1005002422938954
1005002384411432
1005002302314982
4000192763094
32911045968
1005001425154320
33023064258
1005002001930869
1005001303388043
1005001509548742
1005002489486500
1005001307889718
1005001984555337
1005001798991243
1005002301232886
32818726135
4001121878852
32565818678
32887713355
1005001298461110
10000397723367
1005002305304373
1005001485012388
1005002288808400
32835259070
1005002052673409
32953910636
4000042392084
32966837701
1005002306510025
32968841756
1005001332586702
1005002033483020
1005002276367344
1005001869789848
4000844855924
1005001930662904
32834831080
4001153664856
1005001528629775
1005001935377978
1000001541931
1005002400534814
32995426771
4001241195117
32869461480
1005002278015119
32853455307
32843472086
1005001802631033
1005001683976251
1005002259719832
1005001971154467
4000841814482
1005002364016461
4001053821873
33047984407
1005002464857780
1005002287688947
1005002478360086
10000424282727
32820035650
32974513616
1005002341659539
4001157141801
1005002310508431
1005002308905850
1005002214702558
32856939303
4001019147954
1005002392662445
1005002180875674
1005002453699155
1005002205977499
4000679328887
4000258617289
499752559
4000437120688
1005001721947260
4001274047367
1005001874192706
4001365204952
1005001353776413
1005002317993890
32809691521
4000841798891
33037610106
1005002356873760
1005001989028945
32841562479
1005001958697220
32898292191
4001222534081
32846391196
4001320246193
32796745021
32835912442
4001018656654
4000972940108
1005001989706728
10000334021622
32441901965
1005001899639125
1005001864637409
1005002468296059
1005002427966300
1005002322171980
1005001936833906
1005002251916451
4001065034367
10000349705916
1005002280824715
1005002048843411
1005001556305528
4001289851794
1005002064155112
33027493845
4000180725498
4000817132452
1005001989324960
1005002280673332
1005001601679538
32747601426
1005001551081262
4000086737177
4000032686787
1005002355480751
32613878307
1005001864523865
1005001723963363
32809266606
1005002454399129
4001277480236
32847348998
1005001988616841
1005002064544436
4000584986577
1005001825362108
4000495745225
4000113607592
32993580149
4000315253060
4000929980101
1005002417172618
1005002192977289
4001338210407
1005002473768725
1005002412885710
32867256012
4001200164914
1005002103878599
4001317003897
1005002368152061
32378922275
1005001902948596
32995835757
1005002005827730
1005002476026422
1005002081292524
1005002263406434
4001244117271
32979877197
1005002306363924
1005002226678997
1005002314322363
33013895441
4000224401530
1005002004523366
32851697572
4000544136501
1005002442381982
1005002160392490
33010520433
1005002324179213
1005001872448521
4001242667539
33049130275
1005002206106434
32863309282
1005001864286249
4000546022778
4001358697362
33039059817
1005002122292843
4000545901944
4001031449203
1005001319504195
10050014996930114000558245168
1005002368948087
1005002319003050
1005001510070092
1005002105797905
1005002363101578
1005001451721133
1005002378073695
32798639223
1005001276252596
4000523919765
1005002440853406
1005002238566939
32968842458
1005001847799090
1005002399773104
4001222431781
4000710504303
4000533690363
1005002246274815
1005002074255580
1005002307848587
4001356789447
4000799046399
32852957869
32949139699
4001241832814
1690079973
4000748310155
33027721946
4001003894461
1005002303783597
4001198539097
1005002368894982
4001231591993
32921183875
4000815951761
4001119071888
1005001681460287
1005002049732839
4000962305439
1005001756572088
1005001786221704
33015999300
4001106969636
1005002463225467
4000393705581
1005001838511893
4000236597994
4001269475529
32858411874
32552329181
32951497639
4001223806456
4000180027498
1005001601121093
1005002381197637
1005001379477938
1005002413449168
32838728637
1005002318555763
4000937532840
1005002267559993
33009914909
32995313642
1005001468037940
4001231852780
32982054882
1005001669191648
32965182718
1005001830767799
32826194037
1005002234078159
4000051146987
1005001953983016
4000785112596
1005002338980291
4000816010644
4001134867512
1005002268960086
1005001965606316
1005002320683489
1005002383200030
33031583923
32540633753
1005001955570609
1005002345757918
1005002243994936
4000022500929
1005002214239567
1005002179601278
32314744892
4001224337293
1005001604662702
4000053513043
32953663463
4001097379768
1005002347117257
1005001656785854
32910206337
1005002289640177
1005001736634562
1005002448976049
1005002330316252
1000004692456
32483028137
4001280799745
1005002259900319
4000979209305
4001276243830
1005002237952052
1005001265791346
1005001488681728
4001230334684
32828585510
32930396309
1005001333969165
33001608417
1005002289058277
4000075739301
4000209990162
1005002332536044
32969326144
1005001442414847
4000730575158
32793759831
4000489376483
4000019182951
1005001420102793
1005002124760868
4000283408879
1005002470770880
32363135446
1005002310314973
4000075020408
10000186892659
4000704632641
33051874554
1005002297952505
1005001700370663
1005002372257872
32927160897
1005002254595911
4000983436889
1005001607575429
1005002186144822
33020098988
33024908936
4001015067191
32460154181
1005002305544889
32985202955
1005002423807118
4001049347097
4001059366840
1005001586915730
4000606603734
1000007312529
1005001411593929
32959723542
1005002260279414
4000156248755
1005001366086970
1005001940035447
4001098319577
4000940386751
1005001505778344
4001025540338
1005002293327529
32853710609
33039133197
4000763587432
32889485780
1005001484285328
33035929588
1005001991922991
1005002496853088
1005002454322093
4001333022378
32919546327
1005001756268659
33042931450
1005002391984543
4000558456964
32987884678
32917841453
4001176133074
1005001579252869
1005002425574017
4000705860608
4000076695680
1005001962778744
4001040736487
4000258347842
4000929237228
1005001858477707
1005001469618889
1005001947991858
1005002293252387
4000341298601
10000361108698
4000903606746
1005002293143145
1005001482135668
32799891201
4000136734366
1005002305328723
4000066310169
1005002265923023
4000907905624
4001290271631
1005001736809149
32988977784
33025430305
1005002323445604
1005002274866125
4001297081929
32978827148
1005001338083823
1005002299385592
4000117071870
32646195869
1005001504170777
1005002376936845
32809478275
4000959819229
1005002223890285
1005001554584520
1005002204111908
4000955830681
32790504890
1005001784459057
1005002358669521
4001050334866
4001230426106
1005002439748949
32845093686
1005001406179184
1005002268993510
4001284109391
1005002268985887
1005002255313628
32828915840
1005001423280406
4001270342502
33014996240
1005001271669461
32946368075
1005002083840989
4001179596848
4000043045328
32890320788
1005002258975895
1005002315452972
4001014996782
1005002175726816
4001347523977
1005002258791899
33048171156
4000381540718
32917668169
1005002420452779
1005002339355784
32914652952
32880707156
33002446931
1005001561511697
32956570495
1005002322857887
33051352479
1005002333208217
4000020650739
32981802429
32921135716
4000909146444
1005002050637382
1005002304383132
1005002432258548
4001257829254
32855331108
32887705078
4001159174926
32838132035
1005001778913432
1005002327265558
1005001499252513
32792919842
1005001602597171
33025668082
1005002185722415
32784947707
4000755507487
4000272272902
1005002019090443
1005002303923609
4000803540032
32954135075
1005002322856902
1005002317021002
1005002322705359
1005001417727150
1005002433468298
4001169490979
1005001463459992
32962595905
1005002124250352
4001340987378
32783402703
4001140745247
1005001377613125
1005001835907804
32681718435
1005001452114414
32901904910
32933614900
1005002247701109
32879684311
1005001943085018
4000233356487
32825807014
1005001628115049
1005001592241166
10000032852401
32793007223
1005002353909999
32376693143
33053020158
4000167208081
32961519116
32799767303
1005002381181326
32801326823
1005002116080237
1005002263159969
1005001579366701
1005002322806471
33001970045
4000202842498
1005001512587874
1005001502046141
1005001705904659
1005002327116353
4001119921629
1005002447235872
33048495060
1005001626221881
4001144804921
4001059517881
4000049136575
1005002356265289
32996495443
32816774190
32728822483
1005002326297648
4000729534848
33023253975
4001335614170
1005002482910576
4001124300404
4001216762493
1005002334956252
4001169761363
1005001387878442
1005002282204752
4000126644831
1005002396710545
1005002291121083
1005002027199356
4000083078149
1005002476730961
32908250840
1005002376471843
1005001444988880
4000969196291
4001140201808
1005001908414576
1005002454808304
32957996054
1005001958872103
32790923078
32962650571
1005001853927724
32771037809
4000712049354
1005001623407682
4000848953387
1005001287101256
32782136145
1005002133297156
4001102836865
32863765403
1005002302532794
4000152139480
32810649796
1005001573564930
1005002362758171
1005001429197054
1005001299509898
1005002192745153
4000857268164
32933019938
1005002312968807
1005001876509505
32872117219
1005001671387747
4001214196731
32991333725
32906437392
4001297164746
1005002196736225
1005002336580094
1005002314241894
1005001972321370
1005001968953481
32817510829
1005001768806715
32960699413
1005002242559110
1005001764518512
1005001656958052
32831553321
1005002330746294
32813418062
33019259545
32828089186
1005002198867313
1005002450249789
32955869955
1005002288783543
1005002473739679
32959234255
1005002357747153
32960361881
1005002324984451
32842477570
4000631980738
1005002369411984
4001204826690
32968627074
1005002377662158
4000987392259
1005001566922598
1005002276998706
1005002365469795
32845889404
1005002246280856
4000756075681
32980589331
1005002426090373
33027529590
32885857005
33007258176
4000677222268
1005002376511282
1005002317050231
1005002382736496
1005002373280188
1005002367753223
32959741695
32926039442
1005002447829914
4000125073806
1005001325841513
1005001766907312
4001366216436
4000696082357
32793934427
1005002248497696
4001248551922
1005002210535404
4000580359068
1005001669136841
4000058953811
32950734062
1005002349825558
4001291688157
1005001438858247
1005001874290155
1005001381370298
1005001984536530
32796831239
1005002469097026
1005002315885356
32841296566
32815697583
32999542119
1005002346893655
1005002316613199
4000436844533
32920791919
1005002354699877
1005002354326833
1005001567321289
32753159655
1005002012123582
4001118570717
1005002419440298
1005001670309795
1005001531945939
1005002260072842
32823066738
32853283953
1005002447403830
1005001999172897
1005001804400149
1005001478896088
1005002147432848
33014907444
1005002114214753
1005002256553471
32991551885
4001345875262
4000284925338
1005002375745097
10000089169488
1005002253318237
1005002314337144
1005001551766660
4000146334802
32303301076
33057781242
1005001557761202
1005002288823204
4000926125269
32849954677
1005001473820966
32887541400
1005002498557997
1005002376578349
1005001869246864
1005002307541319
4001318347384
4000982583043
1005002440960059
1000007934372
32885564638
32926145821
32882870219
1005001971487033
1064657491
4000183278163
1005002012872293
1005002235884758
1000005525673
1005002337692538
4000655844664
1005002377306017
33006200303
32960837658
1005002329253477
32965274210
32316316191
1005002133319733
4001277465638
1005001398270129
4001122125427
4000811165842
1005002167835358
1005002370465914
4001308840014
1005002314214891
1005001592863732
1005001500072422
1005002376516237
1005001670892295
1005002281634458
4001185042756
4000986789819
4000166766409
1005001996765437
32701160312
1005001671238682
32960109010
4000378599106
1005001315328831
1005002276214630
32948762702
1005002342450842
1005002301540719
1005002333808438
4000545722313
1005002074997979
1005001915988875
32973437635
4000055729791
1005001482661330
4000538557449
4000381911108
1005002345164691
32945232531
1005001629486465
1005001522543193
32884002027
4000383148473
10000402395543
1005002271293332
1005002336106900
32945849189
4001081502053
4001271817346
1005002293124067
1005002387876354
1005002372011410
4000284949642
32790914892
1005002325450986
1005002228298797
1005001594043253
1005002448059899
32967383557
4001131948995
1249414240
1005001303002919
4000614895159
1005002238930976
1005001680522689
32898708426
4000118969466
4000234473080
20000003757171
1005002168773310
4000837021562
4001034811245
1005002273587882
4000089888446
1005001515903408
1005001431953422
1005002322560567
4001005158650
1005001732830288
32977335672
1005001680404938
32650783586
4000173235284
32719687731
1005002265355883
32947057725
4000928585186
32795628718
4000929498218
32397694986
1005002125640516
1005001968584409
1005001441313598
1005002467860044
1005001656906315
1005002350212165
1005001820916709
1005002496806133
32892503616
32937200908
1005002459198876
4000444529314
1005002302287191
32751365988
1005002266474416
1005002273834669
1005002348772086
1005002384210445
1005002314205960
4000305658392
4000317417816
1005002238604495
1005001608641497
1005002419313018
4000496062321
1005002362725028
1005001989422124
4000837287946
1005001620411946
1005002000019534
1005001621195198
1005001667912163
1005002282935813
1005002389285405
1005002319544931
32853177492
4001149360027
1005001867290658
32820900352
4001307525181
1005001731257079
32847513764
1005001605600810
1005001552715129
4000039481135
1005001337476708
1005002315489824
32992593944
1005001854079339
1005001736337643
1005002482868358
4001160148053
32816607398
1005002341175807
1005001594621654
4000391008820
1005001621006514
32951822985
1005001501552348
1005001732064980
1005001845067139
33017487270
32855361691
32900770073
1005002230188443
1005002428560634
1005002384480701
1005002398445838
32347920358
1005001403340251
1005001351597800
1005002405129270
1005001831447061
1005002424103888
4000850539290
32894969363
1005002331292205
1005001644544934
32908949725
1005001461915611
1005001670884378
1005002432982878
1005001813327567
1005001555569019
1005002408365601
1005002305478842
4001136877207
1005002327273655
1005002122105130
32888580363
1005001587470174
4001050389728
32863984789
1005002283295214
4001089240841
32288932629
1005002434784557
4000444418791
4000850516678
1005001780740640
32778439172
1005002232635955
1005002318447937
1005002224937474
1005002335951764
32515114693
4000726410340
1005002275414113
4000465883256
4000020531741
32851145147
1005001609183294
4000930830003
4000438982974
1005002167884032
32950726181
4001064751330
1005002426943031
32924363031
32916812267
4000377689440
33043893889
1005001697961041
32815119040
32704802894
1005002282505174
32787112303
1005001836994069
1005002326752093
1005002477775522
32217636870
1005002309899304
32381726081
1005002206783953
33053528595
4000849779425
1005001845686683
1486941426
32898440168
1005001315741101
1005001799515407
4001253311155
4001019884049
1005002478884246
33027798266
1005002273279986
32813697861
32689497888
4001141728005
32659168509
1005001452437143
1005001804774698
4000747685016
33013071742
1005002325224484
1005002267874718
1005002402703764
32961614310
1005002179832341
32888795097
4001151103038
1005002287029427
4000415601368
1005002227993007
1005001441268863
4001149375330
4000928331052
1005002128668158
32399180455
1005002089074924
32796463585
4000505512617
4001113332409
4001027484150
1005002367541762
1005002336872452
1005002209112882
4000276732250
1005002314421004
33020086178
1005002481419059
1005002254101375
1005001695333837
4001120468236
1005002277544956
32843551885
4000358107270
4000682610279
4000393379836
1005001286899606
1005002375616090
1005002359129340
1005002167103835
1005002304456398
32824285532
1005002454435471
1005002320994838
1005002387536826
1005001743509932
4000923070627
1005001279301350
33000905969
1005002287615774
4001351271000
33064003264
32876038435
1005002413302336
33036803942
1005002286335374
1005002389661505
32810696041
4001148751640
1005002098928682
1005001515854706
4000544595940
1005001463287266
4000833297016
1005001386352488
1005002165021373
1005002134856361
1005001551950679
1005002086324370
4000715517324
32997415498
4000967143692
1005001657097135
1005001826310065
1005001670857525
1005002316066236
33060482552
1005002265398764
32868950108
1005002128797054
4001238149378
4000100235462
1005002284158718
32878209010
32818904947
4000960923091
4000823252954
4000943107269
1005002044025528
1005001483227253
1005002310948614
4001000761197
4000758735020
1005001958690770
1005001350685542
1005002439691931
1005002219443834
1005002333293441
33027816648
4000187446322
1005001966729340
1005002233416243
32886280390
1005001699389104
32856387601
1005001493826146
1005002423005448
1005001315189677
1005002046660155
4000033529629
1005002316695707
32661169728
1005001389730285
32829304011
1005002150140028
32963130612
1005002457724694
4000234766150
1005002277768373
4001237098388
1005002370573166
4001178423257
1005001370319702
1005002433969267
32913433111
32833383520
1005001602689582
4000197145740
32992117904
1005001369950547
4000918016983
1005002348635207
1005001581271048
4001210742185
1005002125090537
32998464981
1005001955198078
4001240711976
32977510538
1005002473640106
4000547920084
1005002367474690
32885126344
4000795519431
4000145131187
32975000169
32702580716
1005002278190213
4000093694787
1005002278899493
4001094106105
1005002439688060
32637498393
4000308805438
1005001728858046
1005002354430484
4001002332161
33055492772
33032640002
32386076326
1005001630979006
4001222554464
1005001401934267
1005001890001923
33001478491
4000194105364
1005001639398588
32823064372
1005002347000593
1005002455031139
32886368931
1005001575137720
1005002382399359
1005001940821316
4000857207415
32985712466
4001111343699
32407503172
32837019575
1005001738394420
1005002267561686
1005002297933245
4000058443748
1005002225998651
4000786398958
1005001567098526
1005001604372889
1005001854211638
4001223368685
32846449078
32380456222
1005002388357369
1005001639125195
1005001567065438
1005002312651664
4000459425491
1005002457070374
1005001418486912
33060422053
1005002367820056
1005002398895026
1005002241033362
1005002418014029
1005002314230697
32947052270
10050022775365891005001324595895
4000380061223
1005002234028207
32810148120
4000029915091
1005001995503613
4000272725683
1005001782320264
1005001609401970
1005002271734689
1005002206594051
32976398226
32834869174
1005002424875603
4000641685788
1005001638887192
32828364207
1005002427334134
1005001897726540
32694993711
1005001776007088
1005002382339199
32909928772
1005001525293927
4000919760596
4000771387103
4001246919711
33007631266
1005001894898076
4000922380239
1005001501543373
4000860504797
32843750928
1005002037436990
1005002278821353
1005002310403018
4000127378268
1005001424072795
1005002250678163
32831334967
33020635583
1005002328654578
4001050564462
4000341172560
1005002033007910
33000139787
4000767596895
4001340163881
1005002336957344
1005001590022328
32825219705
4001055649804
1005002017359807
1005002253586637
1005002211295830
4000917348597
33025458195
1005002095004189
32889430050
1005001442224628
1005002443620722
1005002167324752
32921404075
1005002427392071
1005002064323520
1005002418887837
1005001279420723
4000284898272
4000068101886
4001238711300
1005002194489825
1005002442916916
1005002367456805
1005002263132320
32920834964
32969227945
33044113683
1005002295389556
32956229788
1005002458858739
1005002435462342
32888447571
32809396572
4000583805752
1005002263451979
1005002434005677
4001230483815
1005002181284749
4001233928182
1005002316817751
32985669413
32665594551
4001262835105
1005002115104742
1005002434920020
4000177988779
1005001570354507
1005001981040230
4000072633678
1005002009465314
1005002482447280
1005002369329251
4000352739140
1005002252737285
1005001514830690
1005001457190797
32615595265
1005001941367457
32869828029
4000464526931
1005002313278644
32904803682
1005001666291310
1005002324278491
4000947397246
1005001465368169
32977150279
4000597303863
32693780454
1005001758262164
1005002298226158
33030943434
4000249585670
1005001593613485
32391105451
4000990931713
1005001672195109
33014140073
32994900280
1005001456208257
1005001996474976
1005002258416866
4000918096043
1005001593180347
1005001359774156
1005002191323395
1005001309309553
4001039105941
1005001500533552
1005002255293164
1005001485710681
1005002167505030
1005001466372096
4001100785471
32898368855
4001032146946
1005001927769511
4001165455854
33028628120
1005002238672262
1005001734987361
4000910065101
1536057198
1005002481351024
4000961831398
1005002337146824
1005002395918671
1005002220627294
32965129965
1005002351876498
4001138456663
1005001953781203
1005002292365358
1005001870225790
32949459011
1005001585749868
4000299470599
32958792651
1005001391750454
1005001937621753
1005002313968238
1005002305061388
1005002218241992
4000642528169
4000648648501
33043357185
4000863137307
1005002014318352
1005001796605990
1005002059504806
32995951012
1005002258129402
1005002399424074
1005001716049869
4000849936268
4000262479626
1005002309888963
1005001873248145
32847307957
32958716983
4000064352080
4000465918776
1005001978099542
1005002231981753
1000008332109
4000127607070
1005001769834317
4001351692529
1005001428825096
10000386095298
4000306440708
32547829251
4000141096904
32367544028
1005001962491840
1005002259467868
32947356033
1005002439784820
32281755070
4001251104321
4000982505237
1005002228340619
32910560654
1005002287612145
1005002467270142
32967700108
1005002357049349
1005002398925202
1005002186848762
1005002483864505
1005002260548848
1005001467519813
32964077183
33011617610
1005002395838543
32994981711
32784535248
1005001620189432
4001040631098
1005002284424075
4000184021910
4000704255868
1005001355979393
1005002297272098
33002536641
33008744527
32840875186
1005002392135148
1005002332959681
1005002364363574
32801263448
1005001934887595
33047775036
32959387050
1005002471034489
1005001594491148
33046792110
1005001855874331
32910810810
1005001380066934
1005002122424427
1005002310563282
4000282954795
1005002333228243
33015328238
1005001333475161
1005001608177779
4001278677116
10000352826058
33051115153
1005002255355235
1005001565256034
32964118921
1005002213037430
1005002488893629
32864161370
32797615793
1005002109904146
33027804850
32966139664
1005002218720382
32924168899
1005001844561296
32962457705
32844876943
32950597874
1005002239952987
4000069750995
1005002439999449
1005001931131665
32695486572
1005001270710516
1005001373454886
1005002205784707
32712215152
32946985996
1005002295929182
32939482999
1005002465798478
32873353018
4000537230849
4001225264455
1005001961499630
4001227470106
1005002226206210
4000885809052
1005002298914497
4001175628658
1005002499947672
4000348221716
4000159147606
1005002327729166
4001069483554
1005002283079489
1005001419137616
1005002339637455
4001100919163
4000966844518
33036933575
33005934760
1005002388392652
1005002487588728
32728274380
4000333820567
1005001446809621
4000379991506
32853128833
4000240537813
32919555940
4000971864023
1005002341142159
1005002443032910
32808616624
4000786208897
32865050575
1005001728163315
1005002388131341
1005001813172880
1005001348382146
33010512626
4001101318671
1005002400425356
32958252708
1005002267954492
4000739818909
1005001672482369
32850347434
4000943977216
1005001600331941
1005002277932614
32840815166
1005001849011757
4000780569117
33030258469
33027521942
32865407426
1005001677441129
1005002314268620
4000696068622
4000865757076
1005001770076087
1005001673057481
4000777980043
1005002034022001
1005002471680266
1005001626637781
32867552800
1005002315411693
1005001598579082
1005002305136647
33042394743
4000365038704
4001029749741
33000381397
1005001566529208
1005002401199371
4000220064787
1005001580511672
1005002270554981
4000309698374
33047816686
4000837883745
32970187849
32951872696
32891825716
4001351172009
1005002179840122
4000473059377
1005002402309261
1005002489325221
1005002345070934
1005002439902218
1005002341883269
1005002448596162
1005002038848227
1005002427218232
1005002421548107
4000723385434
32786689203
1005001790106216
32843147044
1005002381731123
1005001408393154
1005002239659163
1005001906058201
1005002382498398
32945881474
1005001631914547
1005002207903869
32621385530
1005002198529815
4000297328279
33043147552
1005001770239047
1005001721593589
1005002426819380
1005002093589847
4001339752869
1005002378530765
1005001620548736
1005002302352766
4000552667619
1005001952923366
1005002289837799
4001163349620
1005002359639730
1005002295371316
4000348150432
1005002458834343
1005001285215205
1005002260985151
32828183678
32840005396
4000639954729
4000863416276
1005002124665896
1005002394330119
32976448935
1005002101156736
33041980122
4000918194997
4000834179331
1005002419990208
1005002351928973
1005002341371609
32953384000
33033908339
1005001928194249
32859537543
1005001651490724
4000112374020
1005001914011073
33004650195
1005002468507338
1005002352307802
33058392652
1005001388341663
1005002386995356
4000492100206
1005002316610626
1005001567589690
1005002344196623
32810922052
1005001617573015
1005001992269081
1005001568518642
1005002496056642
1005002377247800
4000810249391
32874898903
1005001389111022
1005002400527843
4000280462142
1005002218023580
4001160739573
4000677613863
32896686928
1005002319084991
1005001348688321
1005001955185670
32859061995
32974942426
4000593760554
1005002256597413
1005002347305606
4000551988283
1005002314328892
32885031720
1005002248296377
32901820772
1005002363946780
1005002165837271
1005002008174200
33057495990
1005002346119677
1005001993472959
4001252773185
32966003731
1005001458552492
1005002305304497
32985716755
1005001724125711
1005001300044140
32950578126
32537895089
4001278958512
1005002314324609
1005002306712225
1005001702832567
1005001365719086
4000041993193
1005001795262795
4001228638512
1005002394803349
1005001996986614
1005002460965973
32972609354
1005002352064649
33015468502
1005001317007469
4000385964860
1005002363858616
1005001392082770
1005001429734998
32977259822
4000053663307
32954917566
1005002371896501
4000627704559
1005001383261506
32978955525
4000019522632
4001225253335
1005002281636548
32878865263
32659108153
1005002337211366
1005002311856389
32874792267
4000169299190
32877567952
1005002314861107
1005002459484544
1005002355735218
1005002125194882
1005001705556996
4000575423695
1005002428919222
32937753998
32868790466
1005001686133066
32809404815
32947126114
1005002329293957
32783502236
4000264818409
32912083344
1005001356917620
32918045125
1005002444142107
32770408707
1005002292188900
1005001426260316
32901831790
1005002381220589
33000571844
32338447881
1005001599834191
4000750616043
4000384346190
1005002376985641
32852852798
1005002018753659
1005002182178249
32817565678
4000699581231
1711491842
1005001802686975
4001250969218
1005001849944172
1005001459291246
1005002373164027
1005002482952804
32845829143
1005002381203762
1005001525406561
32888927725
32905050052
1005002394582770
32985900981
1005002176015879
1005002364456498
32838124999
1005002324366234
1005002453183392
1005002018776295
32967065878
32923469886
4000822672683
1005002232602460
4000986692869
1005001393831776
4001010676940
32810980578
1005002091349667
32946493368
1005001667034448
32434178189
4000093817831
1005002347994501
1005001754049318
32834740370
1005001955080961
32790817490
4001189657193
1005001633859261
1005002164803538
32896616907
32996067784
32583300832
1005001476488863
1005002148573832
1005002409629757
33007009313
1005002339915371
1005002292992903
1005002347997681
33045023621
4001267390212
4000393806224
4000357914117
1005001515102162
1005001808345378
1005002270642430
4001056992231
32795665192
32962025508
1005002434316693
1005002258619946
4001009269570
1005002286224433
32843904152
32986119888
1005001290618558
4000626144979
1005002375450209
32790244645
1005001437129762
1005001993886636
32811223781
1005002198132737
1005001334498384
1005001841978632
1005002362647060
1005001894514738
1005002330670804
4000382186017
1005001512732860
4001231487372
1005002150413887
1005002223697979
1005002405338619
1005002398492788
1005002252441256
1005002398323736
32811564063
1005002310945850
32891817819
1005002494109681
1005001334312344
1005002348196678
1005002262434259
1005001741695196
4000837543112
32898173913
4000865505075
1005002264886699
1005002232417498
1005002245653637
1005001551627615
4001091299641
1005002227889258
4001204502614
32850328213
1005002109731123
1005002178178062
4000741390098
4000148150411
1005001845665099
1005002371639960
1005002306747833
1977444354
1005002038812233
1005002180704521
4000910170359
1005002327066518
10000003735365
1005002389353250
4001275981544
1005002054584464
1005002191708456
1005001899436331
649488745
1005002458981826
1005001343337777
1005002295514531
32972941827
32818867604
1005001333205159
1005002180372520
4000555797278
1005002393687456
4000800133767
4000295927384
33026206332
32879766647
1005001354709481
32976147510
1005002259431451
1005001687981860
33047622569
4001272002720
1005002233306613
1005002416394186
1005002177358931
1005002170794598
1005002326697272
32872143304
32539790206
32915849120
32908903428
1005002314202699
1005001610130910
1956770376
4000208297264
32417014589
1005002266150502
32855839063
1005002477439968
4001241994057
32413680868
1005002394930934
4000176065253
1005001389088561
33001838641
1005001676985161
10000031962164
32821367187
32845604847
1005002352023927
4000566542399
4001282045672
32968137979
1005002466155673
4000365033958
1005002277685301
1005001859482672
1005001961078961
1005002334031543
33057273887
4000564547193
4001233844261
1005001975655404
4000903601773
1005002315539764
4001272806805
4000479533028
32863817732
33014968360
1005002314097341
1005002358422170
32769668926
1005002341331234
32912167738
1005001953439854
1005002318959695
32975804211
4000318457123
32977158471
1005002109692593
1005001289537399
4000990856170
32844971818
32662684596
1005002437605911
4000012528980
33022485699
1005001914354605
32891723938
32991471893
1005002206386969
32813235454
1005002336753006
1005002275868677
1005002375063000
4000224327002
4001238356316
1005002204858886
1005002094561372
4001091037882
32958746182
4000226477649
1005002240407809
4000842610752
1005002073436015
1005002381927486
1005002497503799
1005001494238168
32583042518
1005002305817443
33006208187
1005001693380838
4000317250908
4001358126884
32998746123
4000902721146
33004801800
1005002126320418
32970294140
1005001885356957
4001151093713
33032988987
1005001326117912
4001225137663
1005002311238713
4001037971539
32854030197
4001352370262
1005002330593484
1005001481476577
1005002191474484
32840190676
1005002437868721
32892969682
4001284380403
4000020864202
1005001525464152
1005002125558508
1005002377276059
1005002301933051
33048657382
4001332466906
32843514721
32890258070
33046480339
1005001938876102
1005002212920823
1005001941293196
4000466124385
1005002166347291
1005001627012465
1005002320987754
4000868211798
4001360289204
1005002311815432
32858162834
1005002281122545
32393210631
33057361876
1005001593039056
33014667393
1005001640861141
1005002482331723
1000004374090
1005001607914307
4000761882803
4001052997002
4000440404430
32860738946
1005002419425554
1005002019685665
1005002292722250
1005002166528529
1005002263406090
1005001929019322
1005001338229954
1005002375146383
4001009119580
1005002279340942
1005002268341025
1005002282624145
1005001992994798
1005002272377548
32865338956
1005002419689874
4000804641885
32406173483
32999587159
1005001510962888
1005002428088411
1005002278389861
1005001848670044
1005002345058105
4001278907236
4001013125002
4001095139692
1005002278920680
1005002129856331
4001214258451
1005002269997604
32880129532
1005002338093729
1738009541
1005002004748272
32836793190
1005002350873562
1005002388675642
4000987055242
32863117138
1005002389167276
1005001274485267
1005002312091916
4000444790922
32979330550
4000320251851
32958361438
1005001600454129
32836756923
1005001717546612
1005002129934406
4000802576668
32809672290
32294780005
32902867389
1005002234592732
1005002488239667
1005001853423235
33043960454
32748507364
1005002146532232
32890965634
1005001686248640
1005002343009080
1005001727470940
32848301045
32840738420
1005002318805685
32995494932
4001030978999
1005001682847583
1005002294172062
32700818231
32441097647
1005001997208962
32900734174
1005002049530698
1005002382883197
1005002210613036
1005002317524544
32964856065
1005001768274749
4001278954988
1005002264425938
1005002383174316
1005002312090642
1005002229927684
32774481513
32881735183
1005002301533180
1005001769156264
4001360770013
1005001482725164
4000440494957
1005002384799129
10000395901922
1005002108541859
1005002271221122
32987638600
32850312698
1005002363541472
4000346971981
1005002489294371
1005001805094769
1005002259374970
4001358563540
1005002239338542
4001158976475
32919264202
4000674166343
1005002217493173
1005001896224942
33003863589
4000274866297
1005001923351407
1005001620763902
4001096025952
1005001483697915
1005001698161369
1005002130976314
32887237399
32749468842
1005001851853382
33035877259
1005001271330793
4000367316823
33046364509
1897270844
1005001345329903
1005001274465335
1005001926427618
4000900523101
4000793814327
1005001726219732
1005002440699669
1005001414109301
4001082815909
1005001720425999
1005002384601144
4000288064282
3283206434433043076899
4001010851284
4000699642007
32970945417
4001366611568
32745597109
32748189468
1005001599146654
1005001679190179
32790148370
1005001580704412
1005001994505025
1005002305978717
1005002077278233
4000570915778
1005002213054284
32909068755
1005002176418842
1005002294492575
10000404124498
4001160238849
32889702621
1005001865815889
4000067670782
1005002205609069
4000546619377
1005002037039539
1005002212983572
4000902234578
1005001854220306
4000057880875
1005001910022821
1005001832289635
1005001304804152
32608727147
32813274889
32769252465
32885159905
4000805144522
1005002390406445
1005001689621753
1005002264804557
32849539075
4001235584215
1005002434975433
1005001621143676
4001356213546
1005002292757701
33035209908
1005001779825828
32835105323
1005001473855146
1005002085287751
1005001588808536
1005001705375843
1005002333331955
1005002449360990
4001261309942
32338577736
4001263551468
1005002248669252
4000133528633
32354814680
1005001579456308
1005001475398739
1005001708839042
32962924112
4000169208218
4001226150630
4000691610591
1005002254487224
32886666807
32964130629
1005001421332244
1005001429642423
4001155779342
1005001633307407
32791388899
1005002465410386
1005001375362992
32859523601
33014722961
32782785091
32815775739
1005002019236276
1005002344113377
4000248328022
1005001678352275
1005002128712172
32842716534
1005002485239763
1005002401227847
4000424049218
4000402949327
1005002475466126
1005002483777828
1005002492257168
1005001793038527
1005001675401337
1005001775027596
1005002314406975
1005001596597512
1005001869567546
1005001397854241
4001106680707
1005001536683887
4001070730900
1005002292761843
4000930793459
32853417725
1005002314321277
4000651016694
1005002396406382
1005002350882003
1005001775452572
32642537709
1005002036083183
32908397753
1005002396533521
4001228617659
32770785120
1005002313098403
1005001878194270
1005002256083387
10000089184282
1005002464882484
32515826383
1005001302145579
1005001474965548
4000388099297
1005001511746545
1005001529937186
1005002066190482
4000292092810
1005001979941798
1005002243356042
1005002475159794
4001007481374
1005001488332539
1005002052440890
1005002453716789
32759866444
4000445524941
4000780863643
32856537166
1005001693240680
1005001552604453
1005001321355882
1005002381556368
4000074169687
33059040307
1005002306960868
1005002201333022
1005002314744624
4001135899146
32911904921
1005001369983687
1005001857201166
1005001882108283
32727362272
32949929825
32962377917
1005002388837667
32900718458
1005002146134454
1005002265201569
33025168652
1005002353062598
1005001885637179
1005002379347232
1005001501580209
33056183951
1005002341385309
4001248158164
1005001845042701
1005002239406993
4001201192157
1005001812961550
1005001980963377
2045628696
1005002481135841
32904451067
32703900160
4000527925325
4001294243633
1005001626340678
32776905195
32885622460
32902680450
4000986973859
1005002398063395
1005002137175608
1005002240213371
4000378843158
32890775477
32971443284
4000336252345
32830196459
4001178536220
1005002340551441
32357308380
1005001316446452
32695513083
1005002211597591
1005001643872733
4001120062321
1005002435359013
4000045134959
4000176331022
1005002247862244
4000116040264
1005002339559936
1005002255025010
4001365369719
1005002431851794
4001271761820
4000144350036
4000989785786
32789259010
32991359696
1005002305394525
4000817776307
1005001742139862
1005001961139737
1000006779067
1005002388411198
4001204225993
33001770755
32843201844
1005002273202066
1005002211230572
1005001511663069
4001205075097
32892669164
1005001890376609
4001288565982
4001224130752
32573272929
4000315520674
1005002281791780
1005001750085473
4000744769885
1005001529852043
1005002264589519
1005002259596304
1492660663
1005002317427024
1005002399805973
1005001840534745
4001272029583
32979201216
1005002141004344
4000986118919
32872587635
1005002293832938
10000021753409
32537756048
4000905699337
1005001592911243
1005002311600999
32847938567
1005002262057034
4001294014845
1005001445848037
1005001453641186
32675207573
32795880271
4000241190751
4000849890354
1005001503048279
32861459129
10000415484984
32592780297
1005002317257244
32993497771
32961387351
32947555511
1005002048258710
33007206456
33008710673
1005001961102559
1005002256094858
1005002281593644
1005002342570846
1005002318380640
4001289135391
4001201991779
4000220777517
4001283031403
1005002263621358
32954858131
32676853424
1005001468375463
10000004151347
1005001973377016
33046926750
1005002375046606
32975323743
1005002350326508
1005002255002863
4000642618001
1005002291226046
32860359512
1005002417986186
1881988531
1005002090503365
32905425057
1005001279974470
32377977306
32710415170
1005001560943811
4001044539807
32964468712
32955661504
1738039019
4001250914579
32608555489
1005002377155782
1005002351853062
1005001817916632
32794362821
1005002318256541
1005002357722338
32960595865
4001278849968
1005002384168577
33055532091
4000466059358
1005002322692364
32857398650
4000281452128
4000106179323
765372065
33050616526
4001161451137
4001017075765
1005002278388456
1005001972146788
4001273023140
32977799623
1005001670365264
1005002205988927
1005001502547435
32909277601
1005002286620560
1005002397727349
32664180549
32572366014
32882534758
4000926782701
32770055311
4000722644424
1005001941036531
4000546498951
1005002265823163
32909441922
1005001623441308
4000764704294
32947945803
32577179960
1005002362374066
1005002292473242
1005002304679902
4001172105963
4000039051883
1005001877444934
4001063658706
1005002491730737
1005001670824522
32969005233
1005002309869769
4000739192526
1005001406088662
1005001768401961
32894567237
32822496787
32367886647
1005001381105579
10000401501582
1005002314339046
1005002128677279
1005001380968377
1005002129546662
1005002198154950
1005001355420134
1005001399581230
4001019393856
1005002003159063
1005001953967502
1005001770122443
1005001895567343
1005001623008056
1005002423857635
1005002496374088
4000434670295
32971887721
1005002275586077
1005002314305448
1005001555134334
1005002485266771
1005001326680551
1005002032733415
1005002377409042
1005001388773502
1005002250390197
1005002235736745
1005002393258720
1005002396584472
4000189790900
4001363758702
1000007838364
4000335582258
1005001382339777
1005002354373537
32902016871
1005002242635301
32512996813
4001147291886
33034877454
1005002326741265
1005002061544495
1005001576469428
1005001588179333
32956878717
1005001303744418
1005002315005395
4000801630787
4001138362571
1005002143810102
33007206464
