4000210838676
1005001281851704
1005002293860060
1005002359797904
32813167371
1005002345966876
1005002001039682
4000370802867
1005001636223791
4000850637609
1005001617131144
1005002326656486
32300175819
1005002254462190
32961825627
1005001588394021
1005002238853364
1005001488874341
1005002063888493
1005001791958156
1005001688128095
1005002485923137
32950925334
1005001652271981
32877116321
1663021125
1005001389334447
1005001621750021
1005002314503028
33002032349
1005002316325757
1005001955152008
4000451404416
1005002272198859
32921450272
32946966872
1005002371466719
4001260884297
4000022639371
33007647972
1005001637501135
1005001494897031
32833108045
33053076868
32963833736
1005002346680065
1005001607526104
1005002240462735
4000998949586
1005002314283829
1005001758860597
1005002275808647
4000741143693
1005002456980132
1005001381827572
4001104178376
1005002452439551
1005001896162171
32722977259
4001169911979
4001280357124
1005001657892442
4000393132472
1005001645012849
32830390657
32974412447
4000373402121
1005002335827970
1005001780219356
4000641992123
32892406329
1005002271340870
1005002371611651
1005002481595252
4001138933418
32636172584
32992198198
1005002091341611
1005001464426106
32583048460
32839581859
1005001309319185
1005001972354044
1005001452039431
4001233739688
4000718789990
1005002230251785
32888877388
1005002458358504
32955440218
4001189153655
1005001289755380
1005001442208876
32961316558
1005002400001450
1005001957471529
4001307712184
1005002276028324
32900509054
1005002467863807
32708076381
4000080858766
32970835321
1005002064662015
4000747612921
1005001698303781
4000576187043
1005002256369936
1005001604215701
32212198734
33016551062
1005002311694255
4001043620848
1005002336268262
1005001894227757
1005001899218467
32989953303
32968473002
1005001551539159
32690725363
1005002276548178
4000448702475
2007973977
1005001923326358
32869808342
1005002137183550
4000540944189
32854454161
1005001383310016
1005002192760057
32909332682
1005001608831348
4000731126221
32829642690
4001042009985
4001066848904
4000850574021
1005001466809049
4001029508635
1005002261458940
4001210992778
33013331637
32302312936
1005002406727960
4001055105371
32947075817
10000404596173
1005002383281027
33026318470
1477476257
1005002395218398
1005002238764802
4000780926082
4000167101945
4000178654994
4001243810486
32967081518
4000583311307
32700929249
4000207371959
4001060052091
32902015699
4000287641608
1005002271854819
32856432837
33004990006
32949731614
33004258557
32949409563
1005001470374671
1005001701063182
32914212031
33002404122
1005002318135911
668794881
1005002332446731
1005002173389419
33057787838
1005001540544768
4001212866548
1005002276005283
32837204363
4001218110579
4001262491537
4000471916203
1005002098862653
1005002436021533
1005002266250591
32821812377
4000657111134
4000192770585
1005001862842229
32998650566
32813732393
1005001877409076
32836849664
1005001831276938
4000843009338
1005002346838937
4000842639673
1005001939763618
1005002044484985
4000237617886
4001141871654
4000993662674
1005002375487004
1005002304052493
1005001424987357
1005002483963869
4001042382907
1005001618105594
32891143401
1005002341339416
1005001593285748
1005002345722301
4001018972280
32542815917
32962141276
1005002124790920
4000990830473
4000957842735
32461725755
4001066275631
1005001803536604
1005001587677587
4000789733299
32856933783
4000262001714
32366263949
4001195561144
32917801671
1005001724370939
1005002371352943
32721112863
4000742840375
4000239087658
32819717351
4000535103700
1005002467450961
1005001300059787
1005002211470739
1005001491476414
1005002469117071
1005001928664409
4000382540694
33057702985
10000395923160
1005002327352199
32821409461
32960031020
1005002337542563
1005002213400648
32950547455
32975495594
4000109409597
1005001908435066
1005002387703627
1005002485129262
1005002399557615
1005002245377760
32853279166
1005002193156332
1336430960
1005001895107503
4000272301886
1005001703589270
1005002324535324
4001280646250
1005002122420298
32982266446
1005002367989888
33031324405
1005001441578234
1005002081216611
1005002023716249
32832704439
1005002461784093
4000100917002
1005002325240687
32904811854
4001287083245
32999629816
1005002460092905
32791439522
4000306433955
33040577974
1005002427246956
1005001466756106
32982531698
4000828138642
1005002435518792
32562154215
1005001789463002
1005001315324939
1005002268959083
4001351939457
1005002324762961
1005002412678295
10000423747310
1000005572148
1005001727144313
1005001591745090
32817028911
32958563239
4001317935327
1005002389565770
32820221120
4000756823084
4001243363314
1005002351252485
32967284374
1005002376569408
4001001192884
2054463147
1005001997201779
32974534325
1005001493215450
4000389845092
32981834193
1005001600505303
1000008307244
4000398778450
1005001803593366
32952855801
1005001651431454
1005002264644520
4000808094458
1005002336274769
1005002459489100
32966647913
32857244677
4000434181270
32696437764
1005002131078362
32815384710
1005002300826297
1005002280627309
32850936757
32968375139
1005002492720121
1005002252295795
4001315577844
4001314619409
33000763093
1005001843146234
1005002381914584
32815162014
1005002290194233
1005002265712941
1005002035460563
4001271893859
4000059402402
1005001494541535
32891571375
32867143219
1005002387578817
33050847506
33008583594
1005002167872225
1005002483901888
32820471486
1005002196196353
1005001463820585
1005002399580344
4000960122659
1005002207585380
4000335955382
4001344704767
33027812633
32827218901
4000582740129
1005001894721052
1005002394772020
1005002372164869
4001341827235
1005001927748702
4000203795307
1005002468550504
32933010697
1005001940628336
1005001645759400
32845913867
1005001953558936
32911560160
32892078422
4001225105945
33001621978
1005001953899557
32879364013
1005002084450625
33001714732
4001086610809
1872935200
1005002363176994
32967325286
1005001373408387
1005002263253126
4001102806900
32864413906
4000341082789
32746469485
4000429064813
4000883938869
1005002292348126
32988448250
1005001418662745
33047911371
4001186117830
1005001679402460
1005002482717156
33054103726
4000053899414
32812238350
4001101271440
4000881297729
1005002398794803
1005002300051745
4001259694942
32981879068
4001173205912
33003252948
1005001855154459
32958644376
1005001844839865
4000449152353
32826917089
1005001890771758
32749615155
1005002386694834
1005001334577748
1005002198816326
1005002300842818
1005002228402088
1005002347265604
1005002300351937
1005001793102083
1005002319067771
1005002389457748
10000325230509
1005002260360856
1005001774972357
1005001525993967
1005002265215711
4000516365346
4001270430531
33039954488
1005002369020146
1005002381795218
32965089125
4000076325922
4000668472608
1005002312758134
32920217016
1005001651914337
32894415881
4001359782254
32868318606
1005002091801726
32970197001
32883834619
1005002340156114
1005002412393854
1005002054850761
4000352111751
33031016910
4001192952135
1005002129895430
1005002224174894
4001322435134
4000216821618
1005001744590344
32833703051
32970958688
10000395876876
1005002293741332
4000735783551
1005002214967200
1005002023096120
32870070853
1005001984844743
4001270795628
32700192263
32497486321
32915085328
32851167329
1005002436101317
1005002112295067
4000054033935
4000313677090
33005529290
1005002335203339
32840752352
32987374294
32860630508
1005001718648924
1005001425862651
4000778497990
1005002294655957
1005002402333302
33050638242
32997167320
4000286666840
32946218749
4001111798964
4000016477472
32844971169
4000545881291
1005002361615037
33045400972
33005991162
4000529997257
1005002314633098
32767656269
1005001927684258
1005002298994098
32975544400
1005001452114298
32719647557
1005001307541768
1005002446898776
1005002119528751
1005001586372694
1005002288984856
4001048896191
32908996862
1005002341344134
1005002385719175
4000082651327
32856710215
32564822861
32834062504
32859336029
4000987333789
1005002275723439
1005001296055708
32978897083
1005001344715859
4000533481821
4000185400781
4000683739667
4000058924189
4001192662140
1005002446340553
1005002314364539
1005002326714285
1005002415855783
32743887045
1005002314449503
4001211541546
1005002459741542
1005002317082883
33031867162
32801244046
4001243851053
32896780754
4000850950624
1005002253990680
4001166764431
1005002278167356
32268138138
1005002245349582
1005001632854562
1005002348662042
1005002457552858
10050019662767871005002277095501
4000956874304
1005002494219774
32995338023
32977410035
1005002333694501
1005002425796581
1005001700677377
32288932088
32996518991
33037306886
32856633172
33039804058
4000938130397
1005002333362759
1005002219061371
1005002473601197
4001091213953
4000375836691
1005002297108242
32915029584
1005002246789367
4000489394553
4001153743879
4001274946677
1005002460887146
4001275683524
4000426898855
1005002408417836
1005002307678530
1005001974929493
1005002089329719
32982217296
1005001579975393
1005001458115294
1005002306754618
1005001570722892
32835203352
4000886387601
33009329260
4000989953046
1005002303993681
1005001775696423
1005001702895824
1005002116830577
1005002090728280
1005002023488765
1005002323463277
1005001823952693
4001014442405
32408863112
32807715915
4001090181677
32438469844
4000960425686
1005002303703179
32984671891
1005001882320615
1005001672874069
1005001565822843
4000475317485
32999971952
33041975525
4001034518551
32645309895
1005002313920694
4000340237335
32920005227
1005002284753916
4001038982344
4000545936079
1005001616779963
32814318232
4000691038078
33035244277
4000031395345
1005002139047688
1005002177717053
4000906303435
32852767981
1005002301430553
4000786063845
1005002287145403
32702493930
1005002342776259
1005002027597376
1005001857014648
4001351453989
1005002465653281
1005001965225013
33047711237
4000384894975
1005002264765546
1005001333331951
4000346552629
1005002206985019
4001275530168
1005001317497221
1005001413519422
32732747050
32883494637
32970906299
33055405869
1005002292194572
1005001343547297
1005001894113421
1005001797977385
1005001786109510
4001206123738
32814836038
1005002467758270
32837119304
4001145278861
32876352003
1005001868653001
1005002298694243
1005001681787936
1005002121195248
1005001518622700
4001117615968
1005002363211491
4000497043942
1005002306117946
33007976011
1005002398832568
1005002240405736
20000004115035
1005001398762426
1005002358012995
2054473904
1005001659941063
4000625411838
32962110772
32977630690
1005001308111248
1005001627268811
4001124490271
4001211609195
1005002322661519
32997674180
32803431443
4001162761041
4000025943756
4000029200166
1005002167725715
4001178631115
1005001910493724
32756878638
1005002459706247
4000850496793
32396958152
1005001698349629
4000371028977
1005001853116418
4000298937020
1005001742475320
1005001593119832
1005001962010152
10000403965813
32975827751
1005001775653411
33058492703
32951408759
1005002186930357
4001314913292
1005002412153501
33019064882
32819381313
4000747078887
4001080673064
1005002124237822
1005002297069827
1005001437817203
4000439766441
33028061096
4001280421033
1005002363810829
1005002249336637
32952845931
1005002400813370
1005002430489970
4001041670990
1005002281207530
1005001935398486
1005002408417561
32820825853
1005002347529016
1005002282196593
4001232164598
1005001315335109
1005001625985218
4000217518573
1005001397084836
32977026424
4000926156399
1005002175504902
32854062262
1005001907103322
1005001555254322
1005001435222362
4000377264867
4001326903405
1005001868842708
1005001987882218
629665719
4000836687377
32608095152
4000828789792
1005002254180849
1005002400158166
33025054053
1005002390582178
32891050471
1005001441448451
1005002330491706
4000402864467
4001082799745
1005002086140960
4000335542756
1005002305888379
33021905675
32971561508
1005002399421126
32979987245
4000463543441
33001212990
1005001291127954
1005002341259106
734738661
32441139650
1005002428916031
1005002443746037
1005002301568151
32896750107
33035918649
1005002482444536
1005001599069302
4000405881047
1005002269423183
4001185223623
4000248499028
1005002208014102
4001284324023
4000966440806
4001327507665
1005001997724392
32841597549
1005001287822495
1005002450926365
4001112701958
4001250020605
4001009534276
33032097520
32962466136
1005002401642457
4001365508397
1005002132902006
1005002439217175
1005001570230821
1005002301466381
32962505328
1005002212572701
1005001989694730
33020465614
4001365544174
4001223856190
1005002411627014
10000056942000
1005002167346051
4000661027158
4001278888542
32992663242
32320430317
1005002421383885
33034763886
1005001587607033
32993114540
32854336876
4001339036339
1005002431767137
32463237107
33006652832
4001339443841
1005001526559372
32823646766
4001309193054
1005001843336410
1743739358
1005001523628533
1005001356036241
1005002247646491
1005002465149104
32939332658
4001360048547
1005001479000552
4001261526306
4000927740197
1005001656558907
1005002462589317
4000725214855
1005002351316266
1005001548827500
32826838264
1005002310994870
32888475937
1005001794412189
32951038779
4000682914396
32970451438
1005001871956483
1005001864143429
32842627984
33031427725
32984131071
32965711317
1005001734171793
32796107072
32972830089
4000456511066
32843690950
32949694059
1005001843606156
4000106396522
1005001547673886
1005002304353970
1005001593169523
1005002484142277
32805633908
1005002339116942
4000756969093
32985583999
1005002259336160
4001285253477
1005001356153214
1005001983484695
32913413374
4000641390443
4000594796324
4000465988971
4001146919039
1005002388294857
32286818546
32829843981
4001333738819
4000086676740
4000306509721
32992691761
4000398169918
33017248264
1005002435567333
32489199730
1005001795798246
33010197103
1005002400799545
32974629036
4000186274055
4000409860299
1005002253920912
1005001575493269
32882065956
32881490711
1005002431087649
4000101122211
33007074524
32949963472
1005001287095351
1005001670752836
32892225011
4000936358395
4001142101144
1005002327752467
33028508973
1005002239037082
33023592443
1005002325075325
4000706291109
32950807475
1005002423757508
1005002224504032
1005002215424689
32810310717
1005002266970416
32823000119
1005002378138442
4000842329071
1005002297524097
33045841314
1005002072391017
4000498436752
4001297949712
1005002284381980
1005002357737919
32998879325
32842844486
1005002309212045
1005001929328332
4000735211565
1005002480266087
32286746154
1005002495336635
32843108028
1005001308121068
1005002387125021
32756415251
1005001773710335
1005001357715149
4001094896406
32809408102
1005002319420339
32918496216
1005001725905048
1005002072165862
1005002364884954
1005002252570279
1005002314423006
4000465916454
4000981697439
1005002500310457
32907411468
1005002270217591
1005002318347820
32901572014
32849511118
4000038622302
4001223061531
1005001327542959
1005001939191611
1005001525182015
32887382709
1005002404690479
1005001983529841
1005001655168436
1005002307612415
32713275425
4001298056383
1005002056300316
1005002324723194
32891679906
4000211175430
32890782795
4001069270678
1005002271489026
4000972790355
32578089104
1005002434502274
32980124134
32436661868
33002922487
1005002098707790
1005001713365966
1005002375879218
1005001297570496
32796867056
4001115230771
32969607805
1005002364391877
1005002042985653
1005002347222062
4000348554954
1005002454016453
32782077729
33030257597
1005001678282053
4000663460976
1005002383989783
1005002359511027
1005001361682219
1005002333933309
1005001670756737
33048998030
32808917853
4000522069396
1005002416693301
32411945415
32967537755
1005002416854084
4000265604885
4001192951981
1005001360932822
1005002346780090
32943305248
1005001914263981
4000011883899
1005002453743072
4001285911158
4001251923188
32567767998
1005001722177361
1005001402173984
1005001595801747
32821244756
1005001784836495
4001310362867
4000689384424
1005002224451961
1005001946925070
1005002255806934
1005002289559350
1005001297780225
1005002389005805
1005001910198155
33049070633
1005002298222002
1005002382506409
33005260149
4000604269398
32992943067
4000027777105
1005001652922760
1005002246829163
4000850134859
4001238518524
32952427773
4000278963031
1005001591080253
1005002447856980
4001220304539
4000756056369
1005001518310556
32571316313
1005001780938886
4000903720540
1005001584909934
4001110374475
32391408103
1005002398250143
1005002352764598
1005001376190063
1005002324322769
4000986779959
32955689889
1005002248710883
32969303264
1005001487084779
1005002028740186
1005001355249571
32861748179
1005002013146178
4000977837924
4000600435583
1005002228030035
1005002453739642
4001016953459
4000405581579
32986615662
1005002467587505
32807480189
1005002133671743
1005002336116071
1005001374339445
33010669728
1005002280663342
1005002284386866
1005001609653198
1005001469483775
4000826753236
4000248225256
4000402489467
1005002425617036
1005001774536660
33007442758
1005001381247373
1005001619836404
32814805991
1005001312699485
4000681453615
4001054156839
4000981765487
4000061922648
32972522972
4000666125261
1005001645193577
32855170331
4000910274932
4001142459720
1005001303174498
32976883197
1005001792831938
1005001585479208
4001136059293
32822191012
4001283258474
1005002052537227
1005002265628265
4001034856116
1005001742581907
33038907238
32845257013
1005002256584771
791500064
4000960496085
1005002335394373
4000624011943
1005002266013492
1005002351046950
4000174040606
32965639514
1005002348451607
1005001504201673
1005001990441438
4000314952410
1005001818218207
1005002072596797
1005001632820626
4001277544426
1005002440621517
1005001915982282
10000358927533
10000410086958
1005001889834846
1005002305138123
32993336052
32746239817
1005001670939192
1005002116882340
32831368215
1005001930867945
4000270402415
1005002117576876
4000313379179
32789393459
32982809162
1005002488091511
1005002038335912
1005002317693067
1005001972611721
32988969490
1005002198201642
1005001853873348
32827854811
1005002434644612
32962995561
1005002357957546
4000804195743
32841611969
1005002438159662
4001229427294
33020819426
4000066638067
1005001299454049
32818571424
1005002370677607
1005002040392132
4000335602084
32759143418
1005001541786149
1005002431155999
32375634247
1005001998293755
32484056843
32849734033
33011062632
32924798757
32601233969
4001356562764
10000386056349
1005001710471178
4001203562020
1005002310708997
4001028540228
32439836283
4001027994584
32899735348
4001093609833
33002976673
1005001915085133
33037797906
1005002218535610
1005001284586167
1005001682729338
1005002289014535
4001153648241
4000516811962
1005002298629237
1005002122429311
1005002254599461
4000272238058
1005002357244587
32981080275
4000484237388
1005002326554417
32587982154
4001156830425
1005001862712762
1005002240288824
1005002213458753
1005002276308602
1005001793906802
4001094065444
1005002012043792
1841393591
32970892199
33038944232
4000098084329
32672840410
1005001790073125
834522539
4000816791683
4000925996586
32788124434
32848150272
1005002390516636
1005002292961168
4001148810807
32999745865
1005001604214326
1005002307685890
1005001896043608
4000021357256
1005001770676640
4000202633709
4000028880160
4000868752562
1005001355187116
4000174209606
4000278335426
32923778800
32436252743
4000207249836
1005001424379541
1005001849318659
1005002218460539
32869834673
4001183300346
1005001850211815
32821432858
33012926166
1005001608197685
32885645943
4001216818516
33025715865
32826873701
32817492672
1005001526808181
1005002459353155
4001320660560
4001366356422
32597309489
1005002395189004
1005001770747242
1005002240329154
4000399186260
1005001505171637
32813550077
1005002167873546
4001080529915
33031843939
32805531848
33018467738
1005001456716827
32222022572
4001123653275
32806666958
1005001325801915
1005001296221114
4001095188342
1005002413695074
1005002083623095
33040263915
1005002033611586
1005002277837240
1005002356108021
4000310294913
1005002490329923
4000038753646
1005002317933990
32563806719
1005002432138888
1005001406111919
1005002432071002
1005002399605523
1005002132490815
1005002028825174
33047926649
33000881015
1005002300110215
33012601864
33030199405
1005001438579871
32834615293
1005002467600277
1005001470278395
10000305659743
32867638397
1005002203859991
1005001780795126
1005001886082261
4001230972036
4000174423100
1005002315537791
1945021286
32813930275
1005001785957233
1005001704451485
1875585191
1005002134349175
32837901147
1005002189642930
32923592896
1005001798119176
1005001694853192
4000452804746
32909469785
1005002278454983
1005002277716290
1005001605585894
32842496123
1005002204690760
33046243006
32986547429
32987809442
4001013462259
1005002301452006
1005001885109660
1005002276374209
1005001830941699
4000086394540
32963462905
4001338721152
1005002490447686
4001219973616
1005001371759027
4000337751928
1871869008
33006276653
1005002435106624
4001190522995
1005002395441634
32967265368
4001337848987
4001304611362
1005001592061870
4000116680173
1005002469284188
32662808931
32877095893
1320739852
32671809319
1005002273811611
1005002346293206
32943537231
1005002467510890
4000181730716
1005002361571158
4000466215345
1005001758844689
1005001883200211
4001237055031
1005002023232517
1005001509234971
1005001623084747
33020768246
1005001628037740
1005002246418872
4001104298168
1005001354111116
1005002293071540
1005001725933682
4000101947299
1005001384235245
4000219334042
1005001437664693
4000990998268
4000196193790
32883088381
1005001542741797
1005002298188661
32789334454
1005001695436832
1005002481191111
1005002321833253
4000231418455
1005001793075343
33037308190
1005002327394757
4000189943296
1447526316
32844470559
1005001612186927
1005002223299640
1005002318687962
1005002265546631
4001015406923
4001217480183
1005001419161377
4000666007019
32702147885
1005002376726344
32848778896
1005001509648309
32848071497
4001061321346
1005002114241761
33042169885
32800393493
1005002292986309
32950368853
4000850499763
32904706691
32814938806
32904864102
32946080986
1005002259374821
32856251392
32865585941
1005002311829571
1000001340608
1005001859779326
32858098536
32794342045
33043518545
4001199266794
1005001877850304
32939766024
32880666148
4000260936587
4001330528249
1005002448414247
4000931950955
1005002329978381
1005001594737217
32839698230
4000328704154
1005001590464727
1005001856054416
4000346016798
1005002315603035
32813885313
1005001525473165
4001276839792
1005002319132175
33026726422
1005002288818567
4000048372000
1005001621558579
32826949400
32859083238
1005002314363130
1005002309539131
4000296480384
1005001722836149
1005001657914017
33007519523
32821539559
1005002381680372
32881726741
1005001506002261
1005002265362338
4000395847514
1005002425728662
4001318068472
1005001592249380
1005002429657642
1005001566697067
4001220499611
32251194497
4000434584254
33047090568
1005001501630430
1005001493441395
567603554
4000086360275
1005002304177366
32648324628
33021011361
4001162374830
1005002204820837
1005002344342882
1005002134010757
1005002488560283
1005002327349076
32600714764
4000277175585
32861181631
4001119838666
4000857413930
32840031477
1005001939959487
1005002411909565
1005002007334125
32763927660
4000859874608
4000238457568
32970239930
1005001602642039
4000528632709
1005001388469220
1005002246602922
4000315820924
1005001768616399
1005001625431256
1005002454213920
4001231902259
1005002346459725
33011467048
1005002383059965
1005002007384913
4000118714257
4001191606723
10050019147300801005002405386352
32856825562
32922236754
1005002487033407
32915584789
1005002289695064
2009479307
4001275161764
32917721687
1005002497383371
1005001388182955
1005002365204845
4000064722374
32922755875
4000975530362
1005002499271314
32957710064
1005001310486202
1005002351189491
4001146857173
1005002395333139
32930428502
1005002483396988
1005002030819837
32799193221
1005002003424709
4001163343971
1005001359084467
1005002330335772
1005002310875760
1005002094028832
32897780584
4000411982596
1005001635518688
4001053675344
32821456193
32975868776
33049105132
1005002031613837
4001085337435
1005002274090080
1005001545246076
32877077640
32917632017
1005001276083631
4001041055349
4001219491485
4000618814374
1005001344650509
4000792506943
1005002314472061
1005002352716715
32704377663
4001256332196
1005001958638796
32298335473
1005001706423685
32367381125
1005002314578089
1005002139828873
1005001644978117
1926702573
1005002443932473
32978788480
4000427015143
32800052467
32916413572
1005002329036944
1005002346654007
33030759382
1005001589828957
32580563680
1005002317297823
4001037219694
1005002490863991
4000342117717
1005002409931786
1005001552597167
32610896379
1005002340597144
1005002310461741
1005001305326541
1005001884638172
1005002334886074
1005002368202343
32867772510
1005001946119795
1005002406562054
4001221577129
1005001907723644
1005002345230472
1005002246497670
1005002432489956
1005001884570535
32901843510
33011444596
1005001475643826
32867039838
32675788728
4000079085795
4000657743902
4000885660192
999081684
1005002270658625
1005002394947574
4001093840556
1005002253236668
1005002333096201
1005002490091845
32976527727
1005002023394795
1005002028199923
32857923709
1005002246555376
32293018852
32342597201
32836393111
1005001530127528
1005002463086042
4000717471093
1005002378776454
1005002318891701
1005002199003594
4000042140821
4000516572062
4000903021223
1005001452316375
4001313609861
32921876861
32839225448
1005001667758516
4000319607495
1005001347948898
4000171774501
32983606249
32945317318
1005002167852272
1005002484250931
1005002234652714
1005002283834170
1005002117750430
1005002363310169
1005002064966438
1005002302141023
4000287366198
1005002336975073
4000709796765
32768456080
1005002365634783
4000836215068
4000607048194
1005002197235479
32907430150
1005001737982579
1005002484448516
4001286772903
1005001908733695
4000265338190
32868095573
1005001658773868
4001021959009
33003133191
1005002206541518
1005002176529999
4000199926952
1005002268139430
1005001548886377
1005001493173286
4001327190036
1005002254259681
32995823234
33040362097
4001104397877
10000305603150
4000943150516
4000277370201
4001229647339
1005002446528474
32882267750
1005002497139794
32849937815
1005001998005853
33005904107
1005002314422046
1005001813262759
1005001754321406
1005002475159249
32868910361
1005001667841164
33025028194
32830855797
1005002382501788
1005002337828181
1005002315212169
33045196544
4001071579518
1005001826064057
1005002433079717
1005001265195205
1005002312077017
4001123296092
1005002313200916
4000064234977
33011370222
1005002265140528
1005002293540435
1005001955053159
4000734739881
32996624382
32782079334
32805050258
1005002291261454
1005001483532078
32686953642
33004135551
1005001935642096
33027627435
1005002334965525
1005001528972759
32954477182
4001208630435
1005002488162778
32330365490
1005001597609532
32838211280
4000047695395
1005001617907891
33016687424
4000689027194
1005002060907264
4000523087217
4000831338511
1005002198284184
1005001349481261
1005001995726553
1005001453578037
33024468469
32836424619
1005001756184890
33025746195
4001240950822
32889090827
1005002300157792
1005001871075775
1005002347987136
32713530938
1005001894792196
32858504277
1005001506866162
32915613223
1005002272897258
1005002255766901
4000768086030
1005002438174237
1005001339060058
32903805377
32413090316
1005002294300375
4001221500410
33055664013
32828515789
1005001893673496
1005002264353155
1005002012546670
1005002235586461
1005002335490785
1005001430312547
1005001677740924
1005001921441408
1005001790872475
1005001897242412
1005002245293366
4001264147008
1697247368
4000920937189
32779792311
1005002354721552
32807589560
32947530064
32884380149
33023513866
32964520048
32831913223
4001001287076
1005001515797914
1005002425519138
4000300720590
4000042988719
4000245469873
1005002252894240
4001036598404
1005002375394048
4000532052215
32977623159
32949590520
1005002364171245
32919953769
4000175169118
32993039942
33002177164
1005001823654834
1005002264290613
1005002405771867
1005001693482874
1005001588135577
32916580821
4000177967389
4000918816143
32985459224
1005002330900221
1005002430695020
4000747948043
33007201811
1005002435151910
1005002238688210
4000808119021
1005002347659040
1005001686151294
1005002107844615
4000328280637
1005002023748869
4001023025931
4001143066444
1005001993297077
4001051823155
1005002285924501
1005002339662208
1005001761951762
4001232757677
4001275624351
1005002109886837
1005002356803863
1005002443494713
1005002281504502
1005002273261250
32901290103
1005002000310045
1005001337599221
32805330203
4000962524292
1005002206303903
32652470987
1005001322612088
1367813020
1005002238991908
4001115651716
4000066080007
1005002368584958
32988020993
1005001870766567
1005002483025123
1005002110742531
1005002310225817
1005001879879948
1000007697986
1005001368821786
4001121834756
32808605042
33044915260
32859346531
1005002427897195
1005002379106998
4000105354613
1005002474904424
4000959689400
1005002105040882
10000418315463
4000133065908
4001228553555
4000657155656
4001356849959
4000051414185
1005002420027440
32985923042
1005002276696793
1005002376611408
4000756306476
1005001901438391
32953431220
1005002466183642
32969924419
4000548929414
4001169840096
32965307214
4000340930284
1005001843236803
32905995025
1005002289155222
1005001792920832
32856933878
1005002360163360
1005002196666280
4000843565570
4000173782744
1005001923330816
1005002475132906
1005002351309595
4001146696646
1005002062908933
32926159650
1005002168884404
1005002310027213
4001175346064
1005002330004270
1005002475426323
1005002421309480
1005001713360230
1005002443175094
1005001683494764
32967675731
4001201245728
1005002065671123
32621768899
1005002316337617
1005001361334403
1005002398876643
1005002359105409
1000008038186
1005001329082620
4001019027728
1005002033679354
4000433994701
4001077955161
4001083382333
4000314556937
1005001705518788
1005002430602429
4000894304432
1005002297473527
32990517409
1005002337326607
1005001705617479
1005002358655725
1005002387861380
4001315782108
32942529655
10000120308280
4000182199246
32358482979
32892771252
32862902485
32819462749
1005002286555815
1005002314423889
1005002120213625
1005002378718375
1005002411777386
1005002394430537
33010285156
32993379680
32862627100
32628972258
1005001471981471
1994002373
1005001730753319
1005001616385618
1005002467210281
1005002276634561
4000195577575
1005002218805890
1005001620507479
1005001918841615
32990929533
32479371891
1005002314089295
4000335881212
1005001375196576
4000816497586
32952567815
4001228353143
1005002449819145
1005002333763742
4001287812254
1005002362488187
4000420260089
1005001465529776
1005001567836460
1005002252389296
1005002110661029
1005001895895547
4000007352141
1005001880259325
4000222453288
4000717512599
32897157353
1005002182099517
1005002355961028
1005001792114667
1005001997318873
4000175070251
1005002270516932
32980178509
4001015861325
32899680343
1005002305230562
1005002306548756
1005002022859293
1005001375445389
1005002330735160
32855327160
32947926212
1005002237851111
32835266278
4000611369802
1005002091061210
1005001889237232
33024129934
32670615832
1005001882232922
1005001795185309
32998049413
33000283851
4001321833720
1005002417810907
1005002424839599
4000990762666
32772235586
32979169098
32972551368
1005002307126621
32970148936
10000015842704
32692085412
1005002051987813
1005001907009353
33010787456
1005001446504964
1005002320784313
4000152265234
32997323702
1005002056722596
1005002177580544
1005001341279449
1005001915313254
1005001604756410
1005002299488995
4001080042340
1005002316918749
4001201464028
32787715553
1005001464908481
33009705770
33022728531
4001276317095
4001057183893
1005002288510463
32543846797
32710509510
4001113383075
32913189619
32976094915
33006147465
32931494402
4000017077466
4000203669855
1005001942821839
1005002288151180
32995202185
1005001457919583
1005002090638116
33009477653
33045548543
1005001317363039
1005001344568435
10000386034226
32944468944
32868380927
1005002413289428
4000449500175
4000703809686
1005001909038597
1005002334200945
1005002490433583
1005002424014306
4001013111779
4000447990519
33001406059
33011556098
1005001470100072
1005002341494112
4001327454918
1732872541
1005002495153185
1005002053179275
1005002259378917
32878767563
1005002295422295
4001081933850
1005002151772623
1005001901787535
1005002473951655
1005002082681359
32864333164
4001178262228
1005001789131854
33051187643
33031879016
33051656809
32955209349
1005002454284419
1005001515775888
4001221713195
1005001524141556
4000035619129
33013579022
1005001957213788
32964522851
4000096907913
1005001664921349
1005002292597988
1005001670998801
4001198550026
32967213925
32973528235
4001022497238
32904785262
32926366608
32700691970
32894526710
4000312125529
32932144977
32846932705
1005002353653279
4000917934196
1005002340988351
4001225129599
33013612265
32980044083
4001360092545
1005002314354165
1005002387742087
1005002341334496
32953828487
1005002399743316
1005001682312120
32954775486
32845686344
32964686915
1005002247823274
1005002264103951
1005001994482791
1005001802944154
32999688572
1005002314322951
32969893671
1005001325329219
32858916135
32978503970
1005002335000948
10000395855817
4000987497058
1005002165653261
33056569109
32847178039
32601992967
1005002369203352
1005002337060877
1005002118914132
32982832784
4000186811160
32831549406
1005002431728650
4001038972098
4001241700240
1005002129276897
1005002356305677
1005002372109858
32898106864
1005001726185097
4001127734944
1005001543611012
4001320638052
1005002253774727
32705927142
4000309980754
1005002278019484
32854730567
4000852837804
4001244541252
1005002284039181
32948466204
1005001735050674
4000351070734
32846200957
4000185390713
1005002443482588
33048048993
33033800619
4000336637837
1005002255415224
32963181610
1005002281895471
1005001287580188
1005001770766945
32896502527
32975714076
1005002371447854
1005002491234359
4001115373403
33055492848
1005002244428729
32918580112
1005002404090960
1005002153875245
4001306014104
32798956141
1005002447465817
4000479161376
32886601749
1005002438986959
1005002496187056
1005002357031798
1005002258257343
4001156374374
1005001397931978
1005002054784974
32998131290
1005001495594227
1005001882947971
4000145118256
4000656729917
4000305553485
1005002293624441
32677998247
4000624328797
1005002108672190
1005002338934945
1005002286384750
1005001551893913
1005001716059496
1005001648146909
4001321813172
32854390499
1005002277398256
1005001965471088
1005001997462539
32682884296
1005002124081942
32884994605
1005002283914802
1005002199590488
1005002255056389
1005002305229885
1005001559875633
1005001944351082
1005002306596786
4000735088302
4000906445441
1005002199293475
1005001464084173
32905903973
1498155281
32963324733
1005002346008301
4000695785125
1005001406919219
4000750753706
1005002446248250
1005002187138674
32872867846
33044875493
32985509563
4000033936757
33039612870
4000543515913
1005001863441139
4001115127158
1005002430941493
32778580220
4000001237920
32850360286
1005001424675204
1005002205605951
1005001350886865
32907880132
4000436483149
1005001782452415
1005001326565471
1005002027131762
4000986746035
1005002272305695
32827286868
1005002314571353
4001280187804
32893619003
1005002083900092
4001295388598
33051858674
33056465789
1005001704385051
10000012902383
1005001511146820
32727437314
4001039296128
1005001745290101
4000311181182
1005002004395549
4000696204744
32814067646
1005001393269149
1005001456332057
1005001652191973
32390426930
4001217695063
1005002241532853
4000472898115
4001030905176
33005307181
33055156441
1005002229852891
4001280364767
1005001326074323
1005001429712765
32892901096
2019277723
4000362745320
1005002368365643
4000705984873
1005002277423634
1005001639195797
4000178600490
1005001863021101
32721822776
32847224785
33042870606
1005002053830745
1005001602986843
1005001568426025
1005001681896175
1005002273763118
1005002342604280
32985601203
32825418563
1005002467015401
1005001804018042
1005002316782839
4001292680742
32976405117
4000954925951
1005002489666028
1847806862
1005001560056859
32841646398
1005002486565135
4001069068806
1005001891571073
4000322097151
1005002400168337
32860972103
1005001638981766
1005001515376178
1005002173587081
33014314970
1005002287362030
1005001333858123
4000903085546
32835654560
32963315475
4000837449693
1005002068125049
1005002448543042
4000013614821
4001028370478
1005002212488908
1005002376171323
4001247950979
32876391985
1005002337121537
32829759427
4001006713986
1005001525486389
1005001291454917
4000841802864
1005002329271374
1005002464771888
1005002253085498
4001274311611
32922495858
4000996214764
1005001883098945
1005002186891497
1005002331678850
1005002252607693
1005002399013312
1005001683081027
1005001793243947
1005001501258400
32905397609
4000172491995
1005002329167965
1005001870405433
1005002314856695
1005001608408231
32922774859
4000849845523
1005002467161900
4001127360119
4000916771495
32850946379
1005002307424455
1005002200572228
2049858236
1005002316944004
1005002420512346
1005001727046599
1005002337669113
32991263232
1005002448410127
1005002288787659
1005002145807594
32953658219
4000223977787
32980608507
4000772387474
1005002387874137
1005002306632487
1005002337246096
4001186898567
4001271528883
33016411262
1005002427759798
1005002317730338
32861520397
1005002264546755
1005002390665532
1005002117606424
1005001425908743
1005002122442709
1005002441288172
32840765576
1005001709470015
1005002390357543
4001268616044
32407600470
1005002260119783
1005001368897521
4000788461585
1005001779911879
1005001414291103
4001199654221
1005001693736407
32964260217
1005002317203878
4000125874696
4001205187239
1005001526249762
1005001907997699
1005002438190279
4001333650044
1005001441369138
32880292759
1005001830784018
4000411381401
1005002347687865
4001365491364
32822054234
4000884956364
1005002457226167
4001062248648
1005002474892371
4000370064648
1005002281756530
1005002204828217
1005002133945003
1005002325945371
4000930084439
1005002288873170
4000114245250
4001359422798
1005002338887717
1005002459939267
1005001469111800
1005002291959580
1005002297022244
1005002137165646
1005002293356113
1005002364525574
32843445244
1005002293811929
1005002334212310
1005002389181400
1005002397735326
33050697711
32953570317
1005002420252230
1005002484234577
1005002474926639
32635877260
33011673170
4000039172364
4000518155012
32962332554
4001048131179
4000302871099
1005001531684889
1005001931098032
4000074852107
1005001739198754
1005002348353844
40009268959261005002340017531
1005001886259962
4001228649714
4000414889913
1005001329912496
32962968844
1005002033453520
1005002259795057
32921689422
4001062222440
4000854674747
1005001973149551
33008665044
32973172016
4001358329758
1005001726768395
1005001359964734
1005002293751959
32993947299
1005002245193905
1005002286858914
4001363792640
32967478936
4000044431225
4000818899208
1005002388471917
4001211623174
32837218527
32796201857
4001122505527
4000987201508
1005001392107541
32921175445
1005002417105365
1005001321826868
4001207862027
1005002351743792
1005001835295727
1005002247375030
1005002339151274
1005001445193517
32871810266
1005002281736791
4000574257397
32855738640
1005002251911583
1005002207041614
1005002495839343
1005002196809931
1005002429373916
4000450291670
1005001918331086
1005002297497093
32482700721
1005001941056484
1005002468002103
32900674589
32999300755
1005001460193858
1005002342503865
4000015274732
1005002246090524
33029720440
4001171629001
4000036002415
1005002332100869
32909658135
1005001341423975
32895290614
32821605197
32805952800
1005002352813033
1005002052500742
33035652308
33037390113
32843064607
1005001900497314
4000323226442
4001038447987
1005002488010554
1005001997413566
32994934740
1000007148416
32904545436
4000181113864
1005001695493467
32864064064
32884333316
1005001558000851
1005002034504808
1005001975984890
1005001984334393
1005002330946162
33005951105
4000037555426
32555353182
1005001354233890
4000999448066
32314085641
32868215810
4001282274765
1005001700021385
4000979165624
1005001500451808
32323252479
1005002375829622
1005002268842827
1005002468989717
33002652935
1005001470107459
33012084084
1005001998710736
33019987239
1005002413438705
1005001688003327
32855264950
1005001946435109
1005002387687104
33035479861
1005001698061648
1005001975966239
32706697294
606540415
32862434914
4000838109257
4000257582563
32861938643
1005002468276311
1005001874636156
32986239693
4000735466260
32920902966
32742716248
4000161926234
32985879919
4000718480366
32857954517
1005002476925613
32965713641
1005002292325683
4001228618273
1005002377410140
1005001281153454
32964785357
4001242377022
1005001362630385
4001089759878
1005002212847444
4001061183294
32994169873
1005001341193079
33039656840
1005002458562815
32901213594
33046040775
1005002280678255
4000709548878
1005002278896842
1005001873207003
4000434051865
32760562180
1005001633511608
4001018753147
1005002233741711
1005002218351767
4000121289153
32957668864
4000696167547
1005001554025464
4001350801531
1005001437687505
32914540807
32975296089
1005002260240426
4000722721165
1005002233092502
32682852212
4000843114132
1005002396561551
1005002113369135
1005001833744480
1005001407308497
4001097023881
1005001768469672
1005002084168693
1005001999090965
32545795822
1005001999275460
1005001588501310
1005001380102739
1005002291645570
1005001597872371
1005002328071852
1005002430479144
1005002246139299
32967730914
32396485586
4000575758018
1005001652562881
33014739754
1005002381638421
4001314531497
32917039660
4001093552331
32867360216
1005001526995145
1005002293496133
1005001530290386
32701108295
32893719209
4000769524595
32807885874
4000501846630
1005001552250049
1005001529310310
32955253331
4000777549438
4000292383745
32675127830
1005002327338306
1005002458933181
4000626530631
4001199026082
1005001793028861
1005002019759266
4000764249559
1005002385381271
1005002356277012
4001201378751
4001291035701
32598680880
1005002007353364
4000557560037
1005002107434894
4000545931123
33000159194
32824036528
1005002346625369
1005001546552565
1005001834437810
4000473406616
1005002314195980
4001263778287
32816355070
1005001436221989
4000972002569
32956606442
1005002294450371
4000187546455
1005002323892290
32800316367
10000397719642
1005002469649996
4001018752318
1005002489100739
32922588493
4000711628700
33001462133
4000378460808
32948590047
1005002291340583
4000833299065
1005001876926754
1005001319549599
2041883399
1005001488845303
1005001846071382
1005001305334363
32869984473
1005002410818894
4001157684895
1005002328943133
1005002399705996
1005002327354492
1005002403701547
1005002362866987
1005001373575060
1005002054679570
1005001798823823
1005001829684426
1005001627026976
32890694675
4000922312197
32307579532
1005002323266284
4001118270412
4000993417940
32750313674
450801555
32901624259
1005001426615638
32977555128
1005002358835030
1005001438234381
1005002280595526
1005002309765506
1005002357631002
1005002066204757
32852134366
1005001566840734
4000269004210
32994809944
1005002282396517
1005001565119813
1005002339182406
4001300403256
1005002220002905
4000437541587
1005002351310366
33046465478
1005002179638855
4000243398371
1005002191791677
1005001931177397
1005002398958234
32958379364
1005002119480233
1005002305144447
1005001981830899
1005001407809735
1005001785414536
1005001506946638
1005002386980136
4000607163713
1005002317900281
32846927276
4000088803860
32948194622
4001198429044
1005002239629282
4000762229576
32826734514
1005002314331461
1005002282399017
32813883057
1005001546666888
1005001849936705
32910774446
4000533550988
4001306654090
32992892860
32958718994
1005002449655249
4001294211132
1005001407561648
4001290583361
1005002467642252
1005002292041346
33013366864
33016789121
1005002409660322
4000406007687
32996545908
1005002049524336
1005002447898619
1005002072371139
1005002477011546
1005001996993042
4000148357097
33048592327
32776195302
1005002408131723
4000036181457
33001469364
32890908165
1005002289927603
1005002126395400
1005002316845003
32993790012
32475057691
32729049907
32868437558
4000206474249
32857444861
1005002329681384
1005002373137444
1000007902256
32982192682
33029004503
4000016038345
1005002314241899
1005001814983840
1005001706010293
32897041047
1005001325105301
32873256382
4001259986574
4001257456215
32612554335
1005002413663241
1005001698597664
32810013490
32859994563
1005002104067527
32975008875
32759523554
1005001410663561
1005002358091836
4000056887487
1005002211461914
4000626744396
32770749913
32649529414
1005002314363501
1005001648655633
1005002241610392
33028437250
1005002490503418
4000324512586
32578392788
4000038061773
1005001882339409
1005002377095182
1005001320608231
4000466175952
1005002489803690
1005002483061747
4000035445641
4000284291127
1005002395132124
1005001489977570
32911128167
32962584107
32858661920
1005001462547768
32499250388
4000486634145
1005002467791516
1005002325294655
32846416256
32797667415
4001205568682
1005001582892167
1005002475490000
1005001844326018
33053475639
1005001621589256
4000380107508
32956115645
1005002123958628
32984506347
1005001286145066
4000922349459
32954019198
32904988769
32838794620
1005002317257817
1005002467977936
1005001306251050
33050921897
1005001285123415
1005002263712610
1005001349989358
32844153834
1005002333399401
4001241184437
1005002428073526
1005001567188948
4001364053030
33054365590
1005002340837224
32922072634
32752068747
1005001664939341
32959214440
1005001722254287
4000891916672
1005001511249787
32949969993
4000321967068
1005001506651960
32852404077
4000368351072
4000641726451
4000618733748
32879673490
1005002102223966
33026826657
32347097867
1005001721704005
1005002372168971
1005001545040157
1005002321220034
1005002473438859
4000481597492
33016010520
1005001679671119
4000693655589
4000203178778
4000435518307
1005001602545612
1005001972031030
32872535043
4000010128227
4000307285712
4000925604423
32903998924
1005002484223504
1005002348520851
4001166650600
1005002314012133
32309065241
32856329987
32901312144
1005002352849652
4000329700013
1005002372505907
4000248422866
1005002326813493
32949683843
1005002425574760
1005001703461528
4000843728661
1005002237604701
33022164804
32839152386
4001106969036
4000109531622
1005002319124849
1005002426699268
1005002232190236
32959651231
32596330050
1005002488504251
1765909347
32953100488
4000988402539
1005001430845195
1005002394315843
1005001859377790
32843768683
32458451817
32870486222
32370322111
1005001518628238
1005001398426815
4000010486776
1005002416090594
1005002378763618
1005002376320973
1005002425308008
4000666520811
32911602555
4001220619307
10000395916602
32971022058
32967505611
1005002359225367
1005002357563013
32591490647
1005001669678227
1005002411393978
1005001765133382
4001167930967
1005002454431331
4000772581533
1005002075673339
32287737554
1005002392424523
1005002327573656
1005001467628709
4000570592988
32958342616
1005001587654752
32859002507
33028034644
1005001326230405
1005002298206189
1005002416109397
1005002453537346
1005002358352247
1005002281558564
1005001472769579
32983590916
4000855458938
32655015822
1005002367621383
1005002367994553
1005001687820565
33052328362
4001147953588
32906508539
1005002346260999
4000732787092
1005001994678641
32886830821
1005001754208100
1005002335379805
1005002234317747
32973445214
32882498057
4001091292306
1005001871420337
32897537548
4000564808670
32930999216
32908427875
1005001398516234
1005002257915942
1005002288896506
1005002260368396
1005002334923723
1005001597057997
4001227512386
1005001303167234
1005001616330108
4001270717131
1005002083731261
32835602738
1005001364477002
33038858563
1005001316641140
1005002448384381
1005002394261458
32995202649
1005002450469108
4000465712839
32885135034
1005002378225978
4000485211930
32746050849
4000531917860
4000410753061
33022013490
32912931989
32937396332
1005002274173830
32888752986
1005001636748331
1005002282636033
1005002264859817
1005001385408754
1005002111551819
1005002482487466
4000015447496
1005001309005841
1005002131100838
1005002401241225
32914121215
1005002344768958
4001042486372
33059459629
4000032492062
1005001890873436
1005001427297581
1005002365737158
1005002474796130
32811365238
33034975050
1005001960596335
1005002340323925
1005001625265064
4001097101782
32879437620
1005001559892673
1005001463148531
1005001370189344
4000523598782
4000318391915
1005002376071975
1005002305818140
1005002287389375
32954158373
4000107325664
32684928070
4001050534735
1005002467732161
1005002261310392
4001035865058
1005001871982417
32944997066
1005002308045040
1005002311538585
33021925796
1005002359252108
4000201226103
32359891097
1005001462845275
1005001356739179
4000438749257
1005002346413797
1005001814860312
1005002353358367
1005002333220305
1005001947642129
33027533313
32821637983
1005001801919791
1005002383765548
32882544750
32880593082
1005002258493309
1005001629366682
1005002205517201
4000162278112
32969485481
32375646327
4000550300107
1005002485463322
1005001960827365
33021234652
32895433884
4000258628011
1005001883454242
4000200518220
1005002430685175
1005002233846149
1005002409030345
32634508808
1005001695580024
4001100825367
32963846983
1005002337513952
1005001567652752
4001122815756
4001289940593
10000405762347
10000327828568
32287995410
4001065086159
32974706587
1005002303989143
1005001926623443
33008338765
33001848908
1005001799479205
1005001839104735
33028402700
32414676813
32318545511
32863276236
4000096332447
1005001899811824
32894315778
1005001436405631
1005001802669621
32903209130
1005002255812592
1005002326735139
4001211721606
1005001709579125
1005002390128349
1005002285728906
4001330972862
1005002340542825
32870066861
1005002353440068
1005002388777925
32898121938
4001159640972
4000498183967
4001280105175
1005002277975342
1005001759892267
1005001909902290
4001271520644
32996066694
1005002390324883
33059012119
33025574425
4001354445019
1005002247490988
4000335553596
32850621643
1005002004923740
1005002167141175
4000459866038
32998531262
1005001958196813
32953364532
32910195623
33021410775
4000829024320
32809142264
10000410055458
32971582902
1005002372023633
1005002243017537
4001061826830
32964136154
4000077638385
1005001441248348
1005002399359338
1005002192366231
1005001480159947
1005002065435248
32914526031
1005001602812031
33055818904
1005001495618661
32528323691
32454925575
1005001971075551
4000161877104
32973489567
1005002323864649
4001041139166
1005002263695452
1005002482999724
4000886111070
4000751620206
1005002213392217
1005002128744002
1005001375387073
1005002451573551
4000333529084
33004677982
4001203189740
32919299976
1005001736791304
4000271456883
1005001644754840
1005001621600596
1005001389010539
32827284743
4000144444346
1005001575443662
4000606600986
1005002375538024
1005001743184082
33057857961
32998189104
32850127211
1005001415135036
1005001557532056
4000619131130
1005002068655587
1005002386860672
1005002332156113
33015259151
4000063000450
1005002269190488
4000524068962
33007802158
4000011975082
4000842951983
1005001934140106
32868053537
32949387109
4000772926725
1005002315949614
32852095406
1005002174947720
4001132616830
33039596793
1005001291612703
1005001575039919
1005002142940447
4001047981196
1005001796931453
32769837893
1159969853
1005001486815673
33013200070
33039072627
32976543264
1005002313486610
4000448672571
1005002409983274
1005002168132502
1005002353271897
4001108000828
4000602097285
1005002264931118
1005002363524091
1607822256
32861914164
1005002343481234
4000129099902
1005002473914576
1005002304069453
4001255382324
32936111576
1005002289882703
33007149178
1005002293877853
1005001832100433
33019628133
1005002133369765
1005002345008412
1005002369969715
32959430758
32817153782
1005002314212612
4001365659664
1005002421443029
1005002065766797
1005002105996315
4001307372392
1005001474003064
32965795960
1005002459676584
4000492839265
1005002069142516
4000280750434
4000515434713
4000246629254
1005001791631117
32563204422
4000785284533
32918932263
1005002238482320
1005001810994318
1005002492776846
1005001458191893
1005002246233928
4001134893817
1005002193990507
1005002284618735
1005002357406252
1005001445225518
32963887335
32419935705
32611471566
599278206
1005001483674102
4000262241870
32902373045
4000033187755
1005002407194662
1005002455242456
4001153405417
1005001826515251
32865551841
4000856989310
1005001816807678
4000897274471
32729337086
4001108336237
4001058106913
1005001907488095
1005002395196232
1005001577209862
1005002395688573
1005002394853257
4001050574798
1005002167164417
1005002278113227
4000194215020
32283479143
33040572548
4000007343449
4001001225192
1005002316576748
1005001731958324
1005001993749412
1005001566759309
1005001355459472
1005002350435582
32555997430
10000158136063
1005001889580820
1005002382433602
1005002010868155
32613234234
32584207650
4000799273053
4000437853691
1005001757468136
1005001764330752
32887814084
32826675362
1005002327178258
1005002499418011
4000065467682
1005002075444358
1005002345641855
1005002302175955
1005002297545895
4000375244780
4000253024597
32971095252
1005002317094030
4001292830699
32967038851
1005001942936188
1005001933039620
1005001350053020
4000687864730
1005001265900694
4000893414551
1005001848858989
1005002276236965
32932724920
33000075541
1005002261475508
32841755902
32349190291
1005002246499675
33027506749
32987809255
33024403058
10000160090501
1005002316613925
1000008008300
1005001743070650
1005001872856532
1005002336052090
1005001594842086
10050023444076401005002382348366
1005001744769892
1000001391268
4001193911360
4000188252612
4000960563681
1005002206431203
4001183963263
10000149896170
1005002312710020
4001064813919
1005001518565433
1005002341917613
1005001440859544
4000926057079
33022926559
32993161392
4000737319899
1005002481056682
4001075716707
1005002252168847
32839680888
4001038863882
1005002018800161
1005002454409083
1005002168131480
4000548426678
1005002064989700
1005001942975301
1005001678273712
32975162727
1005002285821730
32797995489
4000220549098
4001144756872
32878703913
1005002233795953
4000342364538
1005002176237026
1005002304643257
1005002334127901
4000072413302
32984395599
1005002310952826
32960340536
1005002217829721
4000590063550
32902778510
1005001807205995
4001122560626
1005002315196532
4000219125149
32850586900
33041277664
32975837867
32862121669
1005002247029149
1005002212630885
1005002378148296
32919331695
1005001975549897
32981812998
1005001641069133
4000034170815
32796555652
32845833648
1005001398604581
32824584057
33049566222
1005001723397262
1005002250206421
1005002205339604
1005002329649573
1005002319256005
1005002329943855
1005002255673054
32803502739
1005002449511646
1005002000526658
1005002107398821
32384507489
1005001678499472
1005002496214981
32982888817
4000236363520
1005001874244343
1005002482949079
4000662779982
1005002313936804
1005002318790763
1005002420844228
1005001629560586
1005002128910952
32945921237
1005002304471536
4000725258402
2033014450
4000546077151
1005002454272781
4000032025285
1005002330800989
4000210670106
1005002366099906
4000921180724
1005001718924512
1005002025252001
1005001966489638
1005002377134698
1005002353961284
1005002349568763
33034366254
1005001814628519
32839683216
32848170739
33059613716
1005002357499970
33036762095
1005002130310088
32309826216
1005002027845718
32890972783
4000777063352
1005002237914202
1005002206634308
32995896118
32890935822
1005001594623715
1005002394926523
1005002307570451
1005002102269660
32977507824
1005001356097803
1005001694222398
4000893934300
4001176017946
32627393145
1005001975376330
1005002329808908
4001327719118
1005002356408137
1005002189448953
32968002157
32830722050
1005002081508421
33035143580
4000941742780
1005001900021896
1005002251845784
1005001570313487
1005001690315371
32880302568
4000745662770
1005001790361518
1005002100300153
32986395066
1005001608763469
4000270567971
1005002392569408
4000364740949
1005001504525295
1005002443662565
1005002291139527
1005001280822885
4001224319497
32251453631
4001318107357
32607907335
4000622987161
32723976656
4000094363542
1005002465625617
1005002413298913
1005002424845546
1005001898638839
4000902735410
4001260549927
1005002417418073
1005001678611423
1005001429490394
1005002241295655
32968461400
1005002265417917
1005001961098487
4000971825283
4000731219021
4000389078547
1005001994156915
4000389531254
10000399951414
32996913002
32940841969
1005001616599821
4000554454128
1005001488835379
1005001632007475
1005002352210558
1005001976664203
4000773844488
32995466562
1005002327799726
1005001718666767
4001282245520
1005002327012406
4000833509931
32799416543
1005001785966972
4000666084425
4000280643625
1005002259601886
4000299461937
4000121356280
1005002412923132
1005001958671227
1005002286885966
1005002481525509
32835270930
1005002254167022
4000037240940
32954321258
1005002371666916
33027816482
1005002421297604
1005002064178882
1005002472541306
1005002000221405
32855891845
1005002295835459
32980214148
1005002301300419
4000792996119
1005002346366279
959300267
1005002485036001
33024154552
1005001617315862
1005002335457394
1005001398591599
33046418846
1005002172981094
1005002348326659
1005002412189336
1005002358529854
32843094381
1005001764069628
4000162368778
32855512499
1005002246100867
32951481574
1005001452681424
4001226837974
4001058412114
4001171319738
1005001731773787
1005002052249592
1005001353996282
4000177861083
1005001465809829
4000728393729
33061047061
4000860830792
32983436134
4000642261643
4000274917078
32846934875
1005002319301670
32699976184
1005001332087049
4001211466569
32952410644
1005001535081343
32834900319
1005001457402722
4000234723437
1005001275587458
1005002000345282
1005002270652109
1005001452932251
32803710529
1005001413228729
4000799332254
1005001288951004
1005002126459081
1005002466093809
1005001710889255
1005001571033881
4000080686094
4001183759757
32923016353
33011846716
4000850432674
32887443287
32970006378
1005002275277212
1005002386858470
32414291155
1005001645429225
1005002413355904
1005001845012872
4000052291732
1005002058698416
4000976369597
1005002256155907
32849042055
32842046644
1005002415990003
4001101013967
4000923830208
1005001579730384
4000699889218
1005001859820496
32884215688
32997439290
32990271914
33021796648
4000741970726
1005001783415295
32969088778
1005002407646698
4000515896371
1005002424700059
1005002277364174
1005002256214258
4001228589317
10000302774652
4000222247131
1005001514659543
1005002284076975
1005002350075965
1005001845232116
32847767506
4000796784175
32841284994
32824654274
1005002274226185
1005002220815487
1005002314212944
4000740466662
1005002402194808
1005001354707812
1005001882380594
1005001629051168
1005002079551554
10000417679742
32998521839
1005002336518166
33048139337
1005002208249550
1005002197134848
33055562551
32363380283
1005001912951407
4000672126963
32915929561
1005002314309798
32916652994
1005002310987457
33004008531
4000318121192
1005002393038098
32789393483
10000024751774
1005001530522099
1005002418583090
1005001361302044
4001176659115
1005001643928171
32458912682
1005001515716467
1005002294236285
1005001586326482
33059020785
1005001365057372
1005001946774625
1005002352586303
1005001955019097
1005002240128411
32863189538
4000375742680
32891254144
1005002070470269
1005002295248844
4000093487080
32886408434
1005002500387964
1005001854124318
4000341971644
4001200096117
1005002479481665
1005001821940040
1005001858095684
4001132102447
1005002220309695
32922318390
1005002292215464
32387546887
1005001562239959
4000566172481
4000098932491
33027073596
1005002377436431
1005002459068834
1005001834776182
33030026142
1005002056072267
4000311494794
32461705743
4001038781702
4001138274986
1005002277593596
32828815960
4000248638751
1005002327311075
1005001572866655
1005001841840956
1005002345815897
4000993878224
32939805981
1005001463000810
1005002358235408
32846381540
1005002369607119
32981419236
1005001529614975
4001043082156
4000820713907
1005002386275298
4000946020695
32769635913
4000786145093
32690553671
32811175590
1005002443660561
1005001343289884
1005001967997140
1005002490500217
1005002362928153
32764934536
4000843770896
1005001954777913
4000764511131
1005001977185367
1005001509882978
32829897439
1005001501594138
1005001399366027
1005002335976978
32890140594
32885783310
1005001935317713
32805929704
1005001515919352
32953969444
1005002080525229
4001176904434
4001146128518
1005002002444427
33018495544
32971437596
4001022563490
1005002388357350
32848753194
4000216177000
1005002433852125
1005002466121403
1005002340794195
32775196714
4000325016591
32830031113
33052073849
32940620167
4000258267232
4000051737884
32916896287
1005002418100367
1005001848667036
4001245887551
1005002475397855
4000920312763
4001103613608
32914820078
4001034683059
4001259671864
4000849901232
4000844057509
32940825287
1005001603287438
33038072774
1005002428140986
4000823273641
1005001986312302
4001126576579
32930173802
4001053104465
32970818872
1005002301235732
1005002341138897
1005001302628943
32821989796
4001192995663
4000088598781
4000388278812
32844436064
1005001403384326
33012407178
1005001953939716
1005001284611414
1005001491171050
1005002299759732
4000843237491
1005002419773541
1005002371276718
32837533562
1005002312530027
4001035736136
32894446849
4000171726755
1005002037430741
4000888930603
1005002105027492
1005002346817915
4000743865715
1005002401155144
4001153190669
32970478128
4000409392454
4000053395869
1005002459903127
1005002219114248
4000538435978
1005002435798087
32823833662
1005001834753547
4000770160930
1005002239498805
1005002454009843
1005001638063528
1005001341079464
1005002466843305
1005002224001484
1005001456449868
1005002312181041
32837741640
32810692291
4001269644817
1005002433316750
1005002219674988
1005001612127917
1005002064120639
1005001671859411
1005001936229783
4001259514940
1005001603304776
1005002142699991
1005002089941028
4001031559214
1005001533562034
1005002301081979
32921207652
1005002240967280
4001036594149
1005002357618624
1005002108689509
4000152075170
1005001364911289
1005001709014660
4001244523243
1005002454835151
4001143257633
1005002489164949
32974829572
33036560975
1005001406953146
33062747722
375492758
1005001340544809
1005001311055513
1005001799825155
4000740036212
1005002253754924
4000923535198
1005002292329510
1005002352447456
4001028382461
33055576615
4000685704301
32961555387
1005001888151320
1005001855896227
32603892766
1005002370639181
4001138970724
1005002329526155
1005001568670500
32912050537
1005001669906937
1005002323858557
1005001998998829
1005002119361169
1005001937536713
32842822806
1005001485592067
32994946404
32453327092
1005002027847808
4001014689525
4000780703491
33028797761
32993883991
32622449641
4000994964526
1005002418803879
33005826715
1005002321667016
32888887897
1005002144217105
1005002143495862
1005002318316112
1005001677292672
4000303317617
32907934074
1005001559871275
33050440129
1005001905704965
4000072520346
1005002156938929
1005002467135083
4000850627993
1005001918700073
1005002007136246
32920907277
1005001567740842
1005002026872936
1005002314941296
33017271078
4000642785194
32635968024
1005002327905125
1005001947548470
1005002395421561
1005002453718809
32833059229
4000863325136
32826616959
1005002425820835
1005002212794017
1005001629160133
32837328702
1005001441475267
1005001639710583
32918140712
1005001438588595
4000469326283
1005002381500241
4000275011911
4000245678723
32812786581
32599151294
32816413073
4000910047970
32828138152
1005002462108717
1005002319198904
32931489222
1005001834499588
33031529158
4000786636834
1005002355842818
4001313789255
4000445281774
32829094751
32786697628
1005002112762392
1005002085456658
1005002352256190
1005002372434727
1005002459279173
1005001875320791
1005002423607177
32767792848
10000397729558
1005002311275669
32823713645
1005001840256733
1005002340429716
4000497069304
1005002286947249
32796370908
4000980264272
4000698422778
1005002484489370
1005002342294708
1005001882400290
1005002487880837
32913044766
33002795782
4000520248495
1005002452555918
1005002398670073
32856894096
1005001670961760
1005002124622271
1005001321116709
1005001946812750
1005001722799699
1005002275997800
4000545622972
1005001389065713
33023019507
32849260980
32993761590
32796540923
32246560219
1005002500399532
32959910599
4001349863537
32974005944
1005001466008319
32917873713
32997770439
32546498896
32856470647
4000049130699
1005002392585958
4001107273444
1005002008312506
4000681036768
1005002473793441
4001248535610
1005001541149310
1261453587
1005001420323001
1005002268781649
32861575118
33029805147
1005002364453832
32690057598
32847406483
1005001994065626
1005002287838661
32812566151
1005002317743192
4000885148835
32799516034
4001345795277
1005002451045608
4001275942767
1180548766
32886260090
32656777174
4001140357051
4000112546682
32937134415
32953896378
1005001565847137
1005001266936427
4000279852845
1005002313053978
1005002351816453
1005001972930918
1005001835978083
1005002315223544
4000174261501
4001264421537
1005002427830585
32864134750
4000376256134
4000986727515
4000304743367
1005001339304737
32976063446
33049363839
4000934075531
1005002286221795
32920537655
4001061862465
4000047884363
1005002336646742
33053051916
1005002280464933
1005001769478783
1005002347255046
1005001330068087
1005001326154692
32587705516
1005001812037519
32947064241
32868398501
1005001374427148
32876351490
1005002315579729
1005002271985530
4000287933014
10000389379111
32688059826
32885107517
1005002420611429
4000453387611
1005002433974089
1005001626123894
1005002010878250
32975796309
1005001615790355
1005002191635404
1005002296655164
4001129438023
4000990811796
1005002471465901
1005001596692673
32876093637
32869310320
1005001678004331
1005001526155771
1005001599860998
1005002487883923
4001134449433
32985127091
1005001971634814
1005002328126560
1005002026900201
32981494716
1005002381453925
4000895049414
4000399539976
32352448935
33008674263
1005002427310012
4000089706340
4001200888330
1005002342525853
1005002393864779
1005001850373996
32583439827
32262610104
32990008187
1005002330519261
32860965817
1005001639460016
32667852700
4001203049157
32854198639
1005002395807742
4001294648186
1005002203919350
4001287890389
1005002283411551
4000534276356
32979651280
32756883281
2032447274
32976534722
1005002304161023
1005002338943360
4000800972978
1005002305355769
1005001367964228
1005001744394602
1005002290056746
4000053423673
4000392043107
4000496612873
1005001529796677
32834532595
4000860811684
1005001894543812
4001225153700
1005002390666813
4001141893678
4000176422024
32849650303
32960650965
1005002232404852
1005002330492455
1005001486836591
4000074797209
32930660780
32842978576
4000791674357
1005002277175064
1005001871904592
32907680482
1005001974871895
1005002240870352
1005002309177992
1604864543
1005001308926770
4000722954723
4000784576394
4000130527772
4001088999751
1005002246862234
1005001546487722
1005001656962808
4000572335795
4000042054850
1005002377400321
32335254295
1005001762451499
1005001974783233
33031151512
32833984252
1005002364717632
1005001578973487
1005001890964510
541027527
1005001343628255
4000868498777
1005001495323848
4001327411108
1005001346358650
1005001411287662
33012514695
32968078874
4001178418182
4001150017158
1005001812259840
4000780097159
32966340821
4001290524357
1005002323567487
1005002357787285
32831836396
1005002329268814
4000263091936
4001316742714
32957971301
1005001512708996
1005001991662007
1005001287076353
1005001273722975
4001217693336
4000191858025
32852502746
1005002449834181
1005001694179822
1005002239905012
32861469639
32810952429
10000306425577
1005002410888257
1005002069342151
32795780968
4000959303416
4001196313543
1005001360158752
1005002322317243
1005001284285624
1005002137478167
1005001267274421
32815468013
32910106651
32698544806
1005001885987298
1005001774788040
32807890174
32880826931
1005002253122563
1005002323743638
1363975541
4000463599498
4000398454569
32602826871
4000209901697
4000666144063
1005002433732252
4001233578810
1005002336504413
1005001284715942
4001347710535
32968063014
1005002489748943
1005002283233615
32842498568
32961947735
1005001971470134
1005002328901573
32366413626
32842689702
33002358986
1005001555869042
4000979451881
32956166020
4000180410059
1005002395532249
4000641359465
1005002419300557
32839883215
1005001515324289
32899409566
1005001816906850
1005002232732046
1005002298885852
32996937024
32898869714
4001228651308
1005001292879074
1005001590579480
1005001884960294
33059769694
1005001762738927
3302754517632969360049
4001251535681
1005002136380908
33018887337
1005002402087122
1005002347378896
1005002482979319
33053426433
1005002256602445
1005001838023921
1005002311257672
1005002417598130
1005002322331790
4000399215131
1005002381498329
32809602899
1005002165513965
4001281530226
10000424464056
1005002337173907
1005002210454233
1005001758681736
4001233386147
1005001556261318
4001270366230
1005002042304235
32473877125
32997501196
1005002364039327
1005002239938998
32827099326
1005001667825365
32757686350
1005002382786994
1005002409835938
1005002477992380
32838235951
1005002431154210
4000777467074
1005002365681249
32979363312
4001021944416
1005002272416318
1005002028300561
1005001779870619
1005001732128927
10000101790330
32733744925
4000955502480
32976986003
1005002276645259
4001315158149
32879850780
1005002244314927
1005002258195612
4001007630719
4000336832541
1005002213788420
4001045993958
4000413999848
1005002450594471
4000642581637
32798121388
1005002248908407
4001244548222
1005001768362909
32805333250
1005001293452936
33057662418
32858358888
1005002384667220
1005002305245601
1005001644384646
33024251190
1005001994950995
32650624066
1005002274067320
1005002220966299
32918136091
1005001398458938
32841525212
4001297147897
1005002396881174
1005002467555631
32948372983
4000193548988
4000390002493
4001163638617
1005002206122859
1005001438844322
1005002367270843
1005001609535112
1005002457410015
1005002360607145
1005001359686656
1005001885764522
32974637888
1005002192615854
1005001884046533
32807552081
4000826728012
1005001572660473
33036084372
32957718237
32999686658
1005002012220340
1005002426035920
1005001913740384
32859298075
32936023651
1005001763603658
1005002473635112
1005002151165992
4000324477489
4000603930236
32901632224
1005002476609694
1005002365132117
1005001980136829
33007279741
1005001666919235
1005002352125879
1005002423978342
2035303252
32965472787
1005001458360309
1005002002602968
1005001953918189
33037572063
1005002026660822
4000804691874
32854944471
32868676163
1005002129894072
4001112355625
4001283223870
1005002171366602
1005002410900372
1005002336937292
32836873962
1005002426436972
1005001369332478
1005002130003242
1005002316315729
1005002375196183
1005001425888389
32264772845
1005002462497978
4001192779629
4001111724899
32814484226
32980710339
4000970890055
1005002358431576
1005002383154489
32553042251
32586803242
32869592483
4000691092946
4000516862031
32958919332
4001300631085
32791757719
1005002315217558
4000808387582
1005002401088777
1005002357491934
1005001813830161
1005002322969540
4001343335888
32949310100
1005002296713189
4000799121533
1005001816901912
32604606552
1005002239536708
1005002378515348
32931445937
1005002439598617
1005002233438942
1005001575700027
4001214594052
1005002170616650
1005002400627714
4000743547391
4001175009353
4001133734661
1005001980737432
1005002314453489
4000268221434
1005002023783058
4001248222020
4000505751494
4000824211145
360080461
32926143767
32976858210
1005001936195135
4000418107045
32790500634
32589737333
1005001398656389
4000290386530
4001212372164
1005002197960198
4000842989458
4001093661006
1005002075167670
32794648204
4001007656855
1005002260532984
32975272417
1005001848953234
1005001746670111
4000794717168
32749290613
4000743645731
4000837197572
4001178672492
1005001298029830
32672483130
1005002433275318
1005002259035954
1005001635736455
1005001406390013
4001341471571
32854912471
32581207095
1005002273648059
1005002237957010
1005002143087455
1005002337337788
1005002448432801
1005002351944268
4000715415160
1005002328622416
1005001994916440
1005002282376681
1005002475829413
1005002258484994
32804408181
1005001790397043
32520976272
4000004837788
1005002318256243
1005001695220356
1005001657805692
1005002273357933
4000641422419
4001346094540
32826560062
1005001433736839
1005002304092024
1005001419324496
1005002233456829
1005002370252446
1005002427930016
32556425621
32825152350
1005002300288526
1005002072414757
1005002315161455
4000562462484
32908273084
32922020011
1005002433698009
1005001503047382
33043118242
32804880476
33038808757
4001272486707
1005001929194717
1005001695273998
4000853088152
1005002322424322
4000911377177
4001221376170
1005001638384077
4001272273651
32501552143
32698358347
1005002357476682
1005002350717723
4000914882881
4001316840455
32879244354
1005001493663279
1805150485
1005001899587529
1005002317217819
1005001296598338
1005001603915772
4001362265851
1005002228689469
1005001708918942
1005001705528387
4000674565845
1005002259323838
33008244167
4000545868812
1005001405579081
1005002264999850
4000089845093
1005002468816429
1005001569913991
33056025645
4000718530042
1005002120456525
1005001557830125
32791508498
1005002285960731
4000809393031
32851242655
1005001338270666
1005001900735314
32974947677
1005002054087123
1005002259958948
32971544348
1005002320303478
1005002466178416
1005002261099031
1005001562203655
1005001597585362
32990657514
1005002058433776
1005002341516957
1005002442774632
1005001972790701
32861089525
1005002277092203
1005002337205572
32979069374
4001199280977
1005001508440240
32602981006
32677488151
1005001510121259
32942451647
32861795202
1005002176084378
1005002247629227
1005001592450211
4001036556887
32836143103
4000326989453
33017907921
4000856251729
1005001398557306
1005001762474178
1005002454223795
1005001750141408
1005002469092589
4001147483282
1005002298814078
1005001718640353
4000210709794
1005002406593083
32962978013
1005002315454364
4000351447512
1005002367649543
4001196409984
4000172489128
1005002386547547
1005002179862300
1005002453286311
32831318084
4000093290488
4000035179338
32918020377
32845330965
1005002128367374
1005002372116846
1005001722887769
4000901853568
33013280663
4001004993482
10000119005679
4000027274778
1005002314495120
4001308179419
1005001676904946
32948952886
10000174264079
32973990293
4000793014761
32662809469
33005625823
1005001988603280
4001102685574
1005002417237973
1005002062113498
1005002382021564
1005002211873360
1005002367328569
33000340250
1005002345432753
32710824001
1005001529771065
32956666513
1005001604838064
33030869622
4000677396657
1005002428292317
1005001799272210
1005001333870646
1005001591630463
32787024093
4001030988592
1005002065743318
1005001423255753
4000178338081
1005002495835230
32841634141
1005001686063594
1005001682770984
1005002467263105
4001083970109
1005002342564116
32984583912
32853969143
1005002386751957
1005001444718134
4000589677980
33025216972
1005002282427160
4000465920823
1005002375685897
1005001382226529
33000089141
1005001831329300
1005002278791500
4000222940286
1005002301725884
4001280441685
1005002453174657
1005002248556914
1005002219591385
1005002312164232
