1005002271728647
1005002235134015
1005002279183232
4000971554610
4001010915885
1005001457546703
1005002422107118
1005002316696925
4001175582340
32859842759
4000547155051
33013201974
33025411560
4000922567038
33011396810
4000756910207
1005002371635567
4000214708731
1005002287323527
4001062561881
32992756455
32926602121
1005001490337204
1005002341886199
1005002337341301
1005002179751662
1005002122282825
32803393926
4001279867616
32815110084
1005002132791641
32316420506
1005002397858033
4001215427535
1005001367634762
1005001989734654
1005002381349294
1005002395566210
1005001780762385
1005001414915395
32827534636
1005001572265249
4001149264724
1005001894364432
32960304957
32833048890
1005001862301754
1005002293950787
1005001689185556
4001179466354
1005002273045971
4000071374661
32588593499
32828768050
32944772935
1005002447932261
4001156876455
4000691952445
1005002423654497
1005002450595487
4000587139155
4001018581308
4001294216919
1005002245931815
4000786954664
1005002359761949
1005001864524418
32608110515
1005002280465986
1005001451058279
1005001571789912
1005002300070116
1005001954787942
32924917255
4000168674194
1391834492
4000812532609
1005002373380752
1005001638248150
1005002248552931
1005002238053178
1005002399664574
1005002317413767
32728157501
1005001612359082
1005002340485137
4000545945510
4000466640581
32946643446
32910519744
32856243750
1005001588263071
33012751057
32982240696
32843787125
1005002423941435
32846724962
32873021374
1005001458260100
1005002372279161
1005002442556970
4000989313873
1005002319259488
1005002129917523
1005002051263916
4001039398241
4000140114839
1005001601168628
32957423549
1005002405693752
1005001889745036
1005001913048975
1005002096191414
1005002248584637
1005001905275962
1005002433014629
1005002236306955
4001207518249
1005001368175313
32241738126
32855373381
1005002100769403
32763181902
32842954498
32915960583
4001138449757
1005002398194245
4000464950389
33010240834
1005001804938609
1005002382927763
1005002314800219
1005002448241868
4000865374287
4000179904272
1005002378908180
4000296340082
1005002315647159
1005002475802526
1397307771
1005002286947774
4000781150887
4000685778138
1005002240353339
4000866687585
4000329522098
4000033591465
32825673571
1005002498638631
4000183765931
1005001868369356
1005002317434803
1005002261392324
1005001732339083
1005002347135802
1000006134824
32963849383
2053440134
1005001400157830
1005002341553077
32926390893
32837356187
1005002154234542
4001278997038
4000305412160
1005001987616464
4000324767182
1005001985666844
4001041109563
1005001702835356
32812355597
1005002205726750
32917872755
1005001368862444
33011608051
1005002484316844
33048858633
32524884217
4000151981321
32292177971
4001045364591
1005002304694969
1005001646281287
1005002336978583
1005002295196755
32978584190
1005002376408284
1005002399850695
1005001579943976
1005002100396884
1005001963925787
4001011163892
32925023093
4001220444689
4001154584318
1005001287778093
32987985877
4000435477466
1005001657429375
33055993440
4001038305589
1005002442187553
1005001665791265
1957957363
1005002332237363
32655447456
32856672218
4000632361067
1005002396034625
1005001669958399
32926048025
10000376142916
1005001515918257
32950182170
32978987755
32857099411
1005002072576214
1005002074196147
4000310027912
1005002459541686
32985687759
33046254546
1005002244037332
1005002313986587
32367914029
32808072371
4000585973745
1005001782243958
1005002327188055
4000061906409
1005002495650497
1005001630732188
32958814950
1005002364114283
4000959646806
1005002234068908
32785288486
32962988406
32790123160
1005002265446314
4001307421394
4000698788461
33059569154
1005001647999166
32764405490
1005001565742138
1005002377137682
4001335084240
1005002335909056
1005002388994039
1005002317322931
1005002314370389
1005002068794315
10000393530827
32999604491
1005002358007735
1005001817709954
1005001299001426
32886442618
1005001921027270
32670905150
32972559182
1005001939652703
1005002330718476
4000429226557
32952236918
32819465937
1005002042661251
33056378709
4001228153213
1005002200661747
1005002328326801
32942915624
347160529
1005001820363932
32868889687
1005001500007681
32879774220
4001230193217
1005001488560598
32961396014
4001007759674
1005002101926804
1005002303906603
32997875845
1005001525563056
32613442711
4000899196583
1005002400482219
32848090939
1005002459454318
4001153260884
1005002015317356
1005001930993147
1005002380910181
1005002225331578
1005001934882047
1005001549270608
1005001410839065
32621269193
33003415450
32897106515
1005002257772426
32836885508
4000990843315
1005001510124142
1005002281991191
4000353558007
1005002314603164
33046764652
1005001957616915
4001234406828
4001220474660
1005001560907470
32390527440
1005001515203474
1005002104901858
1005002351342287
1005001910434308
4000090341525
32804438888
1005001711168970
32757698304
4000405837949
1005002395725424
1005002389297155
1005001994251179
4000419489437
32909413077
1005001996521855
4000262367745
32849224958
32709543565
32856038887
4001273228405
32420117401
1005001680378872
1005002288214078
1005001625066912
1005002424056752
33059255776
1005002233057967
1005001368042818
32904835341
4000770302901
1005002254569362
1005002457385683
32974439438
1005002402262497
32618611995
1005002220254038
1005002221197461
1005001617141852
4001085334523
1005002355775573
4000095937630
32882251818
32608536990
4000154547149
1005002293278598
4000878938511
1005002433577983
4001088059471
4000514907723
1005001339660424
1005002342616196
1005002213876120
1005002455989149
4001245962876
1005002347400959
32679325176
33022974198
1005002289771682
1005002326896264
32714652766
4000760778906
1005001581447352
1005002014740506
1005002317842594
32960040328
1005002277646479
4001215301760
4000850537223
4000121062280
32867937277
4000799653653
33004802881
1005002306178392
4000107573111
4001101402183
4000869699506
1005001623811391
1005001516013250
1005001639103834
1005001501030300
4000540269889
1005002257178679
33008330600
1005001872984105
4000778879944
1005002293665245
4000970831804
33038026061
1005002265589378
1005001708006503
32906548278
32807160057
1005001965814157
4000865407007
1005002277024781
4001339425472
1005001640265520
4001034734666
10000192338937
1005001560683275
1005001937669980
32857295032
4001218600286
1005001804100184
4000494136604
4000990106496
32955776592
1005002440129030
1005002130372897
1005001915149406
4001320323381
1005001273932509
4000161254058
32835423506
1005002347178059
1005002496873409
1005001868438842
32818367514
1005002306849477
4000674226475
32314110117
1005002383585018
4000804132493
32643751641
1005002080005670
1005001648790191
32852630163
4000907543978
32884634483
4000709342558
1005002298785969
1005001692615912
1005002120925314
33040523702
32910524215
1005002296007983
32662958927
32981750519
1005002431433973
1005002316997206
1005001506386782
32979986083
4001243781136
4001270986332
1005002408521699
1005001939701985
1005002380725736
1005001353815792
1005001813236667
1005002476071638
4001123642156
1005001875307564
850199680
1005001267084507
4000475311112
1005002206514436
1005002481779159
1005001914855023
1005001889866564
32982859473
1005001499159349
1005002460011456
1005001525351849
1005002399819275
1005001728538381
4000964303212
1005002298759722
4000307091035
32601488262
4001030926632
32833889401
1005001447921979
4001211421663
1005001834828274
4000840615671
33056069777
4001077172396
4001179560275
1005002283276971
1005002186961821
32949136555
1005001688457283
33005391926
1005001594556174
1005002460872808
32477824690
4000941802560
33030688208
1005001438660718
1005002259311435
4000955454794
1005001699631675
1005002315921306
1005002450302171
1005001917628077
1005001850005377
1005002448107596
4000466949160
4000249301371
4001156240503
4000752454516
1005001587718665
32885984862
1005001874485402
32947219524
1005002426998474
32911931306
4000429617893
1005001593775610
1005002306090091
4000153015573
1005002171022963
4001122800979
1005002129448992
32854598277
1005002289534425
4001272044455
32874514176
4001196535917
1005002170774474
4001163484455
1005001976156178
33027372432
1005001671015932
1005002122358475
4001290341976
1005002308594774
1005001425351821
1005002291590460
4000402741599
1005002467424299
1005002122293879
4001118275229
32891684757
1005001439136545
1005002282722733
4000313431639
1005002034689244
1005001840731070
1005002314313422
4001168471601
1005002000263516
32831887356
1005002253254603
10050023778309011005001630898965
1005001496648568
33057018150
4000640947707
32894646810
4000662611203
1005002276825091
32360237837
4001197370227
1005001835567093
1005002431088207
32979641391
32818459552
4000692833759
32376950900
1005002283690723
1005002362490825
1005001515829072
33047849568
1005001713768562
4001216959709
32974842729
1005001487301144
1005002312702126
33017956215
32981157647
32806372013
33012187543
1005001458268076
4000023374415
33045367692
32827994245
33008547375
4001264052816
4001068938762
4001034466006
32821690132
4001287003963
4000097423644
4001180004690
1005002105891782
1005001570310961
1005001848923224
1005001680062008
4001272122150
1005002469097598
32786449472
32689379829
1005001794153495
4000922460636
32923716596
1005002265088426
4001058142216
2049026286
1005002320867449
1005002446894411
1005002307781846
4000516726856
1005002387006384
1005002375499764
1005002460228797
1005002466291489
1005001339736111
1005002262565979
1005002345390818
32890157288
1005001404919676
1005001538531223
1005001470978089
4000466591123
1005001869473084
1005001948066829
1005001462953060
1005002419751405
32965456238
1005002363747822
32870947955
32940761726
32853522550
33049973850
1005001736573907
1005001804138567
1005001822337450
4000263229313
1005001894320996
1005002373083090
32911874507
1005002458979237
32657597589
1005002483470299
1005002444284866
1005002333419000
1005001469265542
1005002464702202
1005001621110752
1005001771798888
1005001576042622
1005002313959789
1005002406651972
1005002027290907
32909196868
32859533634
1005001493480839
33057403907
1005001552099308
32926189188
32804578767
1005001405498004
1005001285077687
4000990860065
32982921787
1005002417839103
32801142333
1005002348324010
32800898895
1005001303409426
4001224215483
1005001452729307
4000250023690
1005001500672560
4001111987148
1005002313735954
1005001385499116
4001075750682
32381132882
4000812370666
4000223397287
1005002133599195
1005001826554347
1005002441828776
4000173706084
1005002072739020
4000956020623
1005001451298098
4000534169907
32980685255
32998967490
4000065784997
1005001731398802
32846081298
33019596752
4000934734218
1005002224999199
1005001596168677
1005001773748784
1005002059427013
4001207548731
1005002247557191
1005001948786884
1005001424556878
1005002369174137
1005002335740898
1005002094140502
4000869761747
1005002307533375
1005001604212556
33004303522
32768357861
4000274938412
4000096091481
1005001631384546
1005001525756496
32948670160
4001270909689
4001214259425
1005002057121952
4001090662452
4000966192807
4001305730030
1005002240363109
4000096517266
1005002231484836
1005002359430800
1005002352412718
1005001661336475
32833440465
32353563656
1005002398805182
1005002282533969
4000352631442
33017563862
1005001695506086
4000222600454
4000695540244
4000519699615
32814100061
33031284618
4000183939800
1005001365479018
1005001902096179
1005002377085501
1005002433557018
1005001435936336
1005002284174773
1005001387279388
1005001502986119
4001210111089
1005002443109320
32881288302
1005002372866215
1005002459222133
1005001715617165
1005001370902565
33045221102
33014075611
1005002115716224
32845136927
1005002170914813
1005002327187053
4001282345862
4001202701954
4000811260529
1005001708629069
1005002453063064
32887007440
1005002299862166
4000768186092
32251573696
32861684770
32992544780
32886292669
1005001854266385
32983352130
4000110251326
1005002269099476
1005001387730284
1005002314453167
1005002357650146
1005002027927985
1005002469092612
1005001708287746
4001286608452
1005001659229123
32870349554
1005002394328290
1005001686222180
1005002319778201
4001252187522
32815267124
32222994204
1005002199260620
32773687819
32788860097
1005001737609255
1005002287977361
1005002339434128
10000169788229
4001145743193
1005002380594425
1005002412896277
33054433995
1005002369229509
1005001404928206
1005001813002640
1975364657
1005001745414873
4000891018850
32827218321
1005001450161579
1005002481439114
1005002296948998
1005002329731766
1005002420732815
32614457581
1005002467392722
10000397725324
1005002164263789
1005001651847348
1005001687779590
32892462829
1005002324467130
1005001360148090
4000026859010
1005002074977310
4000886637024
1005002450590103
1005002280567522
1005002319266185
4001081491973
32853094090
1005001622191126
1005001540922435
1005002233969073
4000760651760
1005002443375057
32968366078
1005002186060933
1005001383555368
32814452422
1005002485728182
4000779928313
1005001315100217
32833447525
1005002477799404
1005002394055146
1005002328106139
32935159258
4000009640217
1005001314625042
1005001542965696
1005001571631493
32977650447
898857536
1005001942331700
1005002323269795
1005002355786357
33036024581
1005002328093459
32955738359
1005001538362473
1005001560522649
4001224592904
4000290876672
1005001620908101
1005001697865773
32877140472
4000641371697
4000150412685
4001038962618
1005002174984588
4000466602868
1005002353298723
32741651433
1005001831721863
1005001560352638
4000961339642
1005002319134679
1005002466257992
1005002128993940
4000708233757
1005002320770905
10000397741008
33030152602
32765921048
32789522394
1005002341492200
1005001483658778
32962915966
32857115010
4000687541848
32862240942
1005002466745187
32962878379
10000374615406
32273525063
33023446991
32990005979
1005001424223275
32988967278
32981397176
1005002362575627
1005001561000187
4001064990859
4001230403262
4001064796007
32822180661
1005002400540828
32756829970
1005002167863644
32884917167
33000682131
1005002226799510
1005002331715883
4000580051731
1005002009474176
1005002399141545
1005001426818168
4000696990833
32831657972
1005001990939789
4000448721680
1005002342224134
1005002490269754
33030352293
1005002288769901
32946024496
4000216808278
4000669348583
1005002420811247
32625980206
4000891840707
4000955271440
1005002350748477
1005002265037599
1005002466043527
32831836084
1005002377431154
32338368636
4001233501710
1005002304092201
1005002454400151
32924212415
1005002323173344
1005002473521291
32962457044
1889566190
1005002080374824
4000180035910
32928263834
33020416127
1005001462524820
1005002388304938
33013935805
1005001302724993
4000282537914
1005001732065035
4000321909162
32996061816
1005001671483588
4000396163350
1005002054669554
1005002310929458
32926687005
1005002363267704
4000162937415
4000689107013
1005002109737434
1005002385377304
1005002206345381
32981485287
4001226233268
4001244917653
4000285402622
32912421129
1005002224515351
32843859731
1005002165896697
32247384747
1005002264798970
1005002178129620
4001078007048
1005002374645446
4001248981465
1005001894574664
1005002109897290
4000223812535
1005001603123980
1005002306689231
1005002396615784
1005001883169206
4000411661558
1005001297089442
4000429891348
1005001712798880
1005002264397989
1005002400929201
1005002058743660
1005001309759170
1005002466615584
4001142029940
32867470952
4001279094162
1005001491591390
32886427648
1005002233118117
4001036590390
32913076368
4000086580110
1005002077440835
1005002334128579
1005002030346683
1005002134877829
32809370099
1005002249423121
4000987905132
1005002115545869
1005001835398946
4001293883465
1005001620099605
1005002334048044
1005001784583917
4001245903068
1005002317951423
1005002264864280
32976570363
32837000548
4000170574477
1000006747599
32853751916
1005001682612058
32961598790
4001277434302
1005001291013328
1005002404605709
1005002443263365
4000065750885
4001232901639
1005002316302367
1005002260090916
1005002236159889
1005002313697926
4000015670143
1005002476279964
33058839177
32898846460
32831950371
1005001546857488
4001133074602
1005002340152966
4000571214935
1005002283044267
1005002293539502
1005002357621963
4000523678543
4000115288525
1005001355693019
32965234865
32920119684
32768345715
1005002089141777
32998353122
1005002371228918
1005002110258503
33011402615
32881063328
1005002359052666
1005002312148309
4000292413632
1005001292784625
4000711981059
32919958666
1005001972591625
1005002069637479
1005002392951739
1005002232841878
32992701799
32768836437
32911178770
32919618718
4001267356728
1005002298229232
1005002363700083
4001333512251
1005002320543656
1005001566847132
4000277382279
4000181331438
32966555343
4000867184454
1005001902094578
10000062842669
1005001984478089
32933067752
1005001591491930
33028410944
4000244724696
32862762386
32861379554
33012807854
1005002356453490
1005001617211386
33032835035
1005002305461911
1005002055265070
1005002011120304
1005001291659961
33007914455
1005002210557662
1005001420685320
1005001270840072
1005002390884246
1005002271774255
1005002069596814
1005002334787882
4000228423588
1005001984734683
33007959845
1005001784707930
32985737742
32846980169
4001264224162
32880947227
1005001354581403
1005002319101284
1005002212553979
4001022614730
33010934153
1005002207640666
4001069757771
1005002317059555
32963656898
32968624819
1005001973110788
1005002372275618
4000099009947
32889314202
1005002482173189
4001172019413
1005002399876737
33053897047
33027425708
32947660380
32902707296
4001228578964
33032186468
32861031048
1005001335313484
4000406409733
1447566447
1005001642580157
4001212431159
4001276898002
32964784447
32829347859
1005001446726686
1005001698565291
32846259722
1005002125434262
1005002346527307
1005002457152437
32980138440
33018398261
1005001948483740
1005001993518801
1005002273536113
32785912715
1005001571286545
1005001376591168
4001273271219
1005002362957765
32891706155
1005002315644466
1005002340823239
1005002287610075
1005002324040711
32950645702
1005002353158042
32691713224
1005001658212551
1005002454420041
4001165219488
4001144934749
1005002383541171
32994166814
32873111153
1005002377345596
1005002334335042
1005001679336861
4000865699360
32849338414
1005001515918470
32950256699
32909846664
32804936415
32396253858
4000770348030
1005002482770302
4000900310326
4001134403324
4000324918370
1005001975683007
1005002107172515
4000012353927
1005002306625227
1005001357668613
32869674010
4001227857963
1005001516026056
1005001439084816
1005002200111659
4001331968376
32887510438
1005002286640887
1005001485528730
1005002058308169
4001225191119
1005002316171880
1005002284922827
1764616079
4001350641455
1005002337435078
4000283486925
32937113042
1005002338750770
1005002353919172
32984662465
1005001424273359
1005002315539938
33056069146
4001039280505
4000415586174
33005251382
32858950385
1005002266179581
32882863276
33058106535
4001364828988
1005002492660385
1005002388130571
1005002476530330
32790947261
32725194526
1005001514275856
1005002272594701
4001160077534
1005002298158433
1005001882311570
32996316507
4000074061383
1005001519221345
4001094972808
32970331131
1005001453105970
4000903512104
1005001287296436
1005002425355074
4001220731803
4001364612932
4000263602455
4001264988471
1005001500288244
1005001399151702
32960579766
1005002089872321
1005001869854631
4000897290806
32771328116
32814906998
1005002233781950
4001240457968
1005001433708488
4000456374659
1005001680436838
32648878203
32979610620
1005002352088034
4000176322021
1005002255176789
1005001721127154
1005002375870983
4000332451851
32839690276
1005002097035430
4000170224475
1005001264756518
1005001617910451
32555530778
1005002227391847
1005002476856332
4000636344496
32967324778
1005002323238061
32769539844
32672535356
32756078238
4000535227306
32699234124
1005001700875512
32909176464
1005002473863819
32943377916
1005002292674264
4001198229673
33024101720
1005001884121753
32951811968
1005002253126139
32860551415
32457658294
32769038430
1005002465285943
4000876030873
1005002401011866
4000095929292
4000834370488
1005002240452444
1005001656910185
1005002204291816
4000469770735
1005002467180773
1005002256751411
32849718297
1005002384893366
1005002383955509
32810551255
608444477
32910525592
4000271983234
1005002487970648
4000979481009
1005002325291358
1005002404869861
32857961316
1005002387236706
1005002398326050
4000672658707
1005001966383674
1005002289157259
1005001711149692
1005002313888217
4001021972546
1005001373567687
1005002485161719
4000034967090
4000933506694
4000579255180
1005001609682712
1005001877727059
32865938239
1005001463390947
1005002456501647
32380898062
1005002129307508
4001136446424
1005002372943127
4000750543608
10000062867293
33013525686
1005001588378040
1005002228689826
1005001615752888
32954051652
4000784249206
1005002398770903
4000796726924
4000427895432
32944788200
33006422571
1005002472399166
1005002327668396
33008465589
33047133783
32910964476
1005002353916006
32966016986
1005002341327216
1005002239039087
32823256368
10000255181034
1005002281890462
1005001639013556
1005002466085757
33002792814
4000880295193
32970802535
32919876381
32856199988
4000411535062
4001188311265
1005002442446908
1005001734923711
32967926295
1005001441363849
1005002350833148
1005001483418662
32853450580
1005002350158187
33047096497
4000039146634
32861886149
1005001337696219
1005002388396002
1005001889553689
1005002423640968
1005002281259571
32922553021
1005001896888158
1005001529982446
32787485795
1005001869488298
1005001783531847
1005001549561049
1005002251073452
4001040846990
1005001556223702
1005002085654647
32990439468
1005002329287191
32668660800
32815411394
32962567573
32719702147
1005002462244420
1000001293760
1005002305751105
4001192083468
1005002387397126
4001047456028
4000332508049
1005001985049451
1005002260462634
4001272347544
4001111762824
1005002072539213
33005051813
4001057440509
1005001551099596
32896619044
33008344781
1005001636082950
33050400101
1005001815846048
1005002388726903
1005002337695371
32909276538
32961574017
1005001488684650
4000803680470
1005002009332198
1005002352327277
33022400628
32978887218
10000028425175
1005002301510997
1005002393926048
4001110304067
1005002050212272
32553597678
4000152542709
32911432868
1005001457671238
4000230604616
4000766126370
1005002408654173
32302801746
4001038250081
32825090024
1005002314462292
1005002074656184
1005001801131802
4001331518985
4000781205565
4000878348410
1005001802633923
32899001707
4001294095973
1005001588377049
33051704350
1005001616204139
33006075112
1005002275199403
32812657682
32871639762
1005002271812740
1005001515117714
1005002459581592
1005002431948149
1005002404716798
1005001890386998
1005002423175620
1005001855008308
1005002027695505
4001029793475
32829174962
1005002191111240
4001069457018
1005002318946477
1005002272458193
1005002289647104
1005001873349033
1005002122505203
4000629404044
1005002395475799
1005001285986326
32888713093
4001226522090
1005001909199905
33022657928
4001143214926
1005002459807768
1005002344854842
4000189601077
4001048095786
1005001649816657
1005001547325180
1005001601391777
32908409836
1005001912497431
32877094060
1005002235504283
32826418021
32773636709
1005002333790517
1005002001579163
4000088667360
32702705995
32920739831
1005002448153535
1005001608433233
1005002317380487
32957124663
4000516154809
4000287613382
1005002278217897
32765351166
1005002287594899
32752569805
4000510576218
1005002108491910
1005002219370911
1005002490849540
1005001704598240
1005001644145445
1005002275380911
1005002256833338
1005002394830462
1005002278109732
4001334766357
4001278261769
10050023600096384000812091206
1005001795226774
32799560383
1005001348609778
1005002381083192
32858881839
32829561174
1005002319134060
1005002290122530
1005002402249316
32649009356
1005002457997766
4000546585171
1005002043412588
1005002116159946
1005001898790515
1005002444430859
32855211971
1005001630811300
1005002003415166
4001351092085
32905808157
1005002381430861
1005001679233967
32902531166
1005001940780625
1005002320597759
1005001507611178
1005002174898992
4000274020765
1005002350702870
1005001960491973
32996669278
4000158984878
4000073469939
32970913357
32833305925
1005002354017846
1005001632719671
1005001310957589
1005002123552726
32955444068
33043955247
1005002387112418
1005002332039104
33030066980
1005002443711150
32921806899
4000955810374
1005001870016068
4001090304023
1005001930857597
32939676751
1005001711710867
4001124502621
1005002100915276
1005002470376163
1005002157369547
4001346004311
4000159538864
32583373127
4000682432778
1005002006120381
1005002289875610
32734429409
32855171493
4001211147632
4000200193425
4001119045111
1005002424065326
1005002421349583
32823497350
4000449518223
32579882340
32868869580
4001140306248
1005002406609946
4000825612839
1005002276854271
1005001320314403
4001297520772
32870044135
1005001847628499
1005002303992663
1005002433914576
1005002346059535
32976160368
32913278058
1005002419507058
1005002350879090
33003088271
32452908853
32832485236
1005002424888953
32941700129
1005002309954369
33013063066
32826678804
1005001537547234
1005001314109321
32954908942
4000408318435
1005002170852323
1005002474473711
32948175784
1005002293461460
1005002440615644
4000960866715
1005001867803084
1005002252276766
1005001419407611
4000717976904
1005002428161317
32906464960
4000496782377
1755690269
1005001697786739
1005001939729569
32968497031
32678660544
1005002043291178
1005002318021598
4001249695251
1005001731185383
1005002449736797
4000911669947
4001139280785
32656826437
796114179
1005001781488724
32983659245
33036783495
32983875187
1005001567003819
1005001524303561
32823299716
10000012281516
1005002362810325
1005001883358150
4001178426622
1005001906784761
32916857486
1005001715605527
4001137371461
4001034481264
33029816732
1005002196989621
1005002192618419
4000188249051
1005001684061027
4000103133377
1005002425721049
32850136976
1005001830416088
1005002397762836
4000144072613
1005002333025371
1005001905072739
1005001310535714
1005001796980365
1005002462843867
4000481705347
32881354132
1005001308207056
32899169338
32896781499
1005002434825537
1005002459485879
33007226349
1005002477571589
32917033065
1005002205635528
1005002361296433
1005001423505100
1005001438881189
32905421466
1005001603079389
1005002301157552
1005001732212804
4000069702612
1005002327333061
4000684590998
1005001605059986
1005001325613425
1005002361790790
1005002322147724
1005002053713829
1005002338055497
4001194221024
1005002319085607
4000340805665
1005002327853260
1005001798061933
32958483652
4000069628559
1005002381233146
1005001608087774
1005002428291986
4001114209397
1005002276934529
1005001970672734
1005002329488573
4000967434050
1005001920189929
1005002146968278
1005002419411669
4001255420234
4000018670984
1005001396967620
32422414564
4001297236784
32765969954
4001322349966
1005001603833542
1005001343884751
4001018134032
32905640436
1005001908600335
1005002038249532
1005002427985976
4001214266112
32551243050
32857987821
4000943109387
32795591193
4001130747166
1005001706540780
1005001849443283
32969325537
32993714870
4001290958423
1005001900422319
4000917972677
4000639559468
1005002279572857
4001151514985
32347072045
4001211370877
4000570981235
1005001713271348
1005002434226219
32994076841
4000134822640
1005002393769937
1005001552049699
1005002318334402
1005002256277437
1005002129220541
1005002187191526
4000598025014
1005001834775503
1005002297014130
4000938077965
4000997017891
4000423481920
33029787391
4001173079166
4000883095301
1005001657100135
1005002347254481
1005001592419687
1005002059705745
1005002299399621
4000267776986
1005002461833173
32908822163
1005001757360504
1005001725987204
32644953462
1005001874040102
1005002364327281
1005001315069073
1005002143170647
1005002235823345
1005001405091297
1005002361151216
4000069248742
1005002370712349
1005002401728336
4001302303036
32964151708
4000260496234
32849558426
4000544748779
4000066588143
1005002280376865
4000137380387
1005002227089082
4000718069206
32933166325
32814458622
1005002322323140
1005002460197175
32861518223
32838843134
32760226892
32890556834
4000710096724
32506191585
32906420738
4000081669109
4001105065133
32803795995
1005001852163219
4001218203919
1005002270237179
4000094046301
1005002447999338
33023668969
4001244791814
1005002124094361
1005002398760604
1005001775736903
4000120270642
32533478776
4000002102368
32928660121
1005002301389522
4000415440242
1005001350093924
32833131088
4000429610212
32845349845
1005001810300699
1005002245099133
1005002431928251
4001102731047
1005002342600034
1005001930243727
1005001770661412
1005001271346549
1005001701058058
1005001506936196
4000204392392
4000285553162
1005002262289959
1005002413394917
4000960606049
1005001975346367
1005002435881769
1005002466553748
1005002332007820
1675365008
1005002258526976
32966867580
1005001966246955
32800183126
1005001519781266
4001080528919
1005002445905843
1005002390872838
32884911447
32783981843
1005001965541665
1005002467428749
4000105763271
32805809004
1005001896175233
32955554502
1005002353179144
33000889516
1005002301400466
1005002238879684
33014018199
1005001639113439
1005001428909424
4001255919313
32867547698
1005001780619481
1005002115394989
1005002377575388
32952385422
33042593999
4001162678669
1005002223342761
1005002333845667
1005001821825117
1005001651905828
1005002367539563
4000884953116
33026523153
32859089616
1005002116121248
4000287529270
1005002028300545
1005002243482571
1005002280926965
4000928665206
4001085685555
1005001716760324
1005001872583304
4001245661342
1005002328617476
4001077356390
32981063377
1005002336876371
4000625246022
1005001972118237
1005001536899827
32866969224
1005002297559465
32846405622
1005001419355688
4000715014765
1005002324747719
1005001502682596
1005001500514385
1005001769365132
1005002427884333
4001274201974
1005001980341037
1005002229083984
1005002478253497
4001219757769
4000074413339
4000219173847
1005002466144485
1005002342767377
4001298908349
32975020700
1005001408551814
1005002314725754
4000943576825
1005002277973397
1005001489764936
1005001482370183
1091273877
4000842981867
4001359702290
1005002232707709
4000531182077
1005001593485096
33035571454
1005002327679583
32797665032
1005002278888794
32976012902
1005002319877544
4001190129144
1005001321701152
1005002128448015
1005002397718748
1005002221931302
32904220088
4001294273289
4000768673174
10000378253687
1005002400940137
1005002351121136
4001187097798
32949728582
1005002278238171
32964390232
1005001597393522
32850965410
10000366937254
1005001286394669
32834538556
4000961946285
1005002056887592
32923560776
32603089184
1005002280912345
4001160265163
33017267484
4000897976426
32819284660
1005002441749013
4000963368859
32778380273
32887923808
1005002115635766
32877245135
32895310509
32621187084
4000842992604
33014207954
33001362688
4000068965957
1005001694624649
1005001328033057
4000804545438
4000070979290
1005001373338290
1005001732908238
32850558159
1005001423010168
32851333173
32898594942
1005002329215498
32915194001
4000571567918
4000538017335
1005002354373346
32804188658
32998743175
1005001619396614
32793429468
1005001830974051
32858535388
1005001537774601
32844496019
1005002314019864
1005002477475114
1005001558096770
4000411440669
1005002315317093
1005001990757465
32894293294
1005002302896768
1005001895931612
1005001965595208
4001191820847
1005002181201651
1005002423050843
1005002474846497
32974789852
4001093310841
1005002169487274
1005001433164419
1005001976814627
1005001914480200
32571574064
4000208003633
4001177924631
1005001977545723
1005001972709502
1005002395388917
32969297808
1005002293613787
32963715798
1005002023948515
1005001621776191
1005001741568407
4000778759784
1005002264124639
33037556510
1005001873234747
4000448422707
1005001929866472
4001036818074
1005002281834678
33034357543
4001258681802
1005002296710884
1005002211505545
32834515783
4000994519631
1005001267331589
1957264496
32853533880
1005002132102080
1005001281349967
1005001883714335
1214806361
1005002334895985
1005001834023417
561222987
1005001349517676
1005002233443043
32469141504
1005001965178280
1005001977994929
4001093942258
1005002240904299
32947528510
32957579888
1005002395126490
4000556276631
32979538806
1005002312886720
32954229479
32955257927
4000222144462
4000623612218
1005002168035901
1005002268913537
32913542818
1005002386446560
1005001687290832
1005001703306178
1005002324963600
32311560374
4001241070062
1005002297284047
1005002063377781
32842785125
4000853294952
32846665757
4000841380244
4000812425021
32849234363
1005001910061465
1005001354441476
1005001430338994
1005002438319177
1005002314394874
4001268680269
1005002314382662
32851333058
1005002165086296
1005002238717506
1005002374791934
1005002103659509
1005002294485568
1005002333759842
4000991103121
1005002393237680
32971934599
1005002329092681
1005002370644835
4001275038796
32955021013
1005002315532589
1005002034472184
32863851996
4000543985289
33059798126
1005001883297285
32749018977
4001342000530
4000601434242
4000934671976
32916298236
1005002350743786
32945652852
4001034387790
4001065699162
33001305280
32925775522
33052764598
33061251093
4001005527065
32887964665
1005001708858144
33012015296
1005002396132276
1005002500348138
4000699037372
1005002460273945
1005002318930750
1949492985
32960131001
33004696834
4000536833552
1005001999178331
4000175106965
1005002374827705
1005002383611132
4000705642530
1005001669733455
32969444465
32918165632
32957386224
1005001797361343
32864152025
4000272800418
1005001934993705
1005001411708195
33045577096
32832340085
1005002324656063
33021992045
1005002453983974
1005001943658221
1005002325347194
4000052382108
1005002328585044
1005002333511262
4000373493245
4000891262304
1005001869707497
4000829046513
32919938375
4000800385470
1005002292294033
32855733635
1005002320554393
1005002369013084
32919025945
1005002304935422
4000079116820
4000344701382
4001256866962
1005002369188329
1005002433062764
10000395833443
1005002337816355
4001203148399
1005002464983009
4001127240828
1005002233302770
1005001332634208
1005002474020846
4000258008215
1005002268308212
1673131062
32908586274
1005002461670710
1005002486515843
1005001930949006
1005001511206491
1005002450794961
1005001415959088
4000625334951
4000503751130
32885232418
1005002427543324
4000074630462
32984914160
32840039172
1005001970919711
32889144391
32853481103
1005002397759481
1005001846046809
1005002421113527
4001030271625
4000119126054
33014576062
32997095163
1005002321456332
1005002423717726
1005002388099362
1005002359076932
1005002460480061
1005002454564120
4000743190141
32948760353
1005001609289271
1005002250439917
1005002315587416
4000574373485
32770404736
4000718488872
4000696292811
1005001948299289
32861986127
32994257081
1005002314594094
4000631226367
1005002079810925
1005002308607757
4000825362703
32946478417
1005001491678742
32885761678
1005002262642812
1005002224165896
1005001381738100
4001063268197
1005001650854401
33033181680
4000124143288
4000726504083
1645543726
32895030817
1005001819077439
4000519778332
32853893394
1005002324125756
1005002361266168
4000960672288
32895991496
4000125373462
1005002055182952
4000214878780
1005001603798094
1005002212858634
1005001397545242
1005002009223685
1005002275570437
32984470336
1005002490972559
1005002313866266
4001316070023
32885276612
4000708268326
4001127982163
1005002266541352
32854935701
32959808188
10000304869918
1005002372435565
1005001864062168
1005001571374333
1005001552623744
1005001984623768
1005001267204340
32884868370
4000015120342
32870804538
33021488443
4001221895056
1005002351500410
32633414969
4000502934787
32573181105
1005002426356000
32979716997
4000625960197
1005002264917582
1005002281851823
1005002298096300
32846097063
1005002359106196
1005002272355620
1005001813441525
33050245361
1005002382314383
1005002368871775
4001111747081
4001174248044
1005002221153788
1005002337227458
1005001632226149
33041324390
4000930479357
32961960042
1005002435764344
1005001637791582
32983893652
1005002254102068
4001247815317
32971918031
32789632676
4001064617285
1005001627764208
1005002180391593
1005001526570055
33009283715
1005002352771758
4001139204461
4001133130296
4000704648214
1005002305935182
4000144101688
4000916427281
1005001632239164
32865656856
1005002485915932
1005001890085249
32654031729
4001131151757
32887705100
1005002238669429
4000999936782
1005001550650745
1005001680533483
1005002162404785
1400428158
32741905089
1005002264958637
1191160819
32821478447
32996751502
1005001907866659
4000130333731
1005002084102597
1005002132901808
1005002313340705
4000630377041
1005001325286807
1005001568423245
4001040695584
32963126494
4001064472289
4000857983121
1005002017847431
1005002366188703
1005001571966665
1005002483909242
33002327663
1005001743222351
4000026614963
1005002310369047
4000397048649
4000759781681
32975758528
1005002433622120
32975354671
4001125154700
1005002064063556
1005002350883790
1005002271666870
1005001651045552
32989980807
4000629687167
1005001858475017
32853063269
1005001994460714
32607975516
32838571704
32856440854
1005002425616849
1005002491345150
1005002211632909
1005002325316295
1005002298128881
32803458809
1005002314443884
1005001332737135
4000657179931
1005001612629069
1005002500436656
1005002179592949
4000935612068
32851407571
4000538180091
1005002490644958
32834367148
1005001900623629
4000126424177
1005002409469437
32953109474
33030690297
1005001819981860
4000607177479
1005002447481911
1005001565175701
32864914038
1005002271407636
32909832738
4000287703245
591827850
4000153285386
32884557809
4000450676550
1005001907291545
1005002131466008
4000763423047
32520895503
4000532982018
4001222701952
4000817876442
33013753489
4001282421103
32915715607
1005002396649858
1005002061849880
4000541590214
1005001332592362
32859478415
4000655796472
1005002364464358
4000280184324
33012119198
1005001605618335
4000035729245
32753934197
32887328538
4000061993263
4000469221899
1005002033558592
1005002324097773
1005002242033066
1005001276230840
1005002060183824
4001327825812
32951276468
4001067397905
32980540428
32971549053
1005001458122885
1005002218117348
32964348212
32556051975
902607503
1005002347236252
1005002406442763
32850754000
4000359713616
32839861405
1005001855165550
1005001616770004
1005002489639356
4001211481508
1005002246493321
1005002184297160
1005002466073847
32995617084
1005002049195832
1005002223915386
32999697453
1005001525277854
4001288053011
1005001518414497
1005002238736164
1005002294905310
4000987412999
4000945946548
32739224202
1005002448516163
1005002469245044
4000973600181
4001048157768
1005002413601428
1005001591463173
1005002377587621
327295733871005002234340147
1005002321802396
1005002289390971
32843568179
1005002051496156
1005001570496691
4000133685256
4000665736630
32869072722
32860021819
33014267911
4000742747349
32994718183
32859727350
1005002166709801
1005001830519018
1005002403619783
4000546600933
4001293111994
1005002039741537
32572653638
1005002081749217
1005001368051430
10000000628666
1005002461210752
1005002038216470
4001092259730
4001022884720
1005001751989224
1005001818504904
1005002404702445
4000433924744
4000850473640
32562234838
1005001976500581
32349080353
4001226445779
1005002427884284
32434889611
4000826715460
1005001921707188
33034499864
1005001434011205
1005002278915955
33046282549
1005002293507452
1005001784386970
1005002382464704
1005001777226384
1005002291126165
32887511512
1005002120860186
1005002386867174
1005002160126893
1005002341387125
1005001872508657
1005002043081054
1005001391566423
1005001982950906
32818820839
1005002015660358
1005001617088626
4000552437212
4000067569059
1005001868158888
4000909588069
1005001506955032
1005001882615903
1005002278083530
32803335716
32816865514
4001169780001
1005002438904761
32999467749
32594142806
1005002465296333
1005002458884594
4001214344891
4000099884508
1005002413699121
1005002046453843
33032893091
1005001561627630
1005001873709646
1005001428965168
4000231990953
4001293026628
1005002436099619
1005002242520628
1005001621153305
1005002200465145
1005001972373136
4000210743858
1005002442871344
1005001288137746
1005002205672372
1005002405863343
1005001657673918
1005001780765197
1005002437737252
1005002063105876
4001225393198
1005002009378158
32842392673
1005001645496056
1005002314294032
1005002358750525
1005002357783267
33042912890
1005001580210431
1005001692380517
4001003392668
1005002431773299
1005001702785714
1005002350170894
1005002239912614
1005001984329428
4000070137546
32857943685
1005002344599067
1005002032610325
1005001872172230
32868950477
1005002357489187
4000504539879
32464532121
1005002423698319
1005001961316605
32881006582
1005002137868652
1005001864551091
1005002260915366
1005002006965066
33000728534
32597722367
1005001713334364
1005002356181005
1005002327602454
1005002490409227
1005002111504676
4001005266492
4001227429545
32755477443
1005001571848314
32695044742
1005001615837328
1005001848913272
32910532790
1005001955072768
4001293779662
1005002434728378
1005001445149537
32844090648
33022473838
4000051649584
32855821560
32745905055
4001076009596
32976532596
32346920333
1005002137036532
1005002383417121
1005001848944653
32943509179
1005002294984007
1005002402372496
4000675972654
4001225157591
4000443264058
1005002247115829
33023043860
1005002355615917
1005001667370626
33020413822
4000926875471
1005002024979759
32889737563
4000018130559
1005002331268442
1005002322550051
4001288728707
32814272783
1005002038267391
32796567556
1005002338687667
1005002052107593
4000666150007
32882508708
1005001584157735
32896926193
1005002381407906
4000103255302
32924200280
1005001877263563
4000381703823
4001260282326
1005002247500475
4001112686266
1005001966366513
1005001705717422
4001018392488
1005002356011645
1005002143057305
1005002334367478
1005001881001480
32406207209
1005002273793201
1005001387780955
1005002029155679
4000470940845
1005002323730482
1005002405001174
4001268926639
32425019957
1005002357939268
1005001762904449
1005002122589107
1005002465147572
4000909156490
1005002058591896
1005001683935359
4000243107618
4001179209299
1005001511972708
4000808549876
1005002342383387
4000137986143
4001287859452
33059480257
33015996524
1005001598877192
4000884052067
1731887789
1005002085557154
1005002302198352
1005002010983864
1005002368882545
1005002278637541
32976143980
1005002397919151
1005002124842572
1005002444403714
1005002467607569
1005001808961813
1005002400194474
1005002352703056
4000231505682
1005001666020364
1005002119136480
1005001726805364
1005001943089935
4000682557635
1005002353291699
1005002340342027
32921149079
1005001586666526
1005002200684973
1005002321400120
32880872608
1005001481895810
1005002402429174
32882337925
4000064328451
4000738383265
32902190011
32810964118
32918072158
1005002468696957
1005001898906537
4000801252803
1005002309721506
32952926622
1005002009454433
33014682104
1005002409992517
32529271479
4000101690271
1005002424749467
32644060576
4000738147082
1005002351294742
4001292917238
1005001742247061
4000666118356
1005001349724884
4001299013596
4000790533126
4000987785828
4000866251787
1005002115330245
32862918479
1005001493156764
32672246587
32767472807
1005002362649382
1005002218511210
1005001985584269
1005002426332429
32978263231
4001162660778
32882225097
32885110642
1005001659933840
1005002376067380
32813079506
1005002116803283
1005002433047067
4001058431717
4001167904984
1005002293739410
1005002277371466
1005002387486642
1005001805022463
1005001540904631
1005002408833509
4001039241638
1005002336791664
32832648007
1005002382465757
1005001895998881
32661189713
1005002252454498
32797500436
32892006568
4000140215483
4001307310227
10000363016880
33014980308
1005001848094977
32991868080
1005001441385177
33041973857
1005001840275390
1005002137097985
4000248450770
33021105888
32858478882
1005002310543636
4000338703076
1005001970083465
4001010414574
441870050
32894443942
4001356628640
4000547702402
1005002399308038
1005001763272858
4001218329080
4000104166665
1005002330912374
32969074014
1005001967263869
1005001373823466
1005002079620472
1005001585560960
1005002314506627
1005001548879890
32658960286
4000204778477
4001321823638
4001034834225
1005002372483415
1005001897355595
4000098793538
1005002283525911
32970665683
1005002272023050
4001278584276
32984270566
1005001765821398
32854741645
33009219841
4001109060439
1005002314118162
1000001536461
4001045454652
1005002341283847
1005001463615667
32836915170
4000064738232
32957371675
1005002454452169
1005002304322673
1005001543505148
4000373029160
32750424475
4001232091388
1005002285884088
4000736834753
1005001518646406
1005002393832651
4000585968376
4001030291655
1005001708936175
10000400030903
1005002332364745
4001197512674
1005001952603001
1005002119217803
4001255791296
1005001493579548
1005001562149077
32826587946
4000311278362
32853548479
1005001608549565
4001128285144
33051602752
1005001450063696
4000369513983
1005002007639048
1005002337630389
32811692583
1005002339955233
4000316079009
4000349392697
4001255254860
1005001608867045
1005001585161358
1005001576001046
4001264286108
1005002317505937
4001181503634
32907019309
1005002304084048
1005002417221227
10000146346246
4000289097950
1005002023348477
1005001274291686
33010436233
1005002334284581
4001186978621
1005002196330057
4001068175251
4001229939485
1005001293021377
4001046392381
4000422031701
1005001608950541
32843468849
32948985036
1005002333631104
33063022666
1005001611866831
4000516846425
1005002292518717
32839052352
1005001758290388
1005001984367634
4001215666861
32242296631
1005002467663105
1005002311552763
4000794854065
4000206215458
32965358980
1005001378984918
1005002406407455
33049719341
1005001445718728
1005001329770377
1005002431368678
1005001769537505
1005001957320430
1005001678412670
4000198886948
4001112172544
1706587387
32532708384
1005002356445722
4001083837511
10000004152407
4001212952573
1005001456259237
1005001464984100
1005002373445937
32790487407
32824943501
4000203542614
1005002350715923
1005002294049801
1005001845232215
1005001990563563
1005001749922933
1005001779914367
1005001966535161
1005001727448300
32815818098
32954759442
1005002276902605
1005001426205099
32951670137
32762932334
1005002111320825
4001199601749
4000637645041
32950084862
33043610119
1005002340019405
32837247365
4000893749351
1005001568670131
4001061854146
1005002288785754
33052323381
1005002400847496
1005001704157418
1005001377117335
1005002048724134
32891534374
4001113512351
1005002494143556
1005002323154769
1005002214661178
32816976707
32587922740
32706056659
32888440431
1005002069167400
1005001290236880
4001358385265
1005001814100224
1005002219928454
1005002256015107
1005002112451697
1005002318560375
1005001759089864
1005001699155447
1005002332300676
32976374872
4001297965684
1005002310064696
32965369137
32838648180
4000196163429
32510681311
32618757698
1005001959925334
1005002206486779
32969677805
32880650075
4001352782875
32957333411
10000152782977
32974801121
4001244460952
4000342161365
1005001264965118
32884046273
1005001835555070
1000001144817
10000403873198
33000803102
1005001586304257
32788693427
1005002417221292
928496362
4000857152822
1005001441330573
1005002280352755
4001174055618
4000160896518
33040917532
1005002260220127
1005002314272636
32724881130
4000006974126
32845849568
4001132055726
1005002377330798
4000251652095
4000125214522
1005002453661217
1005002368808916
1005002247394812
1005001992452475
1005001676541141
32842902165
1005001458588292
32920608214
1005002268962639
1005001544674814
10000399992803
1005001656886372
1005002312330808
32887014946
4000148069882
4001052483157
1005001839865620
32846077260
1005002239156452
4000384470400
33016804003
1005001656586193
1005002468332516
1005001306038117
1005002259577469
1005001338556258
1005002183065754
4000740225906
1005002458870436
4000849754126
4001078995532
32953152124
32982198621
1005001602302789
33053234617
1005002382939972
1005002318984354
32696050142
32952584132
4001006918276
32967797401
32959866287
1005002466391110
32263722842
4000592595286
4000828792946
32317815661
1005002086527170
1005002238735363
1005002393772646
1005001619519157
4001247292838
32856367688
33052997047
4000990977494
1005002284858279
4001165583511
1005001979274290
1005002394206576
33050589831
1005002061670942
1005002073851534
4001258538608
32620614594
10000354821008
1005001942623262
4001042095230
1005001341077062
1005002168006259
1005001872392695
4000098145263
1005001592655097
32842129207
32829177064
1005001731524355
4001267505665
1005002358887066
1005001850637828
4001056478479
1005002460312549
4000053843435
1005001436557961
4000134194741
33029536570
1005002338899399
1005001276167468
1005001324756416
1005002177601060
1005002359327481
32836983672
32954625770
32993669797
1005001525355924
1005002393128741
4000525322839
4000544526012
1005001284725544
1005002283067019
1005001658139534
1005002063923129
32792154473
33004173271
32917363093
1005001557635084
32995928322
4000801271413
1005001889330530
33052343172
4000857311976
4000578923355
1005001462343881
33028229056
4001037521985
32890600429
1005002417621171
1005001334478785
1005002293004364
1005002476242599
4000073941961
1005001304851631
1005002347232916
1005002409428938
1005002027960770
32241826840
1005002140007062
4001272887343
32847678315
32861310462
1005002044220462
4000299470040
1005002224978886
4000704147107
32700031302
32886236674
10000291274304
32813384427
32831145782
1005001968397592
1005001474528374
32385083965
32877627426
32591011316
4000857305777
4000867426544
32861827249
1005002122565280
1759636286
1005002419455030
1005002068003422
1005002168246376
1005001883965703
32661407760
1005002107209091
32357843131
1005002237889281
1005001753236611
1005002177270386
32893579228
32975213732
1005001464941261
1005001787212887
1005001883833207
32964270357
1005002362577869
1005001864590517
4000169655802
1005002238438678
1005001781344045
1005001382534273
4000569003391
1005002364802674
4001237859090
1005001326924654
1005002443412249
1005002423136261
1005002430822962
1005001936960831
10000274871462
4001232021408
4000741116763
1005002425551956
10000384166899
1005001393834298
1005002276623406
4001278940186
1005002198762565
1005001576186904
1005002038139764
32405385680
1005001702773575
4000114425258
4000822251798
1005001502904908
4001090988553
4001156259637
4000450031731
1005002463105858
1005002338450703
4001131651211
1005002315527768
1005002384493479
32771335480
32946037821
1005001579781111
1005001537276681
1005002493677520
1005001694927646
1005002282037219
32949674747
1308548353
1005001620507450
32847174926
1005001855149581
1005001463812925
1005001321641451
1005002320598906
1005001417379597
4000243448074
4001255467056
4000069806724
4001179787318
4001365762819
1005001887926491
1005001562676470
33003598202
1005001947632480
1005001405023696
32813801201
1005001441282782
1005002187725856
1005002454208929
1005002272576257
1005002377237342
756424493
1005001446794658
32910658960
32803879597
32835531193
1005001760255108
1005002419869934
32836498004
1005001727949651
1005002330179799
1005002398973617
1005002134545171
1005001774291851
1005002129825144
32856548751
33025022694
1005002475599334
32644137990
32888144323
32989888505
1005001657873901
4001071461178
32892338751
32870567915
1005002332211050
1005002376554804
4001048352738
1005001953541147
4001278762927
4000347364496
1005001598925674
1005002372789551
1005002367658500
32806736830
4001108176162
32890852191
1005002292673247
32895728880
32920388882
1005002340871698
1005002258365999
1005002363417457
1005002307185996
1005001780849072
1005002182495267
1005002361662167
32973155883
1005001779848413
1005001524768951
32937701364
1000005924402
4000085613285
1005001620504371
32658625322
32835078792
1005001763642966
1005002388345562
4001156499867
33045993438
1005001345483989
1005001326521352
32956928575
1005002281772761
1005002206269243
1005002199533696
4001233187314
4001030936237
1005002425706829
4001352419957
1005002459982631
32495200962
4001094518862
1005001555368096
32810124745
1005002219294486
4000353171726
4001332472569
4000176370974
32605207123
1564301661
33014375747
32884688746
1005002496923721
1005001514255158
1005001612426573
1005002310297831
1005001971452913
32584315324
1005001982185834
32817985346
33007863164
1005001639969240
1005002282846151
4000580849348
1005002194053820
32842795787
32754929519
1005001654235713
4001313876158
4000267750444
1005002399513150
4001293587341
1005002100980684
1005001675406480
4001055936288
1005001806181242
32984082085
1005001827299452
32973347073
4000523625419
32827628030
32954697210
1005002261963424
4000679439934
32972111109
32919079253
4000039279230
1005002122518295
1005002306790187
1005002284633723
4000032198837
1005002213478891
32984746261
32996080147
1005001914467905
1318715899
4000326644078
1005002355194033
1005002289056036
1005002277429441
10000001383660
1005002364105628
4000207942300
32588849306
1005002388378114
1005002491057307
4000396312237
1005001593395236
1005002121123566
1005002389011485
4000096173180
32458609463
1005002317438379
4000928515038
1005002400659703
4000929751385
1005002346441328
32959519736
1005002313923785
1005002235398238
1005002279193405
4000201854294
1005002362683216
32796484364
4000028886084
1005002453288033
1005001965429300
32852828009
4001294214866
1005001870111307
32887450073
1005001594913253
1005002348988167
32993470406
4001012994659
4000856758272
32982227409
1005002091690704
33000908390
1005001473872837
1005001450602881
1005001780853120
33031327903
4000040795086
1005002016840130
1005002337616724
1005002017435367
1005002466948607
1005002454275816
32900389149
1005002352130817
33001972427
1005001703237386
1005001976406224
1005001652979206
1005002289586851
1005002400551057
1005001796900399
4000691547044
4000546595218
4001195111862
1005002286406253
32967556069
100500140751149732897441199
1005002489301970
4000314138836
33059454649
32864789493
32964114403
1005002320427243
1005002197669334
4000764014535
1005001518418172
1005002096346757
32847497714
1466346083
4001121847291
4000548225149
32747210654
32814253905
33003658659
1005001864367241
4000093121429
32732865047
1005001525432337
1005001603312944
4000398084672
1005001893181319
4000103346968
4001161079831
4001017923733
32857335909
32901830864
33060093621
1005002314272820
4000090090399
1005001860521510
32851984658
33041052419
4001022425747
1005001887839590
32844002235
1005001526480069
1005002317587458
1000001538964
1005002478785563
32989649753
1005002337367624
1005002320997879
32998818855
4000790451981
32844947709
32896789863
4000360453615
33004521058
1005002099176315
1005001913402145
1005002207971468
32953844336
1005001265596301
1005001326538036
1005001553508791
4000228191791
1005001398071914
1005001731279717
4001285482521
1005002478009831
1005001731142641
1005001333562144
32949410069
1005002212574015
1005001840115537
1005001915423654
10000401699865
1005002382212201
4001018439791
1005001813773875
1005002193273030
4000614497417
32835450183
1005002362767705
1005002443733104
32870185927
1005002337025485
1000005529035
33055732111
33032531737
1005002231393777
32876402227
1005002314340208
1005002282139578
4000974357311
1005001946264649
32612355871
4001275761728
32965768857
1005002352674001
32962922253
1005001786551389
32855413103
1005001329560637
4000271037617
1005001595559233
4000017216413
1005002288424343
1005002066535779
4000104336020
1005001844947895
4000262075980
4001276066460
32561969758
1005002461616160
1005001633471322
4000265491813
1005001642815235
4000774958682
1005002185275573
1005002176377937
1005002259355442
1000007260765
32911741410
32835332137
32960005427
1005002496109780
1005002345017071
1005002467899366
1005002382878038
1005002315554563
4000203258962
1005002144021794
1005002286695310
4001174826466
1005001864577216
32864290229
1005001783140294
1005001516129586
1005002459775000
32957120923
32847842828
1005002464887308
32981061827
1005002288226240
1005001644718361
32326917890
1005001948597030
32850027108
1005002314990646
4000706746157
1005001731290188
1005002383256390
32949081960
1005001813378460
1005002357690825
4000982870788
1005002398409270
1005001972173772
32886144067
4000945100346
10000056958682
32891352781
4001190152468
10000000826264
1005001861477160
4000802353056
1005002293596599
4001224821086
1005002492710350
4001205695323
1005001698976023
32986609331
1005002253680428
1005002310458460
32740906835
32932773483
1753876279
32792873358
1005002268011875
4001196973678
1005001324829600
32962822722
33003990107
4000886002257
4001007630409
33004801772
32690007264
32891020441
32664065890
1005001679124058
1005001437745284
4000668752866
4001341737198
33042884443
4000982902585
1005001829652640
1005001339490623
32773893491
32976911634
1005002122443435
4001171080974
1005002365202715
32793667399
1005002291968913
1005002304493183
32911546944
4001299012454
4000473547339
32366616201
32956114405
33006759236
4000052480795
1005002294634887
1005001690082094
1005001862780445
4000547822792
4001272399291
1005002090535308
32961319799
1005001302850886
32617107714
32986011649
4001221284346
4001260650003
1005002336491659
33018495307
4001278870585
1005002242576463
33020966787
1005002410841863
4000554612363
4000004248350
1005002029611133
4000151919484
32906847922
32608071167
32811962724
1005002206442370
1005001834927486
1005002210905371
1005001709037563
1005001816935780
1005002224423491
4000118133058
1005001344180074
1005002311012071
4000703587364
32866267197
1005002435800058
1005001688312348
1005001836688325
32611553245
1005001990896807
4000317809397
32441231923
32811822022
32785988941
1005001889562666
32994512069
1005002432184677
4001019925865
1005002226044336
32623928677
1005002393265085
1005001873049388
1005001457395785
32976489593
4001179870490
4000933991849
4000089331317
32869729067
32853446721
1005001579879062
4000067019146
4000803361365
32827460427
1005002376261324
32651575293
32860613260
1005002301712683
1005002430612811
1005002415988523
32974936374
1005001645248680
1005002321586594
1005002219518327
33040677455
1005001854005068
4000091076983
1005002246920005
1005002396471560
32862677357
4000475209965
1005001691117361
32434142095
1005002443497602
4000636663880
1005002253912729
32855511387
32438592131
4000990631478
1005002448738044
33042595994
32856079245
1005002357184511
33004368257
1005002311371135
1005002408337675
1005002249894466
32807034342
1005002346483899
1005001998544268
1005002459988162
1005002211803953
32996146783
32838234998
32968859608
1005002439972491
1005002065468947
32947902800
32863657755
1005002072413752
32960970838
32925983471
32948912208
1005001913024492
1005002363782794
1005002313193426
32967327018
33062927748
4000799544026
1005001872542172
1005001840107938
1005002122459598
1005001742590306
32691708316
4000272196569
1005002212422437
1005002314787095
1005001896075352
4001098300721
1005002253510190
4000858970041
1005002408727792
1005002328730263
33031851722
1005001425538506
4001174872295
1005002328334536
1005002340907687
32917669983
1005002166344379
1005002357575678
1005002480464086
1005001983277215
4000385123350
1893840524
4000139761755
4000917500901
1005001718012459
4000903833414
4000458730321
1005002279073500
1005001874070244
32863505196
1005002310184106
1005002219595147
4000740532279
4001190452420
1005002275470292
1005001581629329
33018883365
33019278226
1005001648517403
1005002219451242
1005001756599219
4000008871022
4001262486604
4000200168497
1005002401407691
4000401985833
1005002489204033
4000628601513
4000461341892
1005002301905109
32752710771
4000969743480
32996740220
10000146197600
1005001907007718
10000395842867
32971724836
1005001946543475
4000208264610
32848826310
4001094437087
32884091947
1005001693947597
32862631592
33053565782
1005001392215078
1005002413361577
1005002326257039
32988041561
1005002278867811
1005001290009618
1005002095919750
33009793971
32672927888
4000747393200
1005001918771231
32983003087
1005002291700149
32340248223
33035017930
32819200792
4000205133845
4001295111607
32844751994
4000755386297
4001148313380
1005002297700909
1005001279483971
4001001298003
4000309199078
1005002447756511
1005002471274817
4001294505852
1005001764884052
1005002219392868
1005001763279844
4001207168468
1005001575324929
1005002314371216
1005001515211346
1005001664787943
4000235044478
1005002428209058
4000668380019
32854625669
1005001338717021
32719190802
1005001714635347
1000008167950
4001085094075
4001039464108
1005002050456332
4001050890332
4000745846326
1005002413406510
4000717198747
1005001782956222
1005002408217082
1005001650999450
1005001623573472
32325781822
4000711796783
1005001838925094
1005002213337551
1005002347290934
1005001599264046
4001227639733
4000379341696
4000354688809
1005002481275488
1005001608166851
1005001680580783
33017194871
4001068325964
32946252113
32868857694
1005001958897028
1005002443296840
4000601095729
1005002213484785
32972177914
1005002313966716
32463832793
1005002351531310
33053675931
1704128520
10000356223379
33003482222
1005002218312524
1005001748616296
1005001407458856
4000199644434
32838974822
33040342171
32970244482
1005002283516536
1005002028115754
1005002327112483
1005001801178637
1005002179171924
1005002344310496
4000772753547
1005001338741869
1005002379334551
1005001986881836
4000242071993
4000730141023
1005002014857310
33025677970
1005002290893815
1005002003108748
1005002316731479
4000718726369
1005001971901094
33027497952
4000176805427
1005002271728844
4000358894228
1005002434653514
1000008371441
33058506124
1005002007752170
1005002350636979
4001107123646
32841134141
1005002471360303
1005001524351790
32571448009
1005001957459030
4000105005135
4000400684040
1005001694617495
4000987079867
4001174310157
4001076223824
1005002412888117
1005002396628547
4001340387031
1005002406111187
1005001864845346
32968429961
4000928129589
1005002419380599
1005002400707052
32590623982
1005002389368753
32853261473
1005001704373209
1005002313582247
1888779754
32638734598
4000552361323
32948869285
1005002122239887
1005002420956915
32901390087
1005002223990552
4000297591869
32832708391
33053554527
1005002280432943
32924989010
32903540603
1005002459055708
1005001888995623
4001236560318
1005001609504971
4000067984083
32851499950
4000662616222
32830534239
4001127303589
1005001615155871
4001229012027
4000241180244
32849680646
4000266415837
1005002317370673
4000398012506
1005001568549509
1005002317142050
1005002313987361
1005002316361239
1005002122288817
4000178352184
4001218186254
33047858719
1005002454211912
32990793044
4000403154041
1005001792992807
1005002469133275
4000236281404
1005001764359589
32909372967
4000923496001
1005001894844787
32770822775
1005002174961681
1005002210035453
1005002178277572
1005002271129610
1005001817524615
1005002219302811
1005001921113560
1005002428082910
1005002298346323
4000458841204
1005001585410741
1005002133351273
32983808815
4000285958487
1005001418297901
1005002369031756
4000296481011
4000699498003
1005002443437589
4001046203855
32373326554
1005001375466554
1005001622042594
1005001981228570
4001278927511
1005002371628407
32952422830
1005002272795353
32851836293
1005002388402136
1005002339505033
32969389061
1005002132313977
1005002382222451
4000085100186
1005001474603441
1005001928134189
1005002298284903
4001269710204
32940628628
32918878767
4001139945813
32812850687
33062738354
1005001664760780
4000036664672
1005002271196378
32611005457
1005002038923651
1005002291463490
4001310825016
4001244338325
32952727695
4001175563948
32968449202
4000894725763
32829230232
1005002467029578
4000248234191
1005002262132807
4001257764214
1005002028672327
33052435320
1005001790349586
1005001307833312
32881176445
1005001842865381
1551155534
1005002329866490
1005002388078646
32631486330
1005002167370358
4000287017218
33054560444
32947980111
1005002280905059
4000434047039
1005002210421051
1005002297991248
1005002443392842
1005002488008204
1005002387807955
33026330975
4001230052884
1005002337938021
1005002276734335
1005002435588019
4001225957277
4000710310225
1005002474195944
33000461163
1005001345152805
32858825601
1005001587364848
1005002314347479
1005002315952140
4001149753026
4001130667660
32986727858
32953636572
1005002319221004
4000469469372
4001253901355
1005001736616967
1005002038355735
1005002143059891
10000406407437
1005002404479987
32961168180
4001130936844
4000444336253
32906466848
33038388089
1005001373983579
32891214364
32967735973
1005001670484586
4000337286339
4000825554311
1005002298164560
1005002275391975
1005002037449735
1005001947920606
4001003368804
32328121077
32852706306
1005001963224538
1005001617973113
32685791057
32470000409
1005002257011233
1005002397918794
1005001388307433
1005002303781217
32993158523
10000050895391
4001257134686
1005001714357337
1005002287161097
1005001387122735
4000561853891
1005002381418705
1005002156172406
1005002206377906
32981007611
32882409779
1005001332736949
4001344116471
32816920448
4000001770314
1005002356903565
32723939024
1005002459916034
1005002345880267
1005002424152951
32917992525
1005002118667840
32843129229
4000120630501
32847443392
33010667097
1005001774035435
1005001812182297
32968087068
1005002282053920
1005001728809791
1005001596998029
1005002349592997
1005002323655225
1005002341586391
4001118174705
1866628171
10000214105118
32908680688
1005002443694273
1005001343293500
1005001387427849
1005001698734820
32970900380
1005002304228541
1005001314954708
4000987294921
32795046761
32868973742
32958521810
33004211298
1005001593778270
1005002329141466
4000043050665
1005002253900305
4001211344255
4001046288656
1005002085068124
4001024007176
1005002058534767
4000307560186
1005002246055549
32834731431
1005002404278266
32922594756
4001234622008
4000210472465
1005002030430785
1005002253971551
1005001709207724
1005002318417684
1005001644825653
32981711790
4000927466811
1005002330502137
1005002281023052
1005002425141435
4001255675646
1005001893260010
4000243872116
32594365566
4000689333297
1005001907098287
1005002382106539
1005001490664234
4001065033562
32843697932
4000819381925
1005001901973749
1005001515327855
4000267528796
4000585913462
4000105291739
32908528952
32968154078
32894659251
32946157116
32840546438
1005002287991195
1005001586096959
1005002285870531
4000907861999
4000627058454
32350154247
32914318988
4001031472870
32783829312
32955144658
1005002347025860
1005001518252593
1005002114869474
4000961998280
1005002453823785
1005002474640411
1005002315363498
32856881053
1005001971796676
1005001926473290
1005002462769959
32889017484
1005002314332956
33015971991
1005002228695011
1005002307457109
1005001814285321
4000214076503
1005001861250884
1005002476587212
1005001355967122
4001230320606
1005001456521702
1005001982214850
1005001675948663
32832810874
1005002101523062
4000790188683
4001264069761
1005002348641320
33028886750
32976674681
1005002281448387
33006082276
4000211373724
32720731223
1005002372140033
1005002314360899
33047918590
4001199128515
1005001774246286
32840677604
1005001868953446
1005001868991922
32964320187
1005001859358437
1005002409945796
1005001894892655
4001076599573
32849999501
1005001854784701
4000895995600
1005001758211164
4000201646390
32790259071
4001263334718
1005002237405634
4001204840536
1005002233014572
1005001922569712
1005002368118067
1005002259605136
1005002339139954
1005001939760482
32761092603
1005001803208918
1005002298343159
1005001901174511
1005001860085033
1005001812905421
1005001933332687
1005001961003201
33027705154
4000078377654
4000290878187
32960269107
32857908070
1005001915336690
32814569474
1005002255116408
32787691703
1005002377985736
1005002387556508
32884130691
4001009637657
1005001520295675
1005002286240167
1005001285750468
1005001894313064
1005002305054337
4001155246571
1005002196099249
1005002484286911
32317689904
4000338162337
1005002462213672
1005002080375016
1005002433659656
32816721834
1005002080307847
1005001411174734
1005001704923673
1005002258748655
1005002007846112
4000559758126
32816008058
1005002362577810
4000182083670
4001279823624
1005002271253231
1005001369130426
1005002246251957
1005002283326135
1005002376772978
1005001645523734
902607725
1005001986070908
1005002358622785
4000971089929
32966966273
33004498478
4000272447613
4000666326172
33020523454
4000159810591
1005001941348818
32342399882
4001299508027
1005001284996578
32846584054
1005002400123076
1005002122229930
1005002316607776
32832181488
10000399972231
32850800773
32893683020
1005001999088835
1005001659132419
32968649099
1005002472279760
1005001698472700
33008350583
1005002313433282
1005002306972902
4000140396471
32972580964
1005001793072513
4001340351908
32824875013
4000074942038
4000626432017
1005002443696956
32790935037
1005001958570030
4000424362085
1005001803914884
1005002094426339
32952068644
1005001692616408
4000418378647
32912998580
4000946079924
33047737300
32931209856
1005001950597174
1005001843902233
1005002121045168
100500183518386632998474252
10000127443605
1005002352568682
32811498090
4001306110973
1005002213539810
32846206009
1005002430751101
1005001730602676
1005002319264874
1005001834692294
32994537188
1005002356931448
4001021123449
1005001769490991
1005002386715210
32961399529
1005002365928175
4000044869053
32950589741
1005001974047748
4001259300339
4001276070840
32423460569
1005002337669744
32957915596
1005002260217722
1005001965549314
1005002302270204
1005002290801915
1005002359298322
1005002288768585
1005001862941192
32970866371
1005001272712457
4001176068982
1005002323849146
4000324747061
4000361069729
4000210947636
4000054025066
32979638422
1005002178178869
32951406371
32830667852
1005002246267260
1005002367708216
1005001849720538
4000959899033
1005002298574418
4000925599454
1005001987308737
10000027064313
1005001396946719
32522017371
1005001525347863
1005002336904451
1005002239627060
1005001426427287
4000837984059
1005002147360532
32815973451
1005002352565574
33048794274
4000396614888
32846880322
1005001383101950
1005002253983791
1005002382413519
32902401458
1005002176452087
32857302876
1005001906525877
1005001687770377
33060510502
32222925671
4001314277288
1005002069910542
1005001865549588
4001293336788
1005002427851817
33034854362
1005002344894935
32822464957
1005002340840497
4001235118301
1005002452863573
4001176245368
1005002165041298
1005001364858507
32885661579
4001083431415
32863141678
32654626333
1738223741
1005002068544676
32818291097
32828001435
4001060868544
4000874702422
1005001323843661
4000229055835
1005002350231199
1005002320930176
1005002090586142
32952313606
4001022106727
4001345010629
32889188790
4001235530315
10000003374403
32834947337
1005002181430192
1005002146092817
4000334162647
4001053102228
33037994764
1005002231445171
1005002314290435
1005001279511424
1005002373981437
33031867607
32890067047
32912552049
1005002316266135
4001081260571
32993960224
1005001838370811
32964676137
32965600557
1005002100691763
1005002380785399
1005001521482877
1005001580395201
1005002400808941
32945301431
1005001308700086
1005001714767984
1005002224802068
33011972674
1005002148762894
1005001765802165
1786262569
32820883246
1005002315042014
4001023192359
32889986059
32999293659
1005002353281796
4001127590418
1005002346245640
1005001520324149
4000539597024
33032043236
33029011106
32448356691
4001046197249
10000157402699
32944306869
1005002481211092
4000043689015
4000020552157
32917059291
4001038997381
32912546466
32654891420
32926406174
1005002311429786
4000133582535
1005001466633409
1005001319433051
4000481233303
4000989625243
4000282946140
1005001997652814
1005002489164492
1005002282473730
32668995583
1005001722310736
1005001275809844
1005001617651129
4000186973256
1005001889099808
33062514350
4001257366436
4000607176659
32853398305
1005001317409572
4000497437996
4000983514332
32959278382
1005001918630111
4000928141685
1005002310340704
1005002346762659
4000383485106
1005002461827684
1005001499043363
1005002351942305
1005001732746329
1005002287807425
1005001841958384
4001340122030
1005002321592680
32314051853
1005002450944795
4001165649138
33013232347
1005001929393368
1005002025299248
4000382725767
1005002186003030
1005002328185263
1005002307686429
32350151129
1005002375095843
1005002376267924
1005001899319724
1005002500065895
32954886362
33063438039
32242686886
32973128628
32751895532
4000546594555
32929543179
33023693720
1005002470092444
1005002289984886
4000934428869
33010732287
1005002091259930
4000818091677
1005002322724503
4000810050022
33023686058
1005002301120470
1005002115613201
4000900459441
1005001613825769
32602563825
1005002416298854
4000265496369
32824841618
1005002423895360
1005001356028764
1005001882498922
1005002309337992
1005002253187063
4000712501549
1005001553284812
32631864080
1005002260398246
4000198548395
4000670730264
1005002406539125
32819382859
10000152827824
4000386230959
2012686607
1005002427920101
10000085002529
1005002326779917
32794229416
1005002373087545
1005002213456931
1005001416763566
1005002283309446
1005001686152203
33031343283
4001194413307
1005002287692404
1005001703811965
1005002176496070
4000165675115
32780966184
1005002317447100
1005002275623410
4001040995898
4000548951895
1005002478462430
4001035594457
4001223947209
33061246434
4000196060699
1005002272011207
32816495794
1005001397060872
4001202286532
32982351831
32883537667
32969304712
4000215383358
1005002457849695
1005002361733438
4000172100133
1005002376768917
33017611784
33054309760
1005002262553050
1005001976050556
1005002271250130
1005001845863463
1005001380999000
32815888926
4000149310265
1005001758174860
1005001419757987
1005002433368375
33018070542
1005002323307034
32960911438
1005001369135080
4000404577494
4001052567553
1005002000299671
32917852520
1005001769431002
1005002161819730
1005001355093442
1005001633419566
1005001765468737
32852394487
1005002372417873
4000865230760
1005002122375426
1005002267885620
33058494465
32820118106
1005001729404556
4001156713500
4001351554503
1005002233385428
1005002375051280
32870698532
1005002347231998
32617975319
1005002435318237
1005002270511447
1005001744561965
4001290446465
4001077461979
1005002167953536
4001158563661
1005002254979024
32874109217
4000709129862
1005001695084215
4001120714149
1005002476984807
1005002350216446
1728703095
1005001619782349
4000101366325
33007247916
1005001889395186
4001017019048
4001014821157
4001255087714
4000127744157
1005001809191843
4001159500298
4001174793623
1005001792388072
1005001452004359
1005001834044165
4001065129096
1005001694867038
1987105643
32884601807
32864607415
1005001565566700
32776014216
1005001658784993
4001094374964
32812935337
1005002313219616
1005001617098478
1005001761980645
4000546560447
1005002120904365
1005002289996354
33001374375
1005001695491430
1005001762313521
1005002481024057
1005001682517375
1005002295228682
1005001949068454
1005002305206388
1005002386456755
33010941411
1005002404676067
1005002395960548
32913878189
1005001447217989
4001163069359
32803696262
4001116552137
10000004990400
4001256321603
1005001704643762
4000764735915
32796970815
1005001957874671
32851460007
32968812906
1005002272425562
1005002214636311
32834408295
4000074555969
4000929655326
32835199374
1005002357037808
1005002454472294
1005001697020186
1005001496463354
1005001596295683
4001160639779
1005001952509865
32927738232
32369424395
1005002334106303
1005002329706469
33000220234
1005001345135867
1005001794021808
1005001313949702
1005001392480438
32891291612
32831448053
1005001602515129
1005002296719515
4001360730010
4001179491948
4000313407508
1005002273320309
32970413448
1005002316053467
32997366724
32790240523
1005002198735668
1005001929891810
32947161703
1005001680965323
