4000132572558
1005002205042714
32974637583
1005002314495651
4000108256900
32690623345
32935147458
1005002063169458
32812707592
1005002340375121
1005002233882068
1005002329856346
4001274726821
32960612702
10000423241541
1005002063468153
32858662590
32955603813
4000712130713
32766463190
32829431388
4001037069331
1005002413141694
4001142030418
1005002450830990
32813527509
4000706247618
1005002337429126
1005001270502806
32484827834
1005001584417433
1005002277662807
32965046886
1005002332266300
32993182195
4000794687366
1005002095242753
1005002314267032
1005001463990823
32946245391
32916181430
1005001966391298
4001214341770
4000898772910
4000329649914
4000725718819
1005002478747088
1005002359028062
1005002067982801
1005001362109661
1005001394228975
4001309601604
1005002241545643
1005002315029180
1005002400882727
1005002319276056
4001152124198
32989386738
1005002457930440
4000953627996
1005001859377854
32982302888
32996477073
1005001720806789
4001017790195
4000534705029
4001263795486
1005002241735058
32985191798
32838142037
1005001808303474
1005001791928458
1005002357479621
1005002205847565
32995374008
1005002312549926
4000246547144
32895125397
1005002123433603
1005002324083985
1005002318345698
4000336748635
1005001814521577
4000963093800
1005002318592146
32919396834
4001321591288
32997433200
1005001506823795
4000267211372
1005001850168916
1005001689957922
4000748761325
32913925443
1005002340452783
1005002310190503
4001097810476
4001144837451
1005002366214206
1005002447324707
1005002312375779
1005002333676441
1005002428062480
1005001518657521
1005001382513715
32915755208
4001061970117
32843888923
1005001629426245
1005002373053344
1005001321687223
1005002484961220
4001271961436
4001206828878
4001277640750
1005002252513602
1005002314296840
4000270576293
32822391635
4000226200271
32869977783
1005002166755634
32832215650
4000219279928
4001179799829
33030014174
1005002426739600
32820553161
1005002356934427
1005002416409367
4000149525374
32930463572
1005001463418872
1005001598859970
32949803086
1005002049453908
4000496033272
32905404255
1005002449950655
1005001870145518
1005002476339895
1005002291772946
32908798469
4000061748150
1005002490438782
1005001611695171
1005002121186289
4000965893201
1005002367982270
1005002386482628
1005002317313742
1005002314228900
4001141434097
4000332485046
1005002412726983
1005001776338934
1005001704780858
4001130870307
1005002337529778
10000301157978
4000993783302
4001015152677
4000314531109
4001041913393
32810811138
1763017668
1005001859047809
1005002174338994
1005001302549045
1005002401485303
1005002456815091
1005002076391409
1005001849529412
32914172276
33054009296
32529846973
1005001564828753
32921450424
1005001354471338
32992358432
4000314560340
1005001640749563
4001226148040
1005001971595181
4001256950638
4001320915351
4000866943514
32840500522
4000035660983
33015829583
1005001703443185
4000177312957
33046636461
4001227676607
32250668638
1005002185513794
1005002315715069
1005002175709082
4000746443853
1005001618026671
32718859023
1005001498676401
32656954118
4000597879450
4000639612865
4000865419423
1005001681809230
1005002220641541
32972773772
4001055024123
33048842364
1005001849526750
1005002304766521
32695961527
1005002224423176
32672523058
4001146866642
32829677005
33034200394
1005002281566103
4000442416991
1005001432435534
1005001344424235
32639745917
32789882095
1005002388830714
1005001797951000
1005002448853297
4001189274678
1005001659092032
1005002350690167
4001245670522
1005001369134757
1005002122282748
1005002438469162
1005001868501482
1005002395496879
1005002353113471
1005001998171398
32536082286
1005002420957110
33048901464
32999049573
1005001633123289
1005001942932359
1005001992992543
1005001845500359
4001005219344
32756722803
1005002233315428
1005002443073727
32716737537
1005001456813491
1005001362619067
32936561551
1005002242367265
1005001457498513
1005002417603670
4000089659875
32995608820
1005002337661725
32667209236
1005002124777245
32882668321
32968046652
1005002086261945
1005002448805072
1005002035767942
32854115726
1005002357535082
32849774943
4000253324398
32826861399
32793641213
4000064333813
1005002006348166
1005001769773727
32838071993
32662291718
33051223902
1005002387344396
4000095087658
32916172500
1005002383859018
1005002170794592
1005001717975868
32827341278
4000097971734
1005001918513885
1005002441404155
32863962494
32862666136
1005001368117709
4000191052699
4000593537952
1005002318125541
32444745568
33038238474
1005002409310242
1005002285768808
32257096253
4000114353680
1005002249028059
1005002316916763
4000869455445
33002375919
4001154656960
1005001398566766
4000062889889
32884755338
1005001725696555
32967083979
1005001430598063
4001343537318
4000050427047
1005001680534282
1005001437459872
1005002304081632
4000111438320
1005001396951457
4000264199502
1005002265324070
4001237594765
4001270339179
4000543983693
1005002435810177
32654356150
32702523239
1005002105766003
32952989137
32691966512
1005002350750129
32549903617
1005001742928127
1005002060316048
4000257709807
1005001869339534
4001075329446
32922913027
1005002363688111
1005001493953057
4001313312502
1005002393742226
1005001564909476
32782144352
1005001494897597
1000007627160
1005002493352640
1005001482496135
1005002207057313
1005002228699119
4000310869032
32609547053
1005002323180394
1005001994671974
32905052852
1005002115967814
33053667756
32868380458
1005002314451121
1005001525472343
1005001886242670
1005002225375650
1005002310498527
1005002393897067
32840198630
4001175466042
4000264762716
33027957223
1005001993148924
1005001835661019
1005001814778964
1005001275242032
1005002080676475
1005001705294406
4000325249014
1005002315719271
1005001907989630
33003707202
1005001591252484
1005002029864204
1005002049693620
1005001512982484
32629279165
1005002004713080
1005001540088977
32567492276
1005002272463248
1005002275212829
32976714086
32560833564
4001209447892
33031863588
1005001857164298
32968248903
32967744013
1005002348661727
1005001490428080
1005002198718614
32997441320
33028911119
1005002278820418
1005001880411222
1005001929684663
1005001841956915
1005002473858584
1005002292558282
4000131133062
33007182148
1005002452847158
1005002315326752
33055231580
32805119553
1005002430696062
1005001942902645
1005002273910294
33003064979
1005002094646541
4000905696351
4000998593525
1005001476729525
4000783059226
32888173836
1005002315934182
1947678256
32531505110
32966830018
1005002318896903
1005002313821492
4000835325562
32910015305
1005002489014036
32846715361
1005002137890640
4001206102876
33051442228
1005002315027588
4001240178469
1005002468303257
32719945158
1005002348386727
1005002322643154
4001038675768
4001230306896
32956747906
1005002133462691
4000494123539
4000079788425
1005002449763041
1005001608339442
1005002433068192
1005001952092864
4001042705989
1005001338830498
1875487035
4000928189855
1005002040375291
4000147879706
1005002416085910
1005001441263887
1005001558456585
32896425945
4001276230487
1005002344650953
32846681167
4001308212017
1005001670593549
32868412342
4000800685775
4001025003486
1005001548249852
4000295634839
32834175856
1005002210399698
32970941084
4000313794296
32658759334
1005002289214145
32948728450
1005002237799844
4001066642199
1005002490700215
33046085604
1005001970397938
1005001432550486
4000017213627
4001207102949
4001258851386
32973886286
1005002295118911
1005002233870415
32877583169
1005002264798604
4000893692608
33035850345
1005002232039753
4000548887687
1005002352408549
32995231785
1005001962354083
1005001963963676
1005002353553945
32592773909
1005002278419041
4000145361322
32890630035
32762798451
33035385207
1005002395662040
4001053667575
1005002359400954
1005001930764781
1005002312352274
1005002399942422
1005002096125063
33040867876
1005002459643336
4001207911599
1005002370598991
1005002480760014
4001313565832
1005001656764297
4000815094844
1005001275596165
1005001659537636
1005002373158064
32750276581
10000348960617
1005002273641551
32838047379
1005002196823004
32839848589
1005001969947661
4000438477591
4001040874677
32889742334
4001258372921
1005001402631763
2005647316
33022623344
1005002484565336
1005002131944502
4001039412160
1005002203934876
4001037504492
4001225203205
32853718665
33022333843
1005002363326355
1005002311125913
1005002491895782
4000366204960
1005001325328817
32849257190
1005001636662753
1005002443091734
32919288185
32983582908
32975218609
1005002307815608
1005002229188445
32881292669
32975872483
1005001877819481
4001119774361
1005002383420384
4001332521302
32882590430
1005002450057509
1005002032354096
32898874124
4000986435049
4001169041727
4000041944377
4000715215052
4001149570659
1005002104020999
1005002393205541
32856372652
32961358319
32879421750
4000144333340
32926482641
1005002362405523
32995867684
1005002022690922
1005002368218105
1005002180457626
1005002002740708
1005002120647267
1005001782739867
1005002118810167
1005002232573260
4001089359840
1005002265743616
1005002259218173
32817460072
4000598974441
1005001835565117
33053174119
33030014003
1005002359827191
33059864366
1005002271627802
1005002313691545
32916892398
4000186028868
1005001802756562
1005001742428505
1005002372415033
4001271769201
1005002289567300
1005002276198102
32690738477
4000075196577
1005002344870059
1005001450581783
4000411239882
32862764188
33000397239
1005002409698516
32858953272
4000698247944
1005001881410499
1005001857262387
33011564297
1005002308839733
1005001488437735
33012767559
4001015705692
33039856259
32981874372
4001346996185
1005001711362393
1005002443536188
32768839699
4000607174640
1005002313833287
32917745600
4001300288705
1005002253871771
1005002095855253
4000630405527
32908032415
1005002267921689
4000934497699
4000155587607
1005001967164109
4000009643138
4001039301319
1005002079293919
32968769551
1005002087235466
4000178226049
1005002002302274
4001177742782
32920355688
4000237943103
1005002487918815
1005002438604522
1005002466846212
4001050619222
1005002386993688
1005002107213618
1005001869701819
1005002205733757
1005001993146312
1005002400091585
1005002460147883
1005002279561850
1005002412664680
32940814863
4001079000228
32813395787
1005001397136149
33046501061
1005002462758726
32849221733
4000937562489
32860171448
32881430817
4001096283944
4000127652340
33036068117
32838018131
1005002439859155
1005002390842892
33008420395
4000212943827
1005002310306503
1005002235169786
32954608678
1005001444405296
4001275809085
1000008316834
32890567420
32848589945
1005002383287888
1005001790547060
4001284494261
1005001990717212
4001200045684
32849016201
1005001302204762
1005002326378704
32859492587
1005002382410733
32964647564
1005002358660667
1005002482204547
1005002356216071
32846428868
1005001770215564
33005512651
33017822924
4001154679157
1005002437850422
1005002322122724
1005002253567775
32945604692
32809895798
4001244360717
1005002432413712
4001179275807
1005002032443685
4000816942730
1005001402237178
1005001699274468
10000084870324
33042810185
1005002147942882
4000417395441
1005002082024301
1005002456827895
33003639031
4000101595419
32763562420
1005001947258159
1005002370177866
4000246087088
32978379444
1005001334966340
1005001363877555
32850591224
1005001731362905
1005002449208689
1005002467303596
1005001997654075
1005002310380420
1005002421412831
33010416427
32855983616
1005002388376256
32266932674
1005001748405366
1005002394688474
1005001418429598
1005002479602035
4001000704195
4001228576319
32805223541
10000097674326
1005001888453885
33050822266
1005002056515442
33023004449
4001276782322
32744261943
1005002279040130
1005001729278294
1005002383630645
1005002286776029
1005001586119115
4000990701861
1005001737468013
1005001981922810
4000747452450
1005001868772943
4000190457226
32903197169
4001081996116
1005002289098480
1005002264572420
1005001839771775
1005002326621381
4001171649712
32822520459
1005002454728042
32824626907
1005001691290835
33054984544
1005002453305442
4000176838556
33014906914
1005001732236129
33017031231
33002695749
4001323100208
1005002328578928
4000938231219
32924028397
32890795494
1005002276767774
1005002305897907
32866629726
1005001505043828
1005002340915651
4000430678307
1005001420868029
4000899635078
1005002406715226
1005001942134827
1005002358657781
1005002408303910
32809060953
32793025430
1005002133680585
32934691980
1005002347638033
32461737559
33015925006
32806345693
1005002129832212
1005001710680012
4001110428350
1005001511801312
4000423301368
1005001699278649
4000576267697
32905105604
4001080063950
32989496045
1005002438549081
1005002246265344
1005002371482051
4000837434105
1005002423708178
32973127532
32826266369
32827777927
33053075346
1005002340021567
1005002171063339
1005001859678585
4000296415306
32897244241
4000332294931
1005001798620592
4000960616345
1005002480590250
4001223430213
1005001971610489
32606717687
4000751851361
1005002260309671
1005002320487898
4001093546654
1005002286230215
4000074009997
1005002432378885
4000996639611
1005002331799869
1005001505604882
32924480084
1005001295469139
4000922431758
32827622756
1005002093874438
32917751623
4000500162458
1005001585735652
1005002317442696
32703951094
1005001398602330
32956015644
4000798006139
1005002313832430
4000929155395
1005001585005477
1005002359870561
1005002482810541
32851220702
4000842992692
1005001699326179
4001105410856
32911108927
4000686677921
1005002489816690
33031555554
4000860431155
4001199409865
1005001299071329
4001119352774
32853659194
32971734522
4000324933784
32948927706
1005001308719934
4001290404778
1005002314140197
1005002246929903
1005002368673470
1005002276540285
32999417268
1005002304231432
1005001722340401
32901311571
32701102681
4000977337516
32983994477
1005002236171733
1005002020496041
32845028355
32861823139
1005001506697746
1005002073304363
32703745009
1005002304517620
4000784379526
32885813637
33053888211
32822317130
1005002285887674
1005002165227128
1005002344945576
4000133977556
4000354961835
4000798002216
32972608759
1005002298185783
32839695215
32506397659
32902041069
32896026541
1005001692726714
32253586836
1005002066204978
4000932656391
4001037177834
32863435666
1005002454281492
32909226567
4001306222185
1005001821466155
1005001714176751
4001085096921
1005001972691652
4001039733160
1005001348406926
1005001858227601
1005002031921710
4000162584876
1005001552194005
1005001876456424
1005002259116626
32908214157
4000983622204
4001081361868
1005001650559548
328223466111005001623272867
32919389590
33045330255
32961238639
4000823638553
32584955093
1005001823822753
4000082089847
1005002443415895
1005002251796834
4001259421191
1005002281361334
32822338927
1005001627971837
1005001940936131
1005002317626288
4001124775170
1005002345517757
1005001415364980
1005001732537012
1005002129745391
32217620670
1005002168044955
32978459868
4000648663829
32996091392
4001049410535
1005002360287691
32687479097
4000732812430
1005002219200222
1005001570922056
32613544324
1005002242225579
33011348098
1005002316224003
1005001334540274
1005001756652673
4001142865542
32964337532
32626278537
1005001818991304
1005002356183070
32950630090
4001308279775
4001179292927
1005002333334036
1005002210790551
1005002490483041
1005002232022589
1005001998938536
10000337596573
1005001640274371
4001278582533
1005002033201847
32512477228
4001253777339
4001112733852
4001327312028
1005001796576688
4000793715691
1005001730910842
1005002069169663
1005001878555801
32844178410
1005001988159568
1005001763085895
1005002234973179
1005002314214234
1005001388145405
1005001732144860
4001135900730
1005002376024907
33058486903
1005002284642943
32827107264
4000373109864
1005002422765876
1005001438010595
1005001698948502
33006354556
1005001640517201
1005002447245189
33029119289
1005002179599947
1005002405171748
1005002330799044
1005002319419648
32949351168
1005001797789489
4000174805248
4001289954187
4000640780335
756345452
1005002373227139
1005001496008086
1005001830281534
4000320976942
1005001528685374
4001170063625
4001050259274
1005002237427535
4000842645601
1005002293922675
32806244852
1005002323110645
4001330620866
4001152987227
1005002320666306
1005001678094007
4001271581568
1005002214837507
32827817012
32961656843
4000928786048
1005002390137449
1005001959776253
32829072840
902564913
32577130563
1005002306958236
1005001822188324
1005002239422520
4001332987334
32391563177
1005001381794530
32959874644
32708496486
4000248831521
4001340144265
33018349315
4000337611074
4001130963224
1005002004967810
4001131341580
33020819509
4000511800759
32617902789
1005002166005139
4001022822306
4000492765860
1005002329507874
1005001515834729
33022200046
33025536683
4000784102579
1005002417773992
1005002326097570
32863763391
32909298305
1005002237842865
4000557220165
1005001386179445
1005002321967224
1005002408306947
4001084095481
4000243007408
4000838074824
4001062337915
4001235716659
4001175642114
32833486219
32889482725
32956576511
1005002265440995
32923776407
1005002398466344
4001175248719
4000253208257
4000279721749
1005001863471976
33053812983
2028679676
1005001622329521
10000287540171
1005002430736029
32977723768
1005001759471907
32803589238
4000805563727
33036454602
1005002286161923
1005002280506664
32789671787
4001237461722
1005001729961954
4001149415926
1005002027180853
33034962972
1005002305661024
1005001950103558
32822479581
1005001444250277
1005001691239460
1005002282595458
1005002231704260
4000990767622
32994018591
4000059109374
1000001741464
4001330666051
1005002270977681
4001063002977
1005001274115205
4000081790313
1005001299013183
33030110201
32893117337
4000910773605
32699378292
4001313150495
1005001774496225
32796104776
1005001677332682
4001360785419
4001047076205
1005002003107429
4000097228363
32922154896
1005002087781600
1005001528705551
33035552460
1005002318314610
1005001748204110
1005002190891914
1005002418445468
1005002436142106
32952516430
1005001779700202
1005001302572094
32591569039
1005001988159636
1005002394697877
1005001565046690
32982644877
32999383516
32854757243
33049069684
32994029271
32635873151
1005002391371239
1005001786499892
32407881916
1005002267668474
4000695562257
4000273026897
32963782662
32887098415
33005980569
1005001516084045
1005002292424941
32863983662
1005002426142559
32999583598
1005002449842232
32856746161
4000850421899
32861910422
32852700358
4001025132558
32966984021
1005001370205406
1005001639461062
1005001831671183
1005001995295804
1005001626281694
32885039696
4001071480447
32774964377
1005001875422479
1005002427869743
32962298988
1005001658139292
1005001825987805
32848240192
1005002400547410
32779323106
1005001636793214
33027220858
4001233648743
33053267861
32531524506
1005001292028779
32817722843
1005001325125800
4001211755441
1005001779886564
1005001585729818
1005002428446158
4001317533948
4001247785240
1005001632457048
32966117139
32858422557
4001060155262
1005001571721875
32948499058
1005002315638559
32974641576
1005002375314696
1005002401715893
4000727810816
1005002333741147
1005001644913471
1005001879014145
1005001928211761
1005002012391410
1444720793
32975514684
33050071300
1005001501374686
33041646256
1005002286800842
4000854532641
1005002380945813
4000167993048
1005002330735747
4000672186619
4000362771925
32783959995
1005001606164109
10000156752563
1005002261592408
1005001893279790
32949716473
1005002232836052
4001112577403
4000083907441
1005001704416716
4001138794349
4000618573019
4000456622858
32856014177
1005001808595197
1745953475
32756179438
32951123018
4001058705078
4000714235287
4000244901426
1005002295230980
1005002288397362
1005002334299405
1005001393207514
32935934413
4000438353348
33000366938
4001073571212
1005002187783967
1005001511477171
1005002037493657
4000674285801
1005002256804629
1005001728380646
4001165437514
4000052805925
32911301784
32750990631
32892487091
4000883522237
1005001415264227
1005002403913871
4001092081438
32843986162
1005002481108823
1005001588233796
4001235426677
4001114661022
1005002019052642
1005002330660817
1005002239665873
1005002275314279
1005002167809323
4001360006429
1005002321144854
32889886115
1005001955007086
1005002154764103
33025708387
4000172494715
32532106490
1005002384226305
32449720772
1005002148608414
4000974886466
1005002452734980
1005001326556972
32857459087
1005002212683379
1005002390656055
4001260352743
1005002272458621
1005002279273338
4001236942835
1005001851835451
1005002279075040
1005002356206615
33054535843
1005001506703095
1005002312741556
32994690919
33003457994
1005002116711320
4000838238873
4000695252114
32992569441
32767199728
1005001792607952
4000993932393
1005001501513069
1005001357913576
32869678368
33056890281
32967446894
32695428964
1005002334229607
32867547379
10000146240525
1005002320010504
32787212631
32855436269
1005001483484298
1005001990385401
1005002325388955
4000287840627
1005001387770802
1005002315936683
32893303039
1005001721207269
32998378747
1005002310619620
1005002238922258
1005001692929321
1005002264581702
4000987115172
32854532629
1005001667511226
1005001457231859
32807518011
33012471809
1005002470219983
32614642909
1005002317713568
1005001905589577
1005002212391090
1005001359494954
1005002201280702
1005002003284575
1005001730756359
1005002028800305
33052803983
1005001605036314
33022899352
32964077138
33021832866
32419224651
1005002373328236
1005001328636059
1005001941106776
4000883512128
1005002314337274
1005001337515152
1005002357569976
1005002219398671
4001276859044
1005002309421038
1005002353250342
1005002434768729
1005002490470290
1005001340249157
32948385278
1005002466050294
1005001525539078
1005002466241776
4001113919091
4001294213163
4000762432739
1005001792019749
32904201554
1005002355950677
32464289873
1005001338064164
1005002301336875
1005001329721402
1005002185080987
1005002416309249
1005002210984089
1005001526188024
4001055319890
10000146277235
32958363179
1005002378147241
1406108542
33008581602
1005001844743685
1000007736876
1005002395296379
1005001971716735
1005001698439945
1005002080341660
1005002439941537
1005002260851681
1005001756455402
32980289550
4001050347819
1005002038817713
1005002368614800
1005002314832034
1005002363980378
4001281784445
32504628457
4000988060671
4000308073242
1005002340281170
32772264245
1005001413080013
1005002414531590
1005001382507298
32349146528
33029370057
1005002288742026
32981298735
1005002439218484
1005001763856956
32578909762
1005002424001339
1005001988756062
1005001956791494
4001033961673
1005002324985286
1005001635502938
1005002247728207
1005002346714949
1005001985695094
32800589326
1005002372150693
33019275997
1005002007869839
1005001559641562
1005001506897499
1005002035733498
1005001508728667
1005002255455039
1005002292661027
1005002337454381
4000970792320
1005002470707394
1005002434587849
4000906386542
4001194172535
1005002281939710
4000690881078
1005001474595245
32949489173
1005001972282475
32996086841
4000816100437
32291768145
1005002466747538
32809097410
33059607801
1005001657760001
1005001618802154
32534425317
1005002212329570
33010009175
1005001418678619
1005002364587013
1005002292922335
1005002243960508
1005002122134682
960188228
32823675555
1005001542974855
4000089232180
32863945619
1005002333104306
32952695693
1005002334727695
4000781713405
32918778413
1005002218057654
1005001975917373
1005001999609956
1005001524551179
4000339995094
4000934299833
1005001935909054
4000039887130
1005001835080289
4000518104435
4001045744511
1005001714193672
33028120948
32815040950
4001056912619
1005001834156960
32996272406
1005002126034161
4001090506735
33016674848
1005002273761318
1005001828866927
1005001670797698
1005002351201251
1005001621313114
1005002417201291
32904452235
32967138048
1005002358695533
1005002244091633
32969171391
32811643826
1005002388556015
1005002475353706
32874924841
1005002095537389
10000008129935
32602494110
1005002253103348
4000277135626
1005002368623172
32325207674
1005002468297646
4000938557578
1005002246536822
4001334066622
32976934262
1005002267477539
1005002328654474
1005001912584098
4001118893954
1005001699448416
1005002388247930
4000955898390
10000384982008
4001129467311
4000189389353
1005001709051966
4000270730104
32998159090
4000133506616
1005002489428815
32994989934
32500356789
1005001491401087
4001183537764
4001243760115
1005002234922667
1005001639884022
1005002311489674
32800521408
33049883756
1005001842967027
1005001858903898
1005001338942881
32837021931
1005001608991108
1005001863988665
1005002090534116
1005001464140384
1005001961129516
32757202974
4000324343492
4000825599321
1005001406144436
1005002286163013
1005002427380456
1005002334418232
1005002355505497
1005002435175275
1005002282905197
1005002217226758
32984663249
32883489444
4001335627281
4000790667639
1005002336569676
1005001530740106
1005002420791484
32497490839
32506664544
10000416603271
4000580428505
32937900758
1005001562409054
1005002213526406
1005001645247103
4001136234362
1005002312585380
1005002425563634
1005001656536998
4000745323281
32970590590
32880820461
4001141556570
4001193695321
1005002314162815
1005002413136051
4000167848431
1005002378541534
4000265735627
1005001594318743
1005001704469983
1005001988747518
1005002095214224
1005001521616082
1005001727681132
4000960683082
4001039866472
32881382505
32947779673
1005002317737598
1005002310901780
4001252528839
32319741662
32913584386
4000510873072
1005001704374806
1005002291602473
4001322996478
4000528837339
1005001637790602
4001329042498
32953420320
1000008504949
1005002253178025
1005002204028511
4000479548351
1005002453690837
1005002227789882
32993613990
32811021571
4000077430454
33002431151
1005002467950670
1890753076
33002334845
1005002276781722
33033511310
4000945664034
32785069026
4000584616776
33005141673
33032426939
1005002160063914
1005001588588256
32703762745
32843940197
1005002320681817
1005002347106137
1005002490326854
1005001481657696
4000882749043
1005002122527108
32608566686
1005002475914650
32789974598
4001038398358
4001272928159
32702196794
1005002218047480
1005001784671291
32963500182
4001159801482
1005001424617091
4000134775628
32843204868
1005002467323827
1005002340953303
1005001582395387
1005001820226942
4001015141795
4000460214482
4000848872091
1005002426939382
1005002346810196
4001299808804
4001351006175
33028987062
4000498958278
32860873709
4000804620009
1005002079787702
1005002383209150
4000955395913
1005002017775040
1005002484079628
1005002364090639
32423157685
1005002010599543
32550365506
32887522289
4000430317284
1005002316154866
32836874625
1005002281436589
1005002417319637
32856167390
1005002427863707
4000124079149
1005001749987991
1005002494081644
32918465740
1005002371677116
32725822871
1005002418457211
1005001908711369
4000509734534
1005002333743333
4001300742183
32646001575
4001175815513
4001355199040
32988300270
32752367496
1005002300018824
4000626343113
1005001629342436
32859050029
1005001279642187
1005001815658623
1005001670845992
1005002280027682
1005002287177737
4001201558146
4000757724391
4001170510173
1005002467245109
32825113780
1005001927546824
1005002033560861
1005002409911131
1005002263416905
1005002333138984
1005001570886851
1005002060599739
32847030751
32928487514
4001156511994
4000308377145
32829965782
4000170000265
1005001525475125
4000332336435
32974647132
1005002314410294
1005001878630603
32824292399
4001038717313
1005002161683525
1005002316350643
33025270574
32901592538
4000789362517
1005002337040292
1005002478062259
4000850526334
1005002338563400
33004919932
1005001274958972
4001155105237
4000471264284
33003944164
1005002465467700
32923123227
32606667273
1005002310718876
32351362914
1005002467035401
1005002469138476
4001218282709
1005001302792669
1005001979328985
32964063425
4000211306195
1005002172007188
4001048357268
4001264073231
1005002116193516
1005001518635186
32807258712
4000971801517
1005002399585489
32857539250
1005002225385671
1005001636586213
1005002170818223
32908089706
4001035320822
4001207532867
32274697552
1005001980151806
1005002350611752
1005002354171104
33017370847
4001009377818
1005002421314324
1005002406596477
1005001315427260
1005001889803237
1005001976013621
1005002425404805
1005002244971769
1005001974984030
4000883263520
4001242158410
1005002395846525
1005002279046557
1005002061329790
4001305014793
1005002449494493
33024182212
4001077911122
4000979742237
4001293872416
33027513947
32657781249
1005002419722821
4000620846219
1005002304485440
4000809374017
33034955912
32827191779
1005001591585848
1005001330833519
1005002260771157
1005001653589410
1005001658079394
32752334319
1005001525314963
1005002318710309
32955063556
4000179089308
4000266115982
10000334365785
33013582339
1005001506177261
1005001394261395
1005002362250769
595569316
1005001488102513
32509304277
1005002110689516
1005002271314922
1005002323613710
4000170611120
1005002160459779
1005001349610606
32809222963
32677565098
1005002348445062
32825706181
1005002286265812
4001227503949
1005002317189465
32893303052
1000007541424
4000362754027
33040386874
10000395806677
1005002359058327
4001171121261
33051433347
4000466190922
32912075163
1005002185415770
1005001847474445
32840723400
32466260561
1005002237779653
1005002500547067
1005002345070007
4001230660704
1005001869625153
4000044828453
1005002228450202
32520589730
4000484941543
32970743331
4001049596535
32949941696
1832839519
4000641041924
4001241784577
1005002380861026
1005002292439418
4000172740440
4001350079088
4000234935895
1005002388671779
32890500955
4000859016370
1005001326219177
4000058747305
1005001806132190
1005001773853203
1005002378471410
1005002266350191
328538899371005001754249598
1005001488301166
1005002462443242
4001212951584
32826482145
4000075695886
4001239120540
32870066767
32972616312
32974541883
32976983741
1005001689074190
4001195488724
4000781182662
1005001697528933
4000075731802
4000830468880
32714403268
1005002351608251
1005002408645977
1005001496001650
32897801172
32882873995
1005001780613935
10000269630746
1005002454499699
32883062213
33003250923
32897109916
1005002293575733
33009357026
4000467819716
1005001909002618
4001194286250
32585881038
1005002336989973
1005002315148661
1005002011672216
32276006494
32983547050
32859808872
32543002131
1005002319079980
1005002376107108
32894566370
1005002277943520
33003870509
4000199468353
32987985467
1005002213328543
32793574957
32975668729
1005002074342557
1005002304137590
33050295523
1005002466910555
4000804728564
1005001934225802
1005002413655039
4000702021908
1005002112965896
1005001915129916
4000442012727
4000850226589
32792400013
1005002382552777
32921711663
1005002401071564
1005002298544606
1005001296782790
10000039676152
1005002485436455
1005002326589998
32657190788
1005002361307553
1005002347354435
1005001863806429
32861897156
32728457305
4000262245855
1005001271003394
1005001930314467
1005001334531404
4001305974980
4000752471323
1005001999196636
1005002041996856
1005002460427554
1005002102014143
32961008474
4000829392181
4000418233721
1005001577288504
4000849868488
1005001731167571
1005002448141464
4000466144731
4000322050708
32976659275
10000382070223
1005002345207179
33010272362
32883542014
1005001500104146
32647595725
1005002371889569
1005002297157828
32983512469
1005002376358852
4000087092317
1005002477465386
1005002309385848
4001355360597
1005002100239528
1005002395194944
32859114714
1005002312098914
1005002307289605
32998987512
32777261770
1005002376856054
4001189186419
1005002327198528
4001039396671
4000038633303
32946613609
1005001584735593
32911871486
33000168345
692932378
32799539907
1005002336838686
32972673148
1005002383326155
32970615254
32987805468
1005002453831957
1005001983163366
4001039415557
32892619492
33003913925
1005001813162338
32998625880
1005001774812306
32847331890
1005002485122997
1005001453653178
1005002319249879
1005001556434815
4000695751999
1005002271391470
32709387370
4001253636743
1005002340837318
1005002428041724
4001332650309
4001127670790
1005002358124927
1005001455955820
1005001525360571
1005002258345279
4000464704757
1005002292331030
32848850611
33058565137
1005001933696047
4000954671082
4000444469657
1005002292091338
1005002014092619
4001115650224
1005001838802261
1005002382872460
1005001994282177
1805175477
1005002312028451
1005001393848167
32808749464
1005001736901003
32876137681
1005002306549863
32989931096
1005002319207825
33003475887
1005002050504172
1005002425103923
1005001304672971
4001242360379
1005002193614501
4000843018227
4001103930101
1005002473491091
32578638301
32908234994
1005002431415596
32918905063
1005001281374360
32841626243
4001144008833
1005002488129325
32951485849
1005001488729456
32711907134
33002747158
32875186282
4001278928106
1005002340092389
1005002467359307
1005001338557923
1005002143228040
4000188756739
1005001525390768
32771780854
4001224588915
1005001614419946
1005002329299149
32862767467
32953860879
32891283712
32974269399
1005002271730305
4000411049334
1005002412125832
1005001818080460
4000456887735
1005001286915354
4001270968038
4000583325223
4001167891204
1005002314449353
33010902014
4001154034194
4000641885815
1000006662599
4000858957537
32421946419
32947375724
1005002454308693
1005002372602378
32911822993
1005002265263169
1005002098562490
32900159207
1005002377312601
4001242611223
1005002275690274
32777640787
1005002398868385
4000862905765
1005002167933080
1005002315021712
1005002319140692
1005002396354025
1005002392865420
32916575580
32564916969
32609076029
1005001624982306
1005001464018860
32885769487
1005001274489653
4001317254634
1005002388747091
32849287695
1005002343542027
4000168580592
1005002466200072
32369956086
1005001845577498
32859333036
4000179908915
1005002259379703
1005002355785663
1005002383855035
1005002377981073
32997974295
4001125563768
1005002385586201
1005001810818795
1005002253870739
4001224255345
4000922731547
1005001758848913
1005002343856984
4001014972932
4000780790661
4000764287630
1005002381855819
1005002174414788
32939631419
32851582524
1005001998354923
4000102976368
4000065489893
4000274760035
1005002187772515
1005001677557154
1005001932883723
1005001628429224
32883484526
4001286516615
33007926213
4000266876327
1005001764795100
1005002264062865
1005002447314972
1005002103588465
1005002331721486
4001286593093
1005002372389989
4001205079671
1005002376084539
33045993109
4000206525360
4000078699411
1005002408599280
1005002400392218
1005001638468380
1005002168191949
1005001726494791
4000139980416
4000792440986
1005002259767999
1005002315696647
4001178290830
1005001942925268
1005002454019397
1005002355893342
1005002440530671
1005001382226487
1005001686248213
32949405518
33059842054
33035285716
4001294079307
32825366864
1005002281883793
1005002164703898
1005002377204364
32863290374
4000155844106
1005002310572024
32775831154
4000384258228
32821130849
1005002332838640
32730687428
4000804797990
4000085998923
1005001302493366
1005002399825112
1005002264302767
1005001962133735
4000074551471
32998249143
33030214239
4001165318112
1005001785840196
4000333188438
1005002044138693
32798933906
1005002356465131
1005002443471402
1005002265603625
4000332910177
1005002317018419
4001123110488
32814269046
1005001612630578
1005002410864365
32886994796
1005002368426247
1005002468019829
4000188950426
32618617049
1005002314385698
32995507726
1005001985013328
32623031714
1005002182350736
1005002408643036
1005001424431833
4001007762921
1005002211096756
1005001441516080
1005002412901977
33054488683
33006925111
1005001512295899
32798878420
4001294173702
1005002032390304
4000883620647
1005002008111307
1005002038753761
1005001623652997
1005002235368078
1005002242637220
1005001943088121
1005002092308193
32859847949
1005001438368330
32969316714
32965082445
32857883211
32826132319
1005002343034137
33022853199
32824558459
32960678020
1005002231845748
4000214797947
32821774227
1005002086695995
1005002242033271
4001230416140
1005001469263769
4000975934300
1005002490147389
1005001393519879
1005001720692314
4000299188748
1005001615414317
1005002369512690
1005001598583037
33007363681
4001121651220
32957295122
1005002099769800
4000730718230
1005002388184907
1005002255110765
32429623860
1005002311930079
1005002397714776
4000850687133
32531382290
32597383503
4000960948540
4000861546717
4000781753880
1005001615333234
4001309036136
1005002316212883
1005001343017680
32578410815
1005001588252519
1005002447236610
1005001274448800
32949044387
4000320087691
32995134840
32940168551
4000119612123
32958806630
1005002273294857
32840102472
1005002456563423
1005002170640973
1005002113288446
4000277818241
4001227269254
32822489559
4000673535324
1005002364377969
32800004863
1005001667801224
1005002274262970
4001154377797
1005002425331348
32817102815
1005002356519921
4001261569193
4001214483679
4000288904456
32696576674
1005002287025192
1005001480061901
32496158348
1005002259699438
4000297733555
1005001873287217
32852048069
713298287
1005001704598833
33013517854
32803955914
1005001841570586
1005001792620413
1005002366129021
1005002269128393
1005001863275751
1005001913871267
1005002355331376
1005001982100904
32420261743
4001270468061
4000443701639
32647668909
1005001968694760
4001174823452
1005002425249253
1005002219556195
1005002388206837
32844784321
4000164813025
4001025177916
1005002399898916
1005001731760879
33027180548
1005002358883000
4001226547135
32821090089
4000477562144
32366854371
1005002244930071
1005002356662831
4001306163286
1005002389717372
4000694584787
542856388
1005002333045756
32633995192
1005002352200226
4000127064728
32947129476
4000465911395
1005002261297741
1005002405185657
4000763641640
1005002273024517
4000381590314
4001000526858
1005002466451294
1005001982385189
1005002313048960
1005002351111542
4000190355070
4000975220969
4000787230187
1005002395005498
1005002301862503
1005002473565292
32974176113
32239175730
1005001921851018
4000864217550
32649004917
33024990758
1005002359965857
1005001780883398
1005002254295297
33003326212
1005002185548498
1005001657237217
1005001797274780
32856806637
1005001362578853
1005001699736023
1005001337568257
32919006266
1005002359110907
32865573497
1005001840383839
1005001880415169
1496912030
4001014809847
4001039259656
4000342354001
1005002393335892
4001294504075
32975835030
1005001571543383
1005002303950202
1005001334579731
4000278418450
1005001927800020
33001171708
32969258237
1005001284619872
1005002367361819
1005002431039013
1005002370489627
1005002295300920
1005002260053991
32881443298
4000818185028
32856912432
1005002333469387
1005001603652194
1005002097329351
4000832317062
4000430011399
4000272223564
1005002080433237
1005002314321906
32861445220
1005001557042791
1005001425536321
1005001900350516
4000164162284
1005001868323635
1005002301451394
32766336129
4001069623251
1005001356601460
1005002377734434
1005002414531023
1005001479696532
32458419946
32919844648
1005002354188145
32858270198
4000544789693
4001275938402
32968236023
1005002381344401
32894610398
1005002240952491
1005001694864610
32952034397
4000695177423
1005002339323601
32947093505
1005002022441239
1005002341659526
1005002415876967
4000835268901
1005001284479803
1005001768152410
32842495856
1005002319058702
4001207220487
1005002465903236
32904941877
1005002453665711
32795659570
1005001618185696
1005002274126568
4000864414247
1005002348404298
1005001762113636
1005002481365986
32873995096
1005002400559607
1005001758320695
1005002273646979
1005002474168190
1005002278954967
1000001860068
1005002426331992
1005001860562938
1005001775481853
1005001831412715
10000395853195
4000074768211
32990256585
4000982544824
4001059149611
4001289323626
4000403286965
1005002272753751
32972338486
4000336255185
33003068573
4000910393115
4000705791947
1005002283221555
4001255315622
1005002396485206
32999826691
32869312689
4001243732655
1005002253591408
1005002320317169
4000176934171
32761051953
1005002387201393
32981956965
32952091956
1005001789829249
4000626046387
1005001615957746
4001120086972
1005001781814256
1005002369128194
1005002226084083
33010232788
32823713412
4001026521902
1005001572474876
1005001667290795
1005002342525821
33053902756
4000840683646
4001198212319
32963740274
1005001900166698
4001027883497
1005001675370359
33025506973
1005002378390433
1005002289583438
32968012855
33024148485
1005002235796479
1005001431531500
1005001944052470
32946233413
1005001659155581
1005002245471495
1005002312169121
4001274982014
4001250485621
1005002110916574
1005002334102622
1005002267568952
33053644453
4000591517271
4000111227822
4000833787312
1005002399022978
1005001913758989
1005001908498143
1005002309910263
4000269990575
1005001445681496
1005001664322259
32992409881
1005001354775582
1005002294226911
32952411942
1005002426514584
1005001756610184
32909963422
4001217730812
1005001942936595
4000583343495
1005001659758388
1005001477934226
1005001737691255
979518183
1005002279637990
1005002467684380
1005002247126451
32993944824
32784654388
32920903855
4000084939524
32650620583
32728746575
4001005666736
4000528504570
32991796593
1005002190908779
1005001703917854
1005002244915982
1005002319151844
1005002337767643
4000907414766
1005002240596497
1005001578797507
1005001446391118
32972824996
33010893091
10000136144276
1005002085791873
1005001687571857
4001041609692
1005001922935882
1005002220626120
4001177138611
1005001795877817
33013104688
1005002454447552
1005002265544710
32862470165
1005002413839458
1005002261525485
1005002487591445
1005002185000751
1005002418478415
1005001830257009
1005001700881994
1005001733765934
1005001467787927
4001277338504
4001163309654
1005002305751345
1005001948362152
1005002032535736
1005002212148258
1005002278859379
4000638508377
32971586927
32954189779
1005001779926767
32859974907
1005002351719840
32951704293
4001180419242
1005001948916247
32911649437
4001349870315
32885632200
1005001689519449
1005001603227091
1005002263171503
1005002184921913
1005001697609161
1005001644684460
32957425335
32679742009
1005001541846425
1005001561557317
1005002265848351
1005001850079266
1005001525331607
1005002383285053
1005002337607058
4001127534974
1005002435704663
1005001756376213
1005002306419771
1005002282571013
32811611206
1005002368467378
32831733809
1005001489313292
4000236157944
1005002363879590
1005002324824404
32973348223
1005002250613591
1005002393547541
1005001555148502
4000423127704
1005001705071620
1005001620907802
4000899741460
32802861589
4000146013008
4001233833520
1005001946463697
1005002223249536
33030756426
32861403787
1005001587844193
1005001355089955
32987486923
4000074927411
4001064902356
1005001491048075
4001293756751
4001230510599
32657483598
1005002377672489
1005002051673648
1005002500548479
1005001302481717
1005002416536837
1005001854962982
1005002055582849
4001221457755
4000936704042
4001084574421
32891061951
1005002278705899
32834517975
32980216147
1005002045718596
1005002382699997
4000465945960
32947905425
4000629001495
4001045418433
10000395863788
1005002459955008
32872483253
4000127544593
1005001979820100
1005001693631519
1005002204389261
1005002275758929
1005001516832760
33000014571
4000915566412
1005002164543152
1005001444761620
33019301408
4000570447029
32981019341
1005001329894125
4001228654548
4000853552319
1005002394406473
1005001693968657
1005002340554635
1005001407003543
32781653837
4000735115301
32856997716
1005002404155641
1005002491883732
4001070276955
1005002121398406
32919916369
1005002346770088
32371502995
1005002319134172
32972363760
1005002400541497
1005002391172203
1005002448924626
1005001753682214
4001011032607
1005002364738863
1005001717870380
4001059118847
4001193537126
4001129311367
1005001502455854
4001316398570
4001327573085
1005002128557494
1005001444653845
1005001399897659
4000431196177
1267282679
1005002167185139
4001021576830
32846768503
1005001715481823
1005002191651362
1005001972911293
4001267867254
1005002312895479
1005002314678883
1005001377248894
4000983878569
1005002458236938
1005002357118461
1005001902935845
1005002250449719
32669602583
1005002352294832
32956014047
4000805026897
1005002264230560
1005001531471835
4000546648182
4001175335035
1005002038850782
4000182707988
4000007452970
32861563477
1005001860689343
1005001746506878
1005001922157458
1005001404931093
4000300927210
1005002038288779
32847435646
1005002287993137
1005002489292433
4000132468234
1005002433257039
4000028184577
1005002109708749
4000531923133
4000492499411
1005002160532478
33044367491
1005001361178044
33025396565
32887775287
1005001326162988
4000983342917
4000451041681
1005001733612012
4000087254330
1005002464895276
4000059223870
1005001500292968
1005002310148521
32831225453
1005002055074361
1005001267282038
4001270883921
1005001877233963
1005001954752714
32925699728
1005001438988079
1005002052648273
1005002448931156
4001324222998
4000787149306
1005002192778251
32958632566
40012252184964001179701777
4000714181027
4000861037198
1005001577332485
4001208845733
33019539240
32975045912
32931493187
4000172985276
1000007975056
1005001434568356
1005002228703540
1005002309634404
4000816037713
1005002046513988
1005002128162899
33048343022
4000641406247
1005001878929113
1005001972242083
1005002249328662
33053273450
1005002070681522
32862990172
32963313328
32975770501
4000593742697
1005002320857233
1005002314790322
1005002136240759
4000849865315
1005002418893310
33049728312
1005002314275926
1005001841207721
1005002447676368
1005002323753287
1005001391520229
1005002398983988
4001208890457
4001223301898
1005002223336335
1005002300917769
1005001850014480
4001202911831
1005002448787012
1005002261321099
1005001491253854
32818055563
1005002411994483
1005001699562455
4001183966337
1005002315097452
1005002362048375
1005001623751117
1005002070391029
1005002459234527
1005002066345202
10000399999611
1005002428582815
1005002372722044
4001025000850
1005002378775870
10000386480898
1005001675277464
32997390932
4000120821504
1005001829318438
1005001369108194
4001223329337
32779300254
1005002289968513
32801889504
32469333300
1005001954942302
1005002418819530
32833726490
32945737019
1005002265938660
1005001572370248
1005002364461618
4001094921455
1005001280071270
32771154418
4000964604548
1005002477056613
4000484005928
1005002454344381
1005002164666220
4000019091318
1005002398283717
32790471505
4001052061360
1005001523586519
1005002362287890
4001236028112
1005001633251093
4000199894885
1005001732407485
1005002367250998
1005002300864272
32734662762
4000235576107
4000933441895
1005002270125247
32647798126
32981498942
4000521984283
1005002287925356
1005001664555803
32255647097
33057030065
4000271610750
1005002475136892
4000744864811
1005002377116297
1005001705050332
32802586606
32853249914
32852202516
4001358712690
1005002281778905
2019196445
4000788425602
4000752091537
1005002280974994
4001144151388
32858312081
32969022125
1005001882732338
4001137475903
4001261193439
33010249469
32969077850
1005002368169421
4000960686107
1005001323218478
4000075550258
32892720991
1005002477822863
1005002054241705
32997255998
32281601322
32950762711
1005001996793213
1005001641410142
4000545769524
33052656871
1005001913351116
1005001788652627
1005002401248308
32854182877
4001313526048
4001327259875
1005001617473052
4001259872007
4000831270742
32853907750
1005002315897641
1005002062141170
1005002319532777
1005001493345159
1005002333926526
33012304680
4001153066920
1005001472167646
1005001671103211
4000990947970
33034737379
1005001307466825
1005001975248261
4001027365748
4001309129096
1005001794014936
32845452285
1005002139073080
1694541744
1005002341175536
1005001721404732
4001210945544
1005002315200094
33030124313
4001307381771
4001090988343
4000937283823
1005002252885685
32990541271
1005002244110530
4001153660399
1005001446114378
1005002193592544
1005002330300249
1005002301581121
1005002384027454
32648427768
1005001826392424
32541463276
4001321412514
32958732830
33023965004
33048139955
1005002314979044
1005002347684406
1005002284523051
1005002467970859
4001183840256
33013793845
1005001872704301
1005001369692382
32904859486
1005002463311567
32689106181
4000878846877
1005001808124149
4001186313122
1005002270289781
1005001709795252
1005002371739339
4000216132653
32986665930
1005002071594310
32924095708
4000904737616
1005001803599682
32537910407
4001011081035
1005002447866494
4001306636455
1005001511105010
1005001270671197
1005002410892636
1005001883797549
4001272111204
32919590372
1005001357240609
33025953798
10000088325135
4000529853969
4000801200008
4000284112936
1005002221602420
4001064359018
1005002344586883
4001194490719
33024605925
1005002208072972
1005001775359282
32948242675
1005002419738796
33004163577
32857516513
1005002416969721
1005002439334516
4000025572482
1005002210606727
1005002289248035
1005001701118851
1005002212095850
1005002312543654
4001041174377
32689736088
1005001998885711
4000544146840
1005002162201304
4001351705976
1005002390991805
33003560956
32829140347
1005001971805266
1005001505514760
1005002250358812
4000774075693
32855127586
4000085821066
1005001305392545
4001241156192
1005001823875438
1005002255630144
1005002346356694
4000850216215
1005002322528756
4001235939404
1005002227955238
32830769147
32972885480
4000238102803
33025230858
33006327237
4000323252709
4001183662854
32918365367
32886868990
4001175708763
32959519232
1005002319089805
1005001361138682
1005002353498393
1005002328081204
1005001303885478
32826747971
4001241779235
1005001512299557
750972448
1005002314910258
1005002350752068
1005001695083072
32917279159
32959708306
32987196779
1005001369059231
1005002018891864
1005002077307157
32978871060
1005002198389547
32908132488
4000844952540
1005002355799641
1005001525395625
33061687913
1005001403269253
1005001933536177
32856151256
32533227549
4001290710999
1005002270210638
1005001752794461
1005002345021410
32952921264
1005002342409519
1005001525400542
1005002485588002
1005001872621644
1005002325472048
32836248987
1005002348680956
4001062414492
1005002369129786
1005002027951208
1005002224519283
1005002314117120
10000281315916
1005002359687224
1005001468043535
1005001686143935
4000136238629
32670039310
1005001891671926
4000081440342
4001136396906
1005001586832946
32883739705
1005002138069516
1005002465687200
4000094591585
32514193619
4000246497802
1005002394315463
1005002367748009
4000252606192
1005002364222310
1005001588003920
4000259054171
677457048
1005002390911556
4000443060841
1005001652092968
4001020352389
1005001552658462
1005002405600727
4001098119485
1005002289859466
1005001572099912
32900911196
4000850582264
32878819632
32831214528
33008735928
1005002428037726
1005001292550258
1005001699126491
1005001425634507
1005001350563173
1005002243562070
4000101794941
1005001875596858
32760927120
1005002356498465
1005002314747285
4000498276716
33013597032
1005001487405610
32980281624
1005002167947476
1005001470940171
4000735875646
4000786738232
1005001295578151
32947557857
32325562221
1005002315293145
1005001486848264
1005002031750251
4001177726328
1005002287664199
1005001952256055
1005001546713368
1005002293061612
32862519494
32971035939
1005002327071955
1005001440936329
32881730115
4000406484773
1005002103784903
1005001620396330
1908125027
32911126346
1005002315416318
1005002383049956
32731559055
1005002275465326
32966774023
1005002339112993
1005002337335779
1005001789968317
4000220551601
32970159198
1005002258032783
1005001411207525
4000259017601
1005002273055802
1005001682314068
1005001726442770
1005002294517395
4000960562794
1005002353141824
1005002219204627
32995519832
4000504686430
1005002205445933
1005001376257046
1005001678345305
4001333033942
1005001586361675
32982340246
32816506074
32263264883
1005001878719772
32967543298
32788168651
1005002413337304
32796820764
4000989935110
1005001511798721
4000918525273
32906702489
1005002387432844
32850162968
1005001553693006
32847244090
1005002312951826
1005001695989022
32848827309
1005002460054398
1005001862875163
32967211297
4000148249524
1005002482909811
32964078288
1005002433328583
4001320806001
32966022389
1005002290914691
32570208566
1005001644726581
32950686010
1005001520396652
4000466900019
1005002395149579
33018146395
1005002369831188
1005002278060247
1005001949804352
1005001365469106
32813757830
1005001834761439
4000110310982
32454943699
1005001279613745
32794858620
1005002260647262
1005001268585346
32901907496
32799133173
1005001580771417
1005001558317569
1005002306151011
32951390980
4000479434973
33033854199
1005002132058725
4000804909826
1005002418568692
4000038250115
4000769705503
33054013436
32867352703
33048486723
1005001304450102
32987248518
1005002418901015
1005001345233513
1005002424362653
32265949579
32692945857
32957306746
4000722895215
1005001429732185
33005717271
1005001320723775
32982383331
2054937573
4001198068364
4000799403883
1005002282005083
4000542117714
1005001784931584
32779582049
4000373850008
32763870906
4000696286885
4001083387619
1005002089238601
32846159174
1005001729556216
1005002364959414
1005002166092882
1005001568776734
1005001355338524
32968254214
1005002271809360
32617812227
32964798305
32951969017
1005002294050887
4000152058933
1005001459508628
1702773986
4000336593910
4001268181736
1005002035115548
4001030121957
1005002427656950
1005002372847211
4000292350245
4001305934441
1005002233637470
1005001642920166
1005002092519794
4001179734996
4000201499168
4000196827224
4001144351768
1005001980374158
1005002053643749
4001227407094
4000918591439
1005002022420194
32882518736
1005001947841405
1005001987670412
1005001389640211
4000098875895
1005002237990432
1005002331955581
1005001676072630
1005002407853952
32986857958
1005002427956705
1005001824558511
32848870021
4000088511296
4000393708683
1005002332332823
32889528817
10000127030906
1005002405017145
1005001633258650
32961544270
32962623881
1005002323492129
32973650989
1005002330765807
1005001321299576
4000854062048
4000319088150
4000453106856
32355132195
1005001868435931
4000117200688
1005002053358549
32797742039
1005002453176405
32807006957
32920344315
1005002347441911
32970396374
4000415743771
32822442061
1005001572413759
1005001437642870
1005002217942654
4000047891507
1005001694653436
1005001580243369
1005001332105079
1005002435954498
4000960604970
1005002365524376
32996393804
1005002337629363
1005001724367372
32851910911
1005001429827337
1005001929734659
1005001605739701
4001031744195
32858794871
32641519209
4000449183511
4000485135122
1005002312754140
4001282511851
1005001478807928
4000594669780
1005001436140370
1005002365451559
4000909735255
1005002239605996
33019139117
1005002263337804
1005002243306286
1005002314019451
4000760550046
4000610422888
1005002329174297
32574983115
32764845411
32888019110
4000362476083
1005002377015474
4000234259652
1005002387254867
1005001899471620
32991295202
32958977680
4000628455388
1005001732320211
1005002258357274
1005002341626702
4000903767059
1005002211895787
32911463152
4000366700173
32948760205
1005001727542118
32977980199
1005001340926137
32849405487
1005001638811386
1005001640618348
1005002395654834
1005002166031486
1005002476184439
4000086231022
32785264047
1005001304658484
32918806545
1005001482792889
1005001352104441
4001032042438
4001183855529
4000040904426
32607543355
1005002334339612
10000367236556
1005002291726295
1005001843443829
32906451838
1005002319125123
1005001763575318
1005002466955708
1005002388472791
1005002346779435
1005001824471872
32861742476
4000751148413
1005001547526677
32858070026
32805602671
1005002240428982
4000479295651
1005002066177697
1005002253602522
1005002316355098
1005002292723969
4000624097336
32959533386
1005001379993320
1005002392836918
4001327088787
1005002359326798
32779941246
1005001867422002
1005002171161372
32501554025
1005001346722615
1005002232370240
32960910687
1005001913780806
4000201458615
4000943222443
4000308317620
1005002408499020
33053207290
1005001588171769
4001116023274
4000070694619
32865182317
1005002299270242
1005001529859094
4000859990055
4000582340820
4001359937115
1005001430124944
32895402847
1005001736372566
32406503064
1005002291210394
32889450941
1005002319677001
1005002432601592
4001152860324
4000516637280
1005002114665151
4000933459981
4001255649216
1005002132603401
1005002361907016
1005002313462955
32990319448
32842529918
1005001912874961
1005001450089800
32977446777
4000127562660
33012245744
4001110767016
4001252299865
32789700113
32586815824
1005002307437384
32830837678
1005001355227233
32790633732
32803638366
32986716161
33048926762
32791622667
1005001814609958
33002981847
1005002439238227
32813515717
1005001340016700
1005001887616514
1005002143267579
4001153914948
1005001839474956
1005002433439130
1005001874115026
4001132321142
1005002383079377
4001334590645
4000419318532
4001244994208
1005001888657291
1005001603644574
1005001334221448
1005002376325858
32970182395
4001298872328
1005002232348635
1005001760032282
1005002401358483
32968111397
4000902646997
1005002443153073
1005002313903918
33042168273
1005001570177656
4000248664617
1005002372673093
32991175289
1005002212097619
4000509779093
4001035653939
32958190331
1214295061
4001131180732
1005002314718138
4000538532701
32770984531
1005001936043722
4001042640632
1005001999816329
4001232154730
4001228684442
32757702200
1005002019907965
1005001387556792
33009737484
32970938707
32802328756
1005001657487716
1005001800362111
1005002319324777
1005002467520187
1005002265040928
4000686819639
4000849258200
1005002381375950
1005001438909315
10000006404823
1005002080057001
33005536304
1005002326162273
4000724497449
1005002489626314
32339402522
1005001435967252
1005002099369555
4001252354689
1005002407806248
32982093595
4001220919533
4001345683339
1005001611969524
33006208138
32953848347
32994136612
32788944823
4001268238333
4000933617030
33012514682
1365604288
4001223803565
1005002116044670
1931043436
32906609295
1005002040568800
1005002382691032
1005002279107327
1005002198845208
1005002218500750
32932276778
4001220965723
1005001766008564
4001135318837
1005002278392310
32788165925
1005002291348055
32835207012
33025362791
1005002394152760
4001060861277
1005001319762237
1005002489810669
1005002120501848
4000585509209
33045869209
32824264768
4000379732994
32901856370
1005002293982479
4000178463054
33034335284
32789320480
32983403416
4001198739078
32978255425
1005001880180662
1005002362277350
1005001989850596
1005001512214924
4001097708047
4001225231087
1005001513285219
1005001815885656
1005001797955608
33042739830
1005001929429198
1005002233028248
1005002386739304
1005002007380037
32885039605
1005002404178078
4000718302574
1005002442701936
1005002286378498
1005002320982353
33062731629
1005001835574059
1005002055026413
1005001906937259
1005001729074815
1005001291289035
1005002304316033
32993792524
1005001836938909
1005002282136591
32968654297
32879260310
32999430065
1005001909029860
1005002399776927
32934598793
1005002283878793
4000218188491
32847791501
33017115626
32906355873
4000311927456
33041602754
1005001987237642
4001274134443
1005002470045676
1005002458113329
4001048205263
1005002191886361
32863200445
4001236122057
1005001954200922
1005002249223213
1005002272356690
1005001872576775
4000910893720
4001245934834
4000334770982
32917128734
4001244911813
1005001487191288
32951146450
1005002363446709
1005001688767785
32960889528
32863042151
1005002358994650
1005001298842933
1005001751862900
32794976836
32831661643
1005002344887868
1005001715428166
4001271350751
1005001419571910
32790972933
1005002277131651
32711450656
1005002093764753
4000272785517
1005002268226753
1005001307632095
1005002468583902
33025133998
4000202900751
32807817703
4001095419702
1005002327727696
4001282873752
1005002292930914
33061579848
32617299072
1005002288253184
32286936260
1005001425496480
1005002346123282
1005002286684252
33001771413
1005001815356527
1005002299884578
1005002452269923
33020285337
32975552383
1005001376921227
1005001304878745
33007517293
4000353175398
4000484348010
33053156921
10050014709449751005002354080040
32849266573
4000279786920
1005002296845164
1005002185317902
4000456931455
32589189590
1005001901476545
32958990029
1005001380619342
4000994302113
32506004760
32954825734
1005002297802588
4000195611053
1005001639027129
32869362739
4000200084978
32972555546
4000801847359
4000543664429
1005001495128894
1005002353581555
1005001854434914
32998529120
1005002150057310
4000390718570
1005001949932305
1005001397651411
32966981718
1005002371499443
32852471019
32885369724
1005001586952597
32972233236
1005001472092476
32627755142
4001241424942
1005001393189178
1005002336722440
32983236996
1005002090962873
1005002322736526
4000899605491
1005001609224707
1005001619235148
32797262643
33029082096
33051812481
4000641261421
1493938152
32605763033
1005002314301508
1005002384265476
1005002340702072
1005002359784361
1005002322938746
1005002345703995
4000023324111
1005002437084469
1005002384132314
32917429248
4000384240989
32844934378
1005001695950850
1005002344093470
32837604928
1005002247251708
1005001506231397
4000863304723
33000749926
1005002426140825
32861107599
1005002393011698
4000679672779
10000354614328
1005002357723830
1000004794386
1005001834306947
32969932506
4000067695960
4000730650939
4000587030979
1005002434813996
4000311627710
32611476514
4001194475896
1005002401160394
1005002306329141
32956397008
1005001781004210
32981466881
33001567417
1005002320627252
33062018536
32522074090
32828514262
4001326180011
4001049343465
1005001972029302
32949969701
1005002340798467
1005002371578976
32870334942
1005002282484295
32965220082
4001299957277
32865918416
10000115045846
1005002037391304
4000610820150
32399141382
4000261920752
4000222404249
4000661110040
32999702537
4000554327960
4001359788411
33003338886
1005002396655047
4000562894968
1005002368431671
4001002303324
4001255488263
33019948494
33037784343
1005002031971471
4001339689011
32785295710
1005001411220263
1005002418816859
32688404949
32962438235
1005002425791392
32851909196
32855570164
1005002362874763
1005002131062852
1005001564648139
32821603455
1005002288764779
32960589167
4001138749729
1005002317566488
1005002347984242
32948355322
4001358818106
1005001930511074
1005002223444590
1005002292100403
1005002363424275
1005002435987662
1005002432007507
1005002052616656
33004498826
1005001849220357
4000850666834
10000004738915
1005001453570421
32979944648
1005002115902915
1005001515960337
32606381466
32847129238
4001168407623
4000313790470
1005001391790842
4000924801370
1005001278217379
4000915607369
1005002185416713
4000786272285
1005001913053162
4000076855098
1005002301103950
10000186498629
1005001926910206
1005002363607038
1005002203879738
1005001881271339
4000742670826
32864856323
4001237222581
33025297533
33001793633
32604681483
1005001810866319
1005001730631919
32974832995
1005001990785029
32674935661
32983514611
1005002450462609
32231759115
1005001698245953
4000054367346
32880850597
1005001598582213
4000195174259
32899379563
1005002201035651
4000329590196
4000844127875
4000358523656
1005001899717652
4001363646993
4001160907440
1005001698925665
1005002417289810
1005002184511860
1005002253707274
1005001664204542
1005002427718321
32958287338
32957604246
33029904225
4000163368219
32976314196
32866375277
33058244352
1005002295346448
1005002087939006
4000690898439
32970589130
1005002010903527
1005002282745148
32995115826
32866025074
1005001803738122
32807492695
32836484019
33059300031
1005002400961608
32853518955
4000048738743
4001339828231
1005002220417627
4000235480637
1005002362489216
4000283159121
32977758141
33023581211
4001007918033
1005002310373179
4000590175273
4001218466985
4000243149752
4000532585956
33041193344
4000028527626
4001115596761
1005002312574829
1005002288702090
1005001606342234
1005002314394417
33021852142
4001186348757
4000261832548
32963382608
10000394289622
4000626026248
1005001511080857
32938264728
1005002233407073
1005002263455741
1005002007422007
1005001969992410
32921606259
32791734465
1005002319227720
4001058016763
1005002308618718
32995216366
4000856902672
1005002315365419
32870504093
1005001926922046
1005002316899988
32869918830
32608847903
32969718987
1005001798626577
1005002115229084
1005002075096476
1005002327968924
1005002079644205
33001404619
1005002483873578
1005002286599799
1005002425933407
1908102561
1005002295709138
1005001958544971
1005001982131627
1005002252598006
1005001334595366
4000231934501
4001162802268
32769233001
1005001641247869
32823405905
32969491588
1005002233183042
1005001650910903
1005002334527205
32908242586
32949597385
32697659733
1005001627344472
32682333307
33000893573
32918741879
32555917039
32882536809
1005001672103282
10000349714595
4000546574825
1005001616399957
1005001954952223
1005001834485942
32864196235
4000685851148
33014940383
1005001693767524
1005002448574704
4000920338978
32970018356
1005002334008442
32907277340
1005001860880974
1005002295658582
4000850634895
1005002286586294
1005002442869586
1005001569329260
4001278091181
4000261997048
32789180236
1005001843583420
1005002332917758
1005002431684253
33043366849
1005002413626301
1005002315011594
1005001783159359
32744779942
1005002419680937
1005002484141826
32889997352
4000810172847
4001154594889
1005001794914579
1005001303036638
32880302844
32960832000
32994461742
32962987920
32658543777
1005001861224129
1005002362277609
32866587758
1005001955061139
32363182138
4001282491707
33001892237
32705813007
1005001583342858
4001125429942
10000395922458
32907789562
32946639613
1005002033603789
1005002354423494
1005001345192881
1005001893502191
1005002081336567
4001265173550
1005002321270321
4000786196760
1005002399510912
1005001725916167
1005001273767932
1005002268086624
4000617296031
4001280350665
10000127367781
1005001863610075
1005002426490077
1005001458616484
4001106364053
1000008721170
1005002409724445
1005001973359576
1005001859209584
1005001992856229
1005002305150181
32957009371
32848266922
32743897970
32935011494
1005002395052749
4000488703485
1005001620829777
1005002399565850
4000853397182
32835960015
32902674599
4000489493430
32874713452
1005001810378716
1005002172021468
32352715145
1005002198370249
4001228564186
32947545501
1005002304204785
4000749274630
1005002344988442
4000704156961
1005002266346937
2005093218
1005002426389555
1005002270018554
32934355417
4001268224530
1005001869332563
32858945855
1005002404935680
1005001622043101
4000078842281
1005002276746026
33016176400
1005002254814077
32864567896
32993075530
1005001992056617
1005002396645865
1005002293514286
1005002028974534
1005002332905373
4001042496706
4001242075430
4000484536205
32915116539
2041833294
1005002310898733
1005002385168960
1005002143247556
33013207308
1005001617523465
32806939529
32958468326
32951681504
1005002298541544
1005002395143010
4001278875930
1005001329712662
1005002352947111
1000005710763
32857665626
1005002289173017
33009976006
1005002467561598
1005001665966257
4001045248594
1005001993228902
1005002322335535
32956866765
1005002232067449
1005002342991568
1005002316393331
32913060357
32815456561
1005001505889455
4000429709580
1005001656508854
32805686971
1005001821850161
4000630901417
1005002297101754
32951184281
32837597454
32933646495
4001231536193
33059451365
1005002425348796
32838099313
1005001880542984
1005002244769394
1005002356356517
4000413258988
1005002378592388
4000665798878
32974204854
1005001731042441
2054235374
1005002356708250
32899304504
1005001494055620
1005002281940221
1005001405330227
4000597886560
4000781120282
1005002103093592
1005002484718411
1005001840223099
32786936019
32873144579
32992069453
1005002264160215
32907115732
1005001406558390
32908048598
4000983087436
4000874696672
1005002343850979
1005002444404156
32853313193
32826642634
1005001445938435
1005001797725254
32819433446
1005001314263274
1005002279336473
1005002211872900
32995501572
1005001920520507
1005002365324207
4001160191320
1765886597
33060459473
1005001487274890
1005001399383061
1005002413222653
32643353897
32981946929
1005001680464566
4000739470173
1005002275403848
32788381474
1005002437718483
1005001962799250
32567925992
32864753992
4000677502236
32906417897
1005002390913714
1005002307388502
1005001882642482
4001287032177
696678687
33024000630
4001037898123
4001117683383
1005002489730259
1005002049335621
32990405675
4000397496281
1005002276399394
33006015809
1005001710472723
4000604202975
32770594962
1005002377735912
1005002469010555
4000242473339
1005002329682238
32549818263
32971599507
4000809535588
32811615715
1005001968482353
33026524173
1005002327083756
4000895899050
1005002253977186
33035430607
1005001776590326
4000891918017
1005002273004024
1005002292313052
32850410935
32972693848
4001135447242
32952509826
4000955795516
33009318038
1005001558168374
1005002316073863
1005002337754815
32888407221
4001188050089
32858981122
4000927742300
1005001622237557
32535857347
1005001914786692
1005001572307785
32952490080
4000271976529
32886989184
4001230805081
4001226437626
1005001694643024
1005002381519383
1005002328054977
1005001682303326
1005002168979308
4001227362441
1005002469037496
1005002054479905
1005002357700058
1005001744103080
1005002304391259
1005002392984220
1005001762270542
32918825265
1005002112027334
1005001688917147
1005002351817705
1005001731464431
1005002349623911
1005001745143767
1005001413016972
32887476451
32952924325
1005001736734440
1005002385309437
570701668
32550654134
32902259919
1005001437680582
4000052042767
33027529373
342494056
1005001814208613
1005002271104425
1005002266574181
1005001437713958
4001217173047
4000167620373
32900286307
1005001500819563
4000823286533
32974961299
4000701350193
1005002300877146
1005002314002973
33014003960
1005001860813570
32963413903
4000006302908
4000747547230
32665366620
1005002424603371
33039090630
32387358083
32977303009
1005002334350371
32983823122
1005002301144273
32955699210
32927296524
33002926356
1005002334587532
4000379169118
1005002010677795
1005002362340537
4001343537280
1005002242966489
33045575442
1005002203357639
1005002238923966
1005002399000250
4000852015868
32894642247
32654818486
1005002478280082
1005002117367186
1005001566834088
4001000667593
4000781675894
1005001920960938
32824717357
1005001835562482
1005002350117849
1005001315892162
32956577110
32884982235
1005002275907656
1005002264728045
1005002284688755
4000576648576
32872925863
1005001364576954
1005002305917226
1005001561302981
32924066692
1005001660029876
1005002219338935
4000720409803
1005001618275053
1005002334345400
4000777489981
32889896423
33039402563
4000962105705
32905782718
4000089883041
32893029806
1005002481916918
1005002457577536
1005002337232308
32827360012
1005002406599609
1005001714739614
4000437743903
1005002022251026
1005002064143742
33014231192
1005001519900238
32993896597
1005001568949004
1005002367294525
32971947312
1005001869215862
1005002132599605
1005002329631025
4000223996376
1005001952417555
4001270797214
1005001320339487
1005002139000425
1005001970506616
1005002352342638
1005002271266999
4000630343421
4000284292701
1005001608499995
32855086257
1005002382439355
4001258798427
1005001909037792
1005002295424198
1005001412583383
1005001985547343
4000113842356
1005002126815721
32892402693
33002663888
1005002211171236
32790405635
1005002295459235
33007641545
32971375212
1005002413330078
4001061208193
4001077013490
1005002279393624
4000624347349
1005002491645575
4001340206853
4000833775157
1666227243
1005002361860864
1005002366559712
32879617770
10000349271031
1005001949262785
4000169275880
1005001534288007
4001134158086
32986020843
1005002370243768
4001153809724
1005002265159194
1005001516665921
1005002260925470
1005002000047855
32950623238
1005001874550828
1005001281376725
4000927143519
33030563268
1005001418026453
1005001686020183
32829901373
32992806090
1005002394241316
1005001617085108
1005001491459770
1005001859341742
1005002426614675
32863971641
1005002315171282
32855389087
10000300143279
4001285865775
1005002301327596
1005002016797337
33014159532
32967518066
1005002478008689
4000244894013
4000216647765
32929785082
1005001878873178
1005002197999420
32973822517
4000017855584
4000564573817
32861049650
4000223008084
33002969497
1005002312397036
1005002467469507
1005002450539139
1005002154697972
1005002351665323
1005001880584947
4000134418760
1005001626953297
1005001798515759
1005001295509241
32804447303
1005001883971319
32815462565
4000734561132
1005002229684735
4001281826151
1005001860811634
4000321822763
32876910447
1005001915935354
1005002167960366
1005002464678285
1005002036862944
4001224494487
1005002278101718
32410285541
32980361265
1005001578928405
4000695481490
1005001465224724
1005002358479779
32923810573
1005002040370381
1005002388434526
1005002032572656
1005001943178187
1005002398946846
32864835659
1005002398940167
1005002318951354
1005001439121560
4000770249662
4000617012764
1005001965579426
1005001720689864
1005002492773488
32956154777
1005001562086198
4001183235882
32988488462
1005002279104646
32850060647
1005002338635912
4001286272127
32421937955
1005002234137393
1005002297059496
32924187140
32510713653
1005002305481900
1005002313660101
4001299488552
32815647521
1005001810711917
4001349623069
4000701901486
1005001913765960
33035140706
4001335759108
4000622916923
1005001491668194
1005001319063862
4000506886507
32832775841
32888915002
1005002028237408
1005001804498947
1005001790151108
1005002311938771
1005001786461220
1005002313890283
1005002413564312
4000859328294
32932788773
4000699425289
1005002299380830
32916982105
4000529235349
1005002312492615
4000987730452
32795099677
1005002358830812
1005002400687985
1005002287106142
4000065435800
4001039262936
1000001285126
1005001834638710
33002819213
1005002316409765
1005001509796081
32641031096
4000704856035
1005002441921352
4001052403459
1005001948850364
32882967846
4000748354846
1005001287275323
1005002287316705
32900814917
32790118746
32821647744
4000059580108
4000875277261
1005001326618036
4000267807448
1005001468501497
1005002309562880
4000074667035
4001127968200
1005002027465603
1005002352746579
1005002480547265
1005001495199212
1005002440344423
1005001907158466
1005002453509898
1005002130024872
1005001556679986
4001301954779
1005002399840146
1005001864226110
33039845582
4001161628828
4000198227570
4000212381534
32466178195
33040296767
4000358718407
1005002488764114
32964684887
1005001474917866
4001237769020
4001084255027
32860901539
1005002000226921
33014151899
32975538193
1005002398685657
32957773531
33025178267
1005002240682018
1005001898516382
1005001822964805
33023580307
32837984216
4000385766266
1005001838660084
1005001411362639
1005002303903731
1005001278917178
1005002255136515
1005001775043887
4000812986758
33021335363
32790232897
4001168969641
33061435348
32964989614
4001077843879
1005002170789662
4001100399087
32753826550
33036973927
32925063285
32962008240
1005001696514324
4000193095895
1005002292380229
4000954485899
32980989660
33007922203
4000899939938
4000300438963
3289112438832857631507
1005002237734714
1005002438641493
1005001629251042
4000850648802
4000178293139
32793848983
32858972684
1005002087709810
32595258869
32848437346
1005002133395649
1005001370612204
1005001515394198
1005002383210476
1005001857214059
1005002214640969
1005002499909863
4001185244312
1005002271217976
32919858322
4000280546271
1005001804701702
1005001562547772
33018552789
1626392109
32996276013
32975472065
1005002473789696
1005002407834322
1005002474624638
4000589937227
4001100041213
32836426264
4000867883138
32837632639
1005002490438256
32983469522
4000127302710
1005002185439688
32605120304
4000309456020
33004321297
4000943136265
1005001478105974
