32753431382
32886037072
32694852701
32962541388
1005002351011021
32974769124
1005002129427518
4000668602690
32895667474
1005002157084621
32882679702
32610093300
4000552029136
32463860528
1005002369722317
4000001532610
32921519709
1005001748280117
1005001591771242
1005001850336277
1005002322845667
32880747622
1005002441532131
1005002412260849
1005002246870314
1005002240764555
1005002115207301
1005002400346772
4000258490893
1005001807572619
32901921795
1005002498997539
1005002280821402
4000270187758
1005002394189074
4000336517065
4000763634369
1005002193015625
1005002347360321
4000905509587
32972535047
32975052067
1005002268935564
1005002483013647
4000466083056
4000667834119
32608899241
1005001515140386
1005001877020501
4001111174198
1005002384925454
1005002379010469
1005002481209330
1005002304091053
1005001971232301
1005002120914923
1005001584737839
4000693502336
1005002018976066
33055675345
32793934358
32863781811
4000629262281
32599181010
1005002435579606
1005002386781104
1005002027366983
4000860839149
4000933654615
32836823306
10000128142133
33051043010
10000001422631
1005002314376665
32781053141
4000525615516
1005002461342815
32778903743
1005002014151966
32833869883
1005002229836629
4000795543458
1005002376651210
4000528912406
4001192857778
4000354199609
33043623775
1005002367155318
32755671430
4000503093252
4000916987798
32807596885
1005002258858290
1005001313808052
32841838183
1005002191939778
4001117026391
32963634153
32998954516
1005001685874215
33001164716
1005001381209593
1005002309934517
32899832639
4000298682489
32788764047
33059786651
10000402410515
1005002425812916
1005002364610051
4000630076389
1005001567684079
4001178339533
1005002411164414
4000723559559
1005002424430508
1005002377788515
32767104845
1005002043780163
4001041022026
32876322033
4000484830188
4000538475222
1005001388534174
32596439767
4000571309807
33050770367
1005001855318679
1005002375732143
1639972424
33036014382
32741011817
10000339978386
4000598412102
32889147818
32868943753
4000183355068
4001294143253
1005001671098453
4000155786350
1005002022331921
1005001700225559
1005001855166781
4000131443427
1005001973330533
1005002052309142
1005002275247294
1005001631760067
1005001501100206
1005002052710232
1000007245209
32761738217
4001094481497
1005002333543674
1005001739789235
1005002447402793
1005001728714537
32852003283
32675809664
1005002457199258
1005002417462111
1005002152884026
33026342683
32988136288
1005001270544537
32635999029
4000625477909
1005002329016614
32837756556
1005002012745612
4000695302044
4000548521189
32974997701
1005002352740605
1005002107313343
4000965208023
1005002034553611
1005002350444301
4001175161653
4000921123490
1005002281719346
32852398379
4000270453702
1005002310752492
4000182768126
4001270537318
4000197975042
1005002038617859
4001038802471
4001207682014
1005002232811294
1005002261553287
4000856310098
1005001835104349
32924236092
1005001689297585
1005002271450800
32921258352
1005001989601336
4000640593799
10000422989707
32988901805
1005002191949350
1005002282670162
1005002286669655
4000184236773
33041598710
1005002034839542
4000474481435
1005002294693611
32712649103
32994359883
1005002388785685
1005001781181033
1005002122457677
1005001440969351
1005001645776869
33027845151
1005001971168155
1005002378232643
4000580690362
4001334191465
4000849813203
1005001566899522
1005001758865467
1005001521355016
32897026527
1005002072565042
1005001367940126
1005001513031531
1005002467941373
32867185925
1005002283439131
1005002098859617
4000247701144
32769224616
1005001306038671
4000070963387
1005002322376261
1005002375297225
1005002482544055
1005001940033164
32909142772
4000290863068
1005001685704504
1005002301264678
4000619411916
32929523293
4000387038669
33014963792
1005002136919077
33023624720
4000523630372
32896060086
1005001746601187
1005001639252277
4000707183364
1005002443600039
4000890238686
1005001609005834
1005002359666571
1005002292955449
4001282440090
1005001785611153
32619683629
1005002286311183
1005002275710680
1005002315625112
32443488855
1005002316062261
1005002247230078
4001225202788
32956238054
1005001996790445
32967469621
33045682159
4000956189400
1005001877238321
1005001941864373
4001294146184
1005001889024168
1005002277540874
1005002074429268
32480316815
1005002346743893
33005529225
1005001321431331
1005002105251083
32856142860
32817302476
32851003029
33025396033
33022398987
1005001841942364
32854593894
32980090125
1005002383480707
4000136655280
33058278640
1005001823936216
4000764177122
32812816567
1005001845072570
32857412022
32837942215
32962084230
4000915271864
1005001896815755
4000219737757
1005002256389407
1005001484754436
1005001908378393
1005001938019881
1005002478854205
1005001848714553
1005002387231988
32301430719
1005002477008813
4000241294526
1005001349652520
4001037385952
1005001743192396
4000562384736
4000220981907
1005001474787427
32229448244
4001085400130
4000829548175
32356860816
4000830513554
33035561896
1005001653632340
1005002350289102
1005001302797012
1005001307758038
1005001620659808
1005001669506479
1005002374903374
4000940916124
1005002373756983
33001640457
4000961845958
4000266177473
1005001648419291
4001294056397
1005001868511806
1005001953170421
1005001571339528
32862639049
4000309905569
1005001703994144
4000313285962
4000789647400
32312702843
1005001339132506
32818193038
32812900386
1005002400247831
1005001566933546
4001131897038
1005001487119678
1005001921798164
1005002339247139
33043034829
4000796176924
1005001915327237
32947540281
33015339548
32864779025
1005002484858035
32959357568
4001118139566
32985997030
1005002212062045
1005001719036301
4000960256811
32538636048
1005002252883208
1005001888478081
1005002210588538
1005002350697833
4000465939272
1005002284233831
1005002282072127
1005002447821433
4000165755431
32917774737
4001264293174
33013066568
4000130560881
1005001531546034
10000403252336
32814307084
33018535342
33027816598
1005002380223006
4001037736451
32886001985
4001018634396
1005001406794914
32831291611
32805796394
1005001450344829
32365721144
1005001977073297
1005002307749944
4000141090224
1005001606330230
1005002480619266
4000665883306
1005001595898401
1005002491543945
4000220291258
32304400324
33062494223
1005001397181344
1005002314405099
4000284421805
33019441066
4001239806804
1005002276892033
1005002289655772
4001187276138
1005001610699101
1005002371983683
4001341726693
1005002337317755
1005002267402509
1005001844301532
1005002273552311
4000927032285
4001241465413
32916762892
4000334441789
4000849766252
32965131474
32823642784
1005002313826604
1005002337357544
32840719769
1005001774579796
1764360191
4000197010696
1005001586428498
1005002265376185
1005002277300936
32981291808
1005002433089967
4001107562952
1005002286623361
4001029812215
10000196738219
1005002228155523
1005002490760030
4000148640701
1005001920859556
1005002270250867
10000395911019
32873107877
32959364550
1005002288946092
32924026029
32811580018
33040548343
4001275515076
1005002236004615
1005002426216924
1005002332912186
32974691161
1005002186874667
4000011035346
1005002350724210
10000332710065
1005002348279057
1005001734445904
32987341479
33037389551
32841517356
1005002275174680
927991204
32869197547
32960391704
1005002204902375
1005001621127839
10000355323994
1005002426235600
1005001269799912
1005002212683520
4000209422492
1005002259963598
32984510648
1005002292969504
1005001591013980
1005002315666369
1005002347332821
1005001631239963
4001047174666
1005002413957371
1005002314406563
1005002095877207
1005002454318859
4001037742673
1005001351840778
32901829680
1005002423970685
1005002075381493
32516728221
4000756725694
1005002329935666
1005002340472398
33024966527
1005002383153244
4000105403487
4000459555253
1005002419426025
4000940464667
4000545929633
1005002408099351
1005001948001437
32840222239
4000744109871
32858629140
1005001567307948
33035308203
32860962313
33000854580
1005002263902215
32966291904
1587846322
1005001664793169
33010586953
1005002245925288
4001313259422
1005002372936972
32830504256
1005001620844791
4001263312996
1859836924
32965635711
32699577765
33035634917
4000726465903
1005001873025428
1005001825784902
1005002289101625
33027196390
33046754986
32991020931
1005002468470046
328241820971005002296998827
4001230327761
33056902015
32841864630
32883376715
1005002330570226
32512478911
1005002238167036
4000986748904
1005001496253263
1735743688
1005002351730380
1005002396671584
1005002250543572
1005002214559331
519145335
1005002483097485
32954104396
1005001351589189
4000120832389
32864790557
32989697477
1005001631924710
1005002182461608
10000397713946
32787084646
4000703894997
4000415527594
1005001972414030
32973407554
32926020736
1005001670829502
1005001794335198
4000661530884
33060782231
1005002253706057
4000619318548
32959405476
4001259622358
4000780653243
1005002262935533
1005002247450866
1508917584
33046270679
32912325829
1005002117240616
33040115935
32863520217
4001324952224
1005001405111762
1005002466843473
33040500107
32847381194
32989041113
1005001731038835
1005002313710564
1005001851424329
1005001442184057
1005002347372852
33027763577
1005002453359255
4000463983513
32919142417
1005001647889490
4000550332927
1005002435974103
1005002413399348
1005002454213231
1005001789368487
1005002306017929
1005002266016425
4000058348660
32406523775
1005001491207865
1005001449142105
1005002434405137
32982586849
4000497946892
32967080162
1005002382396195
32996349821
1005001539877182
1005002096002567
4000594815633
1005002254613216
4000789847199
32958831267
4001179112593
4001158712539
4000990800750
4000236389406
32766713816
1005002295193463
32789784246
1005002368441686
4001334103271
1005002376638254
1005001719650293
1005001681976447
1005001994469876
1005001830527685
1005002433945009
1005002034185704
1005002477971699
1005001586117860
1005002000042872
1005001506165407
32989516608
1005001425553383
1005002378978228
1005002258870694
32466226324
32958044872
33047948738
1005001972394156
32788282752
1005002285908669
1005001709702229
1005001879746791
1005002370263998
32965660161
32882847855
32873027678
1005001587637533
1005001547496462
1005002312590759
1005002082086672
1005002224816609
33036157208
4001139754515
1005002420527768
1005002247625733
1005002483213691
32895151070
1005001808882341
4000050970236
1005002369839998
33015363695
1005002108636332
1005001693251358
4000955179937
32934195194
4000451032289
1005002489150791
4001282489880
32971169254
4001042360707
1005001820290439
4000349099370
32964069268
1005002314070526
1005001909299230
4000220532430
4001152380395
1005002365509548
1005002467943527
1005002094142745
4000025062655
32871906370
1005002388875871
32974147504
1005001826318264
1005001937029722
32662962819
4000194859668
4000609677786
1005002432222077
4000214937515
1005002175407904
1005002099170092
4000194155133
33015603067
4001315789126
1005001354044103
4000730290441
1005002275685327
1005002176848333
33027866713
32960884301
32865146619
4001214246562
32896327586
1005001565996850
1005002280681644
1005002432579008
1000007390779
1005002239577473
1005001537756246
1005001878677645
33049137411
1005001590318290
1005001656872649
32963647584
1005002418687662
1005001779752704
32410100209
1005001399754018
1005001748751239
1005002340110988
4001197049278
1005001780012135
32959477629
4000307902972
1005002448740174
1005002478060105
32872295628
1005001269782454
1005001834402932
32882590079
1005002318489072
1005002348021142
1005002316864958
1005001525520212
32835799984
4000309489721
1005002408637931
1005001731139419
4001074941923
1005001575261262
1005001599989443
1005002393737992
32670651035
4001216381011
32909618067
32994499624
32656155713
1005002031888041
1005001976875560
1005001923324751
32995695608
1005002318060198
4000806116011
32867023788
4001290602530
1005001396891830
32922871167
1005001739097314
1005002253927240
4000113522441
1005002018706439
32836380514
1005002212822969
33056898324
1005002294009998
1005001835738229
1005002312684424
1005001954043688
1005002289083871
4000561764405
32855622462
1005002422984795
1005002308989022
4000732887378
1005002310965681
1005001868492602
4001089321042
4000245523407
1005002395487242
1005002314475330
1005002090716666
1675407597
1005002495570956
1005002394624663
32643496314
32930913920
33008462234
1005002021940001
32865035428
1005001999863559
1005001490032064
4000895667292
32648225283
32973848954
1005002337388346
4001163418311
32859509835
1005001334608062
4000114527609
4001133177479
4000969950951
4001295372836
4001250839719
4000610917234
1005001762119568
1005001834640778
4001215751602
1309082070
32969420692
1005002010897102
1005002281999043
1005002211117407
4001278916526
1005002006887919
32854460284
1005002270591978
1005001692566668
33024399702
1005001964124627
1005002483649226
4000143148677
1005001985553054
1005001332383644
1005001302941269
1005002076451624
4001024768375
4000533216580
1005002211200872
4000600062183
1005002409846639
4000336425122
32991507345
4000832677121
4000510926418
1005002399337251
32558928104
4001228231253
4001025914096
1005002306157312
1005001582804027
1005001930993021
4000316154668
1005002398921361
1005002000206244
4000722931835
1005001319687658
32876303849
32812087923
4000917458340
32830167200
1005001953470607
32968288514
32806928354
4000449825139
4001263977636
1005001953788020
4001267647465
1005002204340179
1005002329471447
1005002482155664
1005001570424901
4000760924602
1005001966466294
4000662954189
1005002187901083
1005001515908357
1005002372262208
4000463879525
32854581990
32948170911
32993251567
1005001334367659
1005001340681687
4001057913836
1005001420696525
1005002333958058
1005001504698132
32985587990
1005002125380881
4001155465601
1005002329089626
1005001547859769
1005002049732767
1005002413599378
33045359350
32858856494
32990082241
1005001981723702
500789572
4001359715707
1005001785302537
4000808379555
1005002383921205
1005002134849527
1005002369035128
4001163084814
4000965747210
32841902894
1005002328471529
1005001729225718
1005001819160841
1005002259036387
32672800748
32981040724
4000293942602
32810235563
4001355141642
1005001941377845
32794162381
4001085488530
32839832819
4000240739610
1005001360306005
1005002490488244
32851501229
33037013984
1005002181397539
1005002004286698
4000578934759
32554287454
1005002308019203
4000842951880
1005002380608161
1005001661217971
4000238242578
32894834505
33037481134
33023185899
4000389988241
32893338248
4000683796202
1005002274059305
4001064862966
1005002297153892
1005001942321569
1005002351356406
1005001731370556
4000750298417
4001150616886
1005002058554516
4001094601267
1005002478199060
1005001935253839
4001286590347
1005001934617759
1005002004305459
1005002362768730
32840565962
32972737690
1005001320513753
1005002468599192
1005001581105727
4000282998934
4001041097899
1005002207637646
32971408689
4001035662009
32698982071
1005001481752221
32839372354
32907935575
1000001948001
4001355973730
32911748559
33048011211
1005002341261695
32860834310
1005002229204784
1005002314451854
1005002387709222
4000868291721
1005002410939115
4001255765027
4001064951757
1005001942965178
33052936084
32825232944
4001259878975
1005002314326056
1005002248664708
32911276446
4000930304102
2055065040
1005002276033649
1005002412897389
1005001429575792
32989968476
1005002388821837
32716972025
4000770164868
33048473287
1005002382838456
4000344859764
1005002316502602
1005002422054787
1005002363466725
32866538171
4000755362944
1005001333016265
33008015081
690020230
1005002326909105
1005002377085832
32851099642
1005002240874634
1005002340716841
1887720774
1005002369106257
1005001988877597
1005001567079694
1005002363758830
32802745115
1005002394592420
32920817179
1005002146603028
1005002362746993
1005001849869687
1005002323472225
1005002352556757
4000464445284
1005002412356153
32992525345
1005001445695314
1005002365226771
1005001500037318
32668729239
4000378868256
1005002225402125
4000805058878
32809398947
1005002314484858
32911701672
4000193135228
32624491863
1005002052452919
1005002303737046
32896879646
1005001536725663
32908541132
4000666109399
4001195178986
4000763866897
1005001639127016
4001314713226
4000049339795
1005002467170040
1005001736344416
1005002104346530
1005001915617393
1005002470803033
32877939559
1005002336830946
32858830179
33006779280
1005002382480927
1005002441249772
32629916514
1005001638930148
4000397471515
32976279290
1005001303823021
1005001867225759
1005001525457443
4000977874037
32591059485
1005002467352772
4001365655477
4001221478522
4000123471987
1005002313978627
4001170235420
1005001694565091
1005002368245158
1005002086490777
4000189018598
32872579238
32848147717
4000854019321
4001114640407
1005001867855549
1005002390174439
1005002258028468
4001174463680
4001166086856
4001349263241
1005001707797337
4001084494386
32871355132
32579010447
32913407792
4001225885264
1000008545410
1005001330535540
4001157690780
4001200280384
1005002396393945
4000260789511
1005001993379892
4001294872083
4000781864256
1005002334356405
1005001967212184
1005001990468159
1005002312146219
32919177108
1005001278166931
1005001507570206
32994281414
1782253584
32950402122
33025890518
4000067790355
1005001768386361
1005001812971131
1005001848753204
1005001750206123
1005001599588066
1005002323656851
1005002388338469
1005002344948306
1005001277999153
4000768521172
1005002307395384
1005002351607116
1005002258805073
1005001381674059
33009819460
1005002185228827
10000007637230
32858003708
4000114156277
32981850728
32573318782
4000662913865
1005002074899870
1005001840579068
4000219558240
4001114648807
4000307691363
1005002252841256
32890900196
1005002090544501
1005001573442678
32823342799
1005002278352829
1005002321408778
4001307810228
4001031583357
4000986644137
32854685854
4000904741841
4000222023363
4001238502273
1005002378725963
1005001559802591
1005001297747648
1005001511936509
1005002190142591
32932588968
1005002396189063
32994158731
1005002142628773
33019691795
1005002319162467
4000326762930
1005001425208739
33041282585
32669500476
1005001567766307
33040419035
1005002259100915
4000442378629
1005002400381071
1005002064159494
33016755394
1005002448344559
4001362370911
1005002239551463
1005001452689264
1005002320549350
1005001587884315
32863215408
32819637722
4001345755940
32917056653
4000199901818
4000727275482
4000562251275
1005001442157852
4000865364270
1005002276119842
1005002319630748
2045448468
32987718082
10000189894924
33048937223
4000692008401
1005002180451211
4000849829957
1750145495
1005002345595400
32856866023
32536049667
4000114332925
1005002292478824
1005002336285379
4000924527670
1005002002047462
33022713411
1005001843313920
1005001576885349
4000154397351
1005002357378453
1005002478066361
1005002218982079
32816473037
32918472099
4000153780732
1005002248809714
1005002023862438
32864014188
1005001844457089
33018940778
4001085354540
32618061873
1005002180429391
1005002260616316
32913874274
4001365553634
1005002319301361
33040728384
1005002386996375
1005001616253368
4000648767154
32427708917
1005002302218202
1005002387981935
4000538540636
1005002466919641
1005001888729793
32861374931
4001235968553
1005002376112671
32894373632
32972665083
1005002431122733
1005002063646371
32958849712
4000862347852
1005001522342089
32999308278
4001255347317
32916994909
33009752815
1005001726634022
1005001686065451
1005002342259274
10000088333188
32837874902
4000792472316
1005002113566125
1005002464788380
4000481544863
32900172900
4000077423555
4000048721526
32920348028
33027933962
33034647060
1005001725825140
33041537468
32841258083
4000011281169
4001027690832
1005001914682576
32885115228
1005002421582863
4000516802972
32851115498
4001118084947
4001163911104
4000217502980
1005001688926828
32851144747
4000019863993
1005001604195935
32496301938
1005002238552414
1005002326805772
32943235146
4000539832290
1005002395738980
32892294165
32278249974
33004432126
32687350447
1005002313152312
1005001587633195
32982451223
1005002414493572
33010347230
1005002389712287
32782768058
1005001766076149
1005001381711066
1005001864737826
1005002281415162
4000203121516
4000278205069
33020725723
4000888371035
32867889768
1005001788806161
32663050381
1005002266205903
32321214595
32359329102
1005001502497602
1005001326224410
1005001609114655
1005001304282490
1005002043148646
1005002337306957
1005001877999174
4001248362196
4000697065775
4000317647591
4000850474139
1005001429011630
1005002428567142
33016578574
4001170890267
32808987225
32913370432
1005002461577504
1005002027776769
1005002205574889
1005002304160451
4000906256277
1005001890757639
4000907174676
4001310894138
1005002358157979
4000806138912
1005002401780331
1005002218535533
1005001721042390
1005002433613406
1005002475072884
1005002333963275
32840900987
1005002256880042
32960301238
1005002318748808
1005001664626082
4001178284764
32844658649
32854272807
32874425935
4001293579204
1005002284599363
1005001879708920
4000967006067
32899801724
1005001699640911
1005001850991726
1005001642298794
1005002308954375
4000784408026
1005001822296350
1005002345766740
4000990947630
4001257921527
1005002297890085
1005002393647483
4000056745442
32846400520
33040817971
32323468527
32945729328
1005002304815970
1005002259591778
1005002312140305
4001153750592
1005002376413433
4000416117239
32972181275
1005001565722882
4001114833701
4000201818600
1005002270996683
1005001773702089
4001258460383
1005002114765076
4000769989406
1005002212711340
32970270546
4000124763172
1005002042755754
32751066480
4000252307278
1005002474000359
1005001795474711
1005001921751814
1005002256369085
32408970337
1005001588285091
4001280378421
4001211103086
1005001888908935
1005001694549999
1005002345294080
4000923130782
1005001561760335
1005001488521774
1005002376023813
1005002280814478
1005001754069014
1005002388154911
1005002298173624
1005002400656629
32998149804
1005002280680902
32534240117
1005002089347728
1005002280508543
1005002027658791
1005001686234274
32783324464
4001267204350
1005001928068071
4000345734096
32888569256
32961841273
32696182347
1005002265814146
1005001899575375
1005002254259309
32741530599
1005002040185241
1005002280713039
4000079573121
1005001451583973
1005002187069214
32983712672
32952959599
1005002122162315
10000086627833
1005002065035590
32668751142
1005002116063645
1005002298042989
32853768367
4000006703625
4000989171550
1005001726768575
1005001525432552
1005002379383052
4001267347110
1005001863765190
32847378114
1005002339700525
1005001862255476
1005001525472472
1005001506661243
1005001391326628
1005002438689555
1005002426901025
4000276021148
33045196032
4001266750117
32655679992
1005001270848481
32616659797
1005002400529147
32989396558
1005002258610920
32941811643
1005001376143210
1005002460121206
1005002276862336
4001322622481
32893317152
1005002208332325
4000890239160
1005002490189582
32902957068
32897418375
4000453702771
32857906510
1005002000523342
1005001670403812
1005001441497277
1005001703625795
1005002358754430
1005002337540897
4001290492427
1005001427407717
4001279436050
1005001883420443
4000809253504
1005002091701140
1005002328088078
1005001631133417
1963040013
4000326948009
32448818011
32779913422
4001289929825
32922637437
4001359329023
1005001903418533
1005002239148870
32335686064
1005002336138121
1005002378248366
32966756173
1005001531742525
1005001561412110
4000765748040
40012069751511005002191476688
1005001695339771
4000722739517
32967126817
1005001451628483
1005001997799117
4000934254128
1005002418160115
1005002286967813
1005001424653114
1005001999046410
4000038439523
1005002482773046
32804566230
4000315141038
1005002332751234
1005002050462525
1005002329085786
1005001349361675
1005002330648692
1005001605801893
32831279514
1005002288995612
1005002329452581
4001314624028
1005001764084432
32959374387
1005001968866636
4000982938931
1005002340571847
33007773731
32924959705
1005001600573226
1005002340521113
32906341540
4000939039362
1005001704657210
1005001930733120
1005002318195856
32904751175
4000959826986
4001004885479
1005002391521786
32275883711
4001123798372
1005002323522429
1005001770993590
32547434392
1005002186900164
1005001900494778
1005001512373730
32999099581
4000018775780
1005001913869521
1005001792424113
1005001483613139
32961165986
32636077136
4001279011471
4000478574778
32959764296
1005001768372922
32969158937
1005001639716543
32668767948
1005002281055185
1589234718
1005002034610840
1005001908695579
1005001439071761
4000719567881
32982280546
32852520145
32861808430
1005001307436317
33004999506
1005001914853076
4000997059369
33041910593
1005002405034066
32915368424
32717370836
1005001489771168
32947876976
33060184471
1005002420015148
4001055580089
4000147807118
1005001640172366
1005002252985897
32976094396
1005001786297963
4001350732146
1005002378258346
32844755712
1005002443669307
32964946255
1005001446954225
4001354614550
1005002347680539
1005001895481787
4000902906076
1005002490505230
4001044106902
1005001756628006
33009301461
1005002028268811
32497091718
1005002234893346
32887359354
32809358420
1005002204088552
1005001349707425
33047986971
33058936525
4000807369454
1005002130002442
1005002187772920
1005001972895668
4000234320296
32996135885
1005002401812088
1005002369450500
4001062781338
32838719480
1005002438832801
4000429675999
32859644558
1005002483755555
1005002363347639
4000110859851
4001277378563
1005002363558015
33022042978
1005002431422827
1005002390463453
1005001612108076
1005001488889405
4000245590268
1005002315287943
4001269853713
4000109036286
1005002467511328
1005001650553527
32995617182
32675067374
32948117159
1005001658829527
4000229247580
1734260780
1005001293734351
1005001475825196
33050597359
1005002044190113
1005001376624694
32867857557
33061846203
4000874769599
4000455885674
1005001885881796
32843901085
32845138323
32956117068
4000510801084
32738131525
32987318700
4000571713361
1005001957433556
1005002375379570
10000054219909
32939484222
4000216731275
1005001840420638
1005001425737148
1005002467442988
1005001712026563
1005001450837858
1005002305397372
33043712011
1005001489370928
1005002389722850
33043869862
4001111420171
1005001604744331
4001350251545
1005001729474408
1005002271552075
33049991838
1005002263446393
33012431529
32968453228
32637390477
4001249016687
4000533276578
1000008509594
32891728640
1005001882649197
10000423745308
4000044055470
1005001567163272
32498582308
1005001499378486
1005002241000398
4001138270498
32861456675
1005001615299608
1005001774289681
1005002381060877
4000850497775
1005001428855212
4000385841298
4001172596166
4001026786806
1005002094663082
1005002500191639
1005001826736738
1005002336918426
1005002454378610
33027517706
1005002380717785
32873497566
1005001825657793
4000043270995
1005002402106866
1005002345957726
32978583120
1005002318083755
1005002275547600
32964194893
1005001626054806
4001084895237
4000437949059
32744840004
4001225132573
1005002465704102
4000625496432
1005002434685252
1005002471542718
1801235193
1005001828603621
4000772520438
1005002368518189
1005001417859444
4001222630660
1005001376213290
1005001658608057
4000962249571
4001018670021
32481796196
1005002254559023
1005002152975792
32975470557
10000384096189
1005001906924940
4000784440828
1005002313454247
4000025101776
1005002316863375
32987346130
1005001289457589
1005001402748018
4000547571155
1005002321001806
1005002291040194
33012195623
32974280709
1005002499246318
1005002315762694
32949263588
2036662072
4000708590781
1005002203885353
1005002302273404
1005002499127942
1005001409665895
1005002279154282
1005002311958146
32459435436
32849882655
32797189525
4000967806384
1005001421564074
32938940248
4000381470531
1005001688852243
1005002311033496
32805802883
1005001319586475
32885984745
4000215358668
32985233778
4000474239411
1005002386864997
1005001966597189
1005002350596636
1005001316535612
4000074133125
32658927932
1005001779835347
4001120303022
1005002393810469
32864647640
1005002272193958
32732709682
32956033398
4000161863904
1005002406004387
32958861766
1005002316481501
1005001373808387
1005001329837066
4000926764828
1005002276776607
4001038321405
1005002012590598
4000544575284
1005002309774580
1005002492571627
1005002323734469
32978097980
32867040851
1005002207892534
1005002116179761
32862684771
1005002314713174
33000392508
33043569293
4000181031937
32965340161
1005002401100798
1005002192373015
32906734980
1005002466756452
1005001464657290
32997506960
1005001547892192
1005002329665371
32899858624
32822650987
1005002272106883
4001095077469
1005001841305123
4000165941983
1005001829500880
1005002428597789
1005001873460140
1005002400938916
33029275675
4001158546507
1005002238947086
4000433034205
1005002331819508
1005001289570413
4000962298552
4000279786869
1005002346153900
1005002035631061
32837262033
4000043296401
1005001375545900
4001285898403
4000833953136
32664733351
1005002304304291
1005001806191585
4001360545984
1005002311787086
32988260875
1005001565970626
4001113207601
4001138518491
1005002408398505
1005001862851150
1005002402464781
32796911359
1005002337098102
32786748415
1690810754
33051510957
1005001787467895
32858657524
1005002362595886
4001244599010
1005001891022423
1005002271543829
33028220841
4000959871553
32884901832
32999485489
4000546579540
4000768450367
1005002474529876
4000195377524
1005002051571699
4000995217509
1005002344991245
1005001701405266
4001090102331
32993967073
4000752294697
1005002352081128
1005002292749347
1005002286246563
1005002378520654
32928387083
1005001999907411
1005002428385604
1005002383908521
1005001692933089
32803172434
32357232074
1005002027683469
1005002440085374
33010887796
1005001419154304
1005002322589814
32799618231
4000492666902
1005002278732080
4001232759824
1005002277797383
1005001873692732
32986267582
4000038666535
1005002199010549
1005002419523064
1005002047424689
32619986241
1005002312132227
1005001731277006
32968332494
1005001773284324
1000001529410
1005001315099833
1005002433007922
32961942523
32888005786
4001165334443
1005001599422370
4001062260124
1005002431712260
1005001324366954
1005002482714728
32750734031
4000188736990
1005001691237298
33005777657
1005002264970017
4000051677833
32921846857
4000378473475
4000700851780
1005002278195106
1005001703439799
32343482868
32744651105
33011966646
32975313313
33001842704
4000180258591
32647808397
32855950944
1005002122554022
1005001616286523
4000440547928
32804937624
32913711674
4000971593732
1005001715084542
1005002449255831
1005002479640896
4000237658507
1005002440983109
33003578384
32840939698
1005002333930953
4000319354515
4000726483779
1005001563321234
1005002469239933
1005001391373928
1005002362288506
4000130420882
4000348901569
1005002281012535
32967070632
1005001566723219
1005001931089136
32964382202
1005002495784709
1005002350847430
1005002363762370
1005002315689343
4001163082170
4000517646701
1005002400733888
1005001685609748
1005002386727679
4000077794986
32808645054
4001238538763
1005001519381007
33051083803
1005001525384554
1005001515660070
32955482659
32991946110
4000843227705
1005001314931470
33064211363
1005002323663268
1005001335969131
32971061299
32855223594
4000221495341
1005002050925757
4001109374234
4001111569403
4000703900718
33054560338
32921140123
1005002238948297
1005002467014357
4000173936658
1005001429101221
1005002324093544
32817638605
32897967896
32994929778
4001233630184
32990509342
4001362255319
1005002292773551
32845083092
1005002465814482
33048981599
32406519046
1005001863326465
1005002254363482
1005002318657345
4000396453354
4001142325392
1005001694073574
4000421428851
1005002292612931
33022079891
1005002014432409
4001061780683
32818749482
32811499090
4001296986067
32950407378
1005001586394878
33031501734
1005002312385898
1005002357184914
4001156825328
4001291810099
1005002423117899
4000327199863
1005001511684335
1005002396763093
1005002359567741
33052520083
4000970516124
1005001906975014
4000246360437
1005002266415208
1005002320886537
32889513874
1005002181688190
32553269054
1005001506930049
4000786775118
10000402362169
1005001525355523
1005001940368999
1005002102005897
1005001763633273
32868501563
32921313453
1005001474478676
1005002086970969
33001816588
4001292327773
1005002430881234
32560407758
33012763436
4000176828234
1005001818303867
1005002417352099
4001193627622
1005001354985191
32973872602
4000078438557
1005001374420741
1005002408107241
4000905660826
1005002328114186
1005001905687348
1005001823807880
4000860343822
4000130775367
1005002059836730
33051624873
4001327970180
1005001879889050
1005001666575223
32885376881
33026647459
1005002305019667
4000763672715
1005002348928118
1005002460421726
4000595833187
4001127393412
1005002398632382
1685308235
1005001713338601
32884085442
1005002371696090
4000414573507
1005002454250967
1005001307718277
33044326339
1005002359130177
1005001983251473
1005002446212394
1005002247354473
1005001468280767
1005002171569949
1005001943142638
1005002356305007
1005002166068418
1005001664636286
1005001299165084
4000219140811
1005001469438549
32888169524
1005001792165503
32353269049
1005002370585754
1005002241264429
4000548811319
1005002052602214
33001876279
1005002294178510
4000106020013
32888983697
32967148897
4000937620723
1005001413102216
1005002276468755
4001122768181
1005002033412827
1005002260159706
32850422873
32844610914
1005002185248268
32851014098
1005001768948541
1005001803808851
32256126889
32897332276
33012821153
4001237569327
33030246307
1005002481995660
4000428668676
32896058581
1005001487569745
4000059049893
1005002390489843
4000561585798
32844004643
1005001319560049
1005002355638007
4001304610950
32572857773
1005002359882144
32712528425
833346090
32662183991
32886634261
32989284920
1005001800562516
4000738258408
1005002267644324
1005002337295691
1005001779219480
4001104264256
1005002276155959
32923691638
1005002472788401
1005001485770003
4001296948366
1005002337771690
1005002263660742
32995781922
4000791471418
1005001664392328
1005001973805959
1005001775703516
1005002444147217
1005001492697372
4000027758527
1005001906238162
1005002104838958
32549925520
4001263909941
1005002500509026
1005002393823050
1005002486200463
4000960602977
1005002096411970
1005002108501942
1005001688486571
33048684593
1005002287559140
1005002432092182
1005001552773017
32948981501
32702756534
10000395864157
1005002338596267
1005001824549240
1005001614275321
32821728265
4001224203635
4000467289579
1005002314334540
1005001266902497
33059047631
32869791898
1005002143291585
32732760717
1005001345738218
1005001823068803
1005001517259371
32993405917
1005002409559435
4000841392888
1005002495134316
32945397585
1005001834945283
4001151455052
4000711986408
4001074844345
4001077961331
32890049944
1005001982276136
32841881473
1005002415743011
1005002481401694
1005002352355569
4000480005578
1005001351965871
1005002475103996
1005001448849403
1005002341404630
1005002323529454
4000071186028
1005001902489223
1005001831205766
32966823370
32759811403
1716946777
33057562246
4000629278883
1005002339396095
1005002060376125
32700639967
1005002231768498
32678884279
32959955376
4001068461283
1005001652465398
1005002384487138
1005002438079265
1005001518148324
32969954484
1005001598453403
4001259893668
4000099298005
4000688828870
1005002033509680
4000706678548
32788484577
1005002341044829
4001014252435
1005002353055745
32755900845
32790006303
1005001405232979
1005002039976995
4000813034478
32969315938
10000031844264
32871515664
1005002118679913
4000111076999
32882384454
32786686560
32831357277
32983387445
1005002062063002
33044724760
1005001488791004
1005002232544675
32849256647
4000229221008
32899791901
1005002317920726
1005001375075331
32352041425
4000855986080
4001219472514
4001267641261
4001119523552
912297724
1005001727091578
1005001424452735
1005002430965211
4000791458864
1005002385102750
1005002122337485
1005001992405529
1005002037337429
4001290666177
4000849885038
32808797916
32828320910
1005002361859729
4000323076463
1005001405919391
1005002434800021
1005001820293667
33018330351
1005001546620281
1005002185800676
1005002411922532
1005001670269970
4001185219514
1005002094209086
4001060739742
1005001516667714
1005001659947979
33002849342
1005002483011873
4000594533004
4001298685460
1005002321485187
4000764350456
1000006862408
4000762732509
10000127487088
4001015158571
1005002435174900
1005002491900376
33010991546
32965404587
33027636972
1005002158772930
32971189666
32892862658
4001121446794
1005001440690064
1005001452474836
1005002309099263
1005002288645325
1005001968383639
32714860213
32947123410
32911008265
4000927561511
1005002304385652
32886256407
33060994626
1005001986086866
32921017862
1005001649386943
1005002381977847
1005002231702338
4000036215373
32809625588
1005002234949798
33031863145
1005002165022638
1005002353588168
32664187601
32369447081
32567899490
1005002350744795
1005001412717674
1005002488162621
4001003434879
32967568794
4000212662568
10000293230375
4001335851349
32264786194
1005002296772040
1005001963670462
32961563673
1005001853165547
32976755129
1005002280786915
1005002301076666
32923808755
4000927242403
4001316500192
32468789270
1005002383782555
4000928555191
4000099435499
32920581196
1005001287647873
1005002311498756
1005001628280648
32922578277
1005001609438446
4000621350839
32852124851
1005002105141198
1005002317812948
1005002243832335
1005001589227320
1005002299517552
1005002312149153
4001031078245
4001200163926
1005002028802716
4000714481442
1005002375401487
4000847952810
1005001731222494
1005002116462144
1005002347871682
32749102148
1005002390526164
1005001429823167
4000906549227
1005002243977355
32913457454
4001247325027
1005002321552277
32796922829
32828479311
1005001534980469
10000395903753
32908391804
4000348989737
1005002310253550
1005001606107157
1000003941094
1005001484037642
32848256636
1005002378711568
1005002253521669
32845237505
33002983486
1005001566130790
1005002473408812
4000096411927
1005001578897977
1005001995628619
1005001621743018
1005002278051684
4000843030176
1005002260889639
1005002315385068
1005002421317300
32726645297
32968762076
33005863375
1005002077443773
32923722559
32620569702
32975394695
4000990769080
32902413746
1005002411343013
32855221972
1005002213046707
4000764489186
4000109606708
1620892619
1005001797621467
1005002288206768
32887893582
1005001736691645
33031471485
4001296801131
1005002318405916
32558924166
32889765037
4000095314822
32908404956
4001079797821
10050013301215731005002492343270
1005002338319022
1005001506218384
1005002314047522
1005002344639372
32848440421
4001165194321
1005002055250519
1005002246398215
1005002370298984
32897952535
32960818246
1005002265763550
1005001835483488
33008547344
1005001833482544
1005002490579221
4001360945833
1005001406478861
1005001871447329
32920944387
1005002291194571
1005002435376943
1005002421293156
1005001971735631
32812177109
4000392504606
1005001977891776
4000542732145
1005002254206860
32906555358
4001359334084
4000382981754
4000219237174
4001256727873
1005001942897450
1005002350960471
1005001856499607
32916208371
1005002350836382
32813855417
1005002377199763
32946172644
4000734936910
1005002263667776
1005002175545751
32947197676
33019904841
1005002286778393
32320782301
4000238815171
1005001512683107
32965181238
1005001972431614
32863556367
1005002494556017
1005002271534204
32704727622
32962153123
1005002376779177
4001238379410
1005001297737983
1005002475751241
4000837967295
1005002396663811
1005002392792741
1005001522368374
33012678296
1005002271165633
1005002272407819
33009759172
4001233046632
4001168043022
1005002060747289
4001344979480
1005002157200468
4000593761507
4001364249632
1005002467106901
4001142418803
1005001511068487
10000092230104
4000855928348
1005001741098602
1005002282123839
1005002329059497
33040313387
1005002309018915
32859955779
1005001602508574
1005002319522076
32818362534
1005002060245864
1005002467182347
1005002118861374
1005002362321859
1005001321093917
1005001279009246
1005002319630840
4000691697198
1005001537756500
4001127167564
4000473872728
33046544177
4000261590504
32911205079
4000691182257
1005002291860777
32899853383
1005002233068144
1005002404680535
1005002428695259
1005001656874732
32868704197
1005002277790301
32819164880
4000897106882
1005002284597837
32913072455
1005002422046873
1005001901774689
4000464846161
1005002291228305
1005002278862344
4000558483510
1005002351552159
1005002427458015
1005002375922343
1005002315379560
32954637021
4001278146289
1005001759028878
1005002100737712
32799344499
1005002368322929
32982614317
1005001769098326
1005002227560135
4000223534632
1005001590707462
1005001598572274
1005002282274704
32622245769
1005001314101631
1005001639541528
32731006066
1005001774334918
1005002466790551
4000997318828
1005002210208050
1005002247555416
32406203712
4000737940872
1005002328586599
4000855013722
1005002383802505
32922889295
4000124327496
4001038875950
4001232366132
1005001966459319
1005001409230853
4000701682348
1005002355599833
1005002376078332
4001278969015
32841945403
1005002136545580
32970599720
1005002465631515
4000975498894
4000226921589
1005001617222072
1005002146879352
32848049534
1005002321066117
1005002318841666
32980602582
4000016011702
4000188837450
1005002350829541
1005001639741018
1005001315718584
4001057904737
4000853740949
1005002378534902
1005002454035084
1005002062976805
1005002320322529
4001119641781
1005002327118652
1005001544099733
1005002314189421
4001104110264
32901914496
32907809535
1005001727619396
1005002327863043
32819545763
1005002232379313
4000245096337
33028708144
1005001904897491
1005002451034831
1005002390903262
1005002489686305
32807430036
1005002293890316
10000027681189
1005002293891235
32953111623
1005001823368177
32809582925
1005001692215026
4001205187839
529672742
32981894277
32920903754
32990174082
1005002304328728
1005002108405260
1005002313982229
1005001481729638
4001166379487
32880973364
1005002369331211
1005001786127498
1005002339180946
32717944909
32767971698
4001007695213
1005001504464734
1005001389081722
1005001834539190
33002319633
1005001621801276
1005001731399117
1005002488438803
4000076931690
32882169805
4001258860398
1005001683128350
1005001997931888
1005001858804170
1005001630948253
1005002125759658
32814387751
1005002345650803
1005001710989252
4001285901969
1005002237789955
1005002314356426
4001293578880
32694122392
1005002336916648
4000497998962
1005002284729687
1005002037998743
1005002388675047
1005002443162150
1005002319580772
1005002398315885
751363758
4000723813094
4000730516214
1005002323514129
1005002388354208
32976367790
32953832317
33004320662
4001292922740
32785671654
1005002332575164
10000032402680
1005002133110113
32877008294
733605207
1005001667469402
1005002111620722
4001135003456
1005002172738011
1005002031641808
4000007426837
1005002383286773
1005002362038490
1005001329816666
1005002084446068
1005002405367271
1005001924025565
4000900296750
1005001604008038
1005001954820656
1005001441738032
32742295897
1005002390442866
1005001715478900
4001198321738
1005002353191722
1005001587027999
4001230909389
1005002193810757
4001114853176
4000206019871
1005002348091945
4001195306796
1005001502455150
1005002132901247
32393079235
1005002384259136
4000006637395
4001344231527
32995962323
1005002318136454
4001149307505
32838772026
1005001376669738
4000985196460
4001080807799
2036098191
1005002342576267
4001211873717
32967809442
1005002329614200
1005001718882120
1005002492535552
4000622939903
1005002158674787
1005001823739763
1005001458178027
1005001329782585
1005002322540106
1005002443160148
1005001854945548
1005001269562954
4001148318026
4001291312321
1005002227762147
1005001304719187
1005002331902614
32437547780
1005002343059928
4001248836579
1005002362443170
32851681704
1005002213487289
1005002416399232
1005001665916668
1005002264215371
32581586711
32967201024
32912023883
1005002348641924
1005002348693517
1005002341764626
1005001763965724
1005001485197340
1005002442484842
1005001278884197
1005001858247130
4001037778964
1005002305614188
1005001629116299
1005002320250958
1005002346687279
32792449258
32973326447
1005002072814009
1005002117634064
1005002001489529
1005002386171195
4001305699414
1005002314385134
32939522228
32996491420
1005001870355661
4000873587546
1005001398725015
1005002101773850
1005002412298329
1005002460637742
1005002254397114
1005002373161996
32822776341
1005002254304329
1005002231127889
1005001853970808
4000330838643
32770050561
1005002356004760
4000237636543
4001039413469
32857226078
4001152996298
32991707222
1005002304456216
4000118046634
1569497175
1005002425902654
10000306822203
32673345067
1005002343847768
1005001598540290
1005001994202157
1005001474460422
4001103859926
690020315
1005002089948938
1005002382472572
32825369821
32786077641
1005002251641762
33009984416
1005002274032756
32867051933
32855730296
32650736295
1005002103894218
1005002326962612
1005002439605753
32915028391
4000788655458
4001125539715
1005001784962963
32523688633
1005001467759582
1005001953086708
32319405194
4000562354547
1005002280927225
1645542893
32818735147
4000506971408
32887347282
1005002381244267
32797424343
1005001670858309
1005001882947644
32961755145
1005002032074013
32792449642
32723443807
33033539869
1005002057474741
1005001438227514
4001230402234
32907415381
32420149214
4001179121741
1005002072362770
4000064064997
1005001771280773
1005001469393208
10000355599480
1005002405666922
4000216548312
32893779532
1005002386885532
1005002004021034
1005001552340830
1005001525364479
4000102462893
32943269224
32763501257
1005002388078880
4000900441377
32966918084
32850199145
4000116251320
4000378105952
4001121323038
1005002329039368
1005002352079856
1005002309688520
1005002324059180
4001298958651
1005002322788311
32884605982
1005001807828436
1005002404923993
1005002346929830
32923448261
33056809461
4000976407132
4000463876066
4000983460121
4000325267920
32880653532
32583477910
1005002110388115
1005002364583503
1005001670931170
32625866242
32694801545
4000999360683
1005002152415010
1005002110679692
4001046349722
32800927327
1000001767369
1005001516023073
4000355578137
32832563638
33009501601
32941831312
4000894079998
32903432822
1005002440047246
1005002365489362
1005002253128725
4001350925779
1005001315072727
1005001605992955
33047816276
1005002390184898
4000786477846
32959633002
1005001518896589
10000397742696
1005001962793660
10000388486590
33004066612
32997703288
33036344949
1005002368345269
4000437123856
1005001515601491
4001112597813
1005001596464711
1005002432273895
32910043352
33053149377
32820748200
1005002340923308
4000493076087
4001224524306
1005002435902459
33007922325
32947623964
1005002148803929
32975925357
4001013902033
4001275702732
33010272895
32959763906
32964445034
4000790530782
1005001889057153
4001142598031
4000067621509
1005002256698823
32826570037
1005002277725607
4001038786413
4000202678373
33001000660
1005002281150397
1005002322523716
4001253443330
1005001877348431
4000910505539
4000395426758
1005002337245342
1005001709237383
4000394558831
1005002108561274
1005001446136791
32829496519
1005002448755215
32724365364
1005002318722355
4000135462539
32996188018
1005002431467703
1005001500695277
32977314876
32963135138
33031497125
4000084363459
1005002347642497
33045526016
1005001917744819
32843813345
33030302387
1005002318666272
1005002363934314
1005002318538550
1005002425228527
32557838602
1005001373874628
4001286680760
33031847808
32944490281
1005001643671217
33017806269
32906109239
1005002179557319
4001316146741
1005002327629422
4000191285076
33032987607
1005002371695863
1005001948472163
33027808430
4000982561876
1005001924709193
4000552779553
4000975114603
1005001690994703
4001248922631
33062594196
1005002434360650
1005001563547702
32970046352
32953943628
1005001349916652
1005002337725017
4000842987560
4000035948182
32822319447
1005001857027568
1005001785084248
4001038830942
32409030747
1005002318531467
1005002474611815
1005002346055310
4000546664121
1005002229762969
1005002375424282
1005002386103123
1005002423052756
1005001600129498
1005002258933517
1005002213712063
1005001748367484
4001038975010
4000436616852
1005002376268211
1005002394139449
4000461618504
1005002288851222
1005001702807148
1005002371565813
32941815664
1005001993240164
1005002364004583
1005001926229978
1005002105920937
32910143246
32954481123
4001108393807
1005002292450748
1005002000480521
32957231974
32910824004
32903012049
1005001285156890
32893984472
4001244818705
1005002326944874
1005002219563187
32978687039
32917052384
4000264400569
1005002359650902
1005002301767383
1005002345945623
1005001943001032
1005001930937468
1005002316747989
1005002419702412
1005001694999768
32725360426
1005002379253643
1005001555698132
4000204696387
1005001834800775
1005002246352817
4000466385917
32741801351
1005002304571410
1005002418873291
1005001685695229
4000153063087
1005002409366059
1005002374248668
4000170185490
1005002475352650
4001315585145
1005001320854366
33018402019
1005002377505407
1005002324944286
4001098229821
1005001326001905
1005002055931835
1005002206804402
1005002356098376
4001153789082
32797473242
4000260698012
1005001978115825
32795821636
32610587017
4000263952116
1005001895572265
32977067037
4000122821966
1005002172822978
1005002082550865
4001249828836
4000866624366
32880089272
1005002388659280
4000843624033
32580736128
32855167271
1005002286747072
1005001341338277
1005002310940792
527964587
1000006111110
4001143251875
4000029630395
1005002353165829
4001278377916
32832277972
1005002259165274
1005002037699818
4001056081937
1005002311248480
1005002197827226
1005002450828074
1005001698392992
1005001997934078
4000786405124
1005002352749448
1005002312455823
32949705614
1005002439402640
1005001315703211
4001355391814
33001760712
4000686724793
1005001793792755
1005002229606036
4000357427577
33010005269
2031497398
33011203988
4001286346513
4000974660129
1005002327154165
32434114426
1005001970233096
1005002205753222
32858710493
1005001458474937
1005002489576282
1005001588303036
33057499146
1005002462112087
32979607365
1005002229417674
4000301491550
1005001692918462
32990749496
1005002362674396
32911359736
1005002258967865
1005002355821906
32889240370
4000336789630
33027824134
4000711942831
4000499691744
4001160033755
32898125351
4000055018093
32822816253
1005001267451651
1005002480524385
1005002371565624
4000943382349
32860313891
4000406154107
1005002316643670
1005001500331321
1005001697445698
1005002421470080
4000938506463
33054608858
1005002492743022
1005001861041425
4000130802444
1005001315698040
33052382961
1005002283093974
1005002360009970
33054081690
1005002320932586
1005001522069883
4000153101936
33035660755
1005002384520484
32742651645
32746876610
1000007135481
1005001976195288
1005002386731582
1005001287049917
4001263910651
32868891080
1005002298259208
32921228594
1005002286554907
4001305279196
1005002353859050
1005001286859245
32914248002
1005001605942991
32971875243
1005001502799924
1005001965086122
4000534358133
32918852444
4000803867628
32958246728
1005001992832551
1005002412279906
1005001848496947
32584460830
4001038249873
1005002237958665
1005001520051541
33020675393
4000893509539
4000849748807
4001251520957
32829504550
1005001970103955
4001060903229
1005002258812482
32853747404
32994139359
33048350103
32840475651
4001189045808
1005001858520139
4000740167922
32948557708
4000415598012
1005002282493150
32848273047
1005001355051658
4000704862903
1005002293058273
1005001693199464
1005002356128029
1005002235242065
33019040159
1005002427540874
32783564609
1005002101921325
32959198784
1005002409597123
1005002492607331
4000960611822
32932990688
32861357767
4001269721462
1005002320593677
4000206650952
1005002166458041
4001059972799
32774014294
1005002352647745
1005002281406978
32859767296
4000744774884
1005002424726007
4001245787152
1723312038
1005002166537657
32989418379
32798660611
32997546862
32317668117
33006479099
4000902674436
4000266446431
1005001424399133
1005002388711543
1005002413115312
1005002373126790
1005002293076283
33037497068
32831474120
32887355154
1005002239391819
32626050537
32549612274
1005002382011686
1005002468709285
32717551757
4000530558048
1005002323136787
1005002155930107
32810828920
1005001995163229
32937673343
1005002443123292
32948234215
33007933171
4000047686692
1005002382515554
4000369598308
4000253188493
32961084466
4001264094206
4001170183788
1005002402075003
32950126539
1005002351700231
1005002315816837
1005002387077144
4000088905577
1005002421651599
32970690159
1005002242194697
1005002229963435
4000267618583
1005001435942042
1005001823975476
4000235357213
1005002239267882
32824516643
1005001564694277
4000425182837
4000534635550
4000618656263
1005001278926669
4001281957207
4000019259420
4001052726225
33041376479
1005002376681568
1519051848
1005002328810578
1005002311046535
32835604310
4001174800392
4001224968119
1005002341721439
1005002498458202
32561173655
1005002460913851
4001252826923
1005002052643062
1005002205326873
32868225233
32916273751
1005002243899129
1005002085814855
1005002308857310
1005002356644356
4000755888276
4000693459583
4000589281122
1005001952081813
4000439319127
1005002040176081
1005002184907710
4001116793455
32359651603
1005001864354810
1005002246409590
1005002320627842
4000921933642
1005002431423886
32925091731
32976429475
1005001489626684
4001241633429
1005001393103543
33016574255
4001221861829
1005002447813455
1005001767933883
4000712495627
4000310225861
4001115172373
1005001506962823
4001013294295
4000956036496
1005001329781567
1005001815643807
4000011402012
1000006023194
10050019701439014001247761747
32887523707
1005002314206464
4001098861620
1005001774409087
4000410203872
1005002316546724
4001045871431
32786000837
4001156317465
1005002387645083
32963853203
1005002363759749
20000004663159
32914464651
1005002441730882
1005002313971458
1005002381454652
1005002346766550
32824016428
32963621564
4000169025922
1005001619503585
1005001623364720
1005002185904895
32388945641
1005001649713291
33049210526
1005002287956297
1005001581819958
32955635359
33028060601
4000529686475
4000787238678
1005002273429429
1005002088926994
1005002337169939
32957040947
4001144195903
1005002015628164
1005001339514338
1005002340362371
1005001973384150
4000112974674
1005001439634621
1005002346477436
32983692190
1005002342839640
4001230417655
32976107450
32755205607
1005002434920723
4000838001952
1005002332009976
4000677487497
32842010374
1005001304367455
1005002058455465
33020183462
4000745976645
1005002167854656
32881159575
1005002302213701
2046624890
1005001515876765
1005002308712162
1005001297592784
1005001327004146
32849263074
4000088526709
1005002476316671
1005002315466410
1005002179162845
1005002253277108
1005001383866623
4001192679320
32929717452
1005001981925656
32880994396
4000295057794
1005001872017178
1005002428571661
32759959399
33017718686
32985527212
4001041139244
1005001761653849
32867764718
1005001821324294
1005001487711229
4000096792206
4001061007340
1005001756218498
32900923384
4001286089759
32969823572
4000504845512
1005002475109309
4000850409766
1005001758470974
1005001373174186
1930953680
32879934400
32862962823
4001117056735
32885980548
1005002132965242
1005001942071834
4000188432574
1005002340129671
1005002319032457
1005001305343066
1005002358994319
1005002316433350
4001063332975
1005002224440972
1005001555039433
1005001722443549
32817226002
4001275764673
1005002357444576
33013552880
1005002262984233
1005002330683016
1779106741
1005002238166598
32956377856
4000832712183
1005001579722408
1005002297568214
32354541862
1005001282636521
1005001302365045
32819272085
1005001367650514
1005002316965167
32896179398
4001290453689
33028657030
1005002329398911
1005002054676424
32340214498
4000040439134
4000691369471
1005002274162657
1005002485209405
1005002376183888
1005001474223753
33054743092
1005002352582130
32370139674
4000133815498
4000361381298
32694036585
32854384242
1005002473528511
32800145059
1005002197606653
1005001273812253
1005001488822724
33011321926
1005002314314660
32873357359
1005002255120072
4001050173992
32523373850
1005002042319831
4000166831569
4000628454042
4001114369237
1005002351175527
1005002467109959
1005002313782302
1005002271626770
1005002489459063
1005002404037122
1005001670763011
1005001370979205
1005002098717936
1005002401244375
1005002190316700
2048272196
32794672525
1005001836829756
32883159670
4000528841209
1005002027030582
4000689347429
32946881778
1005001854554133
4001052015629
32883926179
33003470937
32811110721
1005002377475598
1005001941876518
4000108310230
1005002497358108
1005002397824884
1005001685068913
1005002452252064
32785355733
32846938751
1005001350949861
1005002413362089
4001021358973
1005001647758667
4000735392815
1005002467819250
1005001774957749
1005002003430197
32420088256
4001289866781
4000215616256
4001229666642
1005002018029567
1005002084350462
32944944316
1005002321457294
32603760540
1005002264956366
32950975090
32833307478
1005002382883466
32896829985
4001038729918
4001217771713
1005002314343494
1005002401418997
32820763856
4000010533692
32362813668
4001278753946
4000224786000
1005001985731123
32523214997
1005002285995531
1005002220011069
4000328341787
4000061532485
32580349008
1005002311730834
32856615974
4000311919218
32821736160
1005002299399887
4000556652347
4000930746988
1005001894468518
32950569414
1005001447515679
1005001867953715
1005001778858965
1005002247900810
1005002382566600
1005001285259832
32962742801
1005001460492444
1005002402129187
1005002428551450
4001250111173
1005002311368668
33028593726
1005002096138112
4001271632455
1005002350818351
33034247774
1005001869572738
1005001338614754
32967140555
1005002309775836
4000253208709
32898228105
1005002449302942
4001157826216
32804562771
32964562178
4001198970473
1005002203828641
32978845216
32990120630
1005001935369734
1005002297507942
1005002342837876
1005001350965157
1005002340324871
1005001888950763
4001110007843
4000422983781
32860276126
1005001343783800
4000738204451
4000256162822
32955058701
4001223191120
1005002266173364
4001218989198
32823717292
1005001665531599
1005002411618695
1005001487069983
1005001976005097
1005002476489508
1005002348454017
32977981958
1005002425844110
4000332956895
32850088715
1005002240551505
1005002377452585
1005001457347289
4000837939841
1005001506736143
1005002171634859
1005002388763941
4000379082737
32965173333
1005002330552845
32959906893
1005002382357134
33060787157
4001006439432
4001147711673
1005002258454526
1005002382145523
32577775510
32992175979
1005001890797028
1005002281229450
1005002090898488
32834995143
4001084961941
32849781113
4000869132967
1005002443671634
32795272733
1005001559505210
32851129993
32993177687
1005002462603178
32997725834
1005002315960655
32974968150
1005001730644699
32841761794
1005002310838877
4001065654108
1005001973810653
1005002433872775
1005001958254897
1005001732456347
32908031701
1005002413628258
33036226381
1005001877904289
1005001841928424
1005002309227627
4001129099879
32835717821
1005001705627195
32677439050
1005002282207013
4000861719457
1005001549283582
4001055390812
1005002285856866
1005001978203700
1005002274257212
32823659685
4001058423773
32844884640
32468135561
4000689837761
4000174525142
10000121060458
32727681386
4000622786016
1005002228874548
1005001316610294
1005001809866131
32491977725
1005001864099830
32247979072
4000890955784
1005001970831404
1005001525486108
32921460672
4000139851050
1005002482858390
33008958500
33031770015
1005001586861484
1005002469042747
32999422581
1005002433025940
32815478012
1005002443679500
1005001897576412
1005001804158856
4001127471316
32911704978
1005002352112353
1005002307238815
32989155275
33056671850
1005001547741610
4000666311233
1005001829012218
32827957861
4000918182509
1005002269268225
32962711841
1005002352068851
4001025649734
4000823705610
1005001617491473
1005002500050760
1005002023907245
4000414802907
32606900765
1005002046880073
4000927665333
32857724186
1005001887867967
1005002205282159
4000663870041
4001242020566
33028094443
1005001968668470
4000162605218
1005001872855596
1005001320761178
1005002117206409
33043934049
1005002024020374
1005002108723020
4001158479945
1005002058484523
32969568224
1005002298944733
1005002344601215
1005002246769062
4001142776307
32721060640
1005002084264914
4000812456226
32908325112
32817590871
4001058681843
1005001943025247
32617747955
32486020563
32817336402
32901549706
4001059905895
32961530899
1005002427969015
1005001679125143
4001189098274
32850809442
32882173644
1005001785621095
4000943202789
1005001700718138
10000005113411
4001177929777
1005001598749454
1005002280758700
1005002058526925
1005001278745304
4001217542316
1005002047266360
1005001338043617
4001282859902
1005002340934368
1005001506442795
4000023704785
1005002334070011
1005002492557952
33004774398
1005002411550155
1005001389039189
1005002233585624
4000511016680
1005002323307130
1000003602445
1005002294589611
1005002313781522
1005001736719881
4001128601441
4000595560694
4001178979218
1005001958634902
1005001614241847
1005002379087995
1005002323501425
1005002296054008
1005001692971556
1005001854239762
4001142236663
4001143257759
4000330899620
1005002356450784
1005002145528733
32998361619
32806791304
32879595306
1005002340136932
32721834415
1005001373286737
1005001957377063
4000322756817
1005002219425393
1005002038363982
1005002431692702
1005002363388073
4001041036771
1005001489644075
1005001659308372
32865357580
1005002443516973
4000960638053
4001031275695
1005001550657765
4000212432823
33029542122
32845709347
1005002319373658
1005001906078143
32988336551
32965820336
32900553607
1005002440861154
1005002430945770
32791147190
1005001850240499
4000853520703
4001118759767
1005001633826182
1005001680479550
1005001943994497
1005002364210604
33028424086
1005001404947397
32486024705
1005002413490387
32881210849
4000209886717
4001039654314
4000400533488
33002259229
1005002468188696
4001278665182
1005001567087366
32905416105
32339373018
4001270541415
32968465010
1005002373335049
32662816521
1005001617965032
32462235469
4000070190680
1005001314277687
4000006959997
4001098212637
1005001265957184
1005002499270765
1005002362396630
4000317354265
1005001608314118
32830820385
32753532897
1005001786416974
32970973943
4001361984597
1005002378153077
4000828556451
1005002390053460
4000484118136
4000096836648
1005001617189119
32813015625
32825549494
33018613267
32971360955
4000947751441
1005002301833826
1005002312077302
1005002027462852
32963604520
32808711242
32995741872
1005001632057388
32963984179
4000609318013
1005001922568649
1005001966720914
32823647626
10000335656701
1005002315214545
1005001382413452
32881591645
1005002357664945
1005002323153830
4000110752365
4001139119430
32719456280
32973101305
4000562171554
33050250733
4001332489146
1005002276810066
1005001846157962
4001356574635
4001227470610
1005002338481474
1005001642595981
1005001438776944
32491962430
1005002318555400
1005002246076320
1005002317812371
1005002314269000
1005002077004996
32853576012
32891249278
1005002433692315
4000699779555
1005002180881428
1005001379966654
32862703942
32968742663
1005001834564845
4000240662491
4000092666535
33039488570
32851584944
1005001798888805
1005001869092534
32796632934
1005002377679050
1005002420688557
1005002443530125
1005002314306028
1005002409654032
1005001768436619
1005001710117085
1005001425007473
1005001625287463
32840303472
1005002316662951
1005001900733738
1005002075363006
1005001627634983
1005001680540531
32887299574
32909630497
33001271637
32982507789
4000851150200
1005002500657165
4000873899897
1005001571268072
1005001638978861
1005002298006638
1005002315076650
1005001835928101
1005002431632943
32832661382
1005001789259782
4001183882039
1005001935051459
1005002326337838
4001244948148
1005002340028616
1005001633210821
4000668007519
1005001798307598
4001216925163
1005002420639640
4000500365623
1005001793123326
33008614914
1005001798756295
1005001441465748
1005002268901553
4000906467256
1005001683048589
10000397739753
4001262820806
4000970118212
4000199395291
1005002370142583
1005002303782330
1005002459592343
1005002379179683
4000251231255
4000621543456
1005002344919630
32655330008
4000641364100
1005001771916277
1005002352600067
1005002331986572
1005002192273359
32865075574
33008539426
4000729777098
1005002450729010
4001220771344
4000589024296
1005002314368390
1005001652605128
33032035973
4000722718538
1005002377365132
1005002434262874
33013006569
4000843164320
32967458800
33009243551
4000630381262
4001223634911
1005002465991715
1005002339046109
1005001762165642
32854260382
1005002281599383
1005002487202349
32901865011
1005002390674313
4001345108393
1005001804127593
4000857933477
4000197274418
1005001992483781
4000960949098
32869265245
32824336751
1005002226075895
1005002383843445
1005002347029809
1005001607431905
1005002336727216
32721834370
4000029373016
32985147752
32978748522
33004642452
32824616110
1005002358911820
1005002448797095
32886646185
1005002454295609
1005002182316313
4000546288976
4000972048014
32877025722
32826881843
10000194090137
33022276578
1005001625999222
1005001345172137
1005002058302779
1005002085230120
4001059539544
33057957984
1005002413400624
4001166176631
1005002286409787
1005001520012588
4000200893748
1005001845688083
4000582458709
1005002320906850
1005002350498124
32850989129
1005001588142431
32861569859
33003678185
32850104398
32851259162
1005001817550164
4000365256223
1005002171445673
1005001999058911
4000062578038
32963632376
32819208198
1005002485304197
1005001556701146
1005002239645225
32813007203
1005002040796257
1005001425385967
32791050045
32756541773
4000704345171
32733418380
4000911456800
4000627043945
4000081720190
1005002239572701
1005001809465555
32588945698
1005001603696783
1005002499762524
4000330429622
1005001671504418
4001035646090
32960426785
1005001595968540
4001062390329
32916966556
1005002374970410
4000465872592
32828766458
1005001393288300
1005002322450428
1005001441338510
4000756604755
1005002394730666
1005002203848494
4000499558058
4001283340972
1005002341321485
1005002231799868
4000624134155
32913693546
1005002327726797
4001269526928
1005002490524520
32900491344
1005002148888601
4000307730716
32955476130
4001360545200
4000927430372
1005002411264287
1005002270030569
1005001952721188
1005002394268219
32921518796
4001248364538
1005001715521491
1005001271637103
1005001520103244
2051872474
4001255560170
4000217593294
4001108704217
1005002328460740
33013861149
32919847836
4000983567507
1005001900914857
32834303731
4000778179840
1005002333284629
1005001558312243
32799863213
32971587902
1005001424835349
1005002394684309
1005001670964551
32858798410
4000894850653
1005001470748885
1005001570750631
32861700438
1005002313922050
4001117422927
1005001704034003
1005001864171542
1005001876813047
10000393842036
1005002280519750
1005002357426640
33059917207
32882077149
1005002450827778
1005001873010457
1005002136731694
4000044828245
32977430014
32799630579
4000321715340
4001172045687
1005002210614720
4000114782680
4000632688439
1005002488046395
1005002444628249
1005002322705125
1005001697627133
4000239371471
1005002400419088
32840197980
4000059520790
1005002368890863
32973024966
4000001901195
1005002040591488
1005002373238116
1005001556638352
32699002264
1005001576286165
1005001666319257
1005002388963129
1005002395589644
32872728442
1005002345258504
32720435121
32990051617
1005002353561070
33029421450
32947690424
32856375540
32849432830
1005002494052155
4000202405051
1005001339698803
4001291709551
1005002378627334
4001249747151
32830379202
32868010482
32933766880
4001294067622
1005002473691332
32860954748
1005001834618921
4001227716975
4000744874287
1005001799441394
1005002405088692
10000320614055
33036650920
1005001482481064
1005001389055461
1005002072412018
1005001622477224
4000460411259
32978127122
1005002353289513
32637606799
4000554776738
1005001494321045
4001207466172
1005001821770018
32910603583
1005001310183031
1005002407000915
33018394275
32813195965
1005002488086741
4000048531217
1005001501212200
1005002224480562
1005001545213528
1005001693167086
1005002133690147
32955871551
4000438254580
1005002289767975
1005002263678669
1005001526464104
1005002387679580
1005001557016516
1005001708147665
1005001571353286
1005002314286579
1005001486997618
1005001665348882
1005002286033585
32390970552
1005002185344905
4000955838081
4000717721202
1005002055333358
1005002393191805
4000036349166
1005001794313437
1005002414283546
4000971024403
32870807773
1005002386542976
4000222961739
4000869849786
4000503680869
4001046459844
4001365221368
1005001335109595
4001115574023
1005002298533533
1005001370416864
4000464276393
1005002377111931
328246762351005001463852971
32884349562
1005002453722608
4001272543438
4001047709248
32861784890
1005001397650825
1005002197580151
32975807621
1005002053486052
4000960365116
32796580290
1005002392548686
32798285654
1005002245743298
32617818067
1005002396353196
1005002441179939
1005002260654388
1005002232762122
4001289435943
1005002000274461
4001015393939
1005001443016071
1005001576218772
1005001411342357
1005002298002681
1005002298035393
32885672232
1005001694241310
1005002180917527
1005001895948782
4001223816056
1005002333659994
32713464071
1005001457652498
4000129188734
4001312821562
1005002315009610
4001356757758
32887453745
32830535799
32845951148
33058081807
1005002400867677
4000955845765
32891546300
33057471600
10000395843456
32831524625
32886112630
4000409232242
4000983599207
4001262989294
1005002240660110
32953834037
1005002314260796
4000509672581
1005001934077880
32668957122
1005002311185434
1005001609407032
1005001780619686
1005001432072402
1005002314110238
32955180395
4001334820806
4000582873568
4000365934494
32931685797
1005001859697359
1005002220760572
4000798242207
1005002061964442
4000823578691
1005001352577530
1005002272443893
32544433783
1005002359038352
1005001580110533
1005002345870574
1005002194493824
1005002362027047
1005001692856592
1005001935821546
32917833027
1005001695294854
1005002347233292
1005002454798635
1005002346670648
32917918450
1005002484803655
32915493362
1005002341365941
32464665674
1005002277811507
4000413656754
1005001570673279
1005001325253762
1005001402251422
1005001457152675
4000065511787
1005002419312400
32916754850
33001090300
1005002273469430
1005001965698966
33010520720
1005002394560158
1005002368252373
4000010126461
1005001671454296
1005001688151102
1005001922975745
32828336623
32927216517
1005002345123634
32798444439
32956629041
1005002425136015
32852926473
1005001548485119
32956620343
32967754451
1005002426328544
1005002283839852
1005001519320937
4000899679357
1005001737503583
32968537021
1005001599906758
4000838607737
33009144259
32953611350
32855778453
1005001829808822
1005001714459420
1005002421204576
33047256692
1005002441136145
1005001786661237
1005001445497765
1005002232530733
1005002382211517
32902458810
1005002491207877
32366570915
1005002315734381
1005002340845877
33024862526
1005002356431199
1005001508471842
4000905710196
32868671029
1005001334153614
1005001935562062
4001244877809
1005002470011309
4001052134359
1005002359454951
4000309708477
4000219890260
1005001838551467
32999890634
1005002363795977
1005002240295869
1005001397485547
1005001529181594
4000473974706
1005002346218116
32948574096
32978798001
1005002364836358
1005002454197995
1005001455589571
1005001839307591
32955451358
32912160299
1005002321543423
1005002182473359
33047737675
1005002381189499
32960173390
1005002352694604
1005002145051686
4000829670295
1005001983256139
1005001914350185
1005002016838778
1005002470124724
4001290149640
32357375843
4001253224569
1005002368880866
1005001493286784
1005001632733720
4000663928303
4001054560214
1005001736768248
33028798206
32624757693
32781697080
4000849839507
1005002228829461
1005001282023505
32669457421
32903655445
1005001704635745
4000694143109
4000960582820
32886533853
1005002353736251
4000988035007
4000812832875
4000264361800
1005001880102498
1005002316862694
32812249653
32889386170
1005002307322526
1005001906405550
1005002171635259
32822868850
1005002077658368
1005001874356814
1005001625299536
1005001912876595
1005002341950551
32921172158
32421474693
1005002186975688
1005001286800562
1684467637
1005001386008716
1005002314320335
4001225204313
4000823241189
4001019611549
33020558418
1084176412
4000941532037
1005001811304792
1005002341999668
32920563062
10000011485712
1005002200576084
32948432439
4000481614000
4001091720051
1005001470827067
4000926673011
4000769393320
1005002304377500
1005002358740357
32881096273
32870269116
33021600010
1005002210411508
32703729974
1005002164625655
1005002241773543
4001219499817
32793647132
1005002084238634
1005001743473958
1005002281120273
1005002051891716
4000804823190
1005001580686164
1005002332044582
1005002339240161
1005002307496560
4000305700720
1005002394829307
32367059974
1005002269030291
33035926677
4000593651374
1005002314909559
4000112043050
4000173732751
1005002406281299
32873481991
1005002319236213
1005002180364802
1005001823721917
1005002324579109
1005002454226823
4000877930136
32828086995
4000310066652
32988366557
4001209685444
1005001652510498
1005001915319016
1005001665345626
32572540741
1005002462619586
32960785304
1005001417727032
32955134319
1005002444138571
32802988772
1005002029036935
32933070568
1005002399558366
1005002487820334
32991311216
32937087203
1005002219256109
1005002489403728
32962581031
1005002313247557
32994512155
4000522133958
32377324460
32824020271
32823716886
32851903906
32856263616
1005002419678658
4001232084913
1005002263542437
4000790292672
1005001626799278
1005002280993354
1005002468503323
32862026122
1005001486873575
1005002314495995
4001344004358
1005002060777068
4001071582089
32924500654
1005002357298282
4001038923027
1005002337194482
4001023308613
4000715797340
4001269402125
4001276248241
1005002376294711
32826715704
1005001980677004
1005002434744788
1005001724161770
1005001633864820
1005001329782517
1005002304068659
1005001315950072
531153976
1005001939351681
1005001580901516
1005001319496304
4001182338912
32827425307
32835733677
1005001941352610
1005002054089590
1005001656965711
4000092296690
1005002433890897
1005002294165228
1005002377124325
32954263934
4001263828012
4000771310242
1005001582015385
32829357489
4001260310942
33015660453
32962780131
32564769602
1005002453076383
1005002274969482
1005002205083212
1005002273410775
1005002204991812
32378863895
4000483454878
1005001462504813
1005002206079456
1005002443403923
4000834414352
1005002365397897
33002202175
4001214360032
1005002359720180
33018580772
32786601279
1005001654148282
1005001830593909
1005001926465069
1005002232290631
1005002286361484
1005001911123395
4000817350755
1005001998129541
4001010811870
4000836229795
1005001320022107
1005002352029842
1005002305231742
32381018548
1005002367550548
32961474879
1005002240822891
1005002437990981
1005002299877782
4000004880265
32896446442
32959176754
1005002351857095
1005001463393522
4000875300473
1005002373221666
1005002260713688
32958271998
4001275418990
1005002315523450
4001225204732
1005002324620936
4001361155000
4001056992329
1005002314549574
4000331855668
4001251812605
4000703796864
1005001972694786
33017121987
32664109698
1005002352758295
32812431275
1005001361617642
33058971645
1005001847383771
32840376218
4000926400799
4000503989914
4000790014794
4001039332188
4000361540027
1005002348585421
1005002284662599
32917107813
33059646026
4000225704548
4001203503038
32852658579
1005001515649708
32858397781
32962829693
33055643664
32897279070
1005002408302178
