1005001402524883
1005002224676772
1005002412286357
32964151824
1005001667768820
32892458319
4000933576213
1005002312728187
1005002450536455
1005002357668694
1005001349010333
1005001313320644
33023908699
33036950611
1005002198648991
1005002212964520
1005002016868291
32871983484
1005001893159826
1005002323940716
1005002454247856
4001111570584
4001151132817
1005002395308389
4000057644974
4000712758391
1005002220989118
1005001652615628
4000843023254
1005002137034819
1005001274400030
1005002119819180
33030080434
33015720380
32836616385
1005002293918466
32823559629
1005002347486727
1005002341306996
32944958364
32906590981
1005002304364114
33030580572
4000171023191
33013934880
4000164077721
4000284688668
1005002347203067
4000929580478
4000536946652
1005002159344873
4001169792846
1005002159825403
4000546572677
1005001828646203
1005001411540840
1005001974797396
1005001965905976
1005001676112251
1005002340342169
32831013738
1005001850280547
1005002351628247
32797720078
1005002323853205
1005002305470468
4001218934762
1005002476113725
1005002265326092
1005001341646063
1005002139774194
1005001519190012
1005002404015949
1005001996651766
1005001531874754
1005002245102444
1005001717471120
1005001845465903
32966372093
32962029112
1005001407339623
32962929955
1005001525274775
4001139526036
32870300257
32832751305
32998616864
1005001804837254
1005002273421649
1005002394824469
1005001297495264
32920988357
32897336795
1005002141124348
32952369491
1005001717709150
1005002396944211
1005001559570565
1005002315903382
4001152500414
32690909138
4000566353638
1005001692626949
1005002480823104
1005002390294142
4000955785267
1005002337210639
1569503019
896361042
1005002475403844
32883719224
1005002441745625
1005001407609715
32916178761
1005002354313568
1005001850977901
4000799214328
1005001608344097
4001313177296
1005001287388465
1005002444640321
32920867443
10000377640778
33046187389
4000879343833
1005002397802452
1005001736612839
1005002371736252
1005002449770708
33027476635
1005001992545293
1005002261462307
4000896031558
32851480613
32653965364
1005002177744547
1005001889800876
4000044117552
4000281517953
1005002482871025
1005001742411709
33061555114
32812875401
1000001526419
1005002353947715
1005002240568972
1005002285881693
1005002384666925
1005001635036196
32923515843
32707301585
1005002331818624
1005001606957266
1005002342461398
32676046354
4000241977457
32950916444
1005001450787614
4001150456095
32960160619
1005002160091648
10000344928202
1005001592261267
1005002243244176
1005001794644378
1005001769026178
1005001320405204
32737659103
32846032902
1005002370689041
1005002332159153
4001077735964
1005002353663204
1005001397331131
32531010330
1005002490422726
1005002474146772
32825996847
4000110415813
1005001329788084
1005002427855503
1005002264275811
1005002460639725
32883581466
1005002071782425
32846023640
1005002348426453
1005001937266793
1005002072599062
1005002066668631
1005001774324280
4000059453636
1005002382759308
1005001676503672
33015674148
1005001775637670
1005002268128694
1005002350232860
1005001369001551
1005001281168563
1005002357772986
1005002005582836
32944354713
33050971504
32905903853
32888459814
1005001975942442
1005002334996737
4000891747375
1005002277632418
32914479175
32864066157
4000576920707
32901804870
32840465567
32756860380
1005002264842858
1005002313386234
4000173797765
1005001681488497
32889341620
1005002212146170
33024078798
1005002482775775
1960103267
4001335014140
1005002001386747
1005002182347697
33015706630
1005002219284544
32949667623
32951247801
32620737706
1005001624686532
1005002321094148
4001073060671
1005002396020810
32983338543
1005002175438192
4000328773773
1005002263641753
4000031537176
1005001677078046
1005001962760008
4001191592640
32883506299
1005002196817463
1005001411087726
33044094496
10000352522405
1005001709708618
33007254208
32845798506
1005001681905710
1005002290092610
32977614511
32847079279
1005002393406162
1005002424683652
32855283186
1005002418163817
1005001303159631
32656149155
4001120941175
4000136742578
1005002322117216
1005002423225483
1005002400182863
4001162042983
1005001671706313
33037340472
32947344500
32863782852
347431444
4000025630555
4000465928601
1005002294119913
1005002309969229
4000160576205
1005001890492244
1005002239332995
1005001949547851
1005002319116322
1005001718453577
1005001882733077
1005002266731566
4001081791401
1005002314221897
4001156570692
32931625618
1005002199443445
1005002252634053
1005002228381014
32979159223
4000943952324
1005002059028254
1005002249322642
33024829169
1005002363228477
32956870815
1005002271726096
32961711915
1005001720451490
1984600311
1005001349910844
4000295932282
1005002427075595
1005001868460258
1005001649085141
1005001412032609
4001247571575
1005002104200209
1005002277727061
1005001456916479
4000424862083
1005001868449247
4001273127722
4001196793265
4001120813563
4001227417842
4001306481343
1005001327630259
32306794395
32801897913
1005002315455510
1005001309003479
1005002073838004
32966988086
1005001483263810
32971190408
33006067092
4000793775787
1005002411904713
1005001905783954
32901524553
1005002469331529
1005002227779707
4001115532231
1005002357651419
1005002264531744
4000781257915
32911080098
1005001774228952
4000241864208
1005002243132097
1005001793124249
1005001840234975
4000955732045
4000245153523
1005001971247489
33026711501
1005001314994511
33004360749
32844135254
4000604334160
1005001670992792
1005001803157078
4000955824904
4000902792471
4000155321061
4001231072367
4001111947431
32905202839
1005001895674293
1005002378840791
33010240446
32998907556
1005001889734369
32619726665
1005002320523280
33039185404
1005002291081052
32630751252
4000146065228
4001235959582
4001231937780
1005002315614312
1005002168919599
4001360428616
1005002475890220
1005002409754581
1005002368825746
1005001649453302
1005001869107898
1005002167168334
32917577191
1005002191496030
1005001917923804
1005001868723003
4001191853398
1005001451365810
1005001620112214
1005002217731550
1005001915850160
4001331665940
32869116427
1005001614311363
1005002304751176
1005001994030190
4000772627109
1005001677413387
1005002110483093
32974614171
4000411692533
4000415970028
1005002408380881
4001061115847
4001296848028
1005002093835736
32838003329
32844046826
1005002375466166
32882114986
1005002277712973
1005002467209026
32846553117
1005002326334656
1005002292493351
32808158464
1005001807813849
4000459004292
1005001728486212
33031871008
1005001732893139
1005002398413334
1005001798886102
32837998944
1005001818148250
1005001921799730
4000959288562
4000479825241
1005002003291690
4000842377432
1005002326295489
1005001600032859
32864603921
4000102938873
1005002394749974
4001288033461
4000623075996
33051157601
32449521976
1005001819860294
4000189257045
4000546517931
32851202576
1005002210361307
32948873950
1005001704037399
4000090237320
4000631252349
32995573089
4000389275884
32700860453
32847750410
1005002497559214
1005002434347256
4000036503163
1005002253975582
32963732967
32864811153
4000661009863
1005001906015609
1005002114432598
4000330853871
1005001890707306
1005001669800479
4001218949645
1005002168922228
32977190235
4001207961205
1005002462543744
32877967028
32969695956
1005002423049787
4001244782548
4000929857774
1005002011079733
1005002259456089
1005002002471571
1005001771039974
32836408718
1005002395201351
1005002041047839
33016127287
1005002218417475
1005001514016803
33000549972
1005002311693163
33025867309
1005001774358394
4001235454789
1005002277006266
4000106320725
1005002264749967
10000395962038
4000124557495
1005001975235726
1005002328378691
1005001544391617
1005001915013085
1005001565397009
1005001648088491
1005002060398353
1005002263659835
32835132019
33048335355
32957234569
1005002103506138
4000661261737
4001299109743
1005001490065172
4000849899635
32832610903
1005001430356648
1005001325309031
1005001988034500
4000927423880
1005002294331524
32528823507
1005002482907592
1005002421424873
33010060203
1005002261063210
1005002193598928
1005002329546120
1005001538743080
32847626569
4000957287407
1005002282405273
4000414757135
32869707886
1005001839266260
4001218091754
4000146056774
1005002229616504
4001132853720
33046645739
1005002447721499
1005001774519103
32876014458
32982358082
1005002353908161
4001227729049
10050014648220031005002313431630
1005001863135940
32960142410
1005001562675173
1005002039810128
32325981025
1005002298143623
1005001402008359
1005002388125804
2027517379
1005001942609547
2002287447
32886224711
4000731293372
32972466348
1005002397767528
1005002418712591
33043141183
1005002303575747
1005001345386664
1005002322867478
1005001732305144
1005001873995499
32997611802
32960071439
32966105424
32912385005
4000808132332
1005001922805605
1005002310542194
1005001877587721
32939903590
1005001704646920
1005001593491055
4000413935041
4000054312264
1005001515910558
4000464633443
1005001303761154
1005002202339773
32487155231
4000695369357
1005001849192278
32651873353
1005002353707999
10000059396631
32906547572
1005002394113074
4000472623743
1005002219508092
33000234479
1005001736735485
4001090779886
1005001619854919
1005002330178277
1005002087728809
4001006217035
32921022531
1005001382362750
1005001999186990
33039014116
4000495114358
4000532853087
4001039320221
33028099503
33047682857
1005001330696655
1005002244783564
1005001872122380
4000817855864
1005002357426862
1005001426640818
32968271466
4000313680605
33006802173
1005001737645079
4001045095407
32917663016
4001333261229
4001048112509
4000823432544
4001333189899
4000690959619
4000240263486
32218170096
1005002054489952
1005001515934313
1005001955928519
32791165083
32823109939
1005002301481921
1005002310194735
1005001269674762
32820141518
1005001784666243
1005002290872188
1005001561988175
1005002314519128
4000704129548
4000735783870
4001294061770
1005001382166493
4000098840107
1005002321427181
1005002253107146
32857477875
1005002000227142
1005001591960261
1005001598704736
4001228010054
1005002413400622
4001268732845
1005001803709190
4000279707103
1005002315897149
1005001733965276
1005001855375388
1005001848728531
4000047605952
4000696618176
4001130757874
1005002233193429
1005001670406794
1005002229896409
32800456582
1005002051717529
32965139159
1005001979437744
4001263059987
32973533724
32887905904
4000960287514
32988826406
1005002254297161
33031863284
4000358311271
1005001900487011
20000004119229
4000399839183
4001202767347
32859262844
2048770578
32984284509
1005001670259447
4000495362184
1005001399425470
4000842634698
32944056919
1005002336981210
1005002462934992
1005002347583077
1005002312900470
4000718264787
1005002363600894
1005002288699660
32655001307
32997365506
4001054486114
4000068184366
32945464160
4001153151472
4001292538505
4001161563017
33057771449
1005001891375745
1005002286545649
1005002114631715
33000577087
4001338510297
4001233243109
4000636258558
4001264422395
32891575352
4000381022821
33045482272
1005002315084995
1005002342563563
1005001727603517
33004906906
4001163433748
1005001869040416
1005002359021668
1005001581916868
4000792534360
1005002292558529
32867455327
4001212007025
1005002487231473
1005001928544843
32848786856
1005002369063166
32858452772
32770051772
1005002314708273
33034129136
1005002470703104
1005002477306841
1005001888655034
1005002367397245
1005002359599582
1005002459551239
1005001728088237
1005001870961513
1005002475317134
1005001369026907
4000022225898
32847203160
1005002305152721
4000431896869
1005002378869004
32966452399
1005002076515979
4001296343649
33049219219
1005002408442027
32842943126
32820321338
1005002347197923
1005001343469413
32453793556
1005002356881140
4001258034233
1005002344810769
1005002228366519
32861893180
1005002475322451
4000526212408
1005001565001936
1005002475765341
32897240414
4001179809218
32978707218
4000546602122
4000437381422
32906384046
1005001288315243
1005001656909265
32948237973
4001280769660
33022667125
1005002327342287
32840462217
32783651581
1005002314365390
1005002287664534
1005002256965106
1005002489040073
4001045585136
4000067527321
1005002423598445
32973560890
4000103030362
4001221731814
4000857181769
33008881424
1005001530429315
32820525356
1005002329696217
4001082381263
4000084725386
32978829673
1005001795398319
1005002318514988
1005002341063687
33027701199
1005001573559881
32950821808
32966933320
1005001645574200
1005002272339679
4001022205171
1005002166063791
32820284101
1005001319695300
32973658056
4001036590527
339135060
1005001525291811
1005002073983403
1005001992674093
33034607704
32955631886
1005002446844461
1005001285289422
1005001862983237
1005002167038860
32806625960
1005002278510558
1005002314283601
4000990795626
1005002037355790
32681437331
1005002053292922
1005002033520170
4001264467287
4000593556696
1005001683741101
1005002318844926
33039948037
4000024027945
1005001415572755
4001125193447
1005001481815450
4000838040216
33053545880
32815919001
4001296963580
1005002406618933
4000509545336
32923613478
1005001658924884
4001063713558
1005002297053558
1005002320386071
4000507131570
1005002363829801
4000429289624
4000016296731
4000270337032
32861528059
1005002316834484
32953617957
32997337151
4001010061313
4001087109027
1005001269655738
4001086562978
1005002251937203
32872383667
1005001602022717
4000926869524
32884873413
1005002350455301
1005002315161870
1005001872589794
4001296715111
1005002372017189
4001315149097
1005002010988052
1005001708279462
1005002327670175
32807326277
4000029255958
1005001568772753
1005001469369239
4001298893571
1005002378784503
1005001905133597
32830962058
1005001547175973
4000695755733
4000288846418
32669463245
1005002167434221
1005002467495331
1005002418305587
4001258826110
4000898621627
4000621295149
1005001603385276
1005002374930315
4001065489053
4001147295767
32673106072
1005002398539726
1005001608796917
4000480759046
1005001525383588
32506392371
1005001636719426
1005001596555671
1005001553540625
4001154535160
32860455523
1005001889961459
33037546001
1005001804369135
1005001940891002
32920474129
1005001934235997
32902557472
33021215823
4000998698447
1005002484928734
1005002129449517
32898721392
32819694626
33048292711
4000136631041
1005002315380564
4000114013154
4000842645674
4000144902362
4000049335829
32980429936
4000169686897
1005002287525817
1005002006036893
32864054300
32968759757
32958415667
1005002330685396
1005002495824057
1005002354027504
32857455592
33042143871
33048594010
32950992052
32891578867
1005001289824062
1005001450954765
1005002136011834
32844891266
1005001713264767
32988456681
1005001722879598
32649934249
32696141483
4000693430113
32977066835
4000282310639
32989132521
33021430179
1005002306118347
4001122641377
1005002324796079
1005001612314601
1005002164672901
32902430345
1005001908761578
1876765383
1005002122299612
33012700005
33051620431
1005002271147236
32981101000
1005001580743422
4001278864917
1005002468033716
1005002320680068
4001352736546
4000298167583
1005002333477993
32845742991
1005002317813954
32683746048
32964136523
1005002212836363
1005002041973609
32966163509
4000900263647
1005002239593874
4001115626882
4000957543425
4000808274318
1005002363143864
1005001559723556
1005001525491118
4001355178113
1005001835557206
1005002323616161
1005002314417121
32885115768
4000867950580
33062747201
32895455056
1005001603300970
1005002267535807
1005001477872889
1005002133907318
1005002237976107
32887454493
1005002170708851
32950203105
4000504473593
10000209516490
1005002232582042
4001085748240
1005001308713231
32870227208
1005002395582984
4001230284875
1005002173022695
1005002497428532
33052174720
4000788581780
1005002100675801
1005002302952536
1005002488338931
32865935267
1005002313800579
1005001823840572
4001168152100
4000873120594
1005001446650576
4001290605352
32968888262
1005002304264260
1005001649050935
1005002090989320
1005002357957612
4000858874730
4000655876412
1005002454283389
1005002364201265
1005002365184670
32834741626
32967110991
1005002289594798
32949625616
1005002259992825
1005001903415249
1005001585597226
4001299312039
1005002133350455
32760186819
33059381274
4000208232580
1005002051307627
4001207895449
1005001334001340
32952208912
1005001877587990
32999016680
1005001324468240
1005002255967954
1005001651466321
32907972287
4000344079257
32521517550
1005002376425577
32819932185
32834561080
32833823506
1005002261010690
4000955088142
1005001680448747
32712723638
32989019061
4000158654474
32813285240
2051754185
4000853477767
4001259073134
1005001817824887
32995439637
1005001484544633
1005001648083976
1005001846610363
4001083871864
4000023499267
1005002412341163
1005002365474190
1005002368605397
4000945551031
1005002168895017
1005002359136552
1005001300649746
1005002344788918
1005002322471588
1005002302155997
1005002388266509
1005002263180741
4001228475896
1005002489948379
32998026136
1005002353325057
4000489885811
32887661985
1005002421402821
32959653144
32831279843
1005001986882849
4000410272363
1005002068821167
1005002392378689
4000511443022
1005002311774642
4000197803541
32916464065
1005001967744229
32833640744
1005001416832499
1005001342741142
1005001563198439
32765347228
1005002430128714
33005598584
1005002107546455
1005002390360700
1005002298005837
4000516317891
32934421717
1005002287667550
4000699674335
1005001571132665
1005002465779666
1005001626922102
32955104454
1005001769155070
33008986300
32949114810
4000035150656
1005002315825754
1005002303973812
4000907425226
4000203310733
32970408215
1005002388848396
32871519765
1005002461741651
1005002338554334
32449466839
32664748659
33049303271
1884085154
4000067944941
32956718542
1005002166195064
1005002149088485
4000544093477
1005002309826754
1005002101484496
4000015246267
32886256607
32795066505
33002508189
1005002296637243
32964009283
1005002423393333
32845809566
32218789392
32967737739
1005001640216362
32386129989
4001162938966
4000105663594
1005001518209776
1005001987456341
1005001373476850
1005001511133485
1005001960468376
1005001624947538
1005002467052243
4000246272967
32916155242
33021429592
4001125469716
33020634794
1005002165106324
1005002297215594
1005001736907281
1005002323788207
32855652682
4000483642611
32973744153
4001062901381
32846913852
1005001575489009
4000644543709
32945429498
4001214217605
1005002318265790
1335336498
32812488472
1005001287961433
32541338455
32996574355
4001127492682
32859360310
1005002027110451
1005002475007472
1005002046023127
1005001621149640
2030189025
32954701022
32684921782
4000974233701
32972149040
33053498450
32958932420
32819330908
1005001496170464
33017196410
1005002318882169
32959957358
4001241911478
1005002460870677
32703513665
1005002244233200
32928532740
1005002441861583
32989388312
32849396194
1005002321513455
4000473220456
1005001463907069
32784505703
33010141266
10000287585247
4000752086180
4001134058607
1005002287988869
33002515937
4000248682122
32981052107
1005002261171091
1005002365644910
1005002343044181
1005001633571162
32893187376
4000386818986
1005001334661999
4000099339968
33048066926
1005001493195115
4001189374582
4000368649222
1005002378235266
33053458085
32836811979
1005002302389672
32992614649
1005002432879322
1005002484508397
1005002122402703
1005001920367890
1005002271432463
1005001538063550
4000702260934
4000838131654
1005002224115268
2049030049
4000987150972
4001028327938
4001178950403
4000342905948
1005002401055429
1005002300963362
1005002319428137
32804396197
33029917258
4000548362661
1005002318847888
32852418678
4001274264537
4001222626779
4000357897130
1005002449889876
32793003404
4001081399495
4000070962311
1595534723
1005002349843018
1005002011708427
32946536951
32897734833
4000852030130
4001116035653
4000884445997
1005002344286413
4000677252526
32969058787
1005001507026141
4001125779415
32663375239
1005001290794510
4001158985948
32864306320
1005002268020097
1345861543
32873640235
1005001699631570
4001098550571
1005001529640583
32956570690
1005001906887834
32680247878
10000136302261
4000224337021
1005001466641329
32967397118
32967092385
32972977390
2051879259
33003832932
33033871338
1005001419155497
4000850574728
32866716321
1005001748780642
1005001984353560
32617127612
1005002298521195
1005002252252460
1005002304485129
4001356308815
1005001370725694
1005001480273831
4000067074873
1005002337585375
1005002182386830
1005001900743297
1005001792917776
32956564921
32945136511
1005002292762041
32990116334
32857500739
32723215132
32910428890
33048982261
1005002255277980
4000689729702
1005002090102009
33024943549
1005001419903970
4001305313317
32840264215
32827408778
32879089964
32930639024
1005002072759764
32975173443
1005002267476845
32991284168
4001275030812
1005001775579957
4000938970028
32930921686
4000089992504
1005001819217905
1005001732132891
1005002357702349
32908656918
4000346947633
4001237039592
1005002450389592
1005002245869874
1005001961616654
1005002329659007
1005001406646999
32826608705
1005002339430162
4001156281112
1005002314294474
2027329832
32932919870
1005002333602866
4001272533471
1005002255014671
1005001502263966
1005002477960912
1005001541133102
32803231657
1005002485769862
4001038353696
1005002176721324
1005002314346845
32857200434
4000894605016
32914591539
33043283503
4000033528451
1005001329031239
4000570163998
1005002394815691
1005001747248600
1005002425325655
1005002375350064
1005002418560740
1691404073
1005002272225161
32997144201
1005001872847832
4000144201830
1005002478337789
1005002282977306
1005002332178142
32959982818
10000142812203
1005002400858322
1005002490415682
32668580586
1005002316055841
1005002432334047
32709732386
32959733564
4001131011203
1005002500417967
1005001333420374
32873804207
1005002450771397
1005002109998236
32814562690
32866830356
1005002347049572
4000910975428
1005001418674277
32820111913
1005002365077703
4001119927656
1005001809156663
4000715253056
4000626111651
1005002404236866
32827054932
1005001397338861
1005002311827145
1005002315875952
1005002212261479
32933330406
32843915359
4000040568118
1005002348170810
1005001672577286
32967843339
1005002283926969
4000163002465
4001305353553
4001268002935
4001283670005
1005001689504178
4000182148855
4000044547049
1005002490935878
1005002330681825
1005002100827655
1005002327438147
1005001369610501
32863319107
1005001956814273
4001293780972
1005002262580244
33012897589
1005001406793388
1005001324683665
1005001524040678
32748145620
4001013108645
1005002313960420
4000074943207
1005002412288395
4001237619033
4000446127730
1005002121654009
4000908621655
1005001936310888
4000122802546
32864474430
1005001882235851
4001175531445
4000738669114
1005002268394408
1005002050088077
1005001388007818
1005001483494320
1005002317669435
32966871248
4000130704334
1005002270385053
1005002238831754
1005001700817818
32572507409
32968858228
4000286558318
1005001731255724
4001324543941
32713317853
4000187429611
1005002056166121
4001276414201
4000888047244
4001129983541
1005002211701030
1424397930
4000384679997
4000589142104
1005002266174472
1005001845515462
32861973885
4000991161967
1005001879719148
32890178973
32888904639
1005002435889557
1005002315897571
4000233174973
1005002233650109
4000771452936
1005002453731397
32910763869
1005002206063186
1005002070008491
1005002208043120
1005002440549148
32803781536
32818902385
1005002401095889
100500136542537832505264769
1005002406198142
4001235608435
1005001318948500
1005002170787334
32603298908
32649890005
1005002362961013
1005001586914010
1000007858278
32824249391
4001167997266
1005002065617954
1005002286433662
32905969161
32968273391
4001284346046
32865146865
4000844964192
1005002443393409
1005002306138614
1005002497381183
4001228617992
1899966088
4001233126758
33049831352
4000850536446
1005001351697667
1005001908149757
1005001686196440
1005001809327564
1005002418266364
1005001525451279
1005002425123812
4001120290295
4000982925065
1005001314881877
32266710619
32847185113
4001130936810
1005002352473774
32975392985
1005002322746795
4000820803644
4001295182530
1005002327356271
4001212894585
1005001826984082
4000749146306
1005001494829226
1005002318443124
4000298585993
1005001862943701
4000227255828
1005001644778334
4001142221592
33009472344
1005002286164390
1005001859606412
1005001520360516
1005002466450646
33000659271
1005001552834768
1005001670819859
1005001867568790
1005002350184835
1005002315995763
1005002370979251
1005002344577302
32844247185
32846747170
32947573802
1005002295323177
1005001332451819
1005002277806030
32772449475
32687647033
32711574029
4001043255042
1005002364514113
1005001678890934
4000444853277
1005002215119528
1005002288399125
1005002073340991
1005001436699159
32401836405
4001089315183
32863542527
4001340404603
1005002044065365
1005002162007373
1005001905778514
1005001691434136
32927622568
4000552023183
1005002096743122
32861467280
33049523602
1005002467601908
32952224352
4000849200508
1005002310493898
1005001413856007
1005001394092672
1005001774075998
1005001625383741
1005002405359805
32907047095
1005001880703118
32990874447
32884229986
1005001651182719
1005002484902571
1005002429303991
32844081482
32826681719
1005001989157583
32721056468
1005002256302640
32973077731
4001140650128
1005002252440918
32869591969
1005001928827291
1005001666561302
32628308937
1005002281443989
33025180202
32929773636
1005002279158746
1005002110429515
1005002259319466
1005001837964917
1005001941251986
1005001465460079
4000592527571
4000958765389
32964972130
1005002311673083
1005002346493343
1005001834685694
4000849836433
1005001990664450
4000242220689
1005001966299900
32250922562
1005001506522937
1005002232365907
1005002377920995
1005002376002571
1005002438306101
32920134494
1005002186992395
1005002321850829
1726007772
1005001871167041
1005001351041736
32866775933
4000025561723
1005001868586015
1005002313346933
33000722909
1005002282330426
4000192530459
1005002365860380
1005002122523295
1005002053274416
4000665989437
1005001734611709
1005001514359456
4000376003251
32826072430
33028307280
1005002336440900
4000811635416
4000554821673
32949279984
1005002443439998
1005001698935073
4000216090797
1005002058350641
1005002264578871
1005001803643433
1005002050434254
32218955585
1005002284533562
1005001507646028
32807470552
1005001434153369
4000127934053
1005002448625470
4001061390138
32557172969
1005002365515629
1005002490037804
1005001627198714
32380206542
1005002328336494
4000627327487
32950902829
4000964259435
4001005148804
1005002307270680
1005002358270058
4000200804303
1005002337463718
4000680052547
1005001342716923
4001253007645
1005002343653448
1005001958729512
32809384251
1005002358277241
4001237063730
1005001875185623
1005001457189746
1005001487194490
1005002335134114
4000842968553
1005002312544926
4000959700211
10000397753627
1005002476616473
4001287823623
1005001817880079
1005002321173712
32774595290
4001315665308
4000832474479
4001117971775
1005001525340658
32515061186
1005002392918777
1005002363264143
1005001873637337
4000484233491
718347003
1005001340471567
4000799169400
1005002245866416
1005002276951607
1005002220272241
32857401380
1005002321855431
4000927547321
1005002353017971
1005002386914160
4000850494780
4000560811846
4000710003287
1005001276093235
1005001881919206
4000896383372
33053085276
1005002390138467
1005002026797788
32965340176
1005002091605471
32973501117
32990798460
1005002332320828
33042471196
1005002292549241
4001268414887
1005002224726979
1005002372297805
1005002016740762
1005002424961947
4000345030110
32918436659
4001310802539
1005001698043154
1005002313231171
32799296153
32784897575
1005002367935631
1005002233182923
4000079350854
32864191293
32976770370
1005002434178556
1005002273643683
32829263541
1005002253113869
1005002072926646
4000552375150
1005001315799929
4000365245729
1005002298276135
4001275962988
1005002306679546
1005002138358626
1005001857116952
4000483050189
33033185504
1005001828671760
32790177438
32645712131
32957655442
10000314445537
1005002466773230
4001249262998
10000326936888
4000384265632
1005002467882137
1005001961396583
1005002084241992
1005002007833026
1005001878113086
1005002063224273
1005001303914061
1005001369961080
32991361088
1005002242834687
1005001264957262
4001255143287
1005001809712892
32893693603
1005001759501720
1005002499524526
4001179521178
32607166585
4000204394453
1005002367624600
1005002384197530
1005002228093504
1005001891924213
1005002404474158
4001015513967
4001227376562
1005002277477415
1005002280477543
32804991575
32817281867
32954533290
1005002237922701
33055162160
4001064923299
32964033266
32992393028
32833664081
1005001458885939
32769307737
32784531956
1005002124791514
1005002209171476
32717918619
32847312577
1005001512144111
4000812143019
4001131304328
33052771215
1005001269909133
4000039409358
32852514442
1005002254458300
1750119484
33030379593
1005002239882672
1005002275720685
1005001682861082
4000504621543
4001016264913
4000466234741
10000138229783
4000091938612
4000640181289
1005001984616974
1005002052347788
4001305140887
1005002070402328
4001272190783
1005002111524995
1005002167974491
1005002018823099
1000007260290
4000895028984
32993617748
4000430833272
1005001587863244
1005002206957438
32964825732
32288940606
1005001560729524
4001013983801
1005002316813223
1005001913541279
1005002362925957
1005002382542649
33053216981
1000007675462
32856981058
1005002061152562
1005002458010556
4000057905268
1005002245807585
32976770434
32951714619
32991184518
1005002292877346
32947621491
1005001942975377
1005002372705431
1005002311468938
4001332241516
1005002167687938
4001229111719
1005001957305381
4001146218554
1005001340869592
4000991493821
4000505665631
1005002372214455
1005001820459707
32868857393
32866235692
32899292495
32830693956
1005002375063691
33002463310
1005002252064127
4001050805246
4000828138520
1005002393987244
1005002398976716
1005001423403783
33000008854
1005002309526529
1005002276379282
4001174356304
1005002345755258
32299393620
4000982555400
1005002213223839
1005002490261268
1005001921275947
4000778351578
1005002470468852
33042212683
1005002233092334
33046387849
4000545040984
1005002336405532
32884589849
33011760103
4000087324352
1005001461994259
1005001315945399
32966510752
1005001640548804
1005002467127423
1005001860083688
1005002457044868
4000103866713
4000081523552
1005002288072751
32829894128
4001308197292
4000083344424
1005001907515446
1005002295262045
32961216404
1005002350613069
4001360222211
1005002098709077
1005001407153468
1005001930995131
32809675329
32949766655
4000338045446
32824883605
1005002383100769
4000078735981
1005002116565612
32809279000
1005002334946989
32672541237
32918053148
1005002146474821
1005002364230818
4000831049912
4000200334401
1005001308574444
1005001876428573
1005001918348849
1005001325366042
1005002310927787
1005001907174011
1005001346339651
1005001972740116
32592394342
1005001524429822
1005001466875548
4000854775568
32965768580
4000344728721
1005001671109225
1005002421118303
1005002344073546
1005002438414694
1005002429997610
32970418030
1005001657606639
4000038797001
4001025911363
4000155931052
32949519027
1005001525484129
1005001633260023
1005002170643455
1005001957997495
4001046066492
1005002361668131
32966453432
4000825838289
1005002438939808
32981818151
1005001817219847
1005001596878364
4001140438009
4001102085258
1005002395723007
33027808585
4000045550218
1005002488380037
1005002317539514
4000038653082
4001111478839
1005002376849407
32952905310
4000593717102
32914500514
1005001883315610
4000627215441
4000979239106
4000899475479
1005001980202662
4001205885437
32815276517
33009800235
32791816524
32914708514
32573161930
4000046683427
1005002281696719
1005001613305207
1005002288868049
1005001693005892
4000102848180
32928492572
1005002296933514
32796590863
1005001890134265
4000125431093
1005001902176386
32995065678
33015807513
1005002190981256
1005002315781205
1005002272316102
4000855183697
1005002377262898
1005002457911903
1005001833805172
4001153318229
32892509049
1735991690
4000055643674
1005001512067056
32959784506
32579666986
1005002294799255
1005001999994361
1005002298178430
4000202839769
4001316659426
1005002258830088
1005001652654533
4000858963244
4001178369108
1005002301333213
1005002296748916
32619809209
4000537164153
1437103538
1005001709048411
1005002211474302
1005001590469972
32800092757
4001127612847
1005002314333100
32725086847
4001072919097
1005001482326390
4000931908073
1005002264596901
1005002307026429
1005001592583957
1005002047102107
1005002263490693
4000682377022
1005002294304519
1005001297879371
1005002388121115
1005001525327612
1005002315688721
1005002349613462
1005002294329377
1005002272795694
1005001799136737
1005002046068836
1005002301615731
32948546108
1005001520584264
1005001408569795
4000917423241
1005002305485079
1005002334079049
4000879262509
4001322549059
32637679473
1005002499495465
32858065174
4000935399934
32846051366
4001278386733
1005002022884762
4000785966479
32979965598
32832614347
1005002170831419
1005002242566165
10000033488311
1005001546469978
1005002453510083
4001095044826
1005002111416682
1005001339723550
33048957507
32977933398
32891724957
1005001930816949
32821010160
1005002296843596
1005002442986538
4001107500749
1005001920816419
1005002198194891
4000196529985
32952379700
32982647423
32959027230
33026708140
1005001407068534
4000959713058
4000344039406
1005002085829592
32868181526
4001224642474
32972806672
33014208732
32817288086
32949845910
32970198766
1005001621495672
32434114551
1005002398675935
1005001882948042
1005002257825780
4000420554717
1005001438865163
4001139311734
4000546555933
1005002316854068
1005002122375951
1756085554
1005001719071571
33023902167
32858028403
4001049403516
4001039349989
33037585177
32939600995
32944848438
4001149948900
32656769210
32721107069
1005002039988800
1005002105833238
1005001808546527
1005002286806068
33023818340
1005002351027140
1005002171165530
4000373077573
33040722174
1005002121773527
4001031398746
4001069384513
1005002323378989
32804943558
1005001518627019
4000956162743
1005002264111394
4001065553289
32923395915
1005001980259059
1005001987245735
1005002312487558
1005002457534277
4000016121770
4000461280706
4000604421887
1005002366848113
4000781468639
1005002431330344
4000642404712
1005002496086701
1005002420661562
1005002384839644
33047125287
4001221510365
32726772481
32621600214
33012510466
1005002115956174
4001171598262
1005001561379348
1005001607562102
1005002315015813
4000251409022
4001271505734
32823400184
32951422709
32918576977
1005002352546442
1005002405170247
32880038847
1005001671171918
1005001500900451
1005002276184551
1005002421231044
32845705981
4000189097477
4000284145229
33037392154
1005002161913655
4001171913779
1005002319323576
4001354542017
4000132711914
1005002259892439
4001176381284
1005002261835336
32843981985
1005002291460104
1005001622317388
1005001320901019
33050478405
32630689882
4001340522622
1005001997078600
32875385089
1005002281979158
32792391324
4000850533379
4001017726668
32976469488
33056630428
4001350058406
32889306269
32841713890
1005001985952846
1005002220423035
1005002363374363
4001224028740
32847822423
1005002413441647
4000052419585
4000463455084
33017456449
1005002315626615
1005001925348707
4000276064099
33002066119
32916366560
1005002329015402
1005001518722966
1005001266544034
4001210122547
1005002245053355
1005002207248748
1005002301543378
1005002231634595
4000400118644
4001122079389
32882749803
4001207447945
4001290256336
32781887061
32964594363
4000040454113
32906008000
32812104063
1005001679788099
4000200898012
1005001975064396
1005002277962687
1005001722544314
32390081000
32977334731
1005002323578345
1005002411235432
1005002399465884
1005002454373488
1005002099753664
1005002458943752
1005002313599499
1005002339004010
1005002246343614
32966892645
32815985374
4001334649804
1005002191083446
32605633189
1005002088754404
1005001770431581
1005002468923274
33008128216
32947790851
32837332419
32844135242
4000548114325
1005002282007979
1005002025194189
4001230416174
4001306551837
32991837323
32506005966
1005002494167918
1005002201918522
33033765888
32862405287
32563305406
1005002325674904
1005001915278236
4000471251538
33063414656
4001149422475
1005002432336521
1005002328991520
4000940242250
4000401766986
1005002310256088
33030403390
32956537401
1005002052491740
1005002181337371
4000344261960
1005001779263445
4000603346630
1005002328532747
32867861661
1005002376989078
1005001408400637
1005002268837914
32912653250
32968302368
4000332684677
1005001340989545
1005001844455672
1005002444031090
1005002272669264
4001236929119
1005001992851784
1005001630974301
32833780069
4000586981573
1005001843758487
32230327199
1005001685678012
4001143704873
32964381385
32918145477
1005002313747988
4001185858221
32868012593
1005002206692316
1005002167668795
1005002310983506
1005002346734847
1005002352494899
1005002003916976
4001114043621
4001037403375
1005001308160081
4000120859317
1005002380967744
4000064136222
32824336421
1005002068242558
32828753738
1005001709148372
1005002370761202
1005002280797547
1005002387095516
1005002378369342
1005002428559050
4000777461929
10000032738609
1005001863041314
1005002324009246
32825824041
4000371279714
1005001808552946
1005002345098777
1005002167770492
1005002341641433
4001326029709
32855278757
4000778709591
4001155414170
1005002490881826
4000419548732
1005001710564244
1005001525455477
32849375646
718529375
1005001615657512
1005001500177647
4000127396138
32998995920
1005002357316179
1005001735085398
32905409536
4000277346689
32987836645
32967651361
4000660789697
1005001288021423
10000400050585
1005002297136877
1005002270695050
10000352607358
32895205055
4001056519121
32787589369
1005001731359645
1005002270966969
1005001930720870
1005002261278224
4000699260822
1005002315696465
4000954271035
1005002417469263
1005001463915453
1005001999093590
1005002062274246
1005002314290252
32947286991
1005001307959266
32861542325
4001248997197
1005001334573018
1005002384977233
4001100059863
1005002316015161
1005002314373230
1005001439500186
1005002355587705
1005002116733007
1005002314303354
32936091862
1005002288173660
4000828700399
1005002365618255
1005001469268586
1005001780742179
32933618924
1005002462570429
4000237550705
1005002181069370
32879629295
1005001826955570
32822044314
4000411086916
4000795207020
33005014509
4000083432029
4000930075166
4000847863942
1005002310649502
1005002247023538
1005002425977073
1357805248
4000253223066
1005002442462428
4001258175341
10050023157398221005002472188832
1005001775114348
1005002294027800
32958067252
32995213555
4001160167318
33056297014
32949347569
4000114691643
1005001813844167
1005001830602702
32917625117
4000793351559
4000927032624
32809619686
1005001809512550
1005002280747060
32641404320
4000392165802
33003174759
33001004336
1005002372356291
1005002114881074
1005002285921147
1005002272294554
32830876721
4000842980861
1005001502555287
33011419319
1005002459252721
1005002228096707
1005002457389313
32973290051
32999962975
33000582233
1005002263676342
4001120517384
4000135618162
4000093358598
1005002363369143
1005002323492545
1005001781253750
1005001509771323
4000575217172
1005002252363268
1005002313101259
32439406806
4000786859824
1005001329757537
32921060471
1005002254121707
1005001291041872
1005002404219730
1005002270737670
32973775625
4000709019998
33039747511
1005002339791306
1005001805903586
1005002397764088
1005002416968406
1005001752139674
1005002023867097
1699670411
1005001998252002
1005001968863022
1005002198261559
4000358525291
32934415758
1005001555341529
1005001658404791
4000289233119
1005001748184214
1697438795
1005002328144770
32847902415
1005002064834278
32750306472
1005002492565401
4001038189932
10000228564773
1005002032869099
1005002246305286
33032657899
1005001867431483
1005002311318956
32997493729
4001313296518
33041420408
32924294439
4000364880120
1005002467034559
32852925357
1005001730596368
4000140891736
4000663076524
1005002337215604
1005001978097531
4001228602989
1005001739653512
4001241431997
32522371649
32823305114
33048152181
1005002316199404
4000143751997
1005002351626036
1005001988424894
32838196013
32451983464
1005002318621581
33018112134
32607629416
32885167129
1005001345159317
32912787009
4001199966871
1005002365084455
1005001633154883
1005002180713627
1005002273579199
4000378171505
1005001694278494
1005002159808861
4000117251352
1005001602273405
32966670789
1005001639145926
1005001611999880
1005002033655155
1005001698039942
1005002462817526
10000084902522
1005002235221774
1005001469988182
1005001939994283
1005002389852980
1005002348205405
4001150343626
561279981
1005001862819995
32836622990
4000248622251
4001241028057
32751749919
1005002119752462
1005001673830954
1005002282696109
32817352176
1005001546383753
1005002291463299
1005001785888468
1508917628
1005001392556557
4000986065387
32956520373
32766394663
1005001593379620
1005001814337125
32796986460
1005001731272111
1005001963715589
32887375416
1005002363705925
1005001617295895
4000773666918
4000945213866
1005002367286978
4001137535516
32344558035
4001125055578
1005001387142528
32838993079
32245502178
1005002104601070
33013499066
1005002452541418
4000850461589
4000857286984
32814130531
1005002372152588
1005002121618826
4000613209413
32829847002
32889302859
4000712143088
4000618876919
33040402509
1005001451999319
4001159898645
1005002482304918
1005002309291833
1005002327518266
1005002375923756
32835659168
4000142108584
4000774847639
1005001703485523
33038463430
33015235393
32677320358
4001141343947
32873359621
1005002420435158
4000660019503
32945808389
4000282371466
4001153311920
1005002054577421
33009333292
1005002374655799
1005001265935944
1005002272612648
4001105147182
1005001296949842
4000261859652
1005002311090062
1005002259276209
1005002231838358
1005002388911420
32834468900
1005002369075767
1005002353280896
32885405758
1005001438757832
1005002182423377
4001360571793
32829904405
32856150523
32821330623
4000983455187
4001219458918
1005001438054435
4000812286666
4000663641316
32846426114
1005001557065873
1005001839362280
1005002292559091
32694886315
1005002435234139
32984003350
4001294235857
1005002388739919
1005002327038505
1005002329824365
4001103009856
32888565463
4001045196019
32964265036
32880438367
10000144560519
1005002122411352
1005002294017113
1005002164879876
4001051523467
1000007623583
1005001986350780
1678512292
32944721271
32947088770
1005002288631542
32983839910
2052261746
1005002395706443
33011304850
1005001731221118
1005002170694947
1005001926735462
1005002436022015
1005002327962513
4001275462903
33016344477
1005001905681279
1005002291458451
32919761156
10000404736359
1005002337664046
32829217694
32896657820
1005001973243315
1005002138005595
32947855276
32967537635
1005002488533136
1005001699014233
1005002008169062
1005002417738497
1005002030430845
1005001699158748
1005002314298921
1005001641070270
32529748468
1005002313405529
4001030157191
1005001681725193
32907232321
1005002314270880
4000310392111
32918877281
1005001592335357
1005002323260088
32912341876
1005002409611046
4000983453192
4000201340243
4001326308047
32924634066
4000219614539
1005002347942323
1005001578906110
4001051010747
32995317038
33036018401
32793792197
1005001441392734
4000251610680
1005002347946914
32876279121
1005001531564737
1005001530141944
1005001458578205
32824183685
1005002019000004
1005002229222161
4000055200229
1005001780739119
1005002174838048
1005002273277932
1005001387818602
33022261871
1005001423382170
4001215969023
1005001620873973
33019398062
32855243201
1005002310919466
10000403062299
1005001888085654
4000046761653
1005002262692232
1005001693742758
32911162470
1005001550957442
32960541123
1005001908455845
32920809031
4000044731545
1005002389665431
4001131608220
1005002323244359
1005002325126729
1005002334524010
4001241339379
32823625937
4001189146994
32965357272
4000038718599
4000405133469
1005002187285258
4001214192786
1005002170613649
1005002428448155
1005001457098725
1000008200774
4000492263074
1005001773680116
1005002296853672
1005002422090994
1005001713565439
4000583677370
1005002306672763
1005001670858028
4000769051042
4000767323436
32953753500
1005002281149569
33040468312
1005002211254859
4000330133357
32865823225
4001270734761
33006134110
4001315159133
1005001763527007
4001090713533
4000365353652
4001312821486
4000148204223
32991900235
1005001438913397
1005002190150579
32733143448
1000001343941
33012854613
32700321678
1005002460425991
33031268363
32946961341
4000062380339
1005001289897615
32893904734
1005002317699815
4000232929389
1005001660277756
4000711561044
1005001490886542
32820821025
1005001954186301
1005001972620470
1005002285561835
4001257232008
1005002233490289
32917259238
1005001355220582
32946150884
4000323991144
1005002363117147
1005002192321238
4000425372750
1005001611571995
1005002113029538
1005001519457636
4000538373692
1005002012288370
32952004204
4000306272305
1005001699064014
4001286104688
33021003602
1005002457900691
32857053392
1005002315214447
32356421055
1005001758864700
1005002112386296
4001348387026
4000664962727
1005001853492358
33039910588
1005002351950714
1005001805747530
1005002180863514
1005002414276431
32781447409
1005002267857252
1005001436724270
1005002192531894
1005001433784538
1005001370283660
1005002378929253
32914893826
4000626756028
4001066342428
4000849582292
1005001978760453
1005001419421890
1005002315867993
1005002348548295
32798117871
4000844215150
1005001792918849
4001280309836
1005002372308307
4000014690243
1005002314774259
4001019659089
4000763449727
33050201508
32992588356
4000777227261
1005002343579271
1005002333267343
1005001316982658
4001274061260
32915506121
4000335536892
1005002481046856
1005002212759101
4001315639601
32975049362
4000344013393
1005001737197355
1005002281326091
1005002495299937
918938659
4000273309049
1005001883186809
4000133305126
1005001908370995
1005002241241610
4001132137877
1005002297479921
1005001835961849
33002892581
1005001708307637
1005001298429830
4000956186021
4000311890996
1005001343269797
1005001815652641
714371033
1005002253096069
32859244584
4001215809073
33012064181
32856173564
32972516915
1005002323276114
4000489243292
1005002329851636
1005002239960034
1005002334566888
1005001555246261
4000479356382
1005001736855064
4000907503289
1005002435334445
32918982695
4001291544974
4000555658123
32387072201
1005002281951279
4000643451410
32837629142
1005002291684149
4000009379515
33043529471
4000340928520
4000920928258
32793647365
1005001934626563
1005002379997011
4001066517951
33058921983
32916569114
1005001305039516
4001156618554
4001322023062
1005002298619060
1005002352485362
4001001042766
1005002474392539
32998623893
1005001887829955
4000483636824
32564964511
4000787173330
33014104976
10000127297794
1005001309835427
1005001324766643
4000117684048
4001359847145
4000404967620
33033795789
1005002128667875
32984378448
4000341824807
4001019633338
4001211941746
32953979409
4001095592341
32991219642
4000797667056
1005002336792552
4000717259802
4000960597475
1005002458901117
1005002023625956
32980788699
1005002294076211
4001035190014
1005001573550269
1005002376899083
1005002357409005
32860860682
4000945149527
1005002312470725
4001290982377
1005002382289314
1005002340202899
1005002316155358
32870480592
4000039255927
1005001847656648
1005002242093832
1005002386626007
4001030176149
1005001496889976
1005001458254251
1005002450100136
32851628570
1005001519861829
1005002373250401
1005002419564826
4000735163066
1005001495685431
4000726185888
1005001445801558
32906782807
4001060998638
32819001744
32871304485
4000599331846
4000138864864
4000498567306
32618476110
1005002003997814
32923066065
1005001436868235
1005002055721329
1005001980174444
1005002340304589
1005002292724593
1005002194809005
1005001723578969
32855626021
32865532668
4001320587763
4000419832766
32976503651
1005001334546723
1005002301723877
33031960183
1005002359702525
1005002323876434
1005001903350193
33058516392
32985557892
1005001599146137
1005002439734151
1005001525252828
1005001566634234
1005001839054221
32800165149
4000250364919
32852789264
1005002322919425
4000203965077
1005002317980972
33011304719
1005002487478811
1005002276516215
1005002466062930
1005002228209364
1005002355257436
1005002314290833
33052424399
4000030884739
1005001365918242
4000351950491
1005002246113693
1005001563325141
4001229527330
1005002244840488
4001296061126
1005002233657390
32252708570
32788521586
1005002426348484
1005001472844896
1005002378699668
1005001332739374
4001229483859
4000861034993
4000306773114
4001245794386
1005001657065051
32821243518
1005002314966070
4001065041546
4000113220940
4001347618116
4001241102880
4000061949195
4001354977206
4000220832056
32834077790
1005002399755399
1005002029573907
4000429564358
32853079321
1005001787625017
4000468908937
4000764323616
4000663967273
1005002450022195
4001271758069
4001163419493
33039992196
4000808119960
643371211
1005002426817996
1005002252362294
1005001304589273
32959927430
1005002308190091
33047709891
32972009678
4001223632391
1005002343094765
1005001569065644
32344695098
32882273944
4000095954047
32898663285
1005001706133361
1005002179586997
1005001622807274
1005002273145654
1005002316543281
10000165808861
4000186778247
1005002020043401
32288202569
1005002466081852
1005002404844006
32846033318
1005002278141581
1005001362108267
1005001270608462
1005002035003196
1005002259918176
1005002395166958
1005001812151392
1005002314377310
1005002272941060
1005002313404507
32693101007
1005002336967026
4000405437952
32917590330
4000329154571
4000140711277
32647185317
4000208660970
1005001570067844
4000964204330
33059298904
1005002438941417
32978355148
32946433527
4000734190027
4001292702103
4000850528482
1005001496053253
4001332010448
32818929563
32862662064
32978901084
4000978982684
1005001281643261
1005002024064850
4000415901668
33035595207
1005002409502382
1005002280485934
1005001369496266
1005002381810554
1005001355208947
4000515139947
4000434068991
1005002072253591
32843162884
32665878940
1005002434707803
1005002488184465
4001112189561
32662177151
4000786744967
1005002432945949
1005001668277376
32809357185
4000328067781
1005002315006028
1005002466973007
1005001923130422
1005002412975799
1005002198915516
4001293809973
1005001493723085
1005002345285799
1005002095880549
4000696658703
1005001723255382
32732423738
4000985438918
4000102303609
1005002293088670
1005002280778240
4000467694461
1005002305317270
32832827732
1005002345322533
32828228319
1005001279596154
1005002001075539
4000994925208
10000397738059
4000063915515
32532923346
1005002359827177
1005002167726715
1935072890
32954787448
4000337586792
1005001835099750
1005002303987466
32797424009
32721075878
1005002409472927
1005002256673639
4000581455644
1005001734293983
1005001622252399
1005002408851567
32920794682
1005001581210660
32889838150
1005001844215239
1005001548287652
4001133188853
32951161906
4001148809699
4000514103511
4000969818456
4000373291244
1005002460940112
33053836425
32321430508
4000074400795
1005002249583571
32830663802
32832452584
1005002436159923
1005002425913487
1005002260043064
4001102280096
1005002357235125
33022946492
4000553612005
4000786956786
1005002233381327
1005002428492699
33011972158
1005002392723464
4000153358111
1005002286424404
1005002288396353
1005002293627997
32774379517
1005002347686004
1005001983281878
4000391573620
1005001998719991
1005001645491058
32826850829
1005002208485006
32977010646
1005001599537966
4000863537494
1005002418657679
1005002279508080
1005002237784410
1005002392798334
1005002354101324
32937132535
1005001510257306
1005002311186981
4001216205396
32750546373
32397092576
32901847468
1005002309504745
1005002401967070
4000419687080
1005002307080108
32351156568
32963412867
1005001692009895
33001558472
32983451313
4001039687809
32699469245
1005001813996410
33035213014
4000343815131
4000385041615
4001118446716
32581864866
32290216060
32819781313
32936336049
1005002316893090
32979727666
32603936234
4001214189830
32872607844
1005001854787857
1005001392475201
10000009250669
1005001500932379
4000350018824
1005002282027179
1005002018811428
1005001621668107
1005002154813046
1005002379392895
1005001587824651
1005001793192102
1005002351447558
32949732985
4001084328839
32252037772
32666891388
10000033589029
4000347088239
1005001525368842
4001270698047
4000902338647
1005002089687294
1005001971069611
32888835654
4000073870990
4000139809307
32852981431
1005002361642260
32981247388
32847258111
1005001619919861
32974141781
1005001865207681
4000012652813
32668687715
1005002292382945
32831539768
1005002488651218
4001282906121
1005002356121894
1005002361627286
4001176894850
1005002304049816
4001047548842
4000556970586
32713758280
544540864
32909880552
1005002394860975
32821322364
32703403831
4000937136997
1005002318947845
1005002241649297
1005001834504707
1005002066224573
32789012668
1005002481074767
4000955042036
1005002055763408
32788781292
1005001824704128
32963811473
32977350635
1005002431440463
1005002268907577
4001090303470
4000393235124
1005001313724503
1005002277002402
1005002467030182
32990979305
4001037805947
1005001974782255
1005001635672066
4000293776806
32697651620
1005001762943047
32957637464
1005001413201676
4000337033341
4001042164480
1005001481518248
4001019715135
32601423966
1005002460783527
32852632148
32887552798
1005002363266732
32792715947
4000896016038
1005001403131032
32960122744
1005001704452204
1005002328858773
4001220426939
1005002377136437
4001097451935
32858120002
400053878751332969905806
1005002293817622
4000014732077
4000755243276
1005001845334630
1005002466964586
32906150799
4001331181078
4001051795415
1005002430598494
32871230361
1005001997162961
1005001367625834
1005002382255086
32965270787
1005002369258346
1211481102
10000370143687
4001277824768
1005002283101422
4001065014631
1005001844127839
4000703414808
1005002319874285
4000764059881
32905247809
1005002315918614
32835484971
32974507272
1005001957333603
1005002308651817
32914260051
1005002068959181
4000073631541
1005002224173771
4000992631155
1005002258624202
32755838828
1005002224563393
4001178924029
32968938363
1005002392766185
4000197971044
4001169824691
32390084342
1005002307659132
4001251481227
1005001927032267
1005002439164249
1005002214719655
4000590269334
32810234414
1005002353177142
32822708361
1005002177497345
32834816403
1005002298483557
4000268137559
32978475752
1005002358279941
1005002350108471
1869624470
4001313442624
4000052232723
4001016343811
32830219889
1005001882858229
1005002367120505
32961107037
4000162966875
1005002294495579
4000366621716
32848467562
1005001307532498
1005001813414614
1005002465599377
1005002239169713
32600581020
4000879017933
1005002327661436
4001263939301
1005002354316377
1005001845110641
32907182025
4000686840594
32387295518
1005001708006128
32495835383
32831421646
32969270093
1005002264761414
1005002440455701
4001101101335
1005002003925209
4001217090882
4000142162110
32911870182
32852558970
4000986817319
32724893234
4000767721455
33010094189
1005002306425645
762791480
1005001676758506
4000785143487
1005002246297625
32896351306
1005002276801834
32881012704
32876949842
32980581571
1917410133
32854466581
32991002276
4001042377890
32891704053
1005002225990481
4000781315785
1005002494025571
1005001731854185
1005001865486194
1005001500100400
1005002366292670
1005002453298737
1005002388651108
1005002380604545
1005002369471565
1005001954762741
1005002417217154
32916962577
1005002398659407
4001038427001
1005002322153399
4001298920974
1005001764456262
4000828187809
1005002390476711
1005002417201170
4000586357191
4001270751331
32895160286
1005001833974789
32996584837
4001335340454
1005002224300349
33027497994
32851870813
4000865408506
4000738794685
32980328050
32954830999
1005002283117762
4000867250969
1005002488214618
32684908537
1005001476680039
1005001879129176
1005001840496926
1005002480767609
1005002449075156
32842782133
4000842625754
1005002423592305
32996488314
1005001825468795
4000752395450
4001209875862
1005002292059199
1005002235255378
1005001297428970
33014404435
1005002236242031
1005002352836188
4000872748208
1005002377703082
32696652530
32836156171
1005001587378200
1005002363468691
4000018812109
4001181334532
4001210644188
1005002409975540
4001175415323
32969372294
32956654722
32646339839
1005001678134518
4001116241466
32918493330
4001165929992
1005001738590484
32814463117
32957704325
1005001628889801
1005002019906195
1005002278142420
4000530558991
1005001418304262
1005002458637763
32818963566
1005001325652753
1005002387378743
4001264102352
4000465944797
1005001557737512
32851242294
4001265244803
4001307267465
1005002394122044
4001064602441
4000058566383
32853161378
33055039128
32741763004
1005002466912151
32734614000
1005002119228235
1005001621890366
1005001362181171
1005001907220179
4000039049884
4000782636338
32605878979
4000966492045
1005001835361118
32674911585
32894054094
1005001365174667
4000796267951
4001093396801
1005001397320964
32904480314
4001156708315
1005002317904900
1005002072433484
4000116757114
32838162361
4000896490116
33055675748
32368106159
4001238448205
32674135447
32701389062
32946149669
32922906929
4001339767955
1005002286141077
1005001405632203
32952678826
32859308982
1005002329566980
4000211366895
4000385232958
32844412064
4001314018212
4001011129304
4000383487183
32822492479
1005001504708837
1005001950476614
4001241090059
1005002449988978
32828133438
32840363940
1005001617125576
4001278904115
1005001907135250
1005002318860772
32844206235
4001037391667
1005002291678458
33053831351
4001179442851
4001338302896
1005002369144707
1005002064881027
33015968665
1005001570845807
32901471424
1005002322206233
1005002217545079
33024064172
1005001920876682
32700995797
33057602432
1005002276041478
1005002052414971
1005002319445173
1005001870404301
1005001763922085
1005002305956790
1005001777140656
1005002451136175
32548652194
4000593581423
1005002468534156
1005002393091454
1005002235852683
1005002301261223
1005002400505764
32998902330
1005002417100352
32979089524
1005001698023563
1005002450576434
1005001695416531
4000598616442
1005002228188504
4001186912246
32829434521
1005001997865137
1005002310963434
4001271937634
32847849450
1005001825711847
1005001644872221
1005001693736207
1005001472478001
1005002334202674
1005002377506311
1005002265255610
1005002321075241
32859159286
1005002466127052
32955680188
1005002378215584
1005001289660301
1005002192098528
4000245418054
4000735083789
1005002441396928
1005002481744509
4000344624200
4001097212245
4000521673842
33025614772
32918084069
4001131071216
32573587199
1005002054903644
32969959009
10000397750647
1005002297839153
4001023476597
32796859111
33049851989
4001249560905
1005001824850719
32967464374
4001253771451
1005001339142172
1005002316903252
32979539247
4000041834804
4000397560088
1005002279199067
1005001339884916
4000109782734
32813715301
32348557046
33043579056
1005002401838091
32888326813
1005001813924918
1005002382544389
1005002280985430
4000177866041
1005001553778323
4000401619334
10000279387931
4000351371021
1005001580579486
32843198807
1005001475808530
4001105614287
1005002333534949
1005001706762354
32997098627
1005001645685906
1005002375010517
4001188913082
1005002157110571
33038325526
1005002291109157
4000159924838
33042799993
32764797339
1005002183688440
32978007966
1005002073876252
1005001619945330
1005001457723118
4000127410618
1005001590961866
1005002271186401
1005002287405346
1005001788928933
4001112378993
1005001701319733
4000018264993
33002446434
32709735132
4001272414826
32854983753
1780139773
32799451207
32952297700
32915214025
1005001859882021
4001162230116
1005002254846964
1005002192730025
1005001939693764
1005001565616141
4001119609568
32679928083
33040047818
1005002290016308
1005002191058258
32954835880
1005002309225657
1005002362102472
1005002081661435
1005001480338683
1005001518140900
1005002488349581
1005001775279817
32982244722
4000037439741
1005002333149442
32761370783
1005002454443008
1005001297768481
1005002283241020
32833366621
1005002474954895
32868679639
1005002291098648
32954308479
4000266443330
4000902515503
4000709193723
1005002132787378
1005001564866394
1005002475131625
1005001817499963
1005001695479456
1005001709089809
32912303767
32666717685
32281057352
1005002085439586
4001324134597
4000802022945
1005002239477520
4001128431314
1005002346447922
1005001436990449
32868326199
4000537257573
32851999967
32652871105
32946097735
1005002043208077
4000121061532
33038594412
1005002062310368
1005002311620195
1005001333435629
1005002329833796
1005002308436287
1005002011379682
1005002266307089
32640665230
1005001971573215
32964675901
1005002468547718
1005001582504545
1005002116882855
32903670518
1005001633367408
32833613468
4000384320504
33008492839
4000286801561
4001035912016
1005001900089317
1005001914655899
4001038542950
1005001617379362
4000267631133
1005002324002140
4001217504174
4001151019617
4000054955131
32979000425
1005002245271062
1005001828927925
32338589832
1005002447374158
4000131392988
1005002254334822
1005002192278404
1005002212305282
1005001337498717
1005001954972185
32794758196
32951023897
1005002099359547
4000010296679
1005002236548001
1005001633052210
4001360483060
1005002128480070
1005001491329758
1005002300926515
1005001321797986
4001072132494
32627456899
4000714132101
1005002333371443
1005001840786211
1005002365394355
4000024906429
32712555136
1005002245819819
1005002035397216
1005002324138058
1005002388150759
1005001864771048
32776950503
1005002147910798
32838416149
32338405018
1005001451681362
1005002288986544
33040768391
1005002476448980
1005002408311999
1005002394703870
32844227678
10000399967432
4001192699969
4000521990987
4000879368369
4000346743409
33055416955
1005001586622043
4001350716448
32698409203
1005002413942349
1005001978195374
33018457751
4001247998405
1005001980127672
4001280759399
1005002276082685
4000695418913
1005002368396093
1005001345193773
1005002378960347
1005002294309910
1005002130093471
32825553895
4000982894429
1005002328374137
1005001979884445
32802987494
32853295352
1005001405241026
1005002351567432
4001270451133
32828950140
32907779084
1005002232382602
32993924485
1005002122357590
32864054141
1005001571438360
1005002313390211
4000216404152
559087206
32921991298
4000414779912
4000219574739
4001143744031
1005002316707362
32797835080
1005001689581057
1005001494752814
10000002473708
1005002225897948
32857002319
33055816916
1005002351113735
1005002490628588
4001208272831
1005001884334012
1005001924381641
4000061829194
1005001736481012
4001059871501
4000218921940
33057455958
1005002316795591
32911181090
1005001310937501
1005002347313171
32987384321
1005001292009554
1005002387026534
1005002202362766
1005002340979491
32893522335
32821551515
1005001780620629
32922839942
1005002316542953
4000842169976
1005002481237151
1005002192401022
1005002453233280
1005002270384413
33018129110
4000465962391
1005001621225738
4000278601773
1005002359857347
32886998241
33058506014
4000865374409
1005002482990795
1005001320725477
1005001526953479
1005001586393747
33025363374
32928388412
1005002376462053
4000303163115
1005002397695612
4001225196738
1005002246414960
1005001835808105
1982123539
32970234103
1005002368061058
1005001361662284
33012935472
4000112031489
1005002113126104
4000017256080
1005001886377488
1005001487800531
4001070373548
32877936975
1005002414312769
1005002357676285
1005002191658741
4001025959649
32846048469
1005001490655338
1005002449025452
4001110082556
4001031646750
4000570701285
1005002313028282
1005001612331278
1005002007993896
1005002314401249
1005002254215577
1005002171785794
1005002268908921
1005002406735508
33005408614
4001203992785
32885344918
1005002312393841
4000863974663
1005002014857688
32958272830
1005002313539714
1005001525340194
4000465899018
4000228400985
1005001688892725
1005002301391442
32764266198
33014141269
1005001450373358
33034655396
1005001813310853
32332910768
32853311938
33040459453
32854364852
1005001652690358
1005002042523754
33007154509
4000429911734
1005002453017059
33059250399
1005002260872143
33008347537
32971371469
1005002328728924
33000341610
32869313619
32563558182
4001170829696
4000207975845
33026780232
1005002319987685
4000069037107
1005002284225164
32813330602
1005002353387127
33044431748
33010054410
32915962672
1005001619709449
10000289036147
1005001872375713
1780310821
1005002337842305
32825066610
1005002369238755
4001076010598
1005002320391016
1005002102200245
1005002475013841
1005002421106923
32899276795
4000898823708
4000065378221
4001089709282
32604387922
33007964761
32877392524
1005002347411458
1005001660801006
1005001638694182
1005002256369084
10000040579695
4000092170823
32922701851
1005002310982510
32832983641
1005002341482345
1005001406454661
1005002276362346
32968806502
1005001343366394
32867534803
1005002254494217
1005001935202124
32964575559
4001248426341
1005001780861212
1005002405117206
1005001876657802
4000132704497
1005002337395110
1005001781273566
32903019774
1005002258731664
1005002369200277
1005002357884227
32920178305
32812550380
4001261634088
1005001278569507
1005002283130473
1005002394003945
1005001590592968
1005001408685131
4000216193173
1005001997637711
1005002003328758
4001294841365
1005002381305050
4001222881438
1005002336716320
4001013496420
1005002239177097
32922634998
4000933820620
1005002253610489
32860248420
1005002003297643
1005002370298783
1005002394753639
4000409185235
1005002252629990
1005002054556560
1005002487847059
32996280092
1005001868638122
1005002314377004
1005002442790999
1005002232204761
33034889375
4001127124573
1871856941
1005002406960744
32902757397
32955325884
1005002122322879
1005001483234836
33006305837
10000389260582
32920665525
1005001348966422
32982441310
33000098479
1005002440235780
1005002325611877
1005002358319982
1005002058686262
1005002350849034
4000273650420
1005001651543422
32838584241
1005001776548278
32934163832
1005002413380514
33027537063
1005002347022649
32841681174
1005002314806199
32828607571
1005002399148227
4001122112972
1005001437688708
32904319727
1005002167133276
33036628700
4001287810807
1005002340859943
1005001943106210
1005002342515695
1005001704981987
1005002457569951
1005002133068937
4000599805312
1005002330488799
4000452863047
1005001880388309
32812008568
1005002393670987
32751545064
32789914472
32897141993
4000829514662
4000025725637
32926607965
33034051456
1005002342370268
1005002365854771
4000458994622
32858470736
32883541659
4000585174831
1005002322333491
1005002119466768
1005002018924171
1005002278020622
32946250642
1005002353319736
32810420944
4001226087560
1005002054696110
33003759098
1005001613052076
32848448393
32858119172
4001256453702
32955292635
1005002040008594
1005002234123446
4000424282201
32820783966
1005002453147849
32796522569
1005001930886693
1005002444106551
1005002118691932
4001241331982
1005001678721786
32546220786
4000447606168
1005001808986011
1005002038786465
4000853656966
32978434836
1005002460081408
1005002166125814
32974058309
32898331111
32810453365
32969398443
32800028967
33006443525
4001351170016
1005001392956188
1005001626301281
32930604887
1005001605305926
33046770480
1005001581187777
1005002105073451
32868741413
1005001886200729
4001147330968
1005002452738791
4000711809994
32795549703
4001186443660
4001236493974
32922391328
32891030141
1005002144272116
1005001564802024
32709140487
555553276
4000210320049
1005002314014811
32824471975
32338918008
1005002008336299
4001316125187
32840360397
4000910812504
1391847626
32988041842
4000870664839
1005001329802059
1005002349990286
1005002350515113
1005002357084301
1005002290947969
1005001556490955
1005002355293656
4001316259501
4000005097462
4001162028417
4001030182355
4000334046653
32876907565
1005002336539153
32901768252
32969688787
1005002317740945
4000336929260
1005001495375449
1005001871768805
4001219735291
1005001288835942
4001257716372
1005002280786813
4000298658853
1005002321618016
1005001392564028
4001172494900
1005001908637700
4000433598656
1005001571036606
32999652991
32848647113
1005002239040115
1005001812527989
32944438855
4000039700729
1005002387123199
1005002347299323
4001044307488
1005001923033996
1005001337621256
33058311885
1005002359782848
1005002376875026
4000398628728
4001319760795
4000761093008
32955865592
1005001873620402
32816895384
4000625525639
1005002278794098
4001239776597
1005002247380749
1005002404025594
32961471929
1005002272169199
4000534845056
1005002064507852
32981025006
32674586490
400042480449332848926322
1005001338998397
1005002262246879
32843998005
1005001756513975
32788984329
32612113043
1005002282025487
1005002408323998
1005002314358098
33058666467
1005001277862358
1005001704388114
33012849579
1005002034871014
1005001581450642
32849700196
4001104052832
1005002033265033
4000718110478
1005002129097871
1005002272523148
1005001386989998
1005002112067762
32843772062
1005001620850503
884535478
33051921825
1005002466668718
32863403696
734178998
4000410551097
32958381623
1005002438207399
33040365380
1005001579047300
4001224729319
1005001830513150
32856599083
4000274105729
1005002491890556
1005001605979962
32973644954
32841975136
1005001824846752
32666856335
33063134339
1005001708212210
1005002426398341
1005001438842256
4000623665811
1005002323325024
1005002392006495
1005001957116305
32790553414
1005002426592587
32855841798
32898285034
4000976028879
4001071524879
32949827227
1005002089498357
1005001971960317
1005002411337193
33005142661
32957207169
4000927054628
1005001511799367
1005002268927576
32885163284
1005002276953655
4000915587161
4000545829332
4000077176302
1005001295345497
32974884474
4000589857309
1005001849904392
32650504532
32959674852
1005001602306260
1005002324022560
1005002377127882
4000980581239
1005002393612290
4000987593776
32929535045
1005001374647793
1005002302308029
4000267199682
1005001425216445
1005001969825423
4000264255988
1005001817857228
1005002293748799
1005001619910288
1005002432709346
1005001802337715
1005002460608620
1860085428
1005001797489644
32950876599
1005002457289099
1005002316020436
1005002439632966
32858174088
33012526766
1005002234946806
1005001741473339
4001108460361
33002522154
32999108766
4000378848409
1005001830076896
32908384943
4001149373287
33053571897
32852801712
32914423524
1005001660244585
1005002309146038
1005001482522416
32982961542
4001285354201
1005001972589210
1005001793103165
1005002467147819
1005001405114036
1005001993930155
1005002246075142
32860743285
32954891817
1005001544352039
32669620255
32914862445
1005001293269697
1005002416118926
1005001882272460
4001053623609
1005002245875194
1005001343968407
20000004455666
4000236623470
1005002314263808
32687912479
1005001407691027
1005002263737700
32978097817
1005002469111859
32987246016
32829490483
4001227662789
4001272412244
4000155729981
1005002341578432
1005002237676560
1005001593263015
1005002338292619
4000684948972
1005001995730161
1005001445806277
32441542486
32820760839
1005001717614934
4000781190742
4000003045771
32948178713
1005001927796206
32811206027
1005001514879809
4001230440011
1005001826876523
1005001977259113
4000884363323
1005002012004505
1005002395210823
1005001834800048
4000304212187
1005002386714231
1005001714609862
1005001848883164
32908072304
1005001914536986
32525481366
4000813067005
4000739130495
32882390427
4001021660634
4000865455327
1005002388290952
4001069729423
4000793108327
32888856483
4000725533610
4001231458426
1005001685884627
33009445719
1005002387068294
32384205623
1005002480893120
4000853385322
1005001506373432
1005002317135157
1005001863177897
32847506346
1005002376180379
1005002297053094
1005001722179274
4000944948783
1005002055773750
4000248959650
32954092937
1005001445630871
1005002172188635
1005001844792045
1005002468949922
1005001430274943
1005002281411096
1005002484773548
1903396852
4001018409448
4000224891450
1005002063959668
1005002256081324
1005001881008798
33012663616
1005002377332076
1005002356058258
33031913227
32860779310
1005002074319973
1005001780743560
1005001966029602
1005002318925870
32991169929
4000272646031
1005002460240327
4001241615748
4000116948944
4001281786105
1005001587352333
1005002395777745
1005002476366465
1005002011009255
4000552024978
4000202392304
32862216613
1005002371617964
32898890496
32815818547
1005002384962942
4000397703021
1005002328563222
4001294525650
4000389979311
32834271681
4001039267246
1005002399270145
1005002415973714
32982195854
4001344878246
1005002466066853
1005001602297924
1005001431618039
4000801035761
32817622024
4000309568610
1005001446374075
1005002325198286
33051641677
4000198422116
32750464707
4000662671155
33050293498
4001233786369
32920023370
4001237753492
32848404661
4000563338986
1005002064131465
1005002254981679
32885852865
1005002276659740
4001241739384
1005001474617434
33016621152
1005001874627628
1005001537597110
1005001864531517
1005002304075146
1005001387691144
1005002227665215
32391340403
1005002443480865
1005002384296658
32773207791
32792152785
32810808289
4000585346625
1005001736421061
4000463649217
4000867548760
1005001908522464
1005001635647244
1005001891429739
994430027
1005002211246043
32823073977
1005002420366432
4001225208673
32883787177
4000752486460
4000545529350
1005002490353932
4001335660686
1005001656691120
1005002248964258
1005001706563967
1005001571088676
1005001560605239
1005002293967558
32752734491
4000219865416
33010001267
33028669401
1005002239645338
1005002486553564
4000765141006
32905311974
1005001664307815
4001157406622
1005001775660595
10000395839095
32645756908
1005002388759558
32351218336
4001274079434
1005001366222461
1005001979838534
1005002314708304
4001015712091
1005001812551425
1005001698057020
32996865404
1005002219229218
32975611801
32837763593
32715415601
1005002483418077
32872923353
32837072308
1005002370062471
4001009991587
4001213403294
4001096268722
1005001499267544
1005002339125726
4000149349195
4000109990434
1005002431997951
4000857275616
4000926801908
32903122219
4000562209826
33000132862
1005002316873368
4000789281614
4001279683320
4001278895526
33057165024
32344861401
1005002468094706
1005001859353773
4000982551402
32970024490
32857116979
1005001756356875
32779240207
1005002357547212
32903544485
1005002308035650
1005002262743494
1005002186445940
1005001580217700
1005001889295731
4000403249659
32916081542
1005002081529579
32997787124
4000006835146
4001132719111
4001212594817
1005002175189531
32673009213
1005001494822180
32827808540
32783651612
1005001516008286
4000637949287
4001092004235
1005002290157110
32992644427
1005001877316164
32515450060
4000049324617
1005002211971422
1005001905850167
33055325026
1005001397892021
4000314851427
4000096898240
1005001983589672
33011771018
4001014904077
32820731043
32856111446
1005001815351546
4001350355527
4000771371218
1005001286592437
4000007112159
32891429433
1005002484448975
1005002337322632
1005001665966491
1481940243
4001019042773
1005001629566384
1005001270665677
4001191892724
32826597463
4000992135692
32921682079
32965525195
1005001993911185
1005001896581869
1005002387531257
4000077060876
1005001954805930
1005002238734967
1005001872502341
1005001325279862
32993982467
1005002460641352
1005001495498067
4000718327837
1005002488459674
32646593607
32946897049
4001016147059
1005001657857573
32846430322
32974116438
1005002339396911
1005002221143460
1000005533041
1005002457326828
4001360981883
4000429525799
1005002315940300
