1005001882255102
1005001439138748
32981489774
1005002362563749
1005001268555659
1005002322893677
1005001505600322
1005002224434161
4000622536260
1005002424270091
1005002263976508
1005002314301080
1005001438909078
32909274078
1877121672
4000860486898
1005002392437469
1005002108479952
1005002433872249
1005001398242399
1005002359794347
1005001584767427
32332201922
1005001360651562
4000924385104
1005001515974272
4000720168856
32988511840
1005001382509214
4000834638431
32850189138
1005002094012731
1005002488295769
1005001715051664
1005001446226564
4000953611075
32839807944
4001101766667
4001157128641
33027466999
1005002332332880
1005002364921016
32803060147
1005002095122616
4000503833386
32829929151
32960788134
1005002281355053
1005001698013201
1005002270843775
1005002246654483
1005001530222129
4001217314627
1005002330789901
10000319942646
33046777266
1005001968996393
1005002458261852
1005002381354445
1005002298501827
1005002111959370
32980446336
1005002125519958
4000554979533
1005001957573229
32904935656
1005002394889679
33032961384
32920217963
4000550195198
33051465430
4000943326229
10000395862627
32843797234
1005002389804383
1005001657198288
4000445835538
32979465549
1005002125255221
1005001382340638
1005002367607880
1005001356050535
1005002224635700
1005002306528868
1005002462595704
32700100386
1000007978029
4000592162258
1005002468012762
4001121476838
1005001504570890
4001155742922
33008706362
1005001464506592
1005001849694828
1005001830110076
32876076184
1005002351691226
4001233885655
32915117709
1005001572601543
1005002357762080
1005002279821651
32817729641
1005002312358370
1005001795239261
32950438651
4001025873682
4000466625812
1005002363355778
1005001928627851
4000677280052
4000744949310
1005001821747604
4000123682632
33014543211
4001223885069
4000839742615
1005002302188778
4001218135490
1005002340841808
32840504836
32607392122
1005002274207136
1005001453749733
32896914227
4001017223681
1005002322513216
1005002176914454
1005002001596337
32917761681
1005001995120282
1005001617705537
32950993071
1005002322800214
1005002341302747
1005002084469751
33002724429
1005002212777493
1005002198525467
4000071797492
1005001460732767
4000442282445
4000126216154
32592220120
4001137390226
4001270858629
1005001983455687
4000521729423
4000223604261
4000010893035
4000163884299
1005001705734150
1005002490001613
1005002283437027
4000993734056
1005001596401017
4001246950702
1005001854975154
32959021530
4001286585774
32637687409
1005002439809242
4000163942111
1005002292602926
4000973527314
1005001982436055
4000909431937
1005002291874647
1005002309745303
4001148177822
32864878922
32836669154
1005002334832995
1005001509912776
1005002494393948
1005002231158456
1005002097178954
1005001971861430
32821230522
32979887249
1005002258543849
4001153660806
4001160031694
1005001900692456
4001326211551
1005001424388817
32860029577
32968654842
1005002442231080
4001284367815
4000197848514
32863168834
1005002267886734
1005002378147019
1005001940095419
32682759789
1005001907907924
1005001352588863
1005001915282667
1005002485038836
4000194933539
4000006873690
4000127815237
32998891664
32952444058
1005002368577203
4001021639305
33009301005
1005001308075498
1005002383138731
1005001785649168
1005001343293717
32857990822
32921521777
1005001784726002
1005001582717008
1005002466900073
1005002052629600
4001022839784
32470996798
4001264554622
32661337434
1005001278373421
32862922671
32858957467
1005001834534807
32969755746
557120704
32580804810
1005002376931479
32884562554
1005002252895560
4001170928214
4000692608834
1005001483784038
1005001307439944
1005001966333734
32817941480
1005001379299303
1005002077258260
32908502688
32830517318
1005002313826458
1005002318112951
4000931584327
1005001560543451
32945069305
32854144149
1005002294468230
4000516580583
1005001355548180
1005001399303090
4000046883837
1005001266546552
1005002333961840
1005001812053970
33029549124
1005001821931010
1005002116721510
1005002184808216
1005001420952499
1005002259529734
1005001888292240
32839683883
4001220020490
32808906032
1005002366087462
1005001332034446
1005002471831400
4001345448106
1005002263490984
4000688252873
32895294737
32970761266
32847714567
1005001589101035
1005002048672205
1005002115253476
4001049323296
32854377522
4000207551447
1005002476424555
1005002409650159
1005002389272232
1005002122321686
32956361802
4001202795564
4000025217202
1005002362560752
1005002259043100
1005002396442351
1005002224592672
4000640927631
1005002450013742
32799356861
33061383892
10000055578395
1005001677415927
4001118377873
32486553979
10000031958713
4001065007648
1005002015043422
4001102862426
32953645025
1005002381909199
1005001873659058
33009626957
4000979746469
32317387238
32806214024
4000979186347
4001272149987
4000071007107
1005002510981228
10000185097499
1005001476710115
1005002095101685
1005002094054938
4001095766893
4000701748084
1005001432541392
1005002360766464
4001223465036
1005002297756658
4000786945884
1005002373103450
1005001952254493
32690358603
1005002289070229
32991080954
1005002475823824
1005001617285682
1005002258843377
1005001731963117
1005002278098826
32995901760
1005002246631725
4000688914378
1005002314317781
1005002447730240
33035779417
4000134645860
32861207776
10000000844614
32878220060
32920193159
1005001680384822
4000252725806
1005002247213113
4001283035225
1005002270800082
4001042522479
1005001824994136
32951169699
32884775689
33043290864
1005002028422858
32805727662
1005002341666182
4000774264223
1005001579859714
1005002033492155
4000928673232
1005002350104797
4000172538499
1005002052696180
4000498185849
1005002476478207
4000849826166
4001364587811
1005002484687713
1005001329811148
33009529820
4000680824444
4000503029774
32921983362
32720246352
1005002299484278
10000404576413
1005001629220708
1005002003543082
1005002383177446
1005002373231593
1005001822243193
1005002170894857
1005001498822225
1005002337394484
1005001869658564
32626354989
32852281910
1005002386026241
1005001853686413
1005002484683466
1005002375410214
1005001474241162
4000112511257
32695839504
1005002319292153
32828671286
32605219033
4000254030428
4000109164710
32685436346
1005001780871040
4000905698308
32860166679
4000702281804
1005002499622399
1005002007002785
1005001923553877
33055432399
4001184183665
4000712534823
1005002235332773
1005001656924367
1005001900360362
4001316823362
1005002224663549
32810186893
1005001346272701
33008333379
32856114977
32293742085
4000758489037
1005002348390604
1005002270613005
1005002313755051
4000456770801
32857658768
1005002134763148
1005002434406631
1005001650902906
1005002398241929
1311221241
1005001821775395
1005002416700443
32591003342
1005002248788218
32812381969
1005001670729048
1005001371257057
1005001849316034
4000036169324
4001278912166
1005001873431917
1005001398771024
4000014770272
1005002235657076
32900489545
4000267739394
33055624406
32952852598
1005002462146560
32965593501
1005001466904368
4001130900988
1005001776424205
4000477828462
1005002300894326
10000054098310
1005002274841189
1005002454386009
4001220859387
4000249460685
4001253000724
1005002185082119
33008720595
1005001858505788
33034079328
1005002073368998
1005002273383774
1005002131489589
32807636187
1005002118869638
1005002340808085
4001140075508
32881051676
1005002316910946
4001364350176
32875970161
32918805412
1005002382707813
32830577155
4000666530695
1005002364766531
4000874334475
32854889183
32803378415
32996059181
32922159945
4001229920792
4000893909981
4000626661862
4001331918502
4001225258091
10000400046659
1005002265567603
1005002220807364
1005002311791162
1005001666686352
4000801513483
32924019750
4000093591595
4000857233624
1005001598130438
1005002279124491
1005001356862324
32316265344
1005002026915363
1005001413754429
32853620309
33047220123
4001063998880
1005001297341992
4000551910309
1005002424859767
1005002322504316
10050014413687781005002395275256
4000074148426
1005001602630485
1005002291983251
1005002438923099
1005002397862632
1005002441874211
4000276770294
4000690998990
4001041911331
32838758233
1005002496333827
1005001957560164
1005001585015366
32839391356
32650526763
33059986121
1005002283163909
4000280749797
4001216231594
4000637937649
1005002341661641
1005002423729380
1005002438282318
1005001869149877
1005002284665778
32992028088
4001061211737
1005002291712686
1005002297165219
4000076311873
4000180210638
1005002240161573
1005001464293229
4001162245293
32897625884
1005002414121092
4000730822193
1005002038865286
1005002103090621
32832149821
1005001476351302
32558888094
1005002337431376
4000641050014
10000395922258
1005001877742767
1005002018798541
1005002070770327
1005001797030342
32814913531
4000504964557
1005002377884689
1005002337444008
4000551592909
4000956213288
1005002140216903
1005001402715648
1005002394049823
1005001887843594
1005001330771820
4001218085455
1005001487658810
4001334194389
4000764243662
1005001783364731
1005002001842846
32700235393
32791827420
1005002233805917
4000850414634
1005002277996484
32809584813
1005001818075056
1005002273848648
4001165473148
32823946415
1005002254343669
1005002327242340
1005002288180015
4000050079871
4001036570918
4000303834613
1005002352824433
4000049525499
1005002236755594
1965125925
1005002327704952
32973143838
1005002358023977
32825747968
1005001903510432
1005001994270982
1005001438913183
32968120399
1005002334421955
32841519862
1005002312753922
4000865552414
4000300490582
1005002363370002
4000173283062
1005001818315633
1005002314481587
1005002428303941
4000036141305
32851675816
1005002263497360
1005002426379948
1005002382810590
33033688220
1005002206462493
1005001848884493
32999132656
4001018239324
32821220150
4000097499599
1005002158855714
32811185798
32840935879
1005002441474304
1005002363011419
32824539252
4001274259062
1005002459573962
4000704983552
1005001810451942
4001278644687
1005002322621669
1005002467186207
4000080563574
33060027863
32836180135
1005001671424456
33017510381
4000267615397
4001331154444
4000206931843
4001284887894
1005001394022349
32977503771
4000781527165
4001242794168
1005002459259539
4000222535463
4000492037145
33060086315
32902320077
1005001763775412
1005001463875423
1005001402043298
4001237939509
32990901660
1005002394793769
1694539833
32824853117
1005002416818887
32864651526
1005001603920036
4000974553950
1005001591955194
1005002285969420
4000440713974
1005002229367557
1005001488120474
32836969939
4000794277679
1005002294032907
4000268112561
33002984100
1005002438372642
4001261601080
1005001963569432
32907301274
1005001746892615
32983375779
32985194813
1005001927361539
1005002345160651
4000545724171
4000023183681
32921955665
32616244570
1005001407331239
33030010293
4000852827150
1005001495794943
1005002276559294
1005002447901807
1005002166650339
4000267771794
1005002046113864
4000070537802
1005001842980965
1005002282573035
4000771475703
1005002266475235
1005001293463986
32951673007
1997457802
1005002490964163
4001254994233
1005001824190168
1005002006489690
1005002184999368
4000176523013
33031843942
1005002460552303
32974557824
32863496653
1005001903085419
1005001525447200
33011757830
4001236613595
4000920511225
1005002354308585
1005002408924687
1005002364142140
10000154395812
4000845704580
1005002262573571
1005002423476098
1005002312162275
32914081039
1005002310908841
4000233309603
33004810832
4001230323761
1005001541837295
33031654547
1005002419026200
4000395850450
4001240153429
32817436114
33020140382
1005001408896467
33000227997
1005001633491315
1005002284806413
32891446496
4000516804348
1005001605474139
32729331146
32985547843
1005002442846723
4000507104883
32565607998
1005002223951916
33027800936
4000053471134
1005002233236654
1905610467
33006572728
1005002404211684
4000554300511
32968957655
1005002227999817
1005001803804378
4001225960309
1005002089351802
1005002281624586
10000354538633
1005002271176490
32861473307
32986337497
1005002292898957
1005001604067533
32324970569
1005002276461196
32992155327
32898169019
1005001360866085
1005001856360064
1005002239216341
1005002038835306
1005001991754870
1737911776
1005002292204320
1005002322842929
1005001369040556
1005002347682483
33037048615
4001042173425
1005002060458591
1005001279710094
1005001894883105
4001243468925
1005002129811119
32909277320
32701485188
1005002032592811
32630744209
32885212742
1005001596439725
1005001882420210
1005001833768906
1005002478646017
1005002400425293
1005001882275946
4000247877828
1005002314425772
4000191147269
4001197313340
1005001788608321
4001060975054
4000877850675
4001196258366
4000859276064
32973257372
4001359833476
33026051150
4000458756902
32807936755
1005001779846386
4000087182980
1005002333620821
32804186322
4000959048155
32962151097
33050382367
1005002417000350
4001036521095
32884508936
32892129863
1005002376879158
1005002115553316
32896623745
4001308113092
33040480850
4000168860743
32888262474
4000055937814
1005002355806763
4001005136988
1005002019445095
4001349702799
4000460454658
32837594771
1005002060740027
4000271227758
1005002398104214
1005001749280571
1005002049977792
4001154866347
4000454789398
1005001566394724
32867148040
1005001408129532
32967800894
1005001953546276
1005002402104511
1005001362331722
4001037082759
1005002474557132
1005002322230845
32668516455
33057245732
1005002220592267
1825623909
1005002307570948
1005001976269939
1005001683760381
4000307610817
4000122244534
1005002264845531
4000522759692
1005001329636867
4000570752206
1005002212786819
32826014433
1005002228755884
32995399352
1005001733261951
1005001571523746
1005002377153315
1005002022455869
4000056465459
4000016957604
1005002280644974
32688544295
4000864021095
1005001613022372
4001078999468
32962011003
1005001388229339
33024511558
4000483956480
32992024047
1005002324128526
1005001864221611
1005002129602052
1005001692288579
32791729473
32899723136
1005002352574147
32989188625
4001062437560
1005002282256641
4000365954749
1005002233557861
4001098795579
1005002340199089
1005001860359409
1005002346123081
1005002280834298
4000735854812
4000511809526
1005002224921312
32920635297
4000314496232
32816169349
32983008131
32837028217
1005002365659438
1005002435798410
1005002164673336
32780880626
33050413650
1005002500349978
1005002061689420
1005002459833709
1005002454233670
4001245201787
1005002453634221
1005002066277437
4000720157938
4000671124824
4000990885454
1005002108727126
1005001941333010
33020338801
1005001680967319
1005002307418896
1005001607712952
1005001273844198
4000036719636
1005001429246995
33031863136
1005002313878256
32893181325
1005001376890073
1005001824326972
4001296458439
1000007055288
1005002360374101
1005001723009505
1005002259301386
33012874783
1005001987993182
4001122152454
4000848124152
1005002382843295
1005001982843878
4000688808993
32982804168
4000379361415
32951896745
32958531090
10000396844818
1005002321306689
32619701498
4000290624828
4000976705924
1005001811087116
4000169118203
1005002065119322
1005001889005963
1005002228497004
1005002315555694
4000925455628
4000049848032
1005001452718790
32786728524
4000960068195
1005002310735421
1005002312752875
33031015330
1005002290744166
1005002475282252
1005001282778499
32981605716
1005002351779478
1005002469485292
1005001609040479
32365601822
4001183358498
32867634568
1005002390855765
4000534393832
1005002329973726
4000087121802
32998592751
32862995534
4000016522222
1005001940045934
4000626084840
32906511313
32973677870
33027975095
4000729702709
1005002498785577
1005002323363511
4001344317481
32977579276
32995232833
1005001509770037
4000222843171
33013393044
1005002310690610
1005002325278038
33004700910
1005002080186058
32390601135
1005002364247695
32956046083
1005001693513585
4000092894043
1005002387348035
32505768472
1005002441634527
4000209190200
1005002452901391
1005002181259417
4000197730372
1005002038462889
1005001639669741
1005001558236373
4000543537154
4001245237831
1005002359064142
32961773842
1005002388518614
1005002394241659
32966952647
4001163109439
10000304446795
4000909576651
1005001829614429
1005002356410373
1005001429847583
4000223442218
4001296772359
4001225078920
4000439000708
1005001394126574
1005002371295912
4000335568454
4000848748130
1005001679008408
32959874824
1005001851950544
4000857190370
32952597304
32970452378
1005002243179719
1000001766184
32946616513
32975079143
32850409187
1005002490001639
32997440085
32452046089
1005001592825134
1005001436729967
32847890964
1005002450460703
4001360799567
1005002275167631
32964912806
32506267060
4000641208459
4001134335875
1005002402689983
1005001910466800
4000048119424
1005001652978071
1005001703617826
1005002204919239
33052684062
4000530172754
1005001329591713
1005002324457422
1005001428924161
1005002432632441
4000592445714
4001028166969
1005002315646090
1005002228295453
32892317719
1005002434601923
32992052765
4000712510445
4001179399385
4000544007432
1005002027568516
1005002258288975
32796963594
1005001779856335
32840098703
32915696535
10000321992867
1005002313221723
1005002409716614
4000545724635
32830867388
4001227255548
1005001995034649
32730670471
32905703879
4001259577716
1005001599808176
4000539949811
1005002365136063
4001297964919
32940276701
1005002402018160
1005002382218998
32962683965
33058407512
1005002083710201
1005001683247073
1005002252298888
32345749600
1005002436400769
4000414884469
32856909113
1005002338920488
4000983938121
32705506191
1005001898899146
1005002053482127
4001198405239
32908023385
4001179152877
32879288398
10000220814834
1005002418572512
1005002250413879
1005002461102064
1005002260034402
4000869822381
4001093053840
32857851771
32321333545
4001325920315
4000289373738
1005001982821826
33009260963
1005002450622341
1005001914174080
4001283461320
1005001626966498
33056988549
1005002321245332
1005002266563585
1005002312666649
1005001720414531
1005001828540917
4000337404498
1005001430952092
1005002002420743
1005002316932801
4000412547263
1005001927112378
1005001424854605
1005002324073955
33050570366
4000528284440
32982296787
1005002276731969
1005002473506655
1005002300300612
1005001775053689
1005002055935605
1005001433598287
1005002233559350
4000322086292
32958241945
4001350942867
4001231540130
32864540950
1005002196784476
1005001853883340
1005001458833475
32888907097
32817526043
4000143902573
1005002010630945
1005001704146269
1005002336666773
1005002266682918
4000192275958
1005001348670307
1005002368818268
33054178469
4001050399780
1005002355303373
1005002481683423
32864974621
32901228328
1005002034400993
32890980577
1005002385328763
4000269291724
1005002363025216
1005002313483400
1005001448607322
1005001507395075
1005001832178911
1005002344782039
4000102119556
1005002408360739
1005001798684582
1005002357569365
32827569188
1005002442604496
33027792897
32563560726
4001018673585
4001121517004
4000036496832
1005002347355341
32251484531
1005002276235451
1005002375359684
32948989689
4000287003612
803476661
32859332934
4000199088847
33003275673
1005002333689771
1005002367766573
33030251634
1005002396414698
32887482171
32950608341
1005002099608306
1005001917393128
32949711279
4001286580584
1005002351760419
4000040332073
1005001838712726
4001061032084
1005001428889332
1005001943077062
1005001748044163
1005001873546887
1005001974188224
4000672433267
1005001459022667
1005002497076331
33016973459
1005001635764778
10000191906624
4000793833826
32961749011
32846128927
4001042505529
1005002307745852
1005002318608918
1005002241286091
1005001615544561
32977314975
1005001359871455
1005001470133753
1005001978315071
1005002115295802
1005001470997067
1005002490193541
1005001523221996
1005001465441546
1005001847403524
32973578761
1005002362765732
1005001392936789
1005002358205595
1005002289761711
1005002428582788
1005002496647232
4001186880639
1005002324164309
4000842973869
1005002476543985
1005001547379823
1005001447866447
32831093788
1005002425619586
1005002341234291
33005499966
1005001765036255
1005002213714825
1005002211890800
4000860122129
1005002341698909
1005002432591300
1005002443608847
1005001901199662
33020807009
1005002375231959
4001344708034
1005002240576808
1692745231
32812795965
32851827745
32891700653
1005001971279606
1005002212097519
33007493475
1005001775656838
1005002115928555
1005002228150457
4000781256260
1005002474515669
33004703586
1005002485408239
1005002307180307
1932153969
1005002174686863
1005002225340938
4001090667376
4001179524389
1005002416559159
32652176316
1005002369266248
1005002309362614
4001225225492
1005002180584960
1005001926819785
1005002474678409
33011521232
4000589484743
1005002107246005
32464003079
1005002488401854
4001282545224
32349077658
1005002026584710
1005002313829072
1005002276715394
32799018040
32809238983
32662570440
33002646933
1005001877316946
1005001954808887
32709236942
1005002428111771
1005002279952096
1005002443069931
4001287063751
32978819782
4000746216984
1005001839155100
4000538681706
1005002282816505
32897777457
1005002306347237
33042561389
1005001490877509
32954518766
4000793735148
1005002002567760
1005001415402616
32265939434
1005001340130181
1005001731327280
1005001289574326
1005002313879270
32964691030
4001147525643
1005002316312898
1005002478173824
32384655543
1005002066202099
1005001413501647
1005001655949642
1005002133336248
1005002423324109
10000417666580
1005001620271937
1005001742284203
4000101948660
1005001441378854
1005001446844157
1005002073654773
1005002273576735
32948609970
1005002314754371
1005002418440571
33031828936
33049818409
4001027348628
32654922336
32916270930
32841584073
32956802715
1005001557074758
1005001836287268
32862744841
32707212541
1005001759882043
32972195487
4000909526727
33033763471
32854344583
32919143361
32909595334
1005001308110856
32975999947
1005001602916965
4000893541797
1005002053148911
1005002494754133
1005001894644242
32683650926
1005002016791584
32572175013
1005001502912470
1005001685472646
1005001986208825
4001122810271
1005002376778749
1005002370134270
1005001615351072
1005002033825980
32639559956
2055657161
1005001481971260
1005001660355447
1005001630703685
32858081622
1005001524672599
1005001979237535
1005002212243037
4000265328450
1005002294721544
1005002248336707
4000979823476
1005002460376065
4001105234551
1005001368036412
1005002466050972
1005001702998292
1005001334114076
1005002312160073
1005002370408538
1320914028
4000606467887
4000161488236
4001262828917
1005002005764930
32812891763
4000885200724
10000013515158
32955861553
33027784916
4000829910098
1005002386692524
448316507
1005001758635103
1005001451000210
4001313402711
32796090853
32967210278
1005002176468601
1005002207822963
1005002382883700
33023701594
1005001540240971
32692821261
1005002428154856
4000974902171
1005001835877421
4001275960334
1005001930885913
1005001464217989
1005002488283350
4000159045875
1005002358451244
1005001602603444
1005002289598748
1005002343970370
1005002301112843
1005002258327780
4000465604562
4001143252538
1005002298939015
1005001524513812
33003288079
32828612683
1005002233179619
1005002427361933
4000872853930
1005002490380742
1005002352353466
1005002259620662
1005002115333498
10050023505034421005002147839813
1005001703326005
1005002289226078
32966344098
32234163563
1005002332051147
1005001625523450
1000007410923
32563646513
4000885698143
4000778910097
4000830518675
4001047628512
1005002319200191
32999764688
32344831182
4000103935336
32492913032
1005002372468540
4000519837836
32949262905
1005001659484361
1005002254335565
1005002283936067
10000386255254
1005001446819979
1005002003987418
32973399943
1005002314357268
10000407900996
4001195831643
32970226623
1005002360310636
1005002387416898
1005001514639478
4001131681195
1005001570994477
4000077879589
1005002357958622
1005002384659070
1005002364149658
33009420802
1005001463489053
1005002174802517
33023154222
32837072820
32893919392
1005001869426823
1005001813312954
4001059964087
32968624325
4000005098173
1005002232101360
1005002449028071
32914357676
4000696534540
32990409623
1005002281140888
33008534941
1005002314506278
4001309453428
1005001333773325
32820393325
1005002434445324
1005002317797433
4001244121658
1005002298954302
4001239340029
1005002352395566
1005002351974554
32789760335
33001813245
1005001971951977
32965827914
4000238697932
1005001475573103
1005001307099870
32911909553
33007043657
1005001759084672
4000617788402
4000709287616
4000499948293
1005002191081623
1005001511405427
1005002298306960
1005001660932501
32743206523
1005002313415608
1005001972947469
1005002331022430
4000239121655
1005002471143947
1005001983126787
1005002369012915
1005001993559019
1005002468335122
4001294253845
32990895724
32905037727
1005001701214237
4000898891442
1005001631100117
4000997016976
1005001424194972
4001211363231
1005001715849792
1005001997438758
1005001337824460
32981275307
1005001329472435
1005002439998919
1005002307551086
4000972889509
4000852193499
1005001334857076
1005002400288721
32999350025
32767482553
1005002128956734
4000537583966
4000507235073
4001036385866
4000038475911
4000560738158
1005002122611084
32807589041
1005001350073845
1005001807465016
33032977730
1005002090995118
32827413201
1005001500977852
32838466372
1005002220359841
32817514959
1005001947020917
1005002018402971
4000885936081
1005001629428902
4000932278333
33019075092
33030276558
4000439162937
1005002259248613
1005002167851154
1005002325074583
1005002314017863
33044351981
1005002433994561
4000884209649
4000730555524
32997166597
1005002454617571
4001358841080
32880665529
1005002447305814
4000943170324
1005001579927392
4000829289862
1005002238843850
1005001888613854
4001107556565
1005002096227947
33012446288
32998962726
1005002340236558
1005001895706687
32966194202
1005001525252952
4001054664654
4000505578932
32867474910
1294724387
1005002484763420
4000714147170
1005001394878403
32859521711
1005002425740383
32791393078
1005001602693049
1005002381444598
1005002311327797
1005002130696781
1005001905267282
1005002312005493
1005002235211146
1005002319030922
4000592412994
4000541170899
1005002440579127
1005001587316373
1005001462046787
4000979059653
33013353326
32814136826
1005002398273408
4000785297649
1005001831154072
4001064695774
1005001810160060
1005002490491176
1005002313762840
1005001855720017
1005002370660562
1005002352299401
1005001888676508
1005001484038501
4001324119302
32967647124
32955845350
4001094340195
32573315083
33051145666
4001030710410
4001288255539
1005001544338104
4000879486322
32418552137
1005002261540426
1005001487559482
4001245265963
1005002110069706
1005002310428646
4000216438970
32354899199
1005002028139540
1005001823954796
1005001457000613
1005002125464029
1005002370400906
1005002029246716
1005002245139012
33057674773
1005001273613318
33016660007
32893239027
4001176296099
32830728959
1005002414976706
1005002426967229
4000768779510
1005002062843915
1005002017413315
32850075909
32855480708
1005002394580575
1005002282471372
4000734172018
1005001364941404
4001351771538
1005002336684806
32863060265
4001075244486
1005001699701579
4001199561852
1005001868968849
1005001586323907
1005001604457595
4001042347110
1005002388899067
4000791184429
1005001933457656
32858358846
32849760287
1005001573139316
1005002336528921
4000745167956
32927670014
1005001929102165
1005002280728431
32785300017
1005001869546465
1005002052532911
1005002327246873
1005002343862066
1005002324095436
4001314445469
1005001350580142
1005002215479870
32568063747
1005001547812423
33026853708
4001259156187
1005001884087328
1005002074135440
1005001917695240
32934195478
1005002481755711
32751723962
1005002359482795
1005001670928094
32700223035
33010225488
1005002035912240
4001200631139
32871435696
1005002360062055
1005001835137660
1005001894541768
32992053809
4000794981089
32853375944
1005001527320308
32909099301
4001281860429
32799326341
1005002342520000
1005002384310955
1005001364046436
32806796644
32661321908
32958067120
1005001346456334
4001035176451
1005001562518812
32899278005
1005002313832328
33053540963
4001130820299
4000493664322
32980720994
4000122889107
4000048903244
33022513794
33058158765
1005002338073522
4001066564562
1005002252477089
32944844992
1005001487429759
1005001821010596
1005001889539354
4000696211414
32968209869
33000915707
1005001465739689
4001132938558
1005001476125017
33057452789
4000096519355
4001248817470
32756947734
32622323118
4001079862563
32913089278
4000943829832
1005001989171585
33002559894
1005002342327017
1005001665647177
1005001605693662
1005002488278598
4000024195823
32798298157
33057520761
1005001913344507
1005002368639838
33026167950
756431500
1005002358619105
32855600919
1005001930425514
32965680033
32619256283
4000726544103
1005002018392631
1005001975130167
1005002395006857
32989710904
1005002431207825
4000272349816
4000197534977
1005002279576122
32972479571
1005002314856935
32952715709
32960455080
1005002212144625
4001351524697
32974571836
1005002421389742
32884983177
1005001762177518
1005002262382599
1005002465741431
1005001775383736
4000113235437
4000384500911
1005001704802022
32811332593
1005002290203300
1005002395895049
4000626005409
1005001951905478
1005001714577905
1005002386059585
1005002357286241
1005002298197255
1005001413514921
1005002314298927
1005002176464746
1005002191801885
1005001424095633
4000295681779
1005002489927449
1005001388831102
1005001657426600
32885575349
1005001889878176
4000358683779
1005002255200972
10000316039769
32844101894
4000247529950
1005001295667295
1005001489097442
32790930616
4001213605826
32814558674
1005001722344340
1005002212407563
1005002276534792
1005001763488715
1005002219045548
1005001385886480
1005001705447031
32913445939
1005001636332695
4000994332729
4001136007926
32627699164
32951740153
1005001671913148
1005002286935606
1005002494400280
4000346460282
1000006063128
1005002393302808
1005001722232604
1005001834381025
32975575602
1005001301926074
1005002275876224
1005001556950566
1005001790231514
32828285064
4000219631402
4001143214423
1005001797849418
1005001741742853
1005002061932362
33016026490
4001201136716
4000269618657
1005002028113284
32972382790
1005002402952440
1005001992498675
1005002312041335
1005001850349286
1005002436589904
32867586112
1005002167987187
1005001670719860
1005002306126813
4000279711394
1005002390138423
1005001845081132
1005001781153360
4000181245055
4000781011793
1005002314007658
1005001334022083
4000593580533
32379240883
4001263004748
1005001973675846
4001204059681
1005002175629289
1005001587679867
4000286164129
4001119683619
32828407151
1005002064796925
4000130751354
1005002395523211
4001300559538
1005002272394827
1005001990627194
1005001928148375
1005002473745915
4000809696521
32856475119
32863844655
4001024714885
33029945595
4000140165606
1005001642533835
1005002074334249
4000850711251
4001065055242
1005001993360924
32950013647
1005001897457696
4000082268543
1005001345737288
4001036639246
32839946827
1005001352338611
32790093250
4001066170517
1005002338963694
1005002418626832
1005001381561248
4000654279722
10000395813878
1005001617490288
4000470525762
4000903660473
1005001768793098
1005002277869918
32947152449
1005001388097735
1005001920979784
32958429956
4001155056349
1005002480871346
1005001469858528
1005002418166898
32729174238
1005002309822813
1005002186135825
924111048
33008825205
33053276169
1005001889543253
32435699101
32715974809
4001091015670
1725898844
10000158632362
4000774174744
1005001286223328
32907350524
1005001340605766
1005002440547314
32582795557
4001115508674
33014986831
32921507206
4001212171451
32809378121
1005001802129531
32435229917
32909622077
4000897775722
1005002369172944
1005001731191588
1005001748786102
1005002116842945
1005002024752068
1005002224769556
1005002492449121
1005002293936140
32918157015
1005001290560781
4000063494495
1005002327430420
1005002060931221
4000598165561
32620001110
4000580686437
4001365912373
32510117961
32916201555
1005001881841439
4000381097199
1005001950176745
1005002286497520
32815311882
1005002179762787
32913820823
1005002394252844
1005002475548227
1005002384168560
32845020547
33013317481
1005001998028542
4001242455837
32954605048
4001179689773
4000970716716
32909530679
1005002167265059
1005002364554025
32890722749
1005001470199329
4000011012838
1005002364343275
33017229919
33022849036
33002636508
32995897620
1005001339939154
1005001455863453
32268392780
4000753460388
1005001765393798
32857728630
33030911902
32805567455
32757698269
1005002359350054
4001179040779
32820730089
32963935290
4000148974064
1005001741478531
1005002411198697
32719997110
1005002453577457
1005002338381377
4001206827579
1005001868632396
1005002324674303
1005002229853962
1005002317855603
4001224183807
1005001713438979
1005001978126394
4000551461745
1005002318985606
1005001893474180
1005002366097828
1005002275863029
4000213639194
1005002326147647
33000061530
32900070492
4000026714549
1005002383313491
32903080897
1005002249298883
1005001446092577
1005002512475690
4000701628001
4000772785238
1005001901685627
1005002327557356
1005002301258353
4001115359699
4000708455538
32884762715
32923619800
1005002213986879
1005002341312250
1005002289931369
1005002346253125
1005002323538495
32974153320
32797419166
4000026006255
32972729717
33056326365
1005001817154849
1005001526915982
4000793525965
1005002319124416
1005002450865101
1005001391865534
4001022222400
32564333501
4000160899166
32887570347
1005001333178813
33053059965
1005002125403474
32817746656
33019525451
1005002389749520
33021950353
1005001821112041
1005001920354755
4001118045031
1005002397758861
1005002369010444
1005002231461928
1005002080035422
1005001297562505
1005001693798597
1005001557183673
32875118359
32856203684
4001183783233
1005001695381761
1005002063125382
33030234537
32945850749
4001238309169
1005001534911794
1005002347138091
32918747070
1005002350673498
1005002443112399
1005002239397172
32978995224
1005001303417695
4000311840094
32789837890
1005001794064096
1005002233336952
1005002018773164
4000200692797
4000619281304
1005002122244831
1005002148028339
1005002368966893
4000328847244
32969287331
1005002203757544
1005001704015206
1005001671066037
10000393770900
32944611052
4000011884367
32957237783
1005001998124900
33030351725
1005001726162863
1005001811826869
1005001269900718
4000699587985
1005002032231987
4000589569517
1005001872210371
1005001785960837
1005002191105391
1005001430364868
4000235290120
4000124460197
32714406006
32925951776
4001043618044
4001155214769
4000850500202
1005001398654913
4001248982698
1005002413334087
32736621071
1005002484256613
1005001542987844
1005002341038272
32870312030
1005002327051412
32626110171
33018273760
4000160171857
32832688707
4000341670004
33010911790
1005001472840554
4000902549646
32848371774
32832587620
1005002210977189
32838888361
1005002337352389
1005001853496627
4001054749059
32917781698
1005001824546220
32825185756
1005001591577564
1005002442865869
1493759052
32951342455
4000141024479
1005002394223775
33011304643
1005002454239828
1005002337253630
32876144153
4001227602127
32681644206
1005001621010413
4000589189718
1590274685
1005002232507418
1005002471668987
32992517593
1767195349
4000859033016
4000497376168
1005002387675749
1005002219495507
1005001562303555
1005002310239698
32852616620
1005001905649496
32996869663
4000070943827
4001077413341
1005002110040567
1005001984938426
1005002196993824
32976103597
32978809655
1005002181788076
32703474423
1005001813670544
33020421064
1005002375083819
1005002491917114
1005001704570467
32765430747
1000007296570
32939408385
4001103528562
10000214026724
1005001752975270
1005002281932240
32827937256
1005002475172516
1005001415221868
32929507316
4000201323204
32983133831
33003754580
1005002204452562
32551981883
1005002289953724
1005002228502829
1005001906281302
1005002360108727
1005001834552965
32965112083
1005002425857497
4000994990162
1005002383062861
1005001553580859
32647028383
33003825739
1005002314372765
32860655260
32946905177
32907123041
4001288028623
1005002319143699
4000121232673
1005002466521450
1744133740
1005002281457804
4001152319188
4000901597235
1005002086000560
4000857337103
4000709136837
1005001515851614
32933246225
1005002450637232
33019068175
4001183728437
32887526547
1005002061545539
1005002431853634
1005002311663020
1005001812689449
1005002023720796
32893595351
1005002382572972
1005001873650170
1005002287163920
1005002333042348
32720762856
360408574
32967109909
32996344046
4000436958705
1005001625454661
1005002398490795
1005002055185040
1005002207514172
1005001813514645
1005002259470714
1005001471006878
1005001415509229
4001240357376
4000245575465
1005001968994385
32873489349
1005002496745537
1005001891714332
1005001391621201
1005002316018757
32809378331
1005001321156851
32238418117
32876238777
1005002243336168
4001095627144
4001290553813
1005002006802439
1005002121779627
4000592714620
4000853559346
4000062572116
4000359814219
4000748134451
32997357894
4000528384533
4001278972226
33006162047
4000906281699
4000281039108
4001268899001
1005002292679933
1005002366043891
1005002319056724
10000416756299
4000344608034
1005002378866602
32835160267
1005002350817276
32817581002
1005001883375503
1005002350794129
1005001849782258
4001293625139
1005001562236529
1000005630245
32973030094
1005002337334336
32972274662
4000668518122
4000834465585
33025977578
4001236068028
1005001656503638
32946144472
33046510695
1005002126427099
1005002450470972
1005002297602684
4000318347320
32979812121
1005001728880121
1005002393907649
1005002296832275
32899628064
32969375435
1005001526018135
4000433102182
4000019562048
4001052499677
33015841053
1005002347934102
1005002122323722
4000345297440
32913846590
1005001780101754
4000259837386
1005002432192521
1005002212187556
1005002377823616
1005002420086726
32958808705
4000967789054
1005002489510262
4000533429265
1005002382698394
4000033055110
1005002309012804
4000032161925
1005002074551428
32838701052
1005002393628194
1005001494410932
4000842697491
32909122632
32904571746
32860242656
4001293564335
1005002212444612
32996689894
32857304965
4001276193439
33056902002
1005001561348465
4000554798536
32967032715
4000173041764
32692035668
4000200248238
4001159827647
1005002240803976
32974061767
1005002359936246
1005002054659331
400104546185633006466507
1005001511975653
33052593110
4001058055574
1005002440663320
4001000316411
1005002467490354
32906734421
33008543695
1005001614615227
1005001511071671
33010069642
1005001803082996
4000597604376
4001011089683
1005001890478050
32843504349
1005002342661773
4000867395181
1005001908872341
32811371918
1005002428537434
33021751636
32872383867
4001216706448
4001320332896
32958900869
1005001981995277
4000112001000
1005002314380044
32896043042
32956619881
4000056939503
4000788067169
32790113737
1005002435198227
32994947380
32632947059
1005001694303425
1005002318563806
4000058244736
1005002413521978
1005002343708199
4000639567063
1005001345229131
32733115832
1005001914843236
1005001631643497
4000857803927
1005002330049652
1005001597747683
4001274138426
1005001488662609
4000165430987
1005001489262816
1005001700439645
1005002323079729
4000071474969
1005002454274364
32759583992
32873107683
4001200482121
1005001640531252
4000466041112
1005001780775543
4001271402823
4001212278821
32975607803
32856555566
4000787855237
10000021732333
10000352593326
4001188501437
4001365351026
4000154217224
1005001703270046
1005001842991693
32979422263
1005001303465735
1005002373586048
1005002243929689
1005001964033280
1005002021462875
1005002419178420
1005001688723459
1005002494514173
1005002394669850
1005002272459461
4000460228689
32656714928
1005001349308171
32997886873
1005001441357901
4001191778407
1005002354350763
33033480378
4000455995690
32598210131
1005002416074902
32796436986
32662041664
1005001858717248
1005001669809755
4000207009088
32833271452
1005001314004768
1005002284661490
4001142815260
33039257732
1005001644226237
1005001779768755
4000955010985
1005002310719436
1005002337324464
1005002301467314
1005001776502163
32890165627
1005002448004346
33004861350
4001271307269
1005001418857865
4000684464453
1005002383702343
4001111831394
1005002125312237
32794018720
1005001386889435
1005002398842850
1005001914579675
32992956050
1005002478519370
10000131689219
1005002260123585
32958010057
32804971182
1005001822200468
1005002033432921
1005002449110230
1005001710332318
1005001515634374
1005002439650080
1005002341083855
1005001525563004
32907212595
32898874183
32818620269
4001146036459
1005001337779705
4001289995670
32651117122
32839207870
1005001744779112
1005001382362286
1005002239742049
32968348238
32850579350
1005002433143074
4000116119103
1005002052056807
4000147692962
1005002315389845
1005002427459132
1005002350671649
1005001723187368
32830268119
1005001426413216
1005002395836119
4001307460592
1005002103903718
4001321553292
1005002079647386
32869147644
4000742038100
1005002291979169
4000982667964
1005002412114541
1005001334544341
32383993414
1005002261476264
1005002480354958
1005002170907940
4000990859293
32852368609
1005001953811066
1005002262242668
1005001860173114
4000817366194
4000773317701
1005001956498815
1645540732
2053427539
4000799570550
1005002043211911
1005002288064105
1005002023048880
1005002314494616
4000734070253
1005001595988895
4000132300382
32878304351
1005002022837825
1005002372266218
4001264518489
4000319459794
1005002476558467
4000077049023
1005002393795088
32955372462
1005002356654704
1005002288344077
1005002268221807
1005002350093111
1005001786320120
1005002347305331
32861523835
1005002452651091
1005002292581542
32789506835
4000726120033
32888170983
32706740820
32842817659
1005002009399730
1005001511537680
1005002466088602
33058439813
32872037557
1005001424993715
33001120236
1005002469375668
4001139718084
1005002167851362
32617724813
4001037630500
1005001289407984
4001365858347
1005001992248846
33050351238
4001179642184
1005002388925709
1005001874491031
1005002164428356
33045288940
32905800978
32921912691
1005001495387077
1005002231676446
32961954793
32957242300
1005002084589154
1005001807667968
1005002458814682
1005002320805970
1005002313388695
32888577409
4000645161215
1005001787471556
1005002302990353
1005001319208648
1005001738699040
4001064736966
4000640897864
1005002429372875
1005002323274126
32992585153
4000337393452
4001061695043
32846000887
32926136000
33013863255
1005001411894815
1005001591989144
1005001618489457
32862749349
1005002101988996
1005002004901505
1005002459103882
1005002258519497
1005002318310236
1005001737611019
4000333293705
33054816472
1005001563219255
1005002375115935
1005002090928618
1005001292927327
32830488833
32970615563
4001046500799
32742355204
1005002459736511
4000722127977
32765537596
32977243659
1005002442474567
32819667973
32844180446
1005001636895131
32840485889
1005001399429018
1005002378236069
4000383468574
4000421666476
32985896483
32607352335
1005002223930062
1005002037456026
1005001458500855
1005002398700561
1005002308249414
1005001291374830
4001274053520
1005001972428612
32509220689
32864901617
1005002352663864
1005002334383187
4000764594720
1005002278078110
1005002246236405
1005001470722208
1005002477433747
1005001930072821
4000505545955
1005001899770445
32884978946
1005002329839681
32242796163
32851344195
4000843497412
1005002315765744
1005002382058986
1005002090910789
32233349325
1005002316075910
32735950666
1005002225156297
1005002346126236
1005001841743236
32406251576
1005002256765750
1005002307284120
1005002024033233
1005001565880200
1005001267406506
1005002254955905
32998245223
32892546049
1005002059384204
10000028230965
4000311675037
4001238304230
1005002314862688
32954251663
32839094178
4000206362409
1005002247400069
1005001861920616
1005001954182091
1005002316532560
1005002476542192
1005002467347998
4001017963715
1005002271666858
1005002266669083
4001064263056
4000196286151
4001320470059
1005002179416268
1005001872586184
1005001936928381
32998365762
4001075876843
4001269231681
32946240115
1005002333886155
32977805576
1005002123777954
1005002348135792
1005002365047482
4001095175465
1005001560020338
1005002448731485
1005002395148117
4000171197406
1005002122430246
32698856810
4000419290505
1005002482962833
4000314424819
10000285507208
33040993938
4000549608349
1005001713177556
1005001438767982
32921873714
1005001457138772
1005001703883315
530608003
1005002362298673
1005001566165220
32618776933
1005001409862450
32797982721
4000944494721
4001161079206
4001148440963
1005001570765554
1005002116251789
1005002457448932
1005002094546568
1005002314403102
1005002243218304
1005002428277517
33042865011
4001022257578
33038776444
1005002406347348
1005002168021257
32669623432
1005002334901657
1005002401743799
33027493854
1005002314491082
1005002381970089
32838421807
33019578451
1005002394834549
1005002067988684
4000786566164
32997915093
32983906620
1005002321463315
1005002377334948
1005002490673246
1005001780190999
32991184120
4000104264159
32852386933
1005002459203520
4000585476810
1005001495008753
1005001495194967
4000593534824
32981028059
1005002370032450
4000144930724
4000441710964
32802212203
32924102639
1005001900065121
32996095284
1005001599262666
1005002337330426
32998792055
1005001422950833
1005002337037670
1005001430590421
1005001570901144
4000404200746
32533128630
33003356950
1005001598512283
32967677633
1005001638232795
1005001942621493
1005002491962698
32332348635
1005002185725239
4001022706637
1005001479029633
32961723584
32918624792
1005001380636500
1005001936190119
4001285585161
1005002060077889
1005001966341853
1005002322737998
1005002473886886
32915314134
1005002345941782
1005001675194684
4000010907211
4000134051110
1005002199449535
32858809633
4000782814070
1005002311527137
1005002229087714
4000567694959
1005002286761864
1005002271596132
32826483263
4000551520209
1005002328648797
4000216756713
4000966552820
1005002271302471
10000252187282
33055813283
32846219209
1005002467037369
33011212546
4000479913198
32265939687
1005001723224690
1005002083951540
32848499086
32360583450
1005001796100146
4000173321266
1005002394359353
4000166263721
1005002220560840
33046429519
32733281902
1005001396808796
33050686945
4000510605873
32811280286
4000196458884
4000234910656
32852685839
1005002447390949
32948635671
1005002179843251
1005002298473826
1005002167970424
1005002122341671
1005001720833335
32889228766
1005001620076313
32968798392
1005002361459010
33012809383
1005001763030759
1005002447861067
1005001632875501
4000812673307
33021674011
4000056875088
32909115240
32892271505
32795284273
1005002420052365
4001175577471
32835309590
1005002347198987
1005002482770507
1005001504418095
32871678657
32949676566
4000052912808
1005001966410097
1005001770620156
32824468511
4000743191017
32968534884
1005002212197060
32796406238
1005002494688601
32820293941
1005002389705146
32980110492
32618463945
1005002314069742
1005002451355389
32917907594
4001207900771
1005002334353828
32833382972
32985943982
1005001688436392
32849490153
1005002314540953
4001118447367
33049065715
1005001714164537
1005001571524546
4000857242501
4000843969498
1005002428435861
1005002358740023
32833080185
1005002014816264
32816577087
1005002333525764
1005002461148020
4000504049249
32952102578
32975057667
1005001441510257
4000979426261
1005002271865553
1005002215035554
4000918392750
1005001756538898
4001156432042
32788366540
1005001450807955
32911657437
4000922281305
4000696372043
32619607912
1005002309705352
4000099402432
1005001419938401
1005001325596560
1005001732225279
1005002246214045
32838778907
1005002382120159
32843320610
1005001598817965
4000525535961
1005002480069790
32967228363
33046499555
4000036247618
32863356027
1005001309398402
1005001640475674
32699002547
1005001298272718
1005002441055325
1005002372933812
32808697595
4001056674545
4001084989835
4001058238149
1005002287716186
32814880302
1005002344850122
1005002291077074
4000311005515
1005001451284451
1005001396996066
1005001664622851
4001036385811
1005002069544748
4000878958672
1005001839659098
4000733036096
4000303683840
1005002306315517
4000332950155
1005002350760765
4001268387382
4000692796988
33010420581
4000348752066
1005002306295030
1005002396073075
4000982392337
4000166050137
1005002240193860
32988871310
1005001412851063
2050937223
1005001543563865
1005001762114780
1005001603912067
1005001525702988
1005001941142631
33034660074
1005002216145923
1005002355561582
32838637720
32286189436
4001184251555
1005002281757634
1005002282383598
1005001929170720
1005002413466051
1005002288608935
4001219831126
1005002355702344
4001051151272
33047252860
1005002411608754
1005001885577303
1005001332619445
4001139683931
4001158434486
4001268085797
32907399769
32840455790
4000784384452
1005002394703703
1005001531850737
1005002282010045
1005001457939520
1005001348526959
4001276450502
32271110006
1005002303883340
1005001422522536
32904709700
1005002069632118
1005001344969076
4001065015461
1005002128541969
1005002070414676
1005001308562510
33027828323
1005001476285918
4000444690704
4000132339858
1005002412913005
1005001883642151
1005002398741565
32785298019
32877128329
4000482514924
4001283663369
1005002108412188
1005001954960345
1005002053549928
1005002454224773
33023925140
4000370214265
1005001621464985
1005002421434320
1005002293242286
33007807489
4001227757596
4000641364670
1005002092633932
10000253813386
1005002347854245
32510496162
32825115517
4001058523782
4001170041120
33040660276
1005001845185430
32480998492
4001116317349
1005002231893378
32800454806
4000115259426
1005002398794596
4000982336344
1005002467640386
33021849584
4000778952671
32967602674
1005002440183475
4001270247111
1005001586060029
1005001487703116
32847406490
1005002314297920
1005002311016121
1005002428634210
32859318656
1005002275200567
32913253082
1005002256672156
4001231641410
33029630162
10000400053551
1005002248437536
32957276014
32883363073
32640334374
4000170362959
4000994405274
1005002201208450
4000718814885
32816295074
33011943147
32793479956
1005001666020198
32456914051
1005001682143887
4000346223935
32908891891
32580893336
1005001563511055
1005002443090524
32834963901
4000786001545
1005002389807501
1005001297514261
1005002260773285
4001355602790
4001085471347
32465368877
1005002378077825
1005002263527541
32915936510
1005002458363298
4000280867317
1005002095268377
1005002306890498
1005001874825639
32836039382
4001051619478
1005001688619501
4000077702909
1005002347224394
4000598792708
4000302631169
4001364582599
4001285966023
4001304626898
1005001267163271
1005001686084725
1005001454507751
4000538680228
4000089847887
4000194591249
1005001694121532
32839262808
1005001970856618
32863903341
32963122782
32960473091
1005002264639577
1005002342991515
1005002071448103
1005002043691268
32882232180
4000199278980
1005002022785256
32907080732
1005002450477148
4000245529563
32811164362
1005002282509304
4000277287822
4000399773652
32794243753
4000955809825
1005002278047425
32859120139
4000041067280
1005001374498671
1005002035676704
1005002425820685
32994434412
1005001845516029
1005002210802410
1005002326829175
32826164266
33005150505
1005001518765287
1005002286274512
4001031765049
4001011366975
1005002430472273
4000017489218
32854664868
1005001556167076
1005002047473983
1005001865409023
33029816177
1005001993149052
1005001329778572
32813444186
4000330169446
4001308816596
1005001339615563
4000901429368
4000374382319
32785866171
1005002362335956
1005001731137639
1005001813631303
1005001405033985
32864887853
4001227687060
1005001516584309
1005002413356987
1005002251771484
33009644825
1005001784977383
1005001446086025
32777508121
32965901039
32992637152
1005002310533553
1005002271740770
1005002376698160
4000689598218
32597958022
4000101535565
1005002447429025
1005002454394056
32815197106
1005002497097682
1005002267713520
1005001506293825
33020277984
1005001998335995
1005001875437293
32882427705
4000278063696
1005002378735451
1005002210391419
1005002304545404
1005001803053901
1005001950213082
4000933358352
32971879859
32815812671
4000129764495
32975381619
1005002314220014
33037441893
32844178049
32318278490
33023166520
1005002002294688
1005002340268134
32802026784
32917593831
1005002283118170
4000452523671
1005001521865347
1005002276829745
1005002109946779
1005001921886028
32979689297
33033215188
33001791779
33012322636
4001266843393
33045723656
4000706683979
1005002278717465
32800990341
1005002308029973
1005001865057481
1005001442222754
1005002229962225
1005001474080867
32996560374
1005002260554833
1005002495232115
1005002457351970
4000991799383
4001263060344
1005002043990601
1005001640065231
1005001388034540
4000934110184
33024506549
1005001729781648
32757640108
4000400455741
1005002034046730
33031867298
32879873072
4000641007235
1005001355974388
32537683868
4000927377340
32849013683
1005002104491067
1005001839604384
1005001571930144
4000832962401
1005002474362098
32969129581
32848433706
1005001460885237
1005001632082078
4000917818509
4001137966506
1005001935171006
1005001605161671
32846460726
32863212747
1005001736788428
32918659923
4000299166593
4001167479875
4001056722419
32919266479
1005001525309824
10000000669729
4000389602536
32778048711
1005001594185956
32685783353
4000808336496
10000187051793
1005002002824996
1005002090645671
1005001918672525
4000278103455
1005002254420802
32887742470
4001102296972
1005001438848796
32994233862
40002564911454001086266607
32966259377
32925067238
1005001771231246
4000059044713
32967103800
1005001816866694
1005001386331222
32894300608
4000894566144
1005001515399809
1005002258687245
4001287765392
32814092482
4000241807511
32828274676
1005001620007567
1005001645228278
1005001602430827
4000619274460
1005002409837069
4001009464620
1005002454348741
1005001463889342
33040377469
4000214903965
33036173541
1005001486911520
10000142875756
1005002473096677
4000271361698
4000708888828
1005002341313435
33049631886
32803577230
32998639118
4000243431992
1005001804178197
1005001937130893
4001159344478
32792542806
32870463102
4000902076890
4001291281193
1005002413087239
1005001303200774
1005002281740097
1005002417807560
1005002329731838
1005002426092816
1005002221005637
1005001985551398
4001130489527
1005002314044648
1005002288586835
1005002473133364
33020825028
1005001924273686
32968641862
4001006352129
1005001679664122
1005001441386979
4001298686932
32857234027
1005001665269221
1005001595105573
1005002234445194
4000937359600
4000504073452
1005002137441972
32361275577
1005002443112755
1005002252160416
1005002492901223
32882069435
1005002304791948
4000796237951
1005001954851915
32989771612
1005002084070198
32919076699
1005001393710188
33022854090
1005001704138969
4000670444705
33053581514
1005001729459738
1005002080539360
4001203102600
32801986315
1005001923472151
4001283348279
4000636139156
1005001446361537
4000289727850
32968026074
1005002397746195
32917497175
1005001702759920
33007471233
1005001903197212
32638253859
32952291775
32952783410
4000102782668
1005002394743930
4000236929817
1005001720485662
1005001994207904
1005002347770042
32594629828
1005002339817224
32861732783
4000253218169
1005001888402588
1005002412807024
1005001638252809
1005002487244327
1005002146929438
1005001912545394
10000002336840
4000726175636
32863987405
1005001457535946
1005002239049111
1005001971198280
1005001958342212
1005002350660930
1005001944661851
1005001418700437
1005002313557557
1005002275778764
33030848692
4000188244807
32581820793
1005001333457821
1005001950381163
1005001418272245
1005001423808063
1005001887862831
33058482676
1005002397806906
1005001693683086
32997408628
1005002289857968
4000341245216
1005001993073209
1005001829995922
4000361806649
4000954976715
32969029375
33015438351
4000682994497
32875527508
4000691640365
1005002224489063
4000470201938
4000729894790
1005002269954865
4001232316523
1005002071211890
1005002281669241
1005001763363834
4000244569169
4000256425605
1005002355694142
1005002177097452
1005002388525035
32640469183
1005001928900961
33010232491
32648977376
32854989747
1005002450604328
32984098038
1005001695597040
1005002278418645
4001047132503
1005001285684943
1005001420663140
1005002401834518
1005001530434947
1005002062187254
4001252835051
1005002421470145
1005002371392331
1005001749783969
1005001767855546
4001219576600
32837364322
1005002018289855
33018558676
1005002423314879
32659784212
33008527106
32812397971
32574415024
1005002245990322
4000349089097
1005001646894894
4000278293235
1005002334281574
4001315012713
4001275339896
1005002247487437
1005002090432934
4000263336313
1005001733108666
1005002369165614
32849916595
1005002256667251
1005001768542630
1005002296858420
1005002357049567
1005002449315922
4000370246929
32833170361
32966108942
4001122155868
1005001512479804
4000111945512
32908927590
1005001900516714
32875437417
1005001585993313
32905108677
1005001689866727
4001039851994
32840585551
1005001523482298
33005423094
32581634775
32837187345
1005002357192802
33001740239
1005002221624137
1005002388780245
1005002398403685
4000190042600
4000786862340
1005002334101940
32700774286
32891019192
1005001713801828
1005002326342039
32376851027
4000945125680
1005002300872335
32843796687
1005002292607639
4000435212262
1005001906177082
32972860858
1005002398802961
1005002175618552
1005002272391026
32891055724
10000397742062
1005002313992195
33057822244
4000510703972
4000404716489
1005001798034471
1005002361334694
33046587851
32994185171
4000859157772
1005002012280698
1005002428907443
1933446097
1005002339473389
32851339891
32888835790
4001299311130
1005001626826402
4001332606314
1005002474401465
1005001444881910
4001095886864
32871815419
33049544170
1005001703227117
1005002235189165
32979732706
4000270072613
4000666118357
1005001890067026
1005002314972373
4001136196346
32770257459
32975089073
1005002454372253
32813035493
1005002419973621
32828136477
1005001656645113
32985899705
1005002472919424
1005001393229094
4001062508712
1005002332470597
32616466222
32842535807
1005001845046207
1005002391034558
1005001998627231
32914822700
1005002387175646
4001280270988
4001167688548
4001252448842
1005002386021000
1005002278530872
1005002335069405
4000496771983
4000061469568
4000415919632
1005001797380169
4001081193839
4000245247847
1005002275474366
1005001867444018
1005002394200593
33057727671
32947332518
32904065376
4000974418509
32835543379
4001170576411
1005002225161139
32726539870
1005001522357297
4001104349046
1005001809279460
1005002097116675
1005002416795088
1005002477424564
1005002032407117
1005002461039362
32954079015
1005002320246334
1005002245097275
4001246956137
32976727260
4001349955214
32904768003
4000804139614
4001316080340
1005002172032750
4000178780448
1005001612980372
33050044953
4001290763712
1005002317677508
33018351505
1005002311057637
1005001576529265
1005001566048951
1005001670884237
1005002390845074
1005001355215637
32870269457
1005001621942552
4000752081995
4001089283596
32994079342
4001230811048
32258299163
1005002440047230
1005001279925373
1005001289894672
32893303168
32991159718
1005002454787221
4000094037354
1005001624568901
4000691740812
1005002364233404
1005002243925113
32788401505
1005002291256812
1005001763049684
4000270367002
1005001469470768
32859944142
4000144966177
4000780649203
32796023123
1005001627683388
1005002477469514
1005002267493226
1005002324120355
1005001937504782
1005002438788799
1005001875669668
4001067521277
1005002323711353
32954132958
1005001437597428
32997997582
32782014975
1005002308458154
1005002240302163
1005002490085853
1005002466498385
32917148282
33061311370
4000603319613
1005002267878627
1005002306116259
32893535167
1005002116577166
33002918652
32807448302
32819646821
33016857393
1005002307188417
4001255142243
1005002315523029
1005001603594338
1005002223871026
1005002116307137
10000341565112
1005002047085838
32962648792
1005002330463904
1005001872916648
1005002017467451
32911977351
1005002330299748
32969837197
1005002306362775
1005002187866563
4000210809459
1005001694551287
1005001504239895
32870877093
32495915767
4000148435104
1005002479044831
4001203919339
1005001457188444
4001048400046
32577955022
1005002346134418
554486952
1005002338753271
4000546581423
10000422991628
10000127045390
1005002334123203
32994436601
4000834215496
4000016174270
4000720178939
4000884756251
32974195876
1005001656723418
4001170972984
1005002311855942
4000917042743
32333335244
1005001375321625
1005002388521126
1005001320741464
4001162203327
4000397056586
32920005854
32809712085
1005002293434097
32973346738
4000790193523
1005002312665107
4001064811207
4001200103613
1005002289665081
4000040077173
33032672836
4000506983477
32994823947
1005001424926594
1005002496263386
1005001320322226
1005002289048576
1005001711415051
1005002371853675
1005001769067651
1005002416673490
1005002282390654
1005002314365715
1005002310661939
1005002337050796
1005002434301930
1005001859352763
1005002035388300
1005002198044377
1005002270486499
4000166987063
1005002369090334
32811174099
32748225258
1005002010811816
32947753473
4000266727062
32332470859
32302338058
1005002387854556
1005001453133860
1005002165020708
4000397439771
1005001972246007
4000169923055
4001161829822
1005002311641427
1005001785365065
4000156099932
1005002363848180
4001035033654
4001056650564
1005002082593551
1000001740731
4000153343146
1005001438812551
33042494051
1005002395581761
1005001810156139
1005001993772824
32654246765
1005001309008065
32819024552
4000220707353
1005002007836304
1005002297823144
1005001487448964
1005002059945448
1005002333602058
32879624987
1005002259564643
32957565339
1005002035842468
4001200422006
1005001804016035
1005002371677856
1005002319082526
1005002023933154
1005002304504028
1005002360311668
1005002448666619
32656208101
32968857370
1005002269272547
1005001653142956
32709506214
1005002483733873
1005002346509182
32909276151
1005001305342544
1005001418667463
32999031608
4000220338598
32967148984
4000917013442
32823628990
1005001350137118
32841765716
32991082497
32897596532
4000589305085
4000956237130
4001276941155
1005002293841628
4001160137886
4001076086023
1005002165664365
32917903590
4000739521579
32808858721
1005001791816927
1005001844278957
4000546109547
1005001287066583
4000989491006
1005002214979079
1005002380888833
4001285572118
1005002288075252
1005002264056974
4001060522317
33020372540
32820738109
4000331341888
4000404210398
1005002211670397
33013027913
4000923544420
1005002389441416
4001125644925
1005001472087434
1005001307831825
1005002399752121
32835096622
32808969573
1005002297775010
1005001656809112
1005002418631193
10000089185281
32682979259
4001153861388
1847743272
1005002078917208
4000701628120
4001204718903
33053764222
32997204898
4000257978957
4000538023054
1005002338673443
32987924626
4001228701353
32832996409
4001279002064
4000533292732
1005002395711220
32878585067
32968501798
32888803215
4001209717883
1005001499075962
32306099826
1005002466981234
4001208485113
4000993309164
1005001871400717
4000308189992
1005002119652626
1005001966357764
1005002284707345
33014079457
32961072140
1005002048675586
1005002226395171
1005001855945668
32506522827
32600832255
32865611773
32945985217
32803313676
1005002237855027
1005001973450549
32851578797
1005002316616772
4001234376774
1005001344932956
4000168058373
4000999302503
1005002448039616
1005002453357661
32517015437
4001023527707
1005001584788160
4001175518952
1005001598342895
1005002301399265
1005002457097534
1005002286570698
32919385163
4000443452055
1005001736654541
1005002330408456
4000895474292
4000545967742
1005002264212682
1005001436334076
1005001555676698
4000373227031
1005002122308584
1005002437017818
1005001447214604
1005002388253314
1005001975666368
32717743954
1005002376845328
4000826996030
1005002355973414
32601497815
1005002212743386
4000464007104
1005001413057741
32890449410
1005002182406774
32963943198
4000132974960
4001043235593
32822839986
32834960632
1005002417625115
1005001781189874
1005002383214290
1005002272043905
32825454544
1005001732211996
1005002362120837
32821061178
4000389239488
4000163705473
1005002346844991
1005002125996043
33008962607
1005002083623568
32958084883
32955928072
1005001698360664
1005002110394120
32961107907
1005001868548314
1005001858065621
1005001525705592
32820022367
1005002201720199
4001278894757
1005002316056848
32635423280
1005002316046446
32984218333
4000084057479
1005001629988408
1005001729396006
1005002288527177
1005002089576659
1005001616051189
4000960969145
1005002247780509
1005002399942408
33015838389
32428856401
1005002435900586
4000972270489
4000640932614
1005002357203852
32908185852
1005002193136925
1005001915297366
1005002311003548
1005002322954762
1005002085125164
1005002426090736
1005001957264327
4000095629768
1005001675038655
1005002363485725
1005002443685509
1005002263678263
32976365509
1005002206367159
4001188009250
1005002276412932
1005001594411431
1005001834441211
1005001997914335
32921506035
1005002004951193
1005001835647647
1005002241369664
1005001756446791
4000167425254
33049797799
1005002419168647
4001230825895
4000857334570
1005002432290030
4001237775526
1005001496241240
1005002345330626
4001230904468
1005002156192852
33059406340
4000155366878
1005001733052909
4000123586476
32964556580
1005002332769525
1005002376507292
1005002267522553
1005001529022479
4001225282624
32770702862
1005002282284568
32917928903
32995797975
4001128114184
1005001560761484
4001194497377
1005002171454315
32978386066
1005002064496055
1005002159012147
1005001891384748
1005002350507213
1005002246251015
4000781444180
1005002370053613
1005002330274603
1005002449262150
4000685158571
1005001415751622
1005002395144489
1005002247265144
33010991191
1005001959234965
1005002372225454
1005002170535482
32867242774
32946336617
32532462431
32982434863
32790233064
4001170410848
1005001380178240
32965816720
32842535273
1005002464491668
1005002181172450
1005002253691824
32851525735
1005001539625968
4000087078714
33004650455
32858089479
33002412991
4000715434851
1005002134105720
4001275122412
1005002409011426
32908451144
32831427260
32855755893
32902657509
4001242717282
32800450913
4001013123336
4000927119399
4000507159217
32920111909
1005002304201656
32487558609
33037967876
4000619763920
1005001621168900
4000977788134
32383320300
32652967574
32950121070
32950685893
4000420408312
1005002167655971
4001036591435
32698087762
1005001599392807
1005002056837178
4000216409679
1005002234224894
1005002265175854
1005002390099464
1005001322743154
1005002006038402
32973574972
1005002355771307
1005001972324710
32829534258
1005002316990139
1005002298021880
1005002261660797
33027178678
1005002454372558
4001150440415
4000843837473
1005002342841901
4001240519304
32656798701
1005001882618178
4000088723938
4000029177530
4001160704227
32788151084
32954676344
1005001726802868
32819609225
32407276148
1005002350214370
1005002258386700
4000022457422
32826446231
1005002038089905
32810764340
1005002271779082
1005002377286399
1005001702736755
32950763748
1005002201370091
4000563291582
33024117147
1005001992221623
1005001474037361
4000049882026
1005001670888186
1005001606102419
1005002378566028
32450171621
32833059180
1005002094600424
1005002264390897
1005002282007064
4000764605466
1005002280662135
32869634746
1005001840366074
4000001696872
1005002464985047
4000170434213
4000991137114
4001293996061
1005001948474846
1005001755483510
1005001762188450
32895241075
32649910147
32383980830
1005002266336524
33052418010
4001141209842
1005001452627678
32885195253
4000299025216
4001288952003
4000244535180
32890326753
4000804045226
1005002032171241
32846633973
1005001883590365
1005002419065743
33024906906
1005001490869827
4000698593651
4001208706013
1005001680539784
33038158574
1005001594522931
32891107582
1005002133871842
32971109749
32992293118
4000103807529
32977406549
1005001853327496
1005001968755088
4001095634934
1005001934778890
32962256318
1005001802799238
1005001416655366
32303493593
4000907929563
1005001813417122
1005001629390801
4000758010578
4001211811454
1005002329031450
4000315901044
4001214713733
1005002315352331
1005001280099765
4000905529336
1005001271114402
1005001785717397
32918259286
33011370229
32946652476
32947820754
32991283516
32850789789
32998078048
1005002465678919
4000802108017
1005001986886954
1005001604577569
4001323256058
4000360401849
32982892197
32857339721
33052699483
1005001929150202
32967435675
1005001721186154
1005001499001469
1005002210137022
1005002270667503
32985647699
4000774259086
100500229104916632899604329
32617672140
1005002316627445
1005001642597030
1005001968512333
1005002185339847
32869530098
1005002017723916
1005002258538834
1005002306057129
1005002310955335
1005001851009527
1005001436146486
1005001656880539
2043355342
4000833980035
32950373899
32912465624
4001039311956
1005002400651786
1005002248327792
1005002335070413
1005002410911301
4000053518859
690667870
1005001562155492
4000693361281
4000069158681
1005002490761961
1005002359699283
1005002346419129
4001359553664
33008939713
1005001780559272
32858158825
1005002073190156
1005001616741151
4000057814299
1005001321289344
4001199630048
1005002359772125
32851996536
4001030770825
32820160340
1005001946691936
1005001966850449
1005002235673634
33005086239
32884868328
4000237846656
4000381108137
1005002317104448
1005002417753615
1005002283039081
4001272364873
1005001671435289
33007494831
1000001294733
33035299844
1005002181690128
33003417827
32980496318
1005002394955930
4000935769242
4000099208085
4001038789674
4001104692053
32959910905
1005001970861598
4000571657234
1005002361707401
4000839836265
33060233500
1005001697398739
1005001346067708
4000977616542
1005002089238986
32231872266
32885711732
1005002240633992
33011389729
4000397446609
4000916956247
1005001835549076
4001294133734
1005001304570450
1005001829234417
32883293481
32925990915
32984058890
1005002454887593
10000308225179
1005002361583874
1005002256444218
32934224089
4001171644893
1005001948476838
4001308295572
1005001774019362
1005002276938604
4000780278986
1005001537199134
32972642456
1005001619205698
1005001804109336
32870744650
33045075306
1005002376600606
10000353276470
1005002443651638
4000693419824
1005002460912371
1005001810894777
32916294351
4001020280006
4000169405856
4001327513726
32857165810
32979816813
1005001441450290
1005002168746112
4000188426769
1005002285856869
32677689362
33057539714
4000768095111
1005001703663267
1005001670627290
32824193039
32790193234
1005001930953050
1005002399829879
4001281354880
32850717622
4000176731323
32848441998
4001163463222
4000969617827
32968805490
1005001977365860
1005002260230549
4000841655193
4000628159666
1005002059169028
32704730423
1005001350313402
1005002446649528
1005002383042130
1005001393813981
32503899591
4001234389945
1005001923154867
1005002252689857
33010816632
32833913149
4000052634697
1005002245704185
1005001430972340
1005002247618949
1005001687666395
32864563055
32821892464
32817763534
1005002253308486
1005001570091274
1005002333118053
1005002329780897
4001004544803
1005002438935791
1005002432428384
1005002356044979
1005002277955382
4000290608030
1005002190892211
1005002333272040
4000903026140
1005002453208141
4001226558835
32857180468
10000339401047
32919220759
32987024421
32707530268
1005002318873677
4000284010408
4000586793771
1005002059920029
1005001490700850
4000808197694
1005002270753554
1005002450473873
1005002361764614
4001286939924
4000148926338
1005002247948222
1005001474270082
32928323017
4000691830022
1005002222126236
1005002244651708
33038521946
1005002300804016
1005002330986571
1005002314686929
32852423559
1005001901980411
1005001344281547
1005001391411477
4000626017753
4001160425391
32880487823
4000552693816
1005002167699954
4000058804942
1005002290212168
4001090734992
1005002316267114
1005002394909314
4000883070443
1005002028497532
1005001948050121
1005002317845853
1005001464845871
1005001994535947
1005002233783595
4001296929127
1005002370177487
4000626734587
1005001304599262
32388340647
1005002259779385
1005002318152953
32918502012
1005002094013365
33010025755
4000682875472
32649374292
1005002400869218
1005002072311435
33034998496
32895329645
32975821494
1424632598
1005001347020677
1005001514207385
1005001671170614
32982112758
1005002346579193
1005002314362138
4001002119466
1005002289768177
4000223677851
1005001482589478
32830877779
1005001815906920
1000001775950
4000712661867
1005001529635764
1005002076830876
32918461651
1005002256670208
4000522268357
32624683901
1005002353313519
4001149922351
1005002312353572
1005001926819076
4001145343569
1005002439575041
1005002279066640
33004887813
1000001333254
4001263993142
32678256852
32947262504
4000070452360
4000449855135
32839109401
1005002052014557
4001299015816
32954225018
1005002179411652
4000611360416
32889054618
32861800319
4000589032654
1005001748889364
1005002281948970
1005001844688867
4000113600694
1005001540587765
4001015962034
1005002372271187
32714100963
4001243919486
4001067014362
32830716872
1005001489770459
32421233896
1005001697468720
32702935040
4001149986884
1005002359406838
1005002430145995
4000799676786
32892080037
32898037787
32948499687
1005001405544142
32697757491
1005001470175064
4000702031851
32916562266
1005002304160563
1005002387949853
32737260208
1005001640389022
1005002271213990
1005001917850807
4000125504549
4000392899209
1779217304
1005001939795769
4000334111926
1005002203774899
32693340067
1005002283428891
1005002484923610
1005001525298983
4000086022735
1005001334521277
1005002489042860
1005002090210435
1005001485614800
33036763597
10000408360791
10000011487579
1005002284644750
32983023638
32988787949
1005002303793125
1005001644956118
1000007450057
1005001918085556
4000844973106
4000844990142
4000987473220
32800117216
32868698168
1005002317810674
4000593595322
32854669702
1005001566486885
32893079360
4000055966570
1005001392515418
1005002468777686
1005001638375697
4000035745011
32992219123
1005002180740085
1005002177757459
4000625916060
4001194128518
4000210408684
1005002146884856
32974077649
32379850329
1005002060624906
1005001518427196
32961379407
32910172450
1005001489053449
4000375300547
1005002281875900
10000027893648
4000959710698
32976499985
32969505215
32713565562
1005001561786963
32997212602
32927252382
1005002252635536
4000282470511
1005002336414931
4000768290166
1005001296485284
1005002253336073
4000205920160
32968925437
1005002409576688
1005002357437930
1005001810010788
1005001689485822
4000727001890
32916113724
1005001536832587
1005002231409792
32990467665
4001123474747
33059431755
4000181657827
32424946150
32861474589
1005001765811935
1005002220144597
4000724638213
4000494482231
1005001278998869
32904930555
32809124887
1005002400437111
1005001441279764
33001450049
1005002287780966
32983055410
32870313557
1005002291486216
1005002439912703
1005001383352236
1005001604647721
1005002218529062
4000980052445
4000769739721
32839203247
4001261055004
32998029240
1005002127470340
32915897675
1005001803307889
4001278861590
4000437876069
1005001840723821
32827269696
1005001642188618
32396695953
1005001972210483
4000926106050
1005002288545231
32804977263
4001254220105
1005002431610249
4000290789395
32827427865
1005001701179066
1005002387958891
4001114386063
1005002484439059
32668710668
1005002212541283
4000133700065
32998624402
4000032385486
32974947319
32778546150
33025771474
1005002345019216
4000959704317
1005001495955846
1005002382859501
1005001988752548
33010908126
32812142973
1005001447021747
4000822216156
1005002275765830
1005001885692183
33033491398
4000987440532
4000938502570
32978021890
4001294209375
32908502467
4000748054187
32822086684
33003211368
1005001871186875
4000119111290
1005002283587622
1005002324581069
4001223311147
4001226192418
4000242110744
32879274963
